Hf	deltaHf ref=128.15405831008894
81.3441087458653	-46.80994956422364
131.6709491112727	3.516890801183763
125.67845782274009	-2.4756004873488564
137.1660926155476	9.012034305458656
105.695911619436	-22.45814669065294
109.02011329811859	-19.133945011970354
91.13231764937728	-37.02174066071166
94.37498478852132	-33.779073521567625
94.14212532591984	-34.01193298416911
148.36952518066602	20.215466870577075
108.8278731640624	-19.326185146026546
181.3269053184943	53.17284700840537
140.5309395641837	12.37688125409477
128.76983252541896	0.6157742153300205
121.94524386135373	-6.208814448735211
140.81909995236703	12.665041642278084
133.7130933090105	5.559034998921561
145.86632611762826	17.71226780753932
102.54752312589181	-25.606535184197128
43.35335273841548	-84.80070557167346
160.30947354543815	32.15541523534921
138.8316982363488	10.677639926259872
156.07250783770206	27.91844952761312
122.88889308455902	-5.265165225529927
147.55727650219552	19.40321819210658
168.06534561817745	39.911287308088504
169.9778640876487	41.823805777559755
94.60803358252662	-33.546024727562326
129.750202081925	1.5961437718360685
108.17862451114553	-19.975433798943413
115.38123086879415	-12.772827441294794
136.38410850490828	8.230050194819341
152.2855386172908	24.131480307201855
132.97989379181155	4.825835481722606
132.5631659708327	4.409107660743757
133.48806971410733	5.3340114040183835
137.42171719076788	9.267658880678937
140.42910964024696	12.275051330158021
176.12424294810836	47.97018463801942
113.99061159510376	-14.163446714985184
170.54114094512107	42.38708263503213
154.98943852453004	26.835380214441102
110.50977296303819	-17.644285347050754
108.83995435544267	-19.31410395464627
122.62796291643673	-5.526095393652213
86.5138630092718	-41.64019530081714
110.29937228872069	-17.854686021368252
139.38591927310546	11.231860963016516
135.74999734049408	7.595939030405134
147.97718299666514	19.823124686576193
134.84739465952072	6.693336349431775
92.76580046050577	-35.38825784958317
179.86275296722516	51.70869465713622
121.3867155318897	-6.767342778199236
151.01196287940758	22.857904569318634
209.55930055886193	81.40524224877299
175.14789775418677	46.99383944409783
170.68400763631718	42.529949326228234
127.05662018056529	-1.0974381295236526
178.06907483903552	49.91501652894658
182.1385848280791	53.98452651799016
92.59021636611061	-35.56384194397833
112.28872179029196	-15.865336519796983
112.00914120119916	-16.144917108889786
116.94948279137526	-11.204575518713682
137.2389225862592	9.084864276170265
88.01856973984314	-40.1354885702458
80.1986740782616	-47.95538423182734
79.36611091179867	-48.78794739829027
41.719759162895855	-86.43429914719309
143.2676351699359	15.113576859846944
143.84453757139482	15.690479261305882
114.17431877175324	-13.979739538335707
116.54960321882601	-11.604455091262935
79.47983129201958	-48.67422701806936
120.62974992892333	-7.524308381165611
96.61217970430363	-31.541878605785314
90.65040632718802	-37.50365198290092
115.11927323644551	-13.034785073643434
180.90407946237457	52.750021152285626
89.65243465590385	-38.501623654185096
128.7938237569636	0.6397654468746623
138.82312081901392	10.66906250892498
152.879411335018	24.725353024929063
162.51017893389718	34.35612062380824
161.3646984607788	33.21064015068987
177.005227891061	48.851169580972055
217.52647721319437	89.37241890310543
94.52631690527988	-33.62774140480906
98.1907016584467	-29.963356651642243
97.13448752592586	-31.01957078416308
165.72629059711682	37.57223228702787
67.7552863695185	-60.39877194057044
130.43315492134053	2.279096611251589
114.4048280617447	-13.749230248344247
93.85977051899164	-34.294287791097304
153.42029047757597	25.266232167487033
139.71575292226254	11.561694612173596
118.24832015286876	-9.905738157220185
160.85827638954134	32.7042180794524
131.61645990527387	3.4624015951849287
76.35768144432433	-51.796376865764614
149.37438308642805	21.220324776339112
111.36591554494436	-16.788142765144585
158.21858519865992	30.06452688857098
128.1232103605019	-0.030847949587041512
155.30988205482055	27.155823744731606
182.62262334778126	54.468565037692315
94.19381349726092	-33.96024481282802
154.44757538999175	26.293517079902813
61.59463819135482	-66.55942011873412
106.81636366635422	-21.33769464373472
103.62127008695307	-24.532788223135867
159.85183141850786	31.697773108418914
143.4001689216696	15.246110611580661
80.65643356615539	-47.49762474393356
111.2783494406197	-16.875708869469236
98.84282866785571	-29.31122964223323
101.90506665871573	-26.248991651373217
107.52652620761575	-20.627532102473197
80.57979406656733	-47.57426424352161
147.3790548551354	19.22499654504645
113.23194795710361	-14.922110352985328
124.2523610808733	-3.9016972292156424
168.01801691373322	39.86395860364428
182.00770487776236	53.85364656767342
94.12787362310547	-34.02618468698347
127.95523236558284	-0.19882594450609758
194.10902649785777	65.95496818776883
185.28780267422763	57.13374436413869
148.43230868439633	20.27825037430739
156.91453541754373	28.76047710745479
104.95799279429986	-23.196065515789087
89.8164941691669	-38.33756414092204
172.12297382076423	43.96891551067529
146.4604230309654	18.306364720876445
60.30390892908537	-67.85014938100358
75.89575213677227	-52.25830617331667
82.84103981461004	-45.3130184954789
105.69869337973279	-22.455364930356154
170.15000367054228	41.995945360453334
81.047516390858	-47.10654191923095
134.71166816345277	6.557609853363829
139.21530802932313	11.061249719234183
109.76652437377408	-18.387533936314867
164.45084316983622	36.29678485974728
211.79656863016345	83.6425103200745
122.69042680562626	-5.463631504462683
97.89777092304058	-30.25628738704836
160.7453568654767	32.591298555387766
85.48917373665819	-42.664884573430754
138.0251089247925	9.871050614703563
118.83283764630534	-9.321220663783606
146.7297729778241	18.575714667735156
70.97208819455619	-57.18197011553275
86.40480747983594	-41.749250830253004
76.37542050946132	-51.77863780062762
118.35414854115726	-9.799909768931684
85.65773679033947	-42.49632151974947
175.81934439561365	47.66528608552471
101.77358108520485	-26.38047722488409
63.654689307515866	-64.49936900257308
125.025539869954	-3.1285184401349397
118.01327282571793	-10.140785484371008
90.84813295539271	-37.30592535469623
175.39462316563214	47.2405648555432
146.53083066024038	18.37677235015144
216.4236140857268	88.26955577563785
154.85401230672352	26.699953996634576
121.30103597695626	-6.853022333132685
151.88317527501414	23.729116964925197
166.1719580164957	38.01789970640675
116.77090671823163	-11.383151591857313
130.41812273909665	2.2640644290077034
206.32548839475413	78.17143008466519
147.2763743391427	19.122316029053763
115.37642799812812	-12.77763031196082
121.51757213524462	-6.636486174844322
215.77139324188676	87.61733493179781
131.36146949374444	3.207411183655495
162.22917248151708	34.07511417142814
138.75558031068277	10.601522000593832
126.31854742518254	-1.8355108849063981
146.2663811049154	18.11232279482647
146.79671685231943	18.642658542230492
141.7784078924472	13.624349582358263
153.5568855375189	25.402827227429952
121.27331578557124	-6.8807425245177
124.29652375584038	-3.8575345542485593
89.25753208961606	-38.89652622047288
186.97224493172172	58.818186621632776
70.75494499624102	-57.39911331384792
146.57115111772356	18.417092807634617
154.87858228841134	26.724523978322395
167.67453648247675	39.52047817238781
111.4974065227164	-16.65665178737254
133.9199518316912	5.7658935216022655
155.93734548006825	27.783287169979303
147.02449310507137	18.87043479498243
118.6186759131545	-9.535382396934438
98.21394351947157	-29.940114790617372
103.782061016	-24.371997294088942
159.09803908206442	30.943980771975475
143.64995899840352	15.495900688314578
134.3180430278465	6.1639847177575575
123.21457692091855	-4.939481389170396
204.5810780468185	76.42701973672956
101.3389342991307	-26.815124010958243
124.00225111369429	-4.151807196394657
116.61515553879354	-11.538902771295398
143.69622388950876	15.542165579419816
129.98483893777512	1.830780627686181
71.67014489397326	-56.48391341611568
96.2135835714019	-31.940474738687044
127.0501087327014	-1.1039495773875387
143.76604080460885	15.611982494519907
105.07969480644016	-23.074363503648783
117.47700941159775	-10.677048898491194
153.71689281675418	25.56283450666524
104.18349589128258	-23.970562418806367
132.17151996556123	4.017461655472289
133.0286864568355	4.874628146746545
141.33642857866863	13.182370268579689
195.35701214948705	67.2029538393981
64.79222953078198	-63.36182877930696
117.53437277120457	-10.619685538884369
112.50208929552383	-15.651969014565111
161.86699312835327	33.71293481826433
171.112503310362	42.95844500027306
126.27368967610738	-1.8803686339815613
168.78592335053173	40.63186504044279
174.31853993749456	46.16448162740562
90.19258577509237	-37.961472534996574
159.85014558515314	31.6960872750642
162.34198066989694	34.187922359808
150.48682075667813	22.332762446589186
136.5066589632209	8.352600653131958
161.54222651847732	33.38816820838838
150.92990024858074	22.775841938491794
132.62301295301796	4.46895464292902
118.49511104145705	-9.658947268631891
158.54141962526984	30.387361315180897
90.49017062096601	-37.66388768912293
134.1194568019876	5.965398491898668
136.1072172188454	7.95315890875645
101.75234195795412	-26.401716352134827
174.00961252524786	45.85555421515892
192.66941206372786	64.51535375363892
116.4472688666304	-11.706789443458547
150.0140863397267	21.86002802963776
147.8720928258429	19.71803451575397
93.97223923387565	-34.18181907621329
120.75455932745746	-7.399498982631485
165.39420102723153	37.24014271714259
161.94295802382322	33.78889971373428
112.00081027246989	-16.15324803761905
163.8654668736438	35.71140856355487
218.30878922595213	90.15473091586318
108.28041173985031	-19.873646570238634
177.93521275588347	49.78115444579453
175.51968429319305	47.36562598310411
97.47828018325009	-30.67577812683885
91.0948245105995	-37.05923379948945
158.9290221650611	30.774963854972157
153.19430583740387	25.040247527314932
116.19299266074296	-11.961065649345983
165.72226387767506	37.56820556758612
157.48544249555772	29.331384185468778
158.08845902724926	29.934400717160315
160.96962084423495	32.81556253414601
45.45687968495105	-82.6971786251379
160.52798160736194	32.373923297272995
163.81367134323438	35.65961303314543
130.51750113268128	2.363442822592333
159.4491075003628	31.295049190273858
76.03984367460572	-52.11421463548322
109.89249472088915	-18.261563589199795
123.89919289956953	-4.254865410519415
97.44438310843753	-30.709675201651407
167.72912030156505	39.575061991476105
102.1608452462263	-25.99321306386264
142.68284640308622	14.528788092997274
182.3948017830865	54.240743472997565
133.6182402625148	5.464181952425861
129.650913681968	1.4968553718790645
162.65301266935631	34.49895435926737
173.04383392984374	44.8897756197548
183.79707947875642	55.643021168667474
176.41539891476197	48.26134060467302
139.2396362656603	11.085577955571353
69.35141472362949	-58.80264358645945
177.43852761603404	49.284469305945095
161.12940648931755	32.975348179228604
141.6227129288912	13.468654618802248
113.0393776200529	-15.114680690036039
133.45888064250386	5.304822332414915
115.48119762467314	-12.672860685415799
117.08489646708978	-11.069161842999165
177.48441727782694	49.33035896773799
111.1021451849104	-17.051913125178544
90.94218065017986	-37.21187765990908
149.8980300223505	21.743971712261555
64.80959781927442	-63.34446049081453
149.68524138407003	21.531183073981083
203.7169199676012	75.56286165751226
108.70720336061123	-19.44685494947771
146.29152882754198	18.13747051745304
137.1469469427705	8.99288863268157
128.6337870899318	0.47972877984284423
158.04769626308035	29.893637952991412
104.1261283881052	-24.02792992198374
150.27245298611734	22.1183946760284
171.5627299801584	43.40867167006945
177.842158249727	49.68809993963805
81.70531488278567	-46.44874342730327
136.069327150721	7.915268840632052
144.54158855238558	16.387530242296634
97.98049739432673	-30.17356091576221
87.42903915782728	-40.725019152261666
207.45721883347352	79.30316052338458
175.49635735311523	47.34229904302629
185.53668560243597	57.382627292347024
119.70273406636471	-8.45132424372423
148.81576672557486	20.66170841548592
139.2445326022883	11.09047429219936
131.55346578783275	3.3994074777438072
102.82320953041409	-25.330848779674852
85.99366907384166	-42.16038923624728
111.633301555836	-16.520756754252943
110.3486747086593	-17.80538360142964
59.84158239705931	-68.31247591302963
111.40396661526967	-16.750091694819275
61.23077675097949	-66.92328155910945
147.58771893373552	19.433660623646574
83.35341964074388	-44.80063866934506
163.00796443505016	34.85390612496121
34.241534015558784	-93.91252429453016
128.4054211947535	0.2513628846645588
129.65539196922538	1.501333659136435
109.82399595636736	-18.330062353721587
91.19623841882486	-36.95781989126408
118.91961726514484	-9.234441044944106
99.89626458889899	-28.257793721189955
166.77239822221082	38.61833991212188
147.36705589134573	19.212997581256786
85.87037818353775	-42.28368012655119
132.53143157951337	4.3773732694244245
77.54227762622969	-50.61178068385925
111.48743140045764	-16.666626909631304
87.3335644837228	-40.820493826366146
138.1647449228788	10.010686612789868
199.62297228878225	71.46891397869331
119.39354397333437	-8.760514336754568
145.0241215118461	16.870063201757148
120.38433920691233	-7.769719103176612
97.65456206795562	-30.49949624213332
100.82246091330518	-27.331597396783764
85.07360297431507	-43.08045533577388
122.98276535439282	-5.171292955696117
91.78310497934791	-36.37095333074103
134.95266814463167	6.798609834542731
97.56618196600385	-30.58787634408509
100.82598840503698	-27.32806990505196
110.33708382318065	-17.816974486908293
161.06750419277733	32.91344588268839
76.32691219254258	-51.82714611754636
123.37127720620111	-4.782781103887828
81.65273206628837	-46.50132624380058
128.8844193922144	0.7303610821254551
107.96873006562447	-20.185328244464472
159.4128095626241	31.25875125253515
117.8831807380505	-10.270877572038444
192.84608804420196	64.69202973411302
156.73536052758783	28.581302217498887
109.6414622507894	-18.51259605929954
83.75563115172764	-44.3984271583613
182.96525428672822	54.81119597663928
203.1173594797604	74.96330116967147
109.37289510912007	-18.781163200968876
118.44966082804814	-9.704397482040804
55.964077999482754	-72.18998031060619
133.1334163855666	4.9793580754776485
103.95636005673651	-24.197698253352428
138.52550170681417	10.371443396725226
111.93400142344973	-16.220056886639213
107.98136718533561	-20.172691124753328
146.15026689625148	17.99620858616254
105.75376570754662	-22.400292602542322
153.83687252640294	25.682814216314
122.9740719045679	-5.179986405521049
122.58386536658719	-5.570192943501752
88.47570156441571	-39.67835674567323
124.83452742571745	-3.3195308843714884
89.26149838933117	-38.892559920757776
142.919191244788	14.765132934699068
147.1250822680616	18.971023957972648
70.37397670254205	-57.78008160754689
126.77649119206973	-1.3775671180192148
90.40008358222468	-37.75397472786426
99.04061338017556	-29.113444929913385
142.4305948732238	14.276536563134869
111.0115675481232	-17.142490761965746
136.53031696357567	8.37625865348673
127.87200626157784	-0.28205204851110466
84.60603899938206	-43.54801931070688
119.54840309193452	-8.605655218154425
83.28490021446697	-44.86915809562197
158.86263424724376	30.70857593715482
144.05825097182452	15.904192661735578
88.25453367494839	-39.89952463514055
175.81450476336096	47.660446453272016
108.95357480323793	-19.200483506851015
166.8860815975516	38.73202328746265
84.82143305022538	-43.33262525986356
120.07508924485802	-8.078969065230922
114.2863840678495	-13.867674242239445
110.56605609457102	-17.588002215517918
92.99761653898378	-35.156441771105165
179.6399700202913	51.485911710202345
146.34232943473245	18.188271124643506
59.004308994890664	-69.14974931519828
186.0074081026708	57.85334979258187
98.85604029326561	-29.298018016823335
96.13295861972648	-32.02109969036246
94.38553887882364	-33.768519431265304
106.20993346043025	-21.944124849658692
158.86927399876214	30.715215688673197
75.9944942931782	-52.159564016910736
76.9024396204789	-51.25161868961004
127.04943358958036	-1.104624720508582
136.2687084939992	8.114650183910271
66.26170406484954	-61.8923542452394
164.16004920136976	36.00599089128082
191.2753249767432	63.121266666654265
105.92599633638957	-22.22806197369937
133.51050928409887	5.356450974009931
74.08864496599045	-54.06541334409849
121.92027970454575	-6.233778605543193
160.25713173338073	32.10307342329179
51.362029664031354	-76.79202864605759
113.48579228001682	-14.668266030072118
126.75333731078928	-1.400720999299665
113.17673429328926	-14.977324016799685
92.48456771800039	-35.66949059208855
75.10021245350282	-53.05384585658612
175.8458331634195	47.69177485333057
132.1943455144522	4.040287204363267
120.55420834098396	-7.59984996910498
111.53514066258714	-16.618917647501803
43.594265539652326	-84.55979277043662
120.94354423458782	-7.210514075501123
227.07446983174515	98.9204115216562
154.11669687915338	25.96263856906444
74.36778115366388	-53.78627715642506
89.46419241918403	-38.68986589090491
136.0016607514429	7.847602441353956
91.81489319149324	-36.3391651185957
148.94066793269513	20.786609622606193
145.22059136806848	17.06653305797954
149.50635885860748	21.352300548518542
151.02915903620516	22.875100726116216
146.91725402412914	18.763195714040194
151.0538471902858	22.899788880196866
109.35924060059398	-18.794817709494964
105.32099346647948	-22.833064843609463
144.21477354885639	16.060715238767443
152.23299892446295	24.078940614374005
128.8209580458809	0.6668997357919579
203.87412860882097	75.72007029873203
99.74205282787653	-28.412005482212408
191.81487882133143	63.66082051124249
147.67826525806078	19.524206947971834
121.67743714322779	-6.47662116686115
95.98124740200211	-32.17281090808683
115.95167811494531	-12.202380195143633
122.97846072052408	-5.175597589564859
180.91791184620735	52.763853536118404
112.85187436630287	-15.302183943786076
95.96267421941076	-32.191384090678184
115.8666260324847	-12.287432277604239
158.4695489697354	30.315490659646457
117.35204570972047	-10.80201260036847
87.91835743880284	-40.2357008712861
106.71550731596864	-21.438550994120305
158.46097464522092	30.306916335131973
73.39643310407911	-54.757625206009834
144.64269092022943	16.488632610140485
155.60771422539466	27.453655915305717
80.07717064900709	-48.076887661081855
132.8045360132549	4.650477703165961
129.25259321337427	1.0985349032853264
111.99692566607183	-16.15713264401711
151.95869142459043	23.804633114501485
120.98662925875607	-7.167429051332874
94.56061895005615	-33.59343936003279
111.6448496716933	-16.50920863839565
202.1975952139931	74.04353690390417
164.14962236506318	35.99556405497424
123.27968095665193	-4.874377353437012
193.050463517315	64.89640520722605
158.12105898643705	29.967000676348107
136.57722475729162	8.423166447202675
117.93234042510659	-10.221717884982354
150.46818086880586	22.314122558716917
155.0321140637846	26.878055753695662
154.04430955075287	25.89025124066393
150.2397943406416	22.085736030552653
147.372747445583	19.21868913549406
72.58169978374127	-55.57235852634767
95.64346693341423	-32.51059137667471
83.17926553367789	-44.97479277641105
148.19791754926183	20.04385923917289
126.34615731687728	-1.8079009932116605
172.8992629317675	44.74520462167857
143.5739140425888	15.419855732499855
169.57054351474136	41.41648520465242
141.7382614389956	13.584203128906665
82.55302750325274	-45.60103080683621
103.59795568557666	-24.556102624512278
135.99974017156848	7.845681861479534
96.08844634286862	-32.06561196722032
187.50324184971606	59.34918353962712
117.19724804397475	-10.95681026611419
114.22579778173741	-13.92826052835153
169.79742154164916	41.643363231560215
107.50958748844488	-20.644470821644063
221.47589678055584	93.3218384704669
153.55068361279183	25.396625302702887
143.7748046554646	15.620746345375665
161.6313519270646	33.47729361697566
179.05537653425046	50.901318224161514
169.23280648006977	41.07874816998083
145.41467286132894	17.260614551239996
65.29295056904294	-62.861107741046
175.37375680855104	47.219698498462094
177.8983913584837	49.744333048394765
78.6299046932275	-49.52415361686144
175.06318892975315	46.90913061966421
170.61952013460024	42.465461824511294
126.04787901333685	-2.1061792967520887
136.26207687876223	8.108018568673288
145.86814246648493	17.714084156395984
121.3275090121627	-6.826549297926249
50.52332333509031	-77.63073497499863
110.61842875898793	-17.53562955110101
109.84113636381727	-18.312921946271672
113.1763874263873	-14.977670883701649
76.92318840934814	-51.2308699007408
148.47192644380476	20.31786813371582
156.03057873046993	27.876520420380984
51.57938544689597	-76.57467286319297
155.63773136539595	27.48367305530701
120.69232411755576	-7.461734192533186
174.2121316086289	46.058073298539966
92.8728292596955	-35.28122905039345
190.57548297163368	62.421424661544734
165.2294219169001	37.07536360681115
124.0763544861714	-4.077703823917545
175.77604671329237	47.62198840320343
90.79791065771343	-37.35614765237551
77.87990729132645	-50.274151018762495
127.69830167482934	-0.4557566352596041
124.9022156392187	-3.2518426708702464
113.19792507338781	-14.956133236701135
184.1143888834361	55.960330573347164
125.34085909727065	-2.81319921281829
157.27987311262615	29.125814802537207
191.93316334026377	63.77910503017483
114.98289007335762	-13.171168236731319
113.54566854874639	-14.60838976134255
127.88996059756238	-0.26409771252656356
150.35814629646694	22.204087986378
86.90635693830183	-41.247701371787116
87.64230373995298	-40.51175457013596
154.1401534168129	25.98609510672395
142.73824047026784	14.584182160178898
136.83972042809393	8.685662118004984
131.618678058718	3.4646197486290475
171.06151214991615	42.90745383982721
145.85761713683524	17.703558826746303
96.64683316930524	-31.507225140783703
118.43687249471469	-9.71718581537425
110.00263419728645	-18.151424112802488
141.5913850459204	13.437326735831448
105.81318571978983	-22.340872590299114
123.97148344517547	-4.182574864913477
133.732176725682	5.578118415593053
64.17048840740091	-63.98356990268803
120.00130959581503	-8.152748714273912
127.02547261561477	-1.1285856944741681
160.93232140375977	32.77826309367083
124.56286928977562	-3.5911890203133225
142.78603992822383	14.631981618134887
145.0189192501005	16.864860940011567
180.2728420237857	52.11878371369676
122.438961377093	-5.715096932995948
93.89978767719214	-34.254270632896805
97.68954559846526	-30.464512711623684
155.01822925421794	26.864170944129
156.85281599321962	28.69875768313068
62.973224587260404	-65.18083372282854
126.62395998367202	-1.530098326416919
160.37428612883588	32.220227818746935
182.2028533645228	54.04879505443387
137.2052172414281	9.05115893133916
175.089006343	46.93494803291105
153.7505867954481	25.59652848535916
124.86695565768088	-3.287102652408066
117.64994494480408	-10.504113365284866
121.63092743566295	-6.523130874425988
60.123355942809496	-68.03070236727945
114.1672158739114	-13.98684243617754
92.24461262917822	-35.90944568091072
144.5854130598039	16.431354749714956
150.13639541631193	21.982337106222985
79.94209437465389	-48.21196393543505
53.473851603297874	-74.68020670679107
128.33924328905624	0.18518497896729968
44.73280543514039	-83.42125287494855
104.50987899779494	-23.644179312294
120.64667142364698	-7.507386886441964
189.38972252310697	61.235664213018026
152.18976082389628	24.035702513807337
89.24263057371928	-38.91142773636966
124.60857602625248	-3.5454822838364635
137.12138655339578	8.967328243306838
75.79407088970976	-52.359987420379184
140.697765392559	12.543707082470064
194.79224305665622	66.63818474656728
87.05877809382429	-41.095280216264655
152.29245987921814	24.1384015691292
148.27247069886863	20.11841238877969
112.89197041174549	-15.262087898343452
139.30626871045598	11.15221040036704
142.4170981691007	14.26303985901177
136.4849645736561	8.330906263567158
136.2799382837423	8.125879973653355
172.4883735633651	44.334315253276145
163.4627765400822	35.30871822999325
106.8024173998877	-21.35164091020124
122.5081180662549	-5.645940243834048
88.41006948704518	-39.743988823043765
62.1472411955786	-66.00681711451034
103.31373457389628	-24.84032373619266
147.63608513149876	19.482026821409818
116.79812715857616	-11.355931151512777
180.4947078198332	52.34064950974425
71.06926829043579	-57.084790019653155
135.0828999804674	6.9288416703784605
145.87194015016058	17.71788184007164
84.03936391767849	-44.114694392410456
128.01144184814103	-0.14261646194790956
131.10627255063656	2.952214240547619
108.13395037398942	-20.02010793609952
117.9782290677561	-10.175829242332838
125.7665818642293	-2.3874764458596474
106.3781433213756	-21.77591498871334
107.90347916388629	-20.250579146202654
101.36173570194143	-26.792322608147515
113.28093574500446	-14.873122565084486
114.98759372947308	-13.166464580615866
150.98719910952997	22.833140799441026
130.77136997395638	2.61731166386744
114.13278660694988	-14.021271703139064
164.44698268269923	36.29292437261029
214.38976711170318	86.23570880161424
77.97659076337214	-50.1774675467168
74.35454804032844	-53.7995102697605
93.05438180967968	-35.09967650040926
104.80199564813148	-23.35206266195746
117.40235513888393	-10.751703171205008
120.19375113820053	-7.960307171888417
120.33011458316679	-7.823943726922153
122.34397502945131	-5.8100832806376275
88.80041371718318	-39.353644592905766
153.49116887897463	25.33711056888569
87.54029874810868	-40.61375956198026
171.05352599428653	42.89946768419759
118.82880872913148	-9.325249580957461
74.79240297980351	-53.36165533028543
162.57349326767354	34.4194349575846
131.0157893010931	2.8617309910041513
143.57119550531417	15.417137195225223
63.903166802573026	-64.25089150751592
146.30602087082144	18.1519625607325
103.755305306406	-24.39875300368294
157.53273268831464	29.378674378225696
199.19427619831032	71.04021788822138
69.01111148586125	-59.14294682422769
168.95455058370345	40.80049227361451
133.68250839330932	5.528450083220378
93.36527978744044	-34.7887785226485
105.68580451910594	-22.468253790983
197.32135589816818	69.16729758807924
153.15546206683422	25.001403756745276
57.243983805836535	-70.9100745042524
112.1305089535038	-16.023549356585136
157.43080410741305	29.27674579732411
176.24494264678134	48.0908843366924
87.1134318424759	-41.04062646761304
121.8643521622019	-6.2897061478870455
140.4966711862965	12.342612876207568
143.50707250795887	15.353014197869925
82.2958456063082	-45.85821270378074
129.9837788429889	1.8297205328999553
112.56581988849422	-15.588238421594724
171.19474285705866	43.040684546969715
157.34248365278683	29.188425342697883
97.16643716440223	-30.987621145686717
120.73533894219355	-7.418719367895392
114.40741535388435	-13.746642956204596
86.94622034392006	-41.20783796616888
146.48142323356507	18.327364923476125
116.76800670700533	-11.386051603083615
160.68132479425032	32.52726648416137
132.3349076222242	4.180849312135251
144.08170869744418	15.927650387355243
102.11069054933824	-26.043367760750698
62.606598642089295	-65.54745966799965
169.0699382447222	40.91587993463327
110.89098346769089	-17.263074842398055
71.54198245718936	-56.61207585289958
119.34577402752103	-8.80828428256791
102.79052048080695	-25.363537829281995
129.190627253762	1.0365689436730463
88.66051995018125	-39.49353835990769
59.99100629707601	-68.16305201301293
137.17358601087682	9.019527700787876
90.69414433388948	-37.45991397619946
131.7256400497011	3.5715817396121565
164.82536366200867	36.67130535191973
126.68454294731993	-1.469515362769016
103.97664476341953	-24.177413546669413
104.54734994594975	-23.606708364139195
213.3978972541393	85.24383894405037
72.86029043642549	-55.293767873663455
130.46392397154915	2.3098656614602078
119.7384426267111	-8.415615683377837
208.785914644019	80.63185633393005
90.41042995719391	-37.74362835289503
148.70971221542487	20.55565390533593
204.7396714656664	76.58561315557745
173.45674097477087	45.302682664681925
179.17155769569428	51.01749938560533
64.31346676225286	-63.840591547836084
190.7967235493873	62.64266523929837
99.02230374558923	-29.131754564499715
126.85816026000458	-1.2958980500843609
133.2248051652444	5.070746855155448
118.72466709574138	-9.429391214347561
134.0325708896292	5.878512579540256
200.44982614503743	72.29576783494849
151.25977518253995	23.105716872451012
114.8574404950071	-13.296617815081845
47.757965592669564	-80.39609271741938
71.99940996954894	-56.15464834054001
148.65895440380183	20.504896093712887
99.08981982426695	-29.06423848582199
94.05140054352734	-34.102657766561606
185.2793738886415	57.125315578552545
131.1310258720062	2.976967561917263
99.47882914773282	-28.675229162356118
83.17678543961875	-44.97727287047019
147.35972215612338	19.20566384603444
102.37023209619139	-25.783826213897555
77.15357091081597	-51.00048739927297
127.47354771374586	-0.6805105963430833
204.96110943952436	76.80705112943542
134.33404908015137	6.179990770062432
175.9490380311493	47.79497972106037
132.5072304539811	4.353172143892152
105.6274788879985	-22.526579422090435
150.20792196222675	22.053863652137807
45.56228167841829	-82.59177663167065
157.27746455383232	29.123406243743375
159.8987683794133	31.744710069324356
103.489256746909	-24.664801563179935
113.08118538026093	-15.072872929828009
203.11447517597327	74.96041686588433
117.21544012997975	-10.938618180109188
167.9949155883972	39.84085727830825
96.03387641914225	-32.1201818909467
159.1089058082601	30.954847498171148
175.56689260178456	47.41283429169562
87.69906298488996	-40.45499532519898
147.27052237581148	19.11646406572254
120.03128878264607	-8.12276952744287
39.024064926112544	-89.1299933839764
119.98038721196855	-8.173671098120394
107.65968863833615	-20.494369671752793
106.14846277941461	-22.005595530674327
132.75937484484376	4.60531653475482
192.59245044684423	64.43839213675528
104.79317451632443	-23.360883793764515
137.50574956648262	9.351691256393678
175.16654825236975	47.01248994228081
107.70412844720914	-20.4499298628798
117.0431097389831	-11.110948571105837
106.915123037574	-21.238935272514937
102.4179158131322	-25.736142496956745
151.6343769410326	23.480318630943657
86.8642389864711	-41.28981932361785
112.03499789949484	-16.119060410594102
127.31044812637475	-0.8436101837141905
92.33590629382735	-35.81815201626159
114.5179687247458	-13.636089585343143
241.31148717143725	113.15742886134831
117.50599889521465	-10.648059414874297
138.79419439182885	10.64013608173991
141.39376133094112	13.239703020852176
92.20390379264637	-35.95015451744257
157.33991494836147	29.185856638272526
64.35975027624437	-63.79430803384457
118.75392115020287	-9.400137159886071
186.49942776581366	58.34536945572472
122.56163131489512	-5.592426995193819
81.59876364207804	-46.5552946680109
72.30024686426833	-55.85381144582061
131.9294011448822	3.775342834793264
111.74425505563187	-16.409803254457074
124.75823607285776	-3.3958222372311866
161.14151410245023	32.98745579236129
111.22787205183914	-16.9261862582498
136.7290744320074	8.575016121918452
96.61052596119617	-31.543532348892768
174.84185456035112	46.68779625026218
76.12857076619031	-52.025487543898635
142.60251815519797	14.448459845109028
119.8834594864623	-8.270598823626642
108.05417780697672	-20.099880503112217
102.76908933377337	-25.384968976315577
162.61051041777165	34.45645210768271
137.98088935863262	9.826831048543681
120.33900053307508	-7.8150577770138625
131.05560885655206	2.9015505464631133
154.65840236464493	26.504344054555986
126.13258756505303	-2.021470745035913
139.00609202950938	10.852033719420433
103.49356161679526	-24.66049669329368
134.46954058969487	6.315482279605931
144.8470468454346	16.69298853534565
147.2439982080271	19.089939897938166
76.88200634850574	-51.2720519615832
190.81146356881283	62.657405258723884
173.52841871041375	45.374360400324804
117.92745925180708	-10.226599058281863
183.7382975435633	55.584239233474364
128.43686198728602	0.2828036771970801
62.074765665677035	-66.07929264441191
153.40844160248736	25.254383292398416
126.6520093974853	-1.502048912603641
161.61996146773373	33.46590315764479
86.85404492906156	-41.300013381027384
119.08901229525719	-9.06504601483175
118.55294610298216	-9.60111220710678
131.36854072724446	3.214482417155523
155.02373605195527	26.869677741866326
154.20612876230945	26.052070452220505
79.4142828625939	-48.73977544749505
179.54287420316751	51.38881589307857
132.31138379554824	4.157325485459296
114.4342616305533	-13.719796679535648
147.4283164954125	19.27425818532356
146.5152317637424	18.361173453653464
123.37831896651397	-4.775739343574969
144.13014782122838	15.976089511139435
183.6759224865985	55.52186417650955
153.4718164120007	25.31775810191175
87.86411231976155	-40.289945990327396
132.577628032743	4.423569722654065
147.9200576958413	19.765999385752366
139.6386909136366	11.484632603547652
177.80089132595668	49.64683301586774
36.350441218312255	-91.80361709177669
137.52875747179706	9.374699161708122
123.91720405924053	-4.23685425084841
39.78126833026391	-88.37278997982503
175.84844402448135	47.69438571439241
87.09409090607579	-41.05996740401315
115.09432041189785	-13.059737898191088
160.87870934256563	32.724651032476686
230.1572794156694	102.00322110558045
100.39386217791099	-27.760196132177953
60.44142961225799	-67.71262869783095
92.63445483328752	-35.51960347680142
139.0009568744884	10.846898564399453
113.48914630308201	-14.664912007006933
56.69924586739427	-71.45481244269467
193.58162532141642	65.42756701132748
96.27517771910271	-31.878880590986228
132.73651912613633	4.582460816047387
122.55834690206603	-5.595711408022908
95.85561619467836	-32.29844211541058
169.46745206460974	41.3133937545208
160.5516212900714	32.39756297998247
112.31952333497094	-15.834534975118004
97.59975750211953	-30.554300807969412
90.9919651853582	-37.162093124730745
94.72805939486926	-33.42599891521968
119.93940296737338	-8.21465534271556
118.82857502244798	-9.325483287640964
76.77805633789313	-51.37600197219581
110.97843852354191	-17.17561978654703
127.10221140382265	-1.0518469062662916
154.29345769397543	26.139399383886484
161.914042508872	33.75998419878306
105.92773001153756	-22.22632829855138
140.210414830219	12.056356520130066
123.45474121622311	-4.6993170938658295
156.54486338157068	28.390805071481736
174.33592646054086	46.18186815045192
104.43282583737374	-23.7212324727152
109.00854573030875	-19.14551257978019
98.74128579926247	-29.41277251082647
153.44684845015792	25.292790140068973
123.19605840119976	-4.957999908889178
147.21155281995226	19.057494509863318
145.69652270700527	17.54246439691633
128.89728381097876	0.743225500889821
139.23430478082656	11.08024647073762
57.927424077194075	-70.22663423289487
132.50361409553653	4.349555785447592
89.42106646076928	-38.73299184931966
117.79511133325497	-10.358946976833977
128.5860666155807	0.43200830549176317
144.0822925902633	15.928234280174365
120.7899559626697	-7.364102347419248
109.73977993849468	-18.414278371594264
137.45166776549223	9.29760945540329
163.81117787448085	35.657119564391905
112.87439161395224	-15.279666696136701
160.371758438256	32.21770012816705
90.67316614826478	-37.48089216182416
103.51557555188111	-24.63848275820783
128.97862395868498	0.8245656485960353
146.47753010956723	18.323471799478284
128.72869672942244	0.5746384193334961
155.3418891406057	27.18783083051676
128.39736360352464	0.2433052934356965
174.25446958340973	46.10041127332079
108.61961524760619	-19.53444306248275
169.31337296233897	41.15931465225003
131.6752959821918	3.5212376721028704
144.72323804404215	16.569179733953206
110.03169706472755	-18.12236124536139
169.76667788723927	41.612619577150326
133.56785844179313	5.413800131704193
77.66108223080147	-50.49297607928747
151.42934328074836	23.275284970659413
138.49922307790467	10.345164767815731
66.45128315188259	-61.70277515820635
111.31875975971553	-16.83529855037341
175.95640491627483	47.80234660618589
150.7095809438054	22.555522633716464
104.48331994115352	-23.670738368935417
126.41215793522343	-1.7419003748655086
121.89333605347412	-6.260722256614827
209.04125372017944	80.8871954100905
84.33902716530639	-43.81503114478255
140.45311305053684	12.2990547404479
122.96740812360287	-5.186650186486077
107.55802701952263	-20.596031290566316
108.51386518673309	-19.640193123355857
111.2817634913684	-16.872294818720547
88.07748356739677	-40.07657474269217
156.56746474062885	28.413406430539908
89.82671324099857	-38.32734506909037
121.75692099439249	-6.397137315696455
138.33009012219765	10.176031812108704
119.85138166765893	-8.302676642430015
139.0407217433115	10.886663433222566
157.90741230806663	29.753353997977683
72.26172678437644	-55.89233152571251
175.6628287654624	47.50877045537345
108.71477583430743	-19.43928247578151
127.54390391617409	-0.6101543939148542
116.77269409506908	-11.381364215019858
193.88306341400522	65.72900510391628
124.32960974984081	-3.824448560248129
107.2667558513661	-20.887302458722843
159.85759327118495	31.70353496109601
179.13589527736104	50.9818369672721
149.61281681305474	21.458758502965793
85.90818886757398	-42.24586944251496
80.01282097940776	-48.14123733068118
76.9097998784585	-51.24425843163044
108.67755280071498	-19.476505509373965
121.28406960332569	-6.869988706763252
141.15993758254837	13.005879272459424
91.65404929113203	-36.500009018956916
165.68256733396476	37.52850902387581
66.0538472973588	-62.10021101273014
89.22214926636872	-38.931909043720225
172.3007386338598	44.14668032377085
90.76744529680792	-37.38661301328102
152.77306690726465	24.619008597175707
99.28239662070911	-28.871661689379835
194.7910058128785	66.63694750278955
140.11953173249123	11.965473422402283
108.34681069579011	-19.80724761429883
147.3325101278918	19.178451817802852
156.4516654793136	28.297607169224648
110.6249355176572	-17.529122792431735
130.33152147289576	2.1774631628068164
206.92400290137658	78.76994459128764
130.99209233236826	2.8380340222793166
84.94444376546227	-43.209614544626675
89.29627182633186	-38.85778648375708
158.9607701234366	30.806711813347647
109.22357045969903	-18.93048785038991
167.2327673383573	39.07870902826835
143.59797296766402	15.443914657575078
119.01735606315407	-9.136702246934874
210.27330424069288	82.11924593060394
93.95021975603805	-34.20383855405089
147.48255379435642	19.328495484267478
129.61293680689624	1.4588784968073014
134.8240749745476	6.670016664458672
154.77630605247606	26.622247742387117
87.50766281243915	-40.64639549764979
125.3510555633423	-2.8030027467466425
105.3751520371755	-22.778906272913446
75.90754239680456	-52.246515913284384
104.76096895057918	-23.39308935950976
114.62396628794005	-13.530092022148892
74.06658483181883	-54.08747347827011
59.59034386278864	-68.5637144473003
105.39387167846354	-22.760186631625402
93.63211323270144	-34.5219450773875
157.96072487993143	29.80666656984249
147.01184048816714	18.857782178078196
117.91616742879188	-10.237890881297062
123.00643641532434	-5.1476218947645975
141.58675593756408	13.432697627475136
102.52445045869018	-25.62960785139876
163.69551040274592	35.54145209265698
99.04343615303725	-29.110622157051694
105.99951615654783	-22.154542153541115
194.59466024012573	66.44060193003679
78.1501098117754	-50.00394849831355
124.09636177601561	-4.0576965340733295
65.1303265424088	-63.02373176768015
115.32330595035666	-12.830752359732287
150.86996637581825	22.71590806572931
147.6760947353053	19.522036425216356
112.83453887829302	-15.319519431795925
78.39917871980498	-49.75487959028396
159.90598708755198	31.751928777463036
188.47118377065846	60.317125460569514
87.88064147996403	-40.273416830124916
146.03691970448045	17.88286139439151
102.57987439929485	-25.57418391079409
127.13174829760311	-1.022310012485832
137.6181993715457	9.464141061456758
115.82605293307489	-12.328005377014051
155.58640773760482	27.432349427515874
58.94856307782385	-69.2054952322651
64.27534731729457	-63.87871099279437
132.49026794580487	4.336209635715932
106.4412801861493	-21.712778123939643
138.48186596836814	10.327807658279198
112.42119393358217	-15.732864376506768
209.31947363590217	81.16541532581323
142.33359793716437	14.179539627075428
146.6592291994769	18.505170889387955
118.72059061489045	-9.433467695198487
91.58873586506735	-36.56532244502159
127.8069427159374	-0.34711559415154625
139.1193855572513	10.96532724716235
150.5888044542683	22.43474614417937
113.40409017453413	-14.74996813555481
120.17170463132999	-7.982353678758955
106.73864695652657	-21.415411353562376
151.79801955149952	23.64396124141058
147.53699290046853	19.38293459037959
126.4479111891581	-1.7061471209308365
171.53273031459167	43.37867200450273
164.2490161430199	36.09495783293096
119.80235871895485	-8.351699591134093
27.0321263352983	-101.12193197479064
148.7656569081758	20.611598598086857
57.018347322462716	-71.13571098762623
98.19598892354617	-29.958069386542775
96.81336821837095	-31.34069009171799
84.31031858445414	-43.843739725634805
106.02328229809274	-22.130776011996204
151.91173836462468	23.75768005453574
151.42402871631413	23.269970406225184
118.1429690905955	-10.011089219493442
148.01337298828213	19.859314678193186
94.8766770594396	-33.27738125064934
140.76562951407897	12.611571203990025
166.28895093752573	38.134892627436784
111.28439697163623	-16.869661338452715
128.36149068885635	0.2074323787674075
110.01920077791357	-18.134857532175374
118.58233003984998	-9.571728270238964
80.42688138911245	-47.72717692097649
113.286381165048	-14.867677145040943
130.5882121152993	2.4341538052103715
169.1606775528656	41.00661924277665
139.18831573991548	11.034257429826539
102.52488151537756	-25.629176794711384
157.47161902740692	29.317560717317974
138.32097689123685	10.166918581147911
162.0158548874336	33.86179657734465
172.9353467386848	44.78128842859587
115.63893586106343	-12.515122449025512
132.97429809131637	4.8202397812274285
166.38934998677206	38.23529167668312
128.74641459589685	0.5923562858079094
148.64840985211987	20.494351542030927
132.67462992615975	4.520571616070811
153.69619116214955	25.542132852060604
111.51282203375223	-16.641236276336713
127.42899200880703	-0.7250663012819132
64.40617641924683	-63.74788189084211
105.27127612527903	-22.882782184809912
64.32727952745546	-63.82677878263348
129.30103930062825	1.146980990539305
76.46874585213874	-51.685312457950204
147.5689069636449	19.414848653555964
128.1681985166818	0.014140206592855975
105.21330101409905	-22.940757295989897
93.5806920848866	-34.573366225202335
167.14622310066108	38.99216479057213
132.6952881841883	4.541229874099372
152.65071636262502	24.496658052536077
92.70298150970694	-35.451076800382
172.20675900431735	44.052700694228406
79.70419880798937	-48.44985950209957
94.76764205721184	-33.3864162528771
134.21503103144852	6.060972721359576
148.5042672187722	20.35020890868327
153.8109997883751	25.65694147828617
67.60681209490787	-60.547246215181076
155.27943675438502	27.125378444296075
145.59639844375698	17.44234013366804
95.33068351187313	-32.82337479821581
69.9788362808925	-58.17522202919645
198.30843841697998	70.15438010689104
103.22128211143928	-24.932776198649663
78.23563077597856	-49.91842753411038
45.00156842560892	-83.15248988448002
25.19293998849963	-102.96111832158931
138.31612506573066	10.162066755641717
104.6301597974255	-23.523898512663436
143.31782436563145	15.16376605554251
142.3325183109285	14.17846000083955
104.7218061885381	-23.432252121550846
145.58614658849757	17.432088278408628
111.24904370428914	-16.905014605799806
136.45727231665143	8.303214006562484
123.07483946136409	-5.0792188487248495
206.04559874713806	77.89154043704912
101.02549689218205	-27.128561417906894
221.12018532814028	92.96612701805134
105.45078947195935	-22.70326883812959
125.62310590721819	-2.530952402870753
113.20669506101905	-14.947363249069895
116.92984002238	-11.224218287708936
143.68976527777187	15.535706967682927
132.20530469953002	4.051246389441076
155.38839131139895	27.234333001310006
130.0315657772756	1.8775074671866605
144.87790823211463	16.723849922025693
106.44852376988484	-21.7055345402041
96.85855574521912	-31.29550256486982
127.62402871751902	-0.5300295925699174
178.76058867309104	50.60653036300209
156.2490393278443	28.094981017755345
153.92830879969034	25.7742504896014
69.51276004492166	-58.64129826516728
119.58907157847926	-8.564986731609679
132.7335888427645	4.579530532675562
114.69697315793229	-13.457085152156651
150.24588408944174	22.091825779352803
137.2715725452602	9.117514235171257
92.17895328521473	-35.97510502487421
125.42172289960064	-2.7323354104883038
126.1455949498216	-2.008463360267342
118.1231694809415	-10.030888829147443
174.58395926532313	46.42990095523419
139.2129522060007	11.058893895911751
135.50514396223508	7.351085652146139
110.6591997883391	-17.494858521749848
128.94457509034174	0.7905167802528013
91.26188909454714	-36.8921692155418
120.08622596292327	-8.067832347165677
137.08744374258305	8.933385432494106
120.1061940943203	-8.04786421576864
142.82227996672947	14.668221656640526
110.17014486067848	-17.983913449410466
170.1448893470245	41.99083103693556
152.16553843397043	24.011480123881483
179.44133845433163	51.287280144242686
119.9285625462092	-8.225495763879735
160.72533151971794	32.571273209629
166.1604895449439	38.00643123485497
96.64062926534308	-31.513429044745862
95.20886472438207	-32.945193585706875
160.3622929549768	32.20823464488785
143.83462245806214	15.6805641479732
136.01871106936807	7.864652759279124
139.92547386550206	11.771415555413114
157.62977957472532	29.475721264636377
215.9766681765489	87.82260986645997
97.45808570806031	-30.695972602028633
129.56381836670545	1.4097600566165056
44.554508573523265	-83.59954973656568
71.789274475583	-56.36478383450594
93.05034002106032	-35.10371828902862
144.68375381781	16.529695507721044
185.5597850427169	57.405726732627954
123.67668121447997	-4.477377095608972
174.02742734106351	45.87336903097457
52.50215985304595	-75.65189845704299
186.2660826129598	58.11202430287085
75.99416801914259	-52.15989029094635
183.06130907908874	54.9072507689998
116.18765906959226	-11.966399240496685
212.86634196037113	84.71228365028219
128.56921553149215	0.41515722140320577
70.93194672613964	-57.2221115839493
157.70763023910905	29.55357192902011
52.14479553635675	-76.00926277373219
128.15221589940694	-0.0018424106820020825
116.09902321230248	-12.055035097786458
124.88991500773619	-3.2641433023527497
151.0310621157135	22.877003805624554
122.66098136893044	-5.493076941158506
123.65446664804978	-4.499591662039165
93.05383326743532	-35.10022504265362
98.12453022352048	-30.02952808656846
73.88170560923965	-54.2723527008493
137.7699387670603	9.615880456971354
54.16077297117073	-73.99328533891821
132.06000973348483	3.9059514233958907
84.57871783488582	-43.57534047520312
142.13310499754363	13.979046687454684
83.8593536978463	-44.29470461224264
174.73889309397993	46.58483478389098
116.73825726170827	-11.415801048380672
80.02984355895234	-48.124214751136606
61.21252075743024	-66.9415375526587
97.84335185399897	-30.310706456089974
93.76844035109599	-34.38561795899295
169.36987322717533	41.21581491708639
104.25788794708416	-23.896170363004785
105.14547795956815	-23.008580350520788
117.59655259036145	-10.557505719727487
131.32871161398572	3.1746533038967755
159.33662412519544	31.1825658151065
141.31172932699184	13.157671016902896
159.3000439510236	31.14598564093467
96.21298277165835	-31.941075538430596
137.556359855955	9.402301545866067
99.18155473223516	-28.972503577853786
112.62760932947486	-15.526448980614077
133.82557401403238	5.671515703943442
73.43197138825991	-54.72208692182903
146.35484248418862	18.20078417409968
118.87322558663647	-9.280832723452477
100.84476164776635	-27.309296662322595
79.49222461352684	-48.6618336965621
89.00674422402727	-39.14731408606167
146.77286012321048	18.618801813121536
111.37883015073231	-16.77522815935663
60.858139943653725	-67.29591836643522
101.52584078193678	-26.628217528152163
116.40577242746286	-11.748285882626078
134.17531835574692	6.021260045657982
142.57811671943847	14.424058409349527
135.29088530565997	7.1368269955710275
121.75902990855894	-6.3950284015299985
141.9845252190301	13.830466908941162
143.74321753661417	15.589159226525226
143.97204330320739	15.817984993118444
115.4222325708127	-12.731825739276246
95.51609887166916	-32.637959438419784
122.58517641837744	-5.568881891711499
145.85029164927465	17.69623333918571
80.99560057181435	-47.15845773827459
134.72835119648	6.574292886391049
154.142735337666	25.98867702757707
129.65685070111277	1.5027923910238314
87.80158611558937	-40.35247219449957
190.97407266369765	62.82001435360871
25.985699669314556	-102.16835864077439
128.6241663514541	0.47010804136516526
184.54960878929916	56.395550479210215
99.95385428500805	-28.200204025080893
104.34187581358339	-23.812182496505557
115.92449849867472	-12.22955981141422
136.51475195144513	8.360693641356193
145.9986730653348	17.844614755245857
172.75959003369127	44.605531723602326
149.74001454028104	21.585956230192096
73.74964917781682	-54.40440913227212
100.5258992271286	-27.628159082960337
129.4022266404666	1.2481683303776663
139.3041014776557	11.150043167566764
97.2276843427847	-30.926373967304244
90.36712104571262	-37.78693726437632
122.59174018829282	-5.562318121796125
173.8936501407755	45.73959183068655
146.46021749274433	18.306159182655392
143.83910085830058	15.68504254821164
98.30449336904195	-29.849564941046992
117.82802880370792	-10.326029506381019
110.51385681021412	-17.64020149987482
137.15578737190145	9.001729061812512
96.34103926547897	-31.813019044609973
155.8795202000204	27.725461889931466
135.9293060755029	7.775247765413951
75.47930054833915	-52.67475776174979
111.3082710653128	-16.845787244776147
105.02099136435055	-23.133066945738392
111.13043373405736	-17.02362457603158
140.8611091178921	12.70705080780317
111.66501460968203	-16.48904370040691
188.04681799207384	59.8927596819849
117.8253226288528	-10.32873568123614
204.36516566710117	76.21110735701222
101.16633781326738	-26.987720496821566
17.780431515248267	-110.37362679484067
94.93908311019396	-33.21497519989498
147.01954675679946	18.865488446710515
72.92784129010607	-55.22621701998287
105.44752681763413	-22.706531492454815
120.84842097290885	-7.305637337180087
104.27802408080817	-23.876034229280776
36.55898652094976	-91.59507178913918
145.11677021593124	16.962711905842298
99.19682362409577	-28.95723468599317
89.11377199919872	-39.040286310890224
114.70479103694589	-13.44926727314305
231.95103076088918	103.79697245080024
148.95792189007835	20.80386357998941
124.74105386105867	-3.413004449030268
179.51117886450294	51.357120554413996
74.70184374817683	-53.452214561912115
133.63031417917438	5.476255869085435
118.16641944661598	-9.987638863472966
84.0419133129347	-44.112144997154246
96.63651694967331	-31.517541360415635
160.10513244009263	31.95107413000369
120.5047833652373	-7.649274944851641
140.49944486447413	12.345386554385186
105.74171795934882	-22.412340350740124
99.97058965725802	-28.183468652830925
101.49315056741972	-26.660907742669224
141.73863828575332	13.584579975664383
176.24307685496962	48.08901854488067
73.5601919535714	-54.59386635651754
103.0313810013925	-25.12267730869644
156.92038599404833	28.76632768395939
64.24581370361767	-63.90824460647127
166.51448392574304	38.360425615654094
216.31921848365374	88.1651601735648
128.6294260799935	0.4753677699045511
113.60254401280173	-14.551514297287213
99.23885428575369	-28.915204024335253
119.61165835889034	-8.542399951198604
125.15717266038911	-2.996885649699834
170.56553150940664	42.4114731993177
106.71954799615406	-21.43451031393488
131.37385118096637	3.219792870877427
167.77706602144673	39.623007711357786
172.60744646695304	44.453388156864094
153.37910145739653	25.225043147307588
146.5184648562593	18.364406546170358
103.69193551072595	-24.462122799362987
130.88265365883336	2.7285953487444203
144.4691886015956	16.315130291506648
134.2679089513279	6.113850641238969
84.36764124251414	-43.7864170675748
92.97008669260168	-35.18397161748726
110.37811051370437	-17.77594779638457
110.72809253035149	-17.425965779737453
126.66519704429294	-1.4888612657960039
59.04388661432523	-69.11017169576371
114.38912405676302	-13.764934253325919
109.33722016422172	-18.816838145867223
142.55001306452533	14.395954754436389
112.1392729789971	-16.014785331091844
139.97925903852075	11.82520072843181
70.99033731960145	-57.16372099048749
76.720918235473	-51.43314007461595
61.068564910938505	-67.08549339915044
140.5301707792699	12.376112469180953
174.39322573396413	46.23916742387519
111.34998363239202	-16.804074677696917
98.1181809737339	-30.035877336355043
150.85689562045656	22.702837310367613
140.9127145026162	12.758656192527269
184.18810197909107	56.03404366900213
178.30340708476643	50.14934877467749
116.24987623254339	-11.904182077545556
142.62501758999343	14.470959279904491
123.3891494050352	-4.764908905053744
83.67301553921635	-44.48104277087259
91.04552516844916	-37.10853314163978
187.32410293712957	59.170044627040625
119.62826702706144	-8.525791283027502
119.55884482864559	-8.595213481443352
134.41019750244078	6.256139192351839
152.443330555778	24.289272245689062
113.36973579089891	-14.784322519190027
173.86619167906093	45.71213336897199
53.35668403329538	-74.79737427679356
140.57548485954095	12.421426549452008
158.42596951550723	30.27191120541829
140.31063556633518	12.156577256246237
147.19342144300964	19.0393631329207
152.55339509839752	24.399336788308574
112.55326641681523	-15.600791893273708
108.17000545673574	-19.984052853353205
201.5011776341583	73.34711932406935
139.52769777465647	11.373639464567532
144.25613589849883	16.102077588409884
126.24732526675717	-1.9067330433317693
161.42385359779502	33.269795287706074
198.43475180991146	70.28069349982252
157.36769237317122	29.21363406308228
84.54625350340422	-43.607804806684726
125.86281009380974	-2.2912482162792003
127.72177704196866	-0.4322812681202777
148.7750741703806	20.621015860291664
99.80620453082003	-28.347853779268917
129.70994666558028	1.5558883554913336
132.75685571614514	4.602797406056197
88.0619458334134	-40.09211247667554
119.10444448770642	-9.049613822382526
110.59879357744859	-17.555264732640353
160.70831285086962	32.554254540780676
126.80575465716748	-1.3483036529214587
111.89500782446913	-16.25905048561981
159.08356313721953	30.929504827130586
139.62366840077658	11.469610090687638
139.24178767159384	11.087729361504898
163.31169207726117	35.15763376717223
79.01229074153736	-49.141767568551586
113.88099429091591	-14.273064019173034
141.9572270813681	13.80316877127916
100.21921472382593	-27.934843586263014
121.46228775487026	-6.691770555218682
137.58465979037493	9.430601480285986
181.3435345559722	53.18947624588327
99.9198621235285	-28.23419618656044
108.43060309544882	-19.723455214640126
93.36191813834222	-34.79214017174672
181.6657119600007	53.51165364991175
138.17219752258308	10.018139212494134
112.80478532759508	-15.349272982493858
173.87024647461868	45.71618816452974
187.4077452399236	59.25368692983466
172.11724714824442	43.963188838155475
174.00740101342882	45.85334270333988
199.67852288804926	71.52446457796032
130.98859136886523	2.8345330587762874
147.92363288424013	19.769574574151193
97.37790711663757	-30.77615119345137
156.18176701979456	28.02770870970562
109.33836348552933	-18.815694824559614
123.8720278278509	-4.282030482238042
88.375623425078	-39.77843488501094
82.88456723976043	-45.26949107032851
133.47087494883664	5.316816638747696
148.08494427061152	19.930885960522573
112.09836055622355	-16.055697753865388
134.15613101018454	6.002072700095596
224.65613387106197	96.50207556097303
108.90187469381118	-19.25218361627776
132.7687090568673	4.614650746778352
153.51914370207152	25.365085391982575
148.8874922675189	20.733433957429952
124.34337272095064	-3.810685589138302
144.30025271071855	16.14619440062961
147.5262505801532	19.37219227006426
108.92569832816872	-19.22835998192022
84.19037838182913	-43.96367992825981
20.574008696016165	-107.58004961407278
135.29717118643958	7.143112876350642
160.4670804757646	32.31302216567565
161.41777099378152	33.263712683692575
119.39643590750558	-8.757622402583365
72.31165303646623	-55.84240527362272
163.88910326389515	35.73504495380621
184.6216374650997	56.46757915501075
90.59042830536993	-37.563630004719016
129.38783814033587	1.233779830246931
75.61416989710625	-52.53988841298269
143.64237862752844	15.488320317439502
128.88409754962987	0.730039239540929
114.77995741144906	-13.374100898639881
107.73734251133493	-20.416715798754012
150.12068056351774	21.966622253428795
90.73907089625055	-37.41498741383839
169.95252411351458	41.79846580342564
161.8245756606796	33.67051735059067
131.86223522284337	3.708176912754425
84.79449401202356	-43.35956429806538
175.4687169395641	47.31465862947516
131.95503253143607	3.8009742213471327
118.24219084583666	-9.911867464252282
142.56294096337143	14.40888265328249
133.37226118282916	5.218202872740221
101.47982944832103	-26.674228861767915
83.46301911812253	-44.69103919196641
140.7595146705301	12.605456360441167
159.39260740886886	31.238549098779913
81.9446110768061	-46.209447233282845
121.65009512735043	-6.5039631827385165
162.75033816082788	34.59627985073894
116.81988552423928	-11.33417278584966
160.2684399620942	32.11438165200525
146.02665809219098	17.872599782102043
108.84548824306904	-19.3085700670199
186.14583229701594	57.991773986927
147.75569156331977	19.60163325323083
108.34326548458404	-19.810792825504905
135.58840504163737	7.43434673154843
171.63709721865808	43.48303890856914
95.56941039266741	-32.584647917421535
137.39745524488018	9.243396934791235
172.50530111871404	44.3512428086251
182.80932923473512	54.655270924646175
159.47505917361042	31.321000863521476
159.75338938863052	31.59933107854158
63.42206990385813	-64.73198840623081
98.49834870489059	-29.655709605198354
105.36847256898392	-22.785585741105024
176.5004315278514	48.34637321776245
144.56252420593438	16.40846589584544
141.1858856137281	13.031827303639147
175.70259097824083	47.54853266815189
79.76617917939649	-48.387879130692454
124.26629299184634	-3.8877653182426
79.43383730411216	-48.72022100597678
116.49535691767443	-11.658701392414514
128.5713590751132	0.4173007650242653
192.34749081754336	64.19343250745442
95.51326444924263	-32.640793860846316
118.08221321007505	-10.071845100013888
176.03521750452848	47.88115919443953
153.0995469584762	24.945488648387254
177.18859005616315	49.03453174607421
144.11462306796085	15.960564757871907
145.1041271348534	16.950068824764458
146.32460044528335	18.17054213519441
98.12954308350373	-30.02451522658521
208.22882754345693	80.07476923336799
110.79756024065347	-17.356498069435474
162.87593098143617	34.72187267134723
119.83346340601776	-8.320594904071186
148.75573304844357	20.60167473835463
157.8485912874042	29.694532977315248
108.90756649617316	-19.24649181391578
114.10472415671603	-14.04933415337291
157.31527516740817	29.161216857319232
146.60353111794603	18.44947280785709
111.93777979190264	-16.2162785181863
116.52621658393974	-11.6278417261492
107.95250713816705	-20.201551171921892
132.19726257480426	4.043204264715314
132.55472579656845	4.400667486479506
102.01038150975575	-26.143676800333196
128.204982945945	0.050924635856063105
109.14902560645925	-19.005032703629695
194.38621873538278	66.23216042529384
132.6032495732673	4.449191263178363
115.4043837581433	-12.749674551945645
178.44476174464427	50.290703434555326
97.24350705681928	-30.91055125326966
148.6526884547223	20.498630144633353
162.62817177907192	34.47411346898298
162.26522574405163	34.11116743396269
162.648785403859	34.49472709377005
117.46406437328761	-10.68999393680133
128.1712936887364	0.017235378647455946
172.17980790553185	44.0257495954429
111.24700782928477	-16.907050480804173
145.2863310417618	17.132272731672856
141.3948368391887	13.24077852909977
109.27415570998193	-18.879902600107016
139.96847337990977	11.814415069820825
127.64418964425778	-0.5098686658311635
123.08384698962828	-5.070211320460658
113.14791499440827	-15.006143315680674
66.55980295395631	-61.594255356132635
171.82322734494147	43.66916903485253
145.84280040519872	17.688742095109774
157.95054924467905	29.79649093459011
113.92031844707009	-14.233739863018855
116.46103993753997	-11.693018372548977
108.46280860087637	-19.69124970921257
155.9020897514004	27.74803144131147
178.9067256738511	50.75266736376216
141.72432566504204	13.570267354953103
80.04386526798982	-48.11019304209913
83.7454594510512	-44.40859885903774
73.7717507709479	-54.38230753914104
108.24325652783074	-19.910801782258204
116.47145941831906	-11.682598891769885
154.6895779627833	26.535519652694347
85.52387289624522	-42.63018541384372
126.32131031049568	-1.8327479995932663
99.78597865245166	-28.36807965763728
77.9017806708892	-50.25227763919975
97.05960557224381	-31.09445273784513
81.2758834365689	-46.87817487352004
191.76034450883373	63.60628619874478
124.06225221444248	-4.0918060956464615
187.4096438272848	59.25558551719587
186.3749639254841	58.22090561539517
124.41498317751604	-3.739075132572907
125.58255664808013	-2.5715016620088136
150.49140569947696	22.337347389388015
72.34041616866517	-55.81364214142377
155.77008700742073	27.616028697331785
83.6178598367863	-44.53619847330265
125.30671365540394	-2.8473446546850028
168.37187876712625	40.217820457037305
149.20654866512842	21.05249035503948
141.72890739886708	13.574849088778137
118.79918585531624	-9.354872454772703
144.66356380282588	16.509505492736935
113.42978881603841	-14.724269494050532
104.55495701851243	-23.599101291576517
202.862875530542	74.70881722045306
117.75516311917664	-10.398895190912299
120.42459057409934	-7.729467735989601
93.29317669579387	-34.86088161429507
126.45640657749237	-1.6976517325965688
84.02382156424784	-44.1302367458411
95.91140847848357	-32.24264983160538
83.3854954240108	-44.76856288607814
91.43861160733132	-36.71544670275762
98.96090961854708	-29.193148691541865
132.99740917659284	4.843350866503897
104.02461088021147	-24.129447429877473
176.08569780354657	47.931639493457624
142.16005802444334	14.005999714354402
115.99372490060551	-12.160333409483428
189.97905367336563	61.824995363276685
119.97177625404066	-8.18228205604828
120.3306000714968	-7.8234582385921385
173.80608346795117	45.65202515786223
124.7034597692421	-3.4505985408468405
124.45076274966624	-3.7032955604227027
171.2556717299761	43.101613419887144
160.97063678884507	32.81657847875613
144.3244825200839	16.170424209994962
168.3792472356311	40.22518892554217
121.04159146668309	-7.112466843405855
86.82262227477833	-41.33143603531062
46.14798246693891	-82.00607584315003
177.61187571236434	49.457817402275396
77.8175138154059	-50.33654449468304
188.75683941468225	60.602781104593305
96.69172511076823	-31.46233319932071
124.96787328977581	-3.1861850203131326
158.33881539247733	30.184757082388387
148.15727423860727	20.00321592851833
123.39561306184834	-4.758445248240605
135.09667754195317	6.942619231864228
106.78667876760511	-21.36737954248383
142.87240245714412	14.718344147055177
195.9068070622473	67.75274875215837
92.6500798046639	-35.50397850542504
170.73760786201666	42.58354955192772
146.54902560306283	18.394967292973888
152.7226078483821	24.568549538293155
121.17734019286792	-6.976718117221026
99.11983201251343	-29.034226297575515
49.41901498296858	-78.73504332712037
132.25006627531758	4.096007965228637
139.09651696252905	10.94245865244011
98.08634136858956	-30.067716941499384
200.75556008913765	72.6015017790487
78.17882338671399	-49.975234923374956
151.31258956228186	23.158531252192915
127.52098014048744	-0.6330781696015038
141.0230964180103	12.86903810792137
122.47150177502982	-5.6825565350591205
141.95351740552206	13.799459095433122
125.52710191669968	-2.626956393389264
139.79805302043889	11.643994710349943
107.15887064700865	-20.995187663080287
159.03012230758242	30.876063997493475
158.0260750555338	29.872016745444853
142.38573560455035	14.231677294461406
126.38624862184435	-1.767809688244597
61.92244164673531	-66.23161666335363
170.99791531538568	42.84385700529674
80.07078958835547	-48.083268721733475
72.30975258496102	-55.844305725127924
96.29755064968987	-31.856507660399075
169.00783708862065	40.853778778531705
169.86097739399912	41.70691908391018
147.3794314453283	19.22537313523935
110.99087003962114	-17.1631882704678
124.31806947016076	-3.835988839928177
145.0431719004867	16.889113590397756
102.4132741404049	-25.740784169684048
90.83032996517642	-37.323728344912524
107.08528852595401	-21.06876978413493
89.01916665717937	-39.13489165290957
109.07655054066191	-19.07750776942703
166.2477465639261	38.09368825383717
99.63647231260467	-28.517585997484275
72.71875318911253	-55.43530512097641
90.5180724873083	-37.63598582278064
110.46661756346504	-17.687440746623906
206.7040460221054	78.54998771201645
201.68561682934734	73.5315585192584
103.57633725226543	-24.57772105782351
126.58814707822086	-1.5659112318680855
83.52003905005614	-44.6340192600328
100.91580718352844	-27.2382511265605
153.00154182012403	24.84748351003509
84.93218726488914	-43.221871045199805
141.91069034359163	13.756632033502683
153.62441449302634	25.470356182937394
88.77196506533284	-39.382093244756106
118.30713280179981	-9.846925508289132
150.9866348837407	22.83257657365175
183.47055171469611	55.31649340460717
148.6379844651404	20.48392615505145
93.99668887754007	-34.157369432548876
133.7050954487807	5.551037138691754
145.35641711444106	17.202358804352116
72.14976373777819	-56.004294572310755
170.93130896627764	42.7772506561887
84.29082734615287	-43.863230963936076
133.39290914818622	5.238850838097278
107.49583981681127	-20.658218493277673
128.2475654749017	0.09350716481276322
32.92723827509536	-95.22682003499358
104.5325079321504	-23.621550377938547
194.9255400350542	66.77148172496527
154.1875678160598	26.03350950597087
140.7942105503774	12.640152240288444
86.39201117628755	-41.76204713380139
126.58296595132771	-1.5710923587612342
134.83204063165095	6.677982321562013
113.44630872115005	-14.707749588938896
100.00489351214702	-28.14916479794192
170.2793905594902	42.125332249401254
37.35596031857341	-90.79809799151553
142.1596282071426	14.005569897053647
159.0789817810458	30.924923470956855
84.41313877649583	-43.740919533593114
116.24477352448076	-11.909284785608179
120.70922406742676	-7.444834242662182
95.29201207636135	-32.8620462337276
158.5367430983045	30.382684788215556
92.21545686204837	-35.93860144804057
168.3868508109611	40.232792500872165
142.67167416746298	14.51761585737404
111.62172447800032	-16.532333832088625
149.5189898609263	21.364931550837355
41.532803114724004	-86.62125519536494
141.24627080113197	13.092212491043028
171.64337539265608	43.48931708256714
113.77132375425055	-14.382734555838397
147.3581731976031	19.20411488751415
92.55748745394732	-35.596570856141625
108.74731768781413	-19.40674062227481
134.5392457115252	6.385187401436269
255.75462817315048	127.60056986306154
185.94402232632484	57.7899640162359
150.25063894267288	22.096580632583937
140.6499815047885	12.495923194699571
86.18626613551379	-41.96779217457515
109.77468135471491	-18.379376955374028
116.59711469628593	-11.556943613803014
167.07334082803783	38.919282517948886
135.78856680619566	7.634508496106719
114.41623926996755	-13.737819040121394
155.03525576729072	26.88119745720178
147.07656947460993	18.922511164520984
110.30592375017505	-17.848134559913888
155.22371201553534	27.0696537054464
78.400859321557	-49.75319898853195
96.39562755084108	-31.758430759247858
102.05843613369717	-26.09562217639177
129.08718315232755	0.9331248422386125
93.465956156799	-34.68810215328995
180.63933116352047	52.485272853431525
126.65633029012162	-1.497728019967326
70.52802741882834	-57.6260308912606
122.02348237627513	-6.130575933813816
135.39214740335802	7.238089093269082
115.90428689551692	-12.249771414572024
81.80156814694266	-46.352490163146285
105.57382318255469	-22.58023512753425
186.25273713750568	58.098678827416734
194.1407542382679	65.98669592817896
160.40191340330267	32.24785509321373
161.6783088441901	33.52425053410116
103.24713917843684	-24.906919131652103
84.29667223521602	-43.85738607487292
147.7939058718933	19.639847561804345
137.96031121981133	9.806252909722389
131.2729814558282	3.1189231457392452
154.39647757866106	26.24241926857212
149.38168612004876	21.227627809959813
158.20746984800127	30.053411537912325
186.74549793517718	58.59143962508824
131.02424035813812	2.8701820480491733
164.56476369271905	36.41070538263011
61.702595719313024	-66.45146259077592
82.84189374145564	-45.31216456863331
96.44602146576136	-31.70803684432758
79.56696249725275	-48.587095812836196
137.66382174786332	9.509763437774382
116.21739199331415	-11.93666631677479
143.1480637282969	14.994005418207962
40.14581446751464	-88.0082438425743
175.24051839891973	47.08646008883079
129.64865643999866	1.4945981299097184
114.90761943304307	-13.246438877045875
119.01927396301681	-9.134784347072127
122.07021299901163	-6.083845311077312
113.91511970912899	-14.238938600959955
173.46255870978558	45.30850039969664
170.30833880094207	42.154280490853125
102.1732105134891	-25.980847796599846
124.72980222871621	-3.4242560813727323
144.4738320083	16.319773698211065
69.80132064542187	-58.352737664667075
184.01381747148326	55.85975916139432
130.3728399437844	2.218781633695471
138.79990431064135	10.64584600055241
102.46118766549836	-25.692870644590585
102.30662211982627	-25.84743619026267
119.70293493400305	-8.451123376085889
122.59089291794436	-5.563165392144583
132.99765248508112	4.843594174992177
85.00171444979998	-43.152343860288966
75.06850706548931	-53.08555124459963
127.38913482046547	-0.7649234896234702
181.35464677459305	53.20058846450411
150.34442717966368	22.19036886957474
80.99862810905535	-47.155430201033596
174.68495855134307	46.53090024125413
82.34786308932445	-45.806195220764494
113.0706647879436	-15.083393522145343
116.40330587171985	-11.75075243836909
116.37914423292597	-11.774914077162975
121.76730831340166	-6.386749996687286
99.04524465589412	-29.10881365419482
158.21198025223777	30.057921942148823
118.89437281989586	-9.259685490193078
129.48704735365965	1.3329890435707057
64.08961939771172	-64.06443891237723
119.64546494392772	-8.508593366161222
121.76851932150231	-6.385538988586632
106.19096003551596	-21.963098274572985
135.57662974341866	7.422571433329722
100.99949495474203	-27.15456335534691
194.08878196025245	65.9347236501635
154.88741179202253	26.73335348193359
100.6528815421355	-27.50117676795344
101.37722980010068	-26.776828509988263
144.05893364470313	15.90487533461419
44.830950761477936	-83.323107548611
95.44571581614065	-32.708342493948294
121.60122732597148	-6.552830984117463
150.87655417472916	22.722495864640223
95.23096460930748	-32.923093700781465
103.12883336053557	-25.025224949553376
159.4348904217789	31.28083211168996
112.58071753839823	-15.57334077169071
114.49240587844025	-13.66165243164869
132.8322634306699	4.678205120580969
119.37119246115827	-8.782865848930669
171.88097300529108	43.72691469520214
95.6287594120243	-32.52529889806465
162.24397557751428	34.089917267425335
135.80473785581336	7.650679545724415
179.9149289582877	51.76087064819876
169.61934999210854	41.4652916820196
111.56109385751398	-16.59296445257496
86.66607072747348	-41.48798758261546
154.96470025422087	26.81064194413193
177.01368097300502	48.85962266291608
97.03846604351048	-31.11559226657846
136.7507753455887	8.59671703549975
193.87610640665145	65.7220480965625
110.58041105335207	-17.573647256736876
176.75982370814228	48.605765398053336
146.1565534802233	18.002495170134353
169.0194579680122	40.86539965792326
125.528876006649	-2.625182303439942
131.37775706029998	3.2236987502110424
93.6649922063537	-34.48906610373524
112.05118011305086	-16.10287819703808
106.67875315447083	-21.475305155618116
104.50397346704477	-23.65008484304417
170.83924115453766	42.68518284444872
163.38019406818995	35.22613575810101
151.05317501048768	22.899116700398736
132.87152913437086	4.717470824281918
126.33984944795003	-1.814208862138912
110.50824831007259	-17.645810000016354
115.00474482284545	-13.14931348724349
147.79884028595035	19.644781975861406
121.73241591984907	-6.421642390239867
106.4664549066386	-21.68760340345034
88.68892972426175	-39.46512858582719
117.3805797904227	-10.773478519666241
12.64949290310534	-115.5045654069836
140.71520817319316	12.56114986310422
134.91588130252995	6.761822992441012
108.96646942074796	-19.187588889340986
139.56721411750397	11.413155807415023
184.25972680367914	56.1056684935902
155.1966120543387	27.042553744249744
140.5686048119117	12.41454650182277
127.52109366291762	-0.6329646471713204
128.3277389461894	0.17368063610047102
170.212392248943	42.05833393885405
131.5555876102465	3.401529300157563
85.45968355963333	-42.69437475045561
122.45508165417624	-5.698976655912702
170.07724833724416	41.923190027155215
156.05440388302878	27.90034557293984
155.264693596286	27.110635286197066
154.96189198699932	26.807833676910377
181.27666025117134	53.122601941082394
161.21970883649402	33.06565052640508
135.23410020550574	7.080041895416798
109.13675409833587	-19.01730421175307
82.0381847894626	-46.11587352062634
152.18095586747432	24.026897557385382
111.63818775728788	-16.51587055280106
109.35671315256542	-18.797345157523523
95.03050681144151	-33.12355149864743
107.42356403124205	-20.73049427884689
182.1389735887954	53.98491527870647
153.90587905141211	25.751820741323172
132.619771717584	4.465713407495059
158.3792106738568	30.225152363767847
120.41870506180777	-7.7353532482811715
114.60308400106652	-13.550974309022422
137.5571991709897	9.403140860900749
119.08686349036208	-9.067194819726865
99.40734220571386	-28.746716104375082
154.8348400198468	26.680781709757866
168.66877626742854	40.5147179573396
133.03224376490317	4.878185454814229
169.18683657005232	41.03277825996338
134.93332422046143	6.779265910372487
159.18040477091773	31.02634646082879
175.40634973836342	47.252291428274475
136.84333911408822	8.689280803999281
184.49971436101106	56.345656050922116
142.18441464723065	14.030356337141711
95.44139640860004	-32.7126619014889
165.80950857218915	37.6554502621002
25.40319961974666	-102.75085869034228
136.36222968931753	8.208171379228588
81.7222878052583	-46.43177050483064
157.1116091216557	28.95755081156676
168.13926202939393	39.98520371930499
134.72608976002294	6.572031449934002
100.9622173106639	-27.19184099942504
92.6321201499689	-35.521938160120044
82.60772067851423	-45.546337631574715
98.01266622373288	-30.141392086356063
184.98964318979625	56.83558487970731
116.56720217470348	-11.58685613538546
123.64962874903205	-4.504429561056895
134.76594224809588	6.61188393800694
152.75120948368777	24.59715117359883
112.75039007629886	-15.403668233790086
128.75452962130868	0.6004713112197351
161.22383734584065	33.06977903575171
114.75105208886299	-13.40300622122595
174.31161080950034	46.157552499411395
143.223683736944	15.069625426855055
119.09521558134503	-9.058842728743912
97.78967856726587	-30.364379742823076
157.9161274711244	29.76206916103547
101.56372321666487	-26.590335093424073
125.07198553988047	-3.0820727702084696
106.63773847045587	-21.51631983963307
115.96194500377379	-12.19211330631515
155.68757630765532	27.533517997566378
148.06541106642027	19.911352756331326
171.33276424698334	43.1787059368944
144.02535543173354	15.871297121644602
118.92385168819084	-9.230206621898105
149.6840874944922	21.530029184403247
117.15425029206591	-10.999808018023032
157.37606193163293	29.22200362154399
127.11012153154508	-1.0439367785438662
