Hf	deltaHf ref=-79.43461222317134
-96.78421861000831	-17.349606386836967
-72.53503590536135	6.899576317809988
-77.11902830084588	2.315583922325459
-78.84654638157232	0.5880658415990183
-90.81895658845903	-11.384344365287689
-85.24449969154963	-5.809887468378292
-96.67702967159718	-17.24241744842584
-92.64619334285678	-13.211581119685434
-95.21156347438816	-15.776951251216815
-78.27037414396042	1.164238079210918
-82.07763272256713	-2.6430204993957886
-60.79813680176309	18.63647542140825
-80.10004433004949	-0.6654321068781428
-78.53736435250036	0.8972478706709808
-84.6795873358046	-5.244975112633256
-71.81484400023189	7.619768222939456
-80.22006538051798	-0.7854531573466375
-74.7303072313866	4.704304991784738
-86.89895381530229	-7.46434159213095
-116.28872877445835	-36.85411655128701
-68.5933073621986	10.841304860972741
-77.37986702069472	2.0547452024766244
-66.92450473556389	12.510107487607456
-84.15887648979557	-4.724264266624232
-73.24634055435169	6.188271668819652
-70.41453623150161	9.020075991669728
-54.648800125489714	24.785812097681628
-85.7591317292158	-6.324519506044453
-77.3709996170787	2.063612606092647
-87.44841557436163	-8.01380335119029
-73.91116513753374	5.523447085637599
-75.97956388054305	3.455048342628288
-71.8370301373129	7.597582085858448
-76.9244915261356	2.5101206970357453
-77.90801537294325	1.5265968502280884
-79.93317803782563	-0.4985658146542846
-82.47343077112461	-3.0388185479532694
-72.34926031657821	7.085351906593132
-64.6538769836902	14.780735239481146
-92.81412551044056	-13.37951328726922
-62.283003684030035	17.151608539141307
-71.08570502929658	8.348907193874766
-86.70817111525545	-7.273558892084111
-83.21218432257453	-3.777572099403187
-78.96471148394491	0.46990073922643205
-88.61441095146299	-9.179798728291644
-85.6146118344245	-6.179999611253152
-68.52767934791925	10.906932875252096
-82.12764068538533	-2.693028462213988
-72.81494392004103	6.619668303130311
-74.01884294404451	5.415769279126835
-95.91672508478084	-16.482112861609494
-58.53458800294763	20.900024220223713
-83.49697709960898	-4.062364876437641
-73.35459258075431	6.080019642417028
-47.253694537196196	32.180917685975146
-63.585481371008854	15.849130852162489
-60.3863119765069	19.04830024666444
-75.30318486710027	4.131427356071072
-63.448033469975115	15.986578753196227
-50.1760188256944	29.258593397476943
-87.291745130939	-7.857132907767664
-89.2420056910473	-9.807393467875954
-90.66295188319643	-11.228339660025085
-85.30379389240122	-5.869181669229874
-76.10408335368126	3.330528869490081
-101.40009308348678	-21.965480860315438
-99.71008114860749	-20.275468925436144
-96.32844211175549	-16.89382988858415
-110.9584896893343	-31.523877466162958
-77.93477337308147	1.4998388500898727
-69.59663900547318	9.837973217698163
-77.59811330446834	1.8364989187030005
-81.96510439080745	-2.530492167636112
-101.85521517175081	-22.42060294857947
-79.0848848479786	0.34972737519274233
-90.87958347646642	-11.44497125329508
-91.29885409558344	-11.864241872412094
-82.6122818774879	-3.17766965431656
-55.86814728536271	23.566464937808632
-95.85043416870619	-16.415821945534844
-82.89926094565314	-3.4646487224817974
-76.97659429485654	2.4580179283148027
-70.43140919148433	9.003203031687008
-68.1701546995159	11.264457523655437
-69.19083102423471	10.243781198936631
-57.264318397027154	22.17029382614419
-45.9215223400374	33.513089883133944
-93.160548210521	-13.725935987349658
-90.68251734752127	-11.247905124349927
-94.02328958493169	-14.588677361760347
-58.1816310332201	21.252981189951242
-102.70002449438331	-23.26541227121197
-77.18970665024105	2.2449055729302927
-78.8343469723172	0.600265250854136
-98.12908102919616	-18.694468806024815
-64.20932217341621	15.225290049755131
-67.51535892829858	11.91925329487276
-78.07032452842256	1.364287694748782
-64.72915068451991	14.705461538651434
-84.57944987026573	-5.144837647094391
-93.5993632069644	-14.164750983793056
-69.0991552670516	10.335456956119742
-87.39951109101682	-7.964898867845477
-68.0575951322812	11.37701709089015
-83.53745287385979	-4.102840650688449
-75.7374390042082	3.697173218963144
-55.41094676915097	24.023665454020374
-100.30306858668197	-20.86845636351063
-70.92542127934436	8.50919094382698
-115.16144499102526	-35.72683276785392
-80.86475637942064	-1.4301441562492982
-92.16269555425103	-12.728083331079688
-70.21659660390148	9.218015619269863
-75.4814927162574	3.9531195069139358
-95.38292683198821	-15.948314608816872
-87.85160184898857	-8.416989625817223
-89.19220140066179	-9.757589177490445
-90.01142651469715	-10.576814291525807
-86.36644044619467	-6.931828223023331
-95.12065428459616	-15.686042061424814
-75.62339589406335	3.8112163291079924
-89.1226572454311	-9.688045022259757
-73.92287358249311	5.511738640678232
-68.37291042770673	11.061701795464614
-67.90691942709825	11.527692796073097
-91.02654267536715	-11.591930452195811
-83.43310556826916	-3.9984933450978133
-55.437844836515495	23.996767386655847
-56.36486259616365	23.069749627007695
-70.88470437905059	8.549907844120753
-63.59599109467533	15.838621128496015
-92.36652830261161	-12.93191607944027
-101.00112785709504	-21.5665156339237
-63.48908951625205	15.945522706919292
-74.52542374321499	4.909188479956356
-106.62750462036499	-27.192892397193646
-95.74891013394378	-16.31429791077244
-97.33893010823382	-17.904317885062483
-91.42492698466091	-11.990314761489572
-64.25695333136397	15.177658891807368
-101.68347264284827	-22.24886041967693
-77.71238006229984	1.7222321608714992
-79.16773510321079	0.2668771199605544
-92.35496810173069	-12.920355878559349
-70.37517251219694	9.059439710974402
-51.37089799872635	28.063714224444993
-69.72389289631107	9.710719326860271
-91.63041278331954	-12.1958005601482
-64.18735614527984	15.247256077891507
-93.97820384097437	-14.543591617803031
-74.23332242503099	5.201289798140351
-81.00448597640795	-1.5698737532366067
-69.42484697189363	10.009765251277713
-106.90607390459488	-27.471461681423534
-100.04777692453942	-20.613164701368078
-98.55771278673498	-19.12310056356364
-89.88555655089883	-10.450944327727484
-95.34512457025855	-15.910512347087206
-51.75095438661671	27.68365783655463
-88.41597959332873	-8.981367370157386
-103.1425226831038	-23.707910459932464
-78.51782231867989	0.916789904491452
-85.03632050676103	-5.601708283589687
-90.13848488336814	-10.703872660196794
-60.801555954638815	18.633056268532528
-74.52118088401627	4.913431339155068
-51.117523146071534	28.31708907709981
-71.96646593535704	7.468146287814307
-80.97618017393549	-1.541567950764147
-66.71241499404866	12.722197229122685
-55.70987302661385	23.724739196557493
-85.97972591360892	-6.545113690437574
-74.08505915717839	5.34955306599295
-44.28736141095439	35.14725081221695
-73.73491121085542	5.699701012315927
-83.52709360635933	-4.092481383187987
-75.22755414068385	4.207058082487492
-43.93258448221465	35.50202774095669
-77.52165108095366	1.9129611422176822
-65.36211404111097	14.072498182060372
-73.61645116484439	5.81816105832695
-73.82258731404588	5.612024909125466
-64.92435061748844	14.5102616056829
-74.24526149074379	5.189350732427556
-72.11372811883345	7.3208841043378925
-75.47995772302099	3.9546545001503546
-83.13626307292586	-3.7016508497545146
-87.13281658176717	-7.698204358595831
-96.41774402515009	-16.983131801978743
-50.16099934775272	29.27361287541862
-110.71328681035672	-31.278674587185378
-72.59315748159722	6.841454741574125
-65.16119773765101	14.273414485520334
-71.52143886467681	7.913173358494532
-88.20175387444621	-8.76714165127487
-72.88406102909946	6.550551194071886
-68.73578402876453	10.698828194406815
-72.48996585701977	6.944646366151574
-86.20723719060922	-6.772624967437878
-84.63339596195735	-5.198783738786005
-88.89525238362555	-9.460640160454204
-66.71984200008453	12.714770223086816
-71.1433331830253	8.291279040146037
-74.51443793780933	4.920174285362009
-79.80276420154993	-0.3681519783785916
-45.58490408035729	33.84970814281405
-88.97596927630227	-9.541357053130923
-80.9763297965678	-1.541717573396454
-85.1699899148866	-5.735377691715257
-76.34336564566772	3.0912465775036253
-79.11889433808253	0.3157178850888158
-100.14340209602821	-20.70878987285687
-92.30001399600448	-12.865401772833138
-76.69201944862877	2.7425927745425724
-69.23584579320456	10.198766429966781
-87.83747338288092	-8.402861159709573
-83.4830951600438	-4.04848293687246
-72.91366009657801	6.520952126593329
-87.44309770198603	-8.008485478814691
-78.01607232820831	1.4185398949630326
-74.82602539150545	4.608586831665889
-85.33573893020954	-5.901126707038202
-51.788477006439706	27.646135216731636
-106.07182259177941	-26.637210368608066
-80.25956231431925	-0.8249500911479117
-88.64313513164822	-9.20852290847688
-61.83453479855095	17.600077424620395
-71.55252495893225	7.88208726423909
-82.48844027214224	-3.0538280489708995
-64.07331120494788	15.361301018223458
-60.17988651692437	19.254725706246973
-96.32565018345346	-16.89103796028212
-74.71562325098645	4.7189889721848886
-60.84406232456101	18.590549898610334
-68.56817878623994	10.866433436931402
-75.32126194069721	4.11335028247413
-68.73592482907267	10.69868739409867
-78.40082210331317	1.0337901198581676
-82.09626306312427	-2.6616508399529266
-85.90072774323787	-6.4661155200665235
-76.37690879292356	3.057703430247784
-100.3165467005442	-20.88193447737285
-71.76217577478971	7.672436448381632
-80.02849347677554	-0.5938812536041951
-93.13740256848402	-13.702790345312678
-61.155575257753725	18.279036965417617
-56.2539596171832	23.180652605988143
-93.55469746651804	-14.120085243346693
-69.90368354093377	9.530928682237573
-72.48371038659977	6.950901836571575
-94.6317880411793	-15.197175818007963
-76.96796716617834	2.466645056993002
-66.79567093279772	12.638941290373623
-67.52458132018225	11.910030902989092
-82.89199640363083	-3.457384180459485
-60.01636192958401	19.418250293587334
-44.032701770708144	35.4019104524632
-87.63666314754525	-8.202050924373907
-59.338169361194076	20.096442861977266
-57.80596724178619	21.62864498138515
-93.13194854032778	-13.697336317156442
-90.42921277817956	-10.994600555008219
-64.94418986745447	14.490422355716873
-71.02343420458644	8.411178018584906
-78.47269831714809	0.9619139060232555
-57.36816042526195	22.066451797909394
-70.06412458299607	9.37048764017527
-69.13204150937096	10.302570713800378
-62.76555745953962	16.66905476363172
-107.61823922411574	-28.183627000944398
-72.18612797581451	7.248484247356828
-65.63214721424308	13.802465008928266
-90.39950780993829	-10.964895586766943
-67.40119369695319	12.033418526218156
-103.5084924714815	-24.07388024831016
-84.1825616638657	-4.747949440694356
-82.32652949580958	-2.8919172726382385
-89.01888696956163	-9.584274746390292
-66.25122333933402	13.183388883837324
-95.32636684974429	-15.891754626572947
-76.57678531413555	2.8578269090357935
-64.63275302962435	14.801859193546989
-77.71762648538285	1.716985737788491
-77.42065652151948	2.0139557016518665
-64.4376219464161	14.996990276755241
-59.31205288712087	20.12255933605047
-52.7551253926126	26.679486830558744
-71.07975385013421	8.354858373037132
-74.05238141229935	5.382230810871988
-103.46160284781078	-24.02699062463944
-55.84320888803492	23.59140333513642
-64.11455118631281	15.320061036858533
-78.32094846415427	1.1136637590170722
-86.13793347368343	-6.70332125051209
-76.05079301272642	3.3838192104449263
-85.48252816869214	-6.047915945520799
-76.07903676559951	3.355575457571831
-56.444677772348285	22.989934450823057
-91.7076114660799	-12.272999242908554
-94.9507551891206	-15.516142965949257
-80.25160668467149	-0.8169944615001441
-102.20638067534898	-22.77176845217764
-68.8966201753851	10.537992047786247
-55.1406514700852	24.29396075308614
-85.49318632700167	-6.058574103830324
-71.36916397500178	8.06544824816956
-71.58141611971811	7.853196103453229
-88.04703626910347	-8.61242404593213
-68.71739144257887	10.71722078059247
-87.57309591609962	-8.138483692928276
-68.10689764339483	11.327714579776512
-64.52475864617597	14.909853576995374
-61.669490524486235	17.765121698685107
-97.73098200845422	-18.296369785282877
-78.10501173360396	1.3296004895673832
-72.31870512666362	7.115907096507726
-82.73915162448836	-3.3045394013170153
-88.6032384024497	-9.168626179278363
-48.507383284943415	30.927228938227927
-59.62867705634423	19.805935166827112
-55.61150475156907	23.82310747160227
-72.96291509141744	6.471697131753899
-65.59517487310083	13.839437350070511
-78.51376325786848	0.9208489653028664
-80.89110917538935	-1.4564969522180036
-92.84929353443883	-13.414681311267486
-96.2673641138376	-16.83275189066626
-86.92880324845325	-7.494191025281907
-89.2538447450847	-9.819232521913364
-115.08839342532744	-35.6537812021561
-85.92514426345448	-6.490532040283142
-101.76893815888477	-22.334325935713423
-77.01286562130414	2.4217466018671985
-99.68400563820475	-20.24939341503341
-62.16354001565057	17.271072207520774
-112.84249858252448	-33.40788635935314
-79.40038478717767	0.03422743599367095
-75.51904532759951	3.9155668955718284
-87.3481867700743	-7.913574546902964
-93.18285666205199	-13.748244438880647
-79.93199803439208	-0.4973858112207381
-88.3215909076084	-8.886978684437054
-59.818650260922794	19.615961962248548
-79.00486505109299	0.42974717207835056
-90.37791159602645	-10.943299372855108
-70.50732830106287	8.927283922108472
-97.40569760132936	-17.971085378158023
-89.3444419680877	-9.909829744916351
-93.84916466905858	-14.414552445887239
-71.618049725605	7.816562497566338
-50.21533917281201	29.219273050359334
-85.64365967390628	-6.209047450734943
-71.71265813510988	7.721954088061466
-90.93530267324101	-11.50069045006967
-93.2215782204207	-13.786965997249354
-86.84978057221312	-7.415168349041778
-102.17306073754159	-22.738448514370248
-76.37208586899075	3.0625263541805907
-91.21101231395593	-11.776400090784591
-83.25258322052693	-3.8179709973555873
-92.96443289126043	-13.529820668089087
-89.43749127118505	-10.00287904801371
-90.13378995448736	-10.699177731316013
-69.99910696106096	9.435505262110382
-96.29395650663216	-16.859344283460814
-82.38191630130902	-2.9473040781376767
-92.90277765120706	-13.468165428035718
-75.72407709689148	3.710535126279865
-90.51651901571901	-11.08190679254767
-71.97330374287273	7.461308480298612
-89.94818584840547	-10.51357362523413
-56.26931790698879	23.165294316182553
-70.40203579170927	9.032576431462076
-82.51499191776972	-3.0803796945983777
-96.88286971653585	-17.44825749336451
-52.781199855262884	26.65341236790846
-50.625988933059915	28.808623290111427
-89.42371002175648	-9.989097798585135
-83.06474160139484	-3.6301293782235007
-109.66497638997541	-30.230364166804065
-75.27769881216815	4.156913411003188
-87.46966954152455	-8.03505731835321
-77.3812500709814	2.0533621521899477
-90.92748403103766	-11.492871807866322
-84.56870148794266	-5.134089264771319
-71.59912277303235	7.835489450138994
-93.73606727462763	-14.301455051456287
-72.96772273779649	6.46688948537485
-79.87787403661648	-0.44326181344513316
-81.09296122348175	-1.6583490003104089
-93.2192027388796	-13.78459051570826
-82.38766635061481	-2.9530541274434654
-97.29167479132454	-17.857062568153196
-81.19141549058847	-1.7568032674171263
-69.84646995684167	9.588142266329669
-94.29250461776107	-14.857892394589726
-78.58403643840435	0.8505757847669884
-92.46659160591523	-13.031979382743884
-88.81480272028281	-9.380190497111471
-67.70888110498205	11.725731118189287
-87.55682787323028	-8.122215650058934
-71.78871804984234	7.645894173328998
-74.963844353339	4.470767869832343
-95.71749343014241	-16.28288120697107
-87.67802876840003	-8.243416545228683
-95.52442682574335	-16.089814602572005
-64.63172776206781	14.802884461103531
-72.7847685145666	6.649843708604749
-100.19686063537526	-20.762248412203917
-61.36887057717692	18.06574164599442
-87.93466341649625	-8.500051193324907
-72.81581667264842	6.618795550522918
-96.18691034302762	-16.752298119856277
-91.58806711076474	-12.153454887593398
-84.08439855728508	-4.649786334113742
-86.35313381490275	-6.918521591731405
-93.2522560646307	-13.817643841459358
-47.5381884668445	31.89642375632684
-71.30283866800752	8.131773555163818
-103.63746171322279	-24.20284949005145
-46.63905161413865	32.79556060903269
-89.07570517259452	-9.641092949423182
-91.23201349410235	-11.797401270931005
-94.34851225544705	-14.913900032275706
-91.47174248636153	-12.037130263190193
-67.24776381085982	12.18684841231152
-104.2146093917531	-24.779997168581758
-105.3167402107342	-25.882127987562853
-77.13360308560229	2.3010091375690536
-78.07109721822641	1.3635150049449294
-108.26176383762365	-28.827151614452305
-64.68422914264963	14.750383080521715
-48.69491479989526	30.739697423276084
-88.30155562249135	-8.866943399320007
-74.76689339014999	4.667718833021354
-108.16641194183327	-28.731799718661932
-80.6200711050246	-1.1854588818532648
-65.91178105090373	13.522831172267615
-106.1168421612442	-26.68222993807285
-87.61261164905451	-8.177999425883172
-81.4901375999311	-2.0555253767597605
-89.66103041030735	-10.226418187136005
-89.33804276741145	-9.90343054424011
-103.85250438620866	-24.417892163037322
-65.35445832645061	14.08015389672073
-70.14844747848699	9.286164744684356
-79.73953202889103	-0.3049198057196918
-83.85726582479262	-4.422653601621278
-108.94962750509737	-29.515015281926026
-85.44160922089074	-6.006996997719398
-36.5746184130098	42.85999381016154
-69.14051809148665	10.294094131684687
-100.74303461964016	-21.308422396468814
-95.12533022926661	-15.690718006095267
-75.14421895337588	4.290393269795459
-90.40555870727118	-10.97094648409984
-73.83930668306718	5.595305540104164
-71.93351992777613	7.50109229539521
-71.53935767686787	7.895254546303477
-68.73779304494971	10.69681917822163
-72.57405104666984	6.8605611765015055
-70.11522532856767	9.319386894603667
-83.6422906063585	-4.207678383187158
-86.87880507737142	-7.444192854200082
-78.3363280408798	1.0982841822915361
-65.99969050374645	13.434921719424892
-76.73339600199549	2.701216221175855
-46.00354752976861	33.43106469340273
-85.18762649665447	-5.7530142734831315
-52.294204118092665	27.140408105078677
-70.81252091588837	8.622091307282972
-84.3053900736763	-4.870777850504965
-95.8956270802141	-16.461014857042755
-83.32659999740142	-3.891987774230074
-79.95311152384826	-0.5184993006769218
-63.0821077162677	16.352504506903642
-84.07598215624463	-4.6413699330732925
-92.59256704535662	-13.157954822185275
-84.47368982308987	-5.039077599918528
-61.04113807409746	18.39347414907388
-93.80120772503003	-14.366595501858683
-94.66422339733842	-15.229611174167076
-97.01425751616486	-17.57964529299352
-71.86530935250491	7.569302870666434
-103.77090303147858	-24.33629080830724
-73.30543004526996	6.129182177901384
-71.59925156686083	7.835360656310513
-100.0578494076021	-20.623237184430764
-76.23710643847741	3.1975057846939308
-80.22082570171776	-0.786213478546415
-91.39001301037067	-11.955400787199324
-68.78726594183397	10.647346281337377
-82.39312009935244	-2.958507876181102
-89.8034711861387	-10.368858962967352
-92.03997301306524	-12.605360789893894
-53.80854482766742	25.626067395503924
-70.30962442638562	9.124987796785717
-81.23489630521951	-1.8002840820481651
-51.675742329613485	27.758869893557858
-71.63571203449689	7.798900188674452
-78.46064816412988	0.9739640590414638
-88.1681795055542	-8.733567282382865
-66.76453773380351	12.670074489367835
-72.58136590396177	6.853246319209575
-67.90982333225699	11.524788890914351
-68.56029801477277	10.874314208398573
-71.79969093522092	7.634921287950419
-98.14890014218551	-18.71428791901417
-87.10716257848841	-7.672550355317071
-99.85084008809505	-20.416227864923712
-66.43167028914328	13.002941934028058
-76.36699229056691	3.0676199326044298
-60.42875914999465	19.005853073176695
-69.77107812429901	9.663534098872333
-58.60652811938641	20.82808410378493
-76.05519904995751	3.379413173213834
-94.37862094092131	-14.944008717749966
-95.52367370240833	-16.08906147923699
-77.30949870527408	2.1251135178972618
-95.70330211408734	-16.268689890915994
-55.82371416434623	23.610898058825114
-81.39613542346203	-1.961523200290685
-85.75705242356204	-6.322440200390702
-62.3448474618767	17.089764761294646
-88.1968276300963	-8.762215406924952
-36.961454367765754	42.47315785540559
-65.70482380385371	13.729788419317629
-72.64151995523432	6.793092267937027
-65.24595547732176	14.188656745849585
-59.77173201002594	19.6628802131454
-65.39029412284296	14.044318100328383
-68.11650950599002	11.318102717181318
-104.48359892549203	-25.04898670232069
-62.074411251900955	17.360200971270388
-57.703211133825306	21.731401089346036
-98.48249676293787	-19.047884539766528
-55.2258129597744	24.20879926339694
-63.150079678582614	16.28453254458873
-82.29222425207851	-2.8576120289071696
-76.14696253557346	3.2876496875978773
-68.41361132698373	11.021000896187616
-75.99728010038095	3.4373321227903944
-110.29413330647955	-30.85952108330821
-85.12282418262336	-5.688211959452019
-86.79011436644075	-7.355502143269405
-87.55108962107485	-8.116477397903509
-105.56321662502748	-26.128604401856137
-75.33910876634624	4.095503456825099
-75.50884599896969	3.925766224201652
-104.67764850317914	-25.2430362800078
-68.47402210261359	10.960590120557754
-81.6849963426707	-2.2503841194993583
-58.07574151904416	21.358870704127185
-93.30196393540834	-13.867351712236996
-62.633658461322256	16.800953761849087
-57.83124102128065	21.603371201890695
-81.05759749926662	-1.622985276095278
-65.35087188071927	14.083740342452074
-91.76572862083273	-12.33111639766139
-99.23512575850916	-19.800513535337814
-72.1853076975735	7.249304525597836
-80.3854781062823	-0.9508658831109642
-78.5768272271948	0.8577849959765445
-61.0751024272308	18.35950979594054
-80.85648494681524	-1.4218727236439008
-67.8433306004649	11.591281622706447
-53.46013942583383	25.974472797337512
-81.39888263447071	-1.964270411299367
-81.54772254537099	-2.1131103221996455
-69.77899417139858	9.655618051772763
-75.07081098636851	4.3638012368028285
-92.64995565424621	-13.21534343107487
-107.69688996492775	-28.262277741756407
-72.45859429458366	6.97601792858768
-61.8517851211204	17.582827102050942
-75.88788998783136	3.5467222353399848
-73.36290697912634	6.071705244045006
-55.19177236316179	24.242839860009553
-72.44909625522129	6.98551596795005
-90.43976319912915	-11.005150975957804
-84.5770397343135	-5.142427511142159
-93.53521314115503	-14.100600917983684
-73.05793395951193	6.376678263659414
-87.57516259076371	-8.140550367592368
-81.14642619225057	-1.7118139690792304
-78.08771783112613	1.3468943920452148
-102.61176645965904	-23.177154236487695
-85.5546045719079	-6.1199923487365595
-80.59595791244507	-1.1613456892737304
-64.40287277267495	15.031739450496389
-79.78909780174442	-0.35448557857307605
-76.1636255532562	3.270986669915146
-72.90394135656103	6.530670866610308
-61.13398939055193	18.30062283261941
-84.52837032951945	-5.093758106348105
-92.70391682793567	-13.26930460476433
-93.8765013268771	-14.441889103705762
-68.51644782122318	10.918164401948161
-65.69986987097806	13.73474235219328
-107.08635625718895	-27.65174403401761
-77.32891442446859	2.1056977987027494
-65.53149209268165	13.903120130489697
-57.54299624638813	21.891615976783214
-83.63087028726883	-4.196258064097492
-61.269744004223384	18.16486821894796
-73.2994881682666	6.135124054904736
-82.12920060556505	-2.694588382393704
-87.11315931311262	-7.678547089941276
-81.83354077465489	-2.39892855148355
-111.87003652731661	-32.43542430414527
-80.14171787937673	-0.7071056562053855
-90.62940837541689	-11.194796152245544
-74.71168161702232	4.722930606149021
-71.26070686599857	8.173905357172771
-95.08919608411676	-15.654583860945422
-107.42804879799812	-27.993436574826774
-74.16914859437244	5.265463628798898
-108.35391784536338	-28.91930562219204
-86.68462449226942	-7.250012269098079
-80.96472407236294	-1.5301118491915986
-55.953782907991325	23.480829315180017
-76.73692652569159	2.6976856974797556
-95.92178364832805	-16.487171425156703
-83.6817514539566	-4.247139230785251
-77.60179950231256	1.832812720858783
-103.37731699542789	-23.942704772256548
-72.28918525303604	7.145426970135304
-58.42068091990811	21.013931303263234
-89.84720091523056	-10.412588692059217
-74.37746564728738	5.057146575883962
-77.40772411080113	2.026888112370216
-92.31947201362934	-12.884859790457995
-82.69087559457554	-3.256263371404202
-75.35952218733152	4.075090035839821
-74.8213872003457	4.613225022825645
-77.83347067740985	1.601141545761493
-60.18289858730574	19.2517136358656
-62.67376225608902	16.760849967082322
-83.01875099649484	-3.5841387733235024
-90.12152491167805	-10.686912688506709
-95.05449845194968	-15.619886228778341
-109.29177675644902	-29.857164533277682
-84.94487495333166	-5.510262730160321
-74.96182760043163	4.4727846227397094
-84.08193018950848	-4.647317966337141
-59.98538970862725	19.44922251454409
-103.66630359242706	-24.231691369255714
-73.65773709348147	5.77687512968987
-69.73752399218071	9.69708823099063
-95.90750911417715	-16.472896891005803
-83.82655844339612	-4.391946220224781
-80.5863561877836	-1.1517439646122511
-82.74283911062818	-3.30822688745684
-92.07745284590644	-12.642840622735093
-83.12444253182773	-3.689830308656383
-93.61680648924673	-14.182194266075385
-85.50621937859111	-6.07160715541977
-85.3934466913474	-5.9588344681760645
-85.94645254027134	-6.5118403170999954
-83.89026412941027	-4.455651906238927
-70.84555409879837	8.589058124372968
-79.90881167619088	-0.47419945301953703
-89.95206132850441	-10.517449105333071
-68.58404451722751	10.850567705943831
-49.89141433361371	29.543197889557632
-103.46668282348261	-24.032070600311272
-99.42361631921673	-19.98900409604539
-92.00155846820277	-12.566946245031431
-85.41406030837831	-5.979448085206968
-81.26056755302713	-1.8259553298557876
-82.10082957688289	-2.666217353711545
-82.21924978988542	-2.784637566714082
-80.03301636942203	-0.5984041462506866
-92.1943870363452	-12.759774813173863
-62.96757526614826	16.467036957023083
-90.24714113037632	-10.812528907204978
-68.55471593083936	10.879896292331978
-78.33380613668712	1.1008060864842264
-108.56258553218365	-29.127973309012305
-67.11308171111747	12.321530512053869
-86.61691441832815	-7.182302195156808
-76.67355345230905	2.7610587708622916
-103.99377959294222	-24.559167369770876
-70.5467655697125	8.887846653458837
-88.0830680252752	-8.648455802103854
-66.11989241685521	13.314719806316134
-54.17214086046303	25.26247136270831
-104.80414737890393	-25.369535155732592
-59.60426310699992	19.83034911617142
-76.39871079113661	3.035901432034734
-96.84014849782258	-17.40553627465124
-86.89572321915918	-7.461110995987838
-49.478853440420124	29.955758782751218
-63.52253045807308	15.912081765098264
-110.14824896994693	-30.71363674677559
-87.93544697610056	-8.500834752929222
-68.1428094980715	11.291802725099842
-57.42017609254842	22.014436130622926
-94.96890099060553	-15.534288767434191
-79.47837619619392	-0.043763973022578284
-70.60321990835516	8.831392314816185
-70.06192364950991	9.372688573661435
-95.88754872204888	-16.452936498877534
-78.04177646658215	1.392835756589193
-89.75193033633556	-10.31731811316422
-64.31378633923893	15.120825883932412
-70.67821246172977	8.756399761441571
-93.22625329247828	-13.791641069306934
-80.08445152569627	-0.6498393025249243
-87.29437265214662	-7.859760428975278
-92.95411974480382	-13.519507521632477
-74.93151847676788	4.503093746403465
-87.61721651479317	-8.182604291621828
-59.62138996143628	19.813222261735064
-75.71257821778133	3.7220340053900145
-77.93800834001601	1.4966038831553305
-85.28285586776335	-5.848243644592003
-106.9639144795278	-27.52930225635646
-61.027248192679025	18.407364030492317
-90.44835729169287	-11.01374506852153
-96.57762952027994	-17.1430172971086
-81.34251669391821	-1.907904470746871
-86.6931138376444	-7.258501614473062
-77.07105847485806	2.3635537483132794
-98.27584293678089	-18.841230713609548
-106.44436291383178	-27.00975069066044
-71.56788446968719	7.866727753484156
-94.61747809013329	-15.182865866961947
-73.93801836535428	5.496593857817061
-58.815141970697795	20.619470252473548
-80.30361624061922	-0.8690040174478781
-87.00932442481141	-7.574712201640068
-93.41743738222291	-13.982825159051572
-48.60822805515497	30.826384168016375
-106.33578063853062	-26.90116841535928
-79.83299746255076	-0.3983852393794223
-72.40490857033589	7.029703652835451
-54.058743081585334	25.37586914158601
-100.99865594137233	-21.564043718200992
-70.82597648064845	8.608635742522893
-48.48599273426086	30.94861948891048
-62.48318894099654	16.9514232821748
-59.29129132591194	20.1433208972594
-98.0914021502235	-18.65678992705216
-56.53013889876317	22.904473324408173
-92.7375578859778	-13.30294566280645
-90.19280070198735	-10.75818847881601
-77.24241425800435	2.192197965166997
-83.48021374558309	-4.045601522411744
-79.11289742305823	0.3217148001131136
-38.66997622747883	40.764635995692515
-71.3432014526829	8.091410770488437
-83.42269820589578	-3.988085982724442
-114.48721629950748	-35.05260407633614
-104.03334160501115	-24.598729381839803
-73.85712136141089	5.577490861760452
-85.51886073352804	-6.0842485103567014
-91.41390712105064	-11.9792948978793
-59.5989497165269	19.83566250664444
-73.80030752098398	5.6343047021873645
-86.47111273842026	-7.0365005152489175
-96.91827561012767	-17.483663386956323
-74.83994914297224	4.594663080199098
-83.24065433801886	-3.8060421148475143
-97.0124921439187	-17.577879920747364
-76.63810288352258	2.7965093396487646
-55.56334859061323	23.87126363255811
-81.23441016600415	-1.7997979428328108
-62.74826050040289	16.68635172276845
-76.5412081379313	2.893404085240036
-87.41281595363259	-7.978203730461246
-65.40591280187661	14.028699421294732
-116.66963273184089	-37.23502050866955
-74.95358226383402	4.48102995933732
-64.06490199507832	15.369710228093027
-89.01559062740714	-9.580978404235793
-78.23563290241734	1.198979320754006
-48.19504351731163	31.23956870585971
-79.75818869970541	-0.32357647653407184
-58.44925177777483	20.98536044539651
-88.15329185790185	-8.718679634730506
-60.182705214893275	19.251907008278067
-57.54661508295837	21.887997140212974
-100.65552520003118	-21.220912976859836
-72.12451234706393	7.310099876107415
-83.86119982604438	-4.426587602873042
-112.06862463991862	-32.63401241674728
-82.82730279922404	-3.3926905760527006
-92.09085570160684	-12.6562434784355
-94.24637664368353	-14.81176442051219
-75.46182850486227	3.972783718309074
-57.9646203904326	21.469991832738742
-84.12971305318067	-4.6951008300093235
-85.8319425291688	-6.397330305997457
-64.37710383124656	15.057508391924785
-89.59631526874588	-10.16170304557454
-82.85554999057646	-3.420937767405121
-92.7627420806734	-13.328129857502063
-84.39604334068869	-4.96143111751735
-73.87929152104923	5.555320702122117
-96.79283423387685	-17.358222010705504
-94.32176191978076	-14.887149696609413
-83.59923161016783	-4.164619386996492
-91.68048460508587	-12.245872381914523
-83.64720580182481	-4.212593578653468
-38.645559509567164	40.78905271360418
-84.31886288093526	-4.884250657763914
-83.37014833385044	-3.935536110679095
-74.23794290529483	5.196669317876513
-91.60035062578251	-12.165738402611169
-73.85348403404211	5.581128189129231
-95.04211013282335	-15.607497909652011
-82.83446428365866	-3.3998520604873192
-56.82156631717086	22.61304590600048
-88.22567906458286	-8.79106684141152
-97.55514043534501	-18.120528212173667
-97.22628333774489	-17.791671114573546
-87.94426175652777	-8.509649533356423
-86.60198994212121	-7.167377718949865
-83.29117817645462	-3.8565659532832797
-69.53539255200164	9.899219671169703
-83.0406333357009	-3.606021112529561
-77.51275659289828	1.9218556302730576
-98.74121225174028	-19.306600028568937
-63.69235344932392	15.742258773847425
-106.45783336921747	-27.023221146046126
-80.51798718418874	-1.0833749610173982
-89.26394620108337	-9.829333977912029
-89.46869997534529	-10.034087752173946
-80.7588143785965	-1.324202155425155
-65.06683966687567	14.367772556295677
-74.81176057642594	4.622851646745403
-87.69969980093308	-8.265087577761733
-82.05535112821096	-2.620738905039616
-64.15168371519255	15.282928507978795
-75.28122495458089	4.15338726859045
-68.06809000958899	11.366522213582357
-88.61095909668663	-9.176346873515286
-75.24298107529327	4.19163114787807
-76.6609682531475	2.7736439700238407
-79.82948554718175	-0.39487332401040476
-97.32087019488833	-17.886257971716987
-57.27061587091745	22.16399635225389
-58.970308493239344	20.464303729932
-85.54080598625885	-6.106193763087504
-61.977299440694395	17.457312782476947
-78.99399955011037	0.4406126730609685
-107.61701274244703	-28.18240051927569
-70.83583704914642	8.598775174024922
-82.54421946014051	-3.1096072369691683
-76.73281524922501	2.7017969739463297
-95.51241223676195	-16.077800013590604
-87.81454312903813	-8.379930905866786
-83.0444980709785	-3.6098858478071634
-77.62588358437503	1.8087286387963104
-70.07980404837733	9.354808174794016
-74.22805155709509	5.206560666076257
-105.78318911894027	-26.34857689576893
-64.17959236710018	15.255019856071158
-81.22448635560292	-1.789874132431578
-84.29546049687494	-4.860848273703596
-69.74610097976844	9.6885112434029
-67.3328118072736	12.101800415897742
-83.68989733010537	-4.255285106934025
-74.76801681006188	4.666595413109462
-55.255107479597854	24.17950474357349
-70.79264168359666	8.641970539574686
-106.81801464315365	-27.383402419982303
-74.67957378245634	4.755038440714998
-71.14796432619048	8.286647896980867
-74.6825650628293	4.752047160342045
-62.87086037464039	16.563751848530956
-115.74193372896704	-36.3073215057957
-73.36885788552033	6.065754337651015
-81.51500093432557	-2.080388711154228
-117.17947628657427	-37.74486406340293
-57.516567920195	21.91804430297634
-93.22293200703868	-13.788319783867337
-86.15689142330527	-6.722279200133926
-66.00299555042008	13.431616672751261
-38.68159500716726	40.75301721600408
-93.14239256801235	-13.707780344841012
-108.13976665038942	-28.705154427218076
-90.88668866458326	-11.452076441411918
-76.4137934712912	3.0208187518801424
-90.32125081794081	-10.886638594769465
-108.26031840637594	-28.825706183204602
-52.18320801727393	27.251404205897416
-96.77070861734543	-17.336096394174092
-74.56740761827538	4.86720460489596
-77.12571481258644	2.3088974105849047
-95.59634654560656	-16.161734322435223
-64.25437112328515	15.180241099886189
-63.432220037093856	16.002392186077486
-89.23025609124167	-9.795643868070329
-95.92843415296963	-16.493821929798287
-87.25288672579924	-7.818274502627901
-94.26942270252627	-14.834810479354928
-88.77684602311498	-9.342233799943642
-84.09209295889602	-4.6574807357246755
-102.45409375095775	-23.01948152778641
-84.93066985622724	-5.496057633055898
-80.49884757250263	-1.064235349331284
-69.54486935052998	9.889742872641364
-66.40028518467304	13.034327038498304
-87.61754776443419	-8.18293554126285
-70.57209376223042	8.862518460940919
-80.75552007672965	-1.3209078535583103
-72.2941696923867	7.1404425307846395
-63.23984554725618	16.19476667591516
-91.0657808252349	-11.631168602063553
-86.68331179256936	-7.248699569398013
-94.78550049494376	-15.350888271772419
-67.42416335542518	12.010448867746163
-82.31299777497631	-2.8783855518049677
-78.17872174535884	1.2558904778124997
-76.42148904534267	3.0131231778286747
-78.42567128394009	1.0089409392312518
-75.1133107244518	4.321301498719549
-111.57011698831636	-32.135504765145015
-83.6984100182294	-4.2637977950580535
-95.99681911030208	-16.562206887130742
-83.39832343190798	-3.9637112087366404
-79.51077216182463	-0.07615993865329074
-69.97052504273458	9.464087180436763
-84.31794447851141	-4.883332255340065
-82.54245129162743	-3.1078390684560873
-79.87632528514811	-0.4417130619767704
-69.49876626078773	9.93584596238361
-79.68009061561904	-0.2454783924476942
-69.85492340224889	9.579688820922456
-91.66575085610245	-12.231138632931106
-93.66714277841535	-14.232530555244011
-76.21440535272129	3.220206870450056
-72.50290465389705	6.931707569274295
-75.58021753347427	3.8543946896970738
-64.38845612761222	15.046156095559127
-76.52073067008902	2.9138815530823194
-56.485628382505155	22.948983840666187
-80.57004178901704	-1.1354295658456977
-56.599383283943524	22.835228939227818
-71.8325915964219	7.602020626749436
-73.21276134269871	6.22185088047263
-78.81108203219489	0.623530190976453
-70.2083112209061	9.226301002265245
-72.09482566015365	7.339786563017697
-94.82935442443565	-15.394742201264307
-74.15377557199687	5.280836651174468
-74.67841298939172	4.7561992337796255
-108.01888488917618	-28.584272666004836
-81.78342987846415	-2.3488176552928053
-62.67815486961487	16.75645735355647
-68.5383922137539	10.896220009417448
-93.61770103577734	-14.183088812606002
-85.90937288821303	-6.474760665041686
-87.3392168438281	-7.904604620656755
-49.908368695955204	29.52624352721614
-90.38289277673763	-10.948280553566292
-73.60636810630828	5.828244116863061
-85.68055615835917	-6.2459439351878245
-91.42971641861229	-11.995104195440945
-88.1689079984703	-8.73429577529896
-83.30717705986032	-3.87256483668898
-97.16856013248477	-17.73394790931343
-72.87546118118777	6.559151041983569
-98.01509589678469	-18.580483673613344
-82.63468015017722	-3.2000679270058754
-79.94640396964539	-0.5117917464740458
-80.94011550331058	-1.5055032801392372
-75.8798982485009	3.554713974670449
-68.84860633847572	10.586005884695624
-101.57252344502055	-22.13791122184921
-58.935224752158746	20.499387471012597
-85.48672866796412	-6.052116444792773
-89.32242859683035	-9.887816373659007
-82.2249173363875	-2.7903051132161636
-53.660508033854484	25.77410418931686
-84.36996854717151	-4.935356324000168
-90.71845088407869	-11.28383866090735
-68.61430018740654	10.8203120357648
-53.3779029580605	26.05670926511084
-73.4823673220512	5.952244901120139
-89.85753081717709	-10.42291859400575
-98.16181416559854	-18.7272019424272
-101.05235802612012	-21.617745802948775
-86.45371780575667	-7.0191055825853255
-88.11948013759545	-8.684867914424103
-70.9709231135698	8.463689109601546
-99.8001393082072	-20.365527085035865
-64.00864883648907	15.42596338668227
-106.1422640743244	-26.70765185115306
-96.70422263145016	-17.269610408278822
-58.594509900451584	20.84010232271976
-98.46600351439562	-19.03139129122428
-67.76375043761661	11.670861785554735
-93.47399576046016	-14.039383537288813
-50.29756278970896	29.13704943346238
-82.75341932452872	-3.318807101357379
-88.14755344884767	-8.712941225676332
-73.54165736076399	5.8929548624073504
-74.47900363674714	4.955608586424205
-93.58364558390028	-14.149033360728936
-76.58945792025631	2.8451543029150344
-49.86670306412131	29.567909159050032
-76.94802788253443	2.4865843406369095
-92.62341417989816	-13.18880195672682
-90.22812903419114	-10.7935168110198
-65.0497743724031	14.384837850768236
-86.9931827001478	-7.558570476976456
-61.421943725827504	18.01266849734384
-71.28143005083845	8.15318217233289
-84.76521183529846	-5.330599612127116
-49.47865548521665	29.955956737954693
-91.35979216323037	-11.925179940059024
-69.65431004056015	9.780302182611194
-75.49436535907304	3.940246864098299
-78.468828831114	0.9657833920573466
-72.54953192666878	6.885080296502565
-100.5283957773631	-21.09378355419176
-81.71899805642758	-2.2843858332562377
-84.95394143808377	-5.519329214912432
-99.60387409654365	-20.169261873372307
-83.6664844606698	-4.2318722374984645
-87.90842398031825	-8.473811757146905
-101.10818997035537	-21.673577747184027
-111.04171473721223	-31.60710251404089
-87.22728783606587	-7.792675612894527
-85.90087879155041	-6.466266568379069
-72.82568929569103	6.608922927480307
-75.53334129020229	3.901270932969055
-81.62813088121626	-2.1935186580449226
-77.11273324174405	2.3218789814272895
-80.51688791157946	-1.0822756884081173
-94.98074124323327	-15.546129020061926
-60.07396155178728	19.360650671384064
-90.29658943878755	-10.861977215616207
-91.36161118231254	-11.926998959141201
-58.722132837995076	20.712479385176266
-95.89309087454464	-16.458478651373298
-86.37427384210466	-6.9396616189333145
-109.32852217182378	-29.893909948652436
-87.96274297980423	-8.52813075663289
-70.17051964103163	9.26409258213971
-75.50991784786899	3.9246943753023515
-86.80236058641319	-7.367748363241844
-97.11564780393243	-17.68103558076109
-76.51327283448924	2.9213393886820995
-54.806815734146284	24.62779648902506
-94.66637951748132	-15.231767294309975
-72.20534295744298	7.229269265728362
-87.4846651980101	-8.050052974838763
-85.77022471258394	-6.335612489412597
-81.46459688549518	-2.029984662323841
-80.87859995157348	-1.443987728402135
-65.60885344736604	13.825758775805298
-113.1440118774976	-33.70939965432626
-104.97299527755828	-25.53838305438694
-76.13271011120966	3.301902111961681
-88.50914520506055	-9.074532981889206
-82.70500056754688	-3.270388344375533
-87.09604783393885	-7.661435610767512
-44.79808332661784	34.6365288965535
-74.27010969263071	5.164502530540631
-80.08399967612647	-0.6493874529551249
-81.37213180478145	-1.937519581610104
-89.52782326340682	-10.093211040235474
-73.28392313878291	6.150689084388432
-79.23368590837933	0.20092631479201373
-67.032140574875	12.402471648296341
-89.77411405071913	-10.339501827547792
-79.86713592510065	-0.43252370192931267
-88.34550216887735	-8.910889945706003
-74.67700867378014	4.757603549391206
-77.67663462846983	1.757977594701515
-83.77710262887419	-4.342490405702847
-60.178776098523	19.25583612464834
-61.76114854815248	17.673463675018866
-79.32219005263912	0.11242217053222703
-116.91688243507676	-37.482270211905416
-73.4449321288034	5.989680094367941
-108.16338573487016	-28.72877351169882
-94.46050066964969	-15.025888446478348
-95.59519616537588	-16.16058394220454
-98.21746480083536	-18.782852577664016
-81.06787958778884	-1.6332673646174953
-69.26198991615681	10.172622307014535
-71.72960054415168	7.7050116790196626
-82.10128721799126	-2.666674994819914
-74.64779728071014	4.786814942461206
-96.93693795433362	-17.502325731162273
-79.47388258298312	-0.03927035981178051
-65.33228544870369	14.102326774467656
-87.11806833701709	-7.68345611384575
-79.48676983905031	-0.0521576158789685
-85.12564654456807	-5.691034321396728
-81.29875976164337	-1.8641475384720252
-100.7040587699507	-21.269446546779363
-82.18643170862785	-2.751819485456508
-75.12171875282954	4.312893470341805
-60.77042292336998	18.664189299801365
-73.18391662694782	6.250695596223522
-90.3706063720733	-10.935994148901955
-69.39004004005844	10.044572183112905
-70.19643790319103	9.238174319980317
-64.6555115236392	14.779100699532137
-65.4855261287216	13.94908609444974
-95.426323736478	-15.991711513306655
-81.1339017274208	-1.6992895042494638
-66.70465758169163	12.729954641479708
-77.18170912959474	2.252903093576606
-76.58485417696508	2.8497580462062615
-80.25053860087652	-0.815926377705182
-74.25000878853322	5.18460343463812
-84.85623577306112	-5.421623549889773
-76.72612227803481	2.7084899451365345
-104.76992546988774	-25.335313246716396
-91.14919417027565	-11.714581947104307
-105.32405232716562	-25.889440103994275
-86.80182423825178	-7.36721201508044
-102.79368226959784	-23.359070046426496
-65.99635264465766	13.43825957851368
-84.24531353665085	-4.8107013134795125
-84.90144587626716	-5.466833653095819
-100.42233662822261	-20.987724405051267
-63.925205144462296	15.509407078709046
-78.03803480887879	1.3965774142925511
-76.9701626991941	2.464449523977237
-89.24750674976391	-9.812894526592572
-61.81897437671293	17.615637846458412
-96.07055150042876	-16.63593927725742
-91.56807806966978	-12.133465846498439
-81.8013296861595	-2.366717462988163
-70.99826590864402	8.436346314527327
-66.77970985519502	12.65490236797632
-97.88778164426046	-18.453169421089115
-70.97893211321795	8.455680109953391
-75.3771621920009	4.057450031170447
-93.45904429712252	-14.024432073951175
-106.49045982168033	-27.05584759850899
-51.732658437706476	27.701953785464866
-86.96909850474773	-7.534486281576392
-98.3951331779667	-18.960520954795356
-112.55277867824631	-33.11816645507497
-116.5363446687247	-37.10173244555335
-76.87584456391639	2.558767659254954
-80.89203641348874	-1.457424190317397
-76.36038563422923	3.0742265889421105
-72.12397230362555	7.3106399195457925
-83.69763162853494	-4.263019405363593
-69.45073245205137	9.983879771119973
-82.37996276099736	-2.945350537826016
-83.23300260517723	-3.7983903820058913
-80.74438029779273	-1.3097680746213882
-44.92327809058631	34.511334132585034
-95.06582789572573	-15.63121567255439
-41.906511857187496	37.528100365983846
-87.2581230326891	-7.823510809517757
-77.63050893228362	1.8041032908877241
-86.02636899920478	-6.591756776033435
-81.09768884697993	-1.6630766238085926
-75.34356828362658	4.091043939544761
-79.79527928998002	-0.36066706680867355
-64.47140628577333	14.963205937398016
-79.57628248302942	-0.14167025985807413
-63.46708459567023	15.967527627501113
-86.85150153247966	-7.416889309308317
-90.44537653413724	-11.010764310965897
-87.18071762677434	-7.746105403602996
-57.750317580501786	21.684294642669556
-60.3133158600817	19.12129636308964
-65.10898473951099	14.325627483660355
-104.74858392406756	-25.313971700896218
-79.02289637894725	0.4117158442240907
-76.61628785385844	2.8183243693129043
-81.45078634960961	-2.0161741264382727
-72.78262989715446	6.651982326016878
-77.16690732321737	2.2677048999539693
-95.66272377844004	-16.228111555268697
-78.18093060584803	1.2536816173233092
-83.3325740504865	-3.8979618273151573
-85.4580438695543	-6.02343164638296
-61.55771923051222	17.876892992659123
-71.93437094087719	7.500241282294155
-80.68929405216338	-1.2546818289920338
-77.3324676062534	2.10214461691794
-80.73995291509934	-1.305340691927995
-97.23541244120722	-17.800800218035874
-80.26442016126245	-0.8298079380911076
-83.60641676203383	-4.171804538862489
-78.15784761701659	1.2767646061547566
-77.85050050102879	1.584111722142552
-79.34342642934504	0.09118579382629832
-62.42818328828295	17.00642893488839
-71.9786123784638	7.455999844707549
-60.10774795240147	19.326864270769875
-86.43485378219927	-7.000241559027927
-60.433714846380525	19.000897376790817
-59.206964803036016	20.227647420135327
-103.59739160201431	-24.16277937884297
-94.63279737104901	-15.198185147877666
-65.66416338675342	13.770448836417927
-73.44106242611312	5.993549797058222
-76.59316463952425	2.8414475836470956
-78.81277031275246	0.6218419104188797
-64.16534241188353	15.269269811287813
-47.36330065686931	32.07131156630203
-97.05631472042884	-17.621702497257502
-73.78596441556735	5.648647807603993
-111.54819508761872	-32.11358286444738
-96.04374588517246	-16.609133662001113
-91.8352188877893	-12.400606664617953
-72.93422822066938	6.50038400250196
-52.11670789719071	27.317904325980635
-77.18818246338785	2.2464297597834957
-63.01873156749795	16.41588065567339
-111.40441098478047	-31.969798761609127
-61.11655484047375	18.31805738269759
-99.89351393570402	-20.45890171253268
-62.81984328546102	16.614768937710323
-85.69229328103981	-6.257681057868467
-46.24949226641772	33.185119956753624
-79.80933688015509	-0.37472465698374435
-105.43195447762125	-25.997342254449904
-66.85986766405992	12.574744559111423
-110.1416616285264	-30.707049405355065
-80.54539084022551	-1.1107786170541658
-85.36073930693826	-5.926127083766914
-76.0344378860668	3.400174337104545
-68.14788833817735	11.28672388499399
-82.54904786447011	-3.114435641298769
-78.89379219288682	0.5408200302845216
-90.55053832709243	-11.115926103921083
-85.53795194106212	-6.103339717890776
-104.64731321468432	-25.212700991512975
-73.68103020512214	5.753582018049201
-106.36816312612652	-26.933550902955176
-75.75745281564602	3.6771594075253233
-100.82165058526013	-21.387038362088788
-73.37422478850792	6.060387434663426
-93.33489098594006	-13.900278762768721
-68.83876312515937	10.595849098011968
-76.67257847348671	2.762033749684633
-98.56363238634228	-19.129020163170935
-101.25355092341348	-21.818938700242143
-93.5059564891985	-14.071344266027154
-90.96454224398482	-11.529930020813481
-65.03539857530856	14.39921364786278
-87.39340787081025	-7.958795647638908
-86.27135088330985	-6.836738660138508
-85.1276738925794	-5.693061669408053
-82.42559357029538	-2.990981347124034
-68.67130117115309	10.763311052018253
-77.67651390326361	1.758098319907731
-68.2249133528953	11.209698870276043
-88.68135518520873	-9.246742962037388
-78.15360189210193	1.2810103310694103
-88.31909427812795	-8.884482054956607
-86.79209489725187	-7.357482674080529
-75.65736060422066	3.777251618950686
-97.82695397442009	-18.39234175124875
-66.01294844262017	13.421663780551171
-86.32317465654202	-6.88856243337068
-88.41002291765332	-8.97541069448198
-100.80330698791519	-21.36869476474385
-99.90414272031055	-20.469530497139203
-67.76234857943788	11.672263643733459
-81.63240855392948	-2.1977963307581376
-107.10432236637868	-27.66971014320734
-95.8008186226202	-16.366206399448856
-79.30902719433513	0.1255850288362126
-73.34016097800347	6.094451245167875
-76.8722137092104	2.562398513960943
-77.72346507070912	1.7111471524622175
-76.0462934780721	3.388318745099241
-76.38659269235947	3.048019530811871
-76.26401118039072	3.1706010427806177
-75.71712200154295	3.7174902216283954
-84.45114502739895	-5.016532804227609
-92.00911503939139	-12.574502816220047
-84.44382263970189	-5.00921041653055
-74.42609978328844	5.008512439882907
-98.48539779863356	-19.050785575462214
-75.98360992332752	3.4510022998438217
-66.93909943073092	12.495512792440422
-83.52770053077117	-4.093088307599828
-95.76155914412672	-16.32694692095538
-56.8829411305837	22.55167109258764
-117.15585676557245	-37.72124454240111
-80.37808813914168	-0.943475915970339
-53.296469286402925	26.138142936768418
-91.41455089687813	-11.979938673706783
-90.53938772187254	-11.104775498701201
-82.4429687060169	-3.0083564828455565
-77.18931606097473	2.2452961621966097
-74.25160667617317	5.183005546998174
-61.43370807744802	18.000904145723325
-71.25426034780546	8.180351875365886
-109.14353243787488	-29.70892021470354
-80.48043500735955	-1.0458227841882035
-74.82776940802293	4.606842815148411
-76.80846872484696	2.6261434983243817
-91.27362824098097	-11.839016017809627
-93.73432731640648	-14.299715093235136
-83.73948314201559	-4.304870918844244
-66.71431075838925	12.720301464782096
-74.32287829502317	5.111733928148169
-71.37426768539305	8.060344537778292
-97.61178648235952	-18.177174259188178
-80.81730146204652	-1.382689238875173
-87.14096835664392	-7.706356133472582
-76.46492453061225	2.9696876925590914
-97.79124415200064	-18.3566319288293
-62.23987455437461	17.194737668796733
-79.4969503916204	-0.062338168449059594
-101.42936246548058	-21.994750242309237
-81.95391445654829	-2.5193022333769477
-92.2159484911667	-12.781336267995357
-83.47504052429437	-4.040428301123029
-79.46421074961697	-0.029598526445624884
-84.19189996746579	-4.757287744294445
-61.56938334894082	17.865228874230525
-86.81631788865204	-7.381705665480695
-54.641757102390756	24.792855120780587
-92.83144880991173	-13.396836586740392
-124.02632628458966	-44.591714061418315
-96.41893290112645	-16.98432067795511
-74.03827173881879	5.3963404843525495
-98.36060724506248	-18.92599502189114
-87.96739950810885	-8.532787284937513
-81.78308714226156	-2.348474919090222
-85.47627194327512	-6.04165972010378
-117.9318864515794	-38.49727422840806
-76.99977348607942	2.4348387370919227
-93.32932219830988	-13.89470997513854
-84.62796305288654	-5.1933508297152
-78.6430749727501	0.7915372504212428
-35.51842107421405	43.916191148957296
-75.31772031028092	4.1168919128904236
-81.44961338158325	-2.0150011584119056
-57.793000353266024	21.64161186990532
-96.43331214299403	-16.998699919822684
-78.59500753905601	0.8396046841153293
-83.30162579409668	-3.8670135709253373
-95.87387294373045	-16.439260720559105
-92.08478054243321	-12.650168319261866
-70.23542869615491	9.19918352701643
-82.06971581491095	-2.6351035917396075
-75.03529261939408	4.399319603777258
-84.4709944449846	-5.0363822218132555
-91.91314807448222	-12.47853585131088
-88.54475369850704	-9.110141475335695
-70.80594300868549	8.628669214485853
-65.0733029777243	14.361309245447046
-103.464720508206	-24.030108285034657
-89.24674842149986	-9.812136198328517
-66.40627314023592	13.028339082935418
-108.76506497876696	-29.330452755595616
-67.1479396775089	12.28667254566244
-48.48727866723354	30.947333555937803
-84.2921549262887	-4.85754270311736
-88.66876381512563	-9.234151591954287
-94.08958902827587	-14.654976805104525
-82.48044472360058	-3.045832500429242
-82.92966441534233	-3.495052192170988
-64.98194786492829	14.452664358243055
-85.88875754532498	-6.454145322153636
-81.28371538548387	-1.849103162312531
-65.4815595108798	13.953052712291537
-66.11174103415985	13.322871189011494
-69.01855701384054	10.416055209330807
-61.35451414337737	18.08009807979397
-88.68305628208915	-9.248444058917812
-77.54473071613617	1.8898815070351702
-73.25656114063756	6.178051082533784
-77.3105693086313	2.1240429145400412
-95.33364736425435	-15.899035141083004
-89.88324430769578	-10.448632084524434
-85.75442484484526	-6.319812621673918
-92.19609328007797	-12.761481056906632
-78.28714901782811	1.1474632053432288
-105.60050078647188	-26.16588856330054
-82.40441265248089	-2.9698004293095437
-86.05033210792905	-6.615719884757709
-76.27988687131298	3.1547253518583602
-79.72891611864767	-0.2943038954763324
-80.32328384371655	-0.8886716205452103
-93.91204669150326	-14.477434468331921
-98.55358045398177	-19.118968230810424
-99.9156569857573	-20.481044762585952
-74.46374493801565	4.970867285155691
-56.67294460895798	22.761667614213366
-84.71796223678982	-5.283350013618474
-92.8216403580868	-13.387028134915454
-70.07264226479171	9.361969958379632
-71.93356095963688	7.501051263534464
-56.02300236301241	23.411609860158933
-64.19497279308277	15.239639430088573
-77.96950080580288	1.4651114173684618
-75.20497949352145	4.229632729649893
-86.73023247378157	-7.295620250610227
-103.2380459391047	-23.803433715933352
-91.86197396259965	-12.427361739428306
-51.417140612733846	28.017471610437497
-83.58115179285093	-4.1465395696795895
-76.4797486322627	2.9548635909086443
-78.84593760467985	0.5886746184914955
-72.8837760005176	6.550836222653743
-83.56818041495578	-4.133568191784434
-59.19206144363713	20.242550779534213
-106.98854587433604	-27.553933651164698
-80.8929573114278	-1.4583450882564648
-70.9842809937895	8.450331229381845
-75.66870541117393	3.765906811997411
-70.5284434941336	8.906168729037745
-69.54765975205962	9.886952471111726
-81.50042252139835	-2.0658102982270066
-78.86574581992178	0.5688664032495581
-52.384228152156055	27.050384071015287
-68.04444332360296	11.39016889956838
-73.10639835768094	6.328213865490397
-80.12179064911331	-0.6871784259419655
-65.11244278114324	14.322169442028098
-53.90725807511487	25.527354148056475
-74.99890427762008	4.435707945551258
-97.13903886027262	-17.704426637101278
-78.06325198148122	1.3713602416901267
-76.26554864271608	3.1690635804552585
-70.5741176644137	8.860494558757637
-89.0713945223965	-9.63678229922516
-78.54931476053613	0.8852974626352079
-85.03841187355144	-5.603799650380097
-101.70036242437206	-22.265750201200717
-82.12573197037861	-2.691119747207267
-85.74571303315176	-6.311100809980417
-64.76687409968005	14.66773812349129
-79.28706438063679	0.14754784253455
-84.71868352769386	-5.284071304522513
-58.07384434204002	21.360767881131324
-74.46882779316226	4.96578443000908
-71.7840808224341	7.650531400737236
-69.35475385420293	10.079858368968416
-97.1385915290434	-17.703979305872053
-90.81701857446612	-11.382406351294776
-78.28923626182811	1.145375961343234
-90.98343835080456	-11.54882612763322
-84.6784632722615	-5.2438510490901535
-80.2385399272666	-0.8039277040952584
-52.4098151160492	27.02479710712214
-84.72119701170456	-5.286584788533219
-89.27046362737607	-9.835851404204732
-91.49477223153232	-12.060160008360981
-53.80839480406436	25.62621741910698
-72.81757341425552	6.617038808915822
-82.22719712437399	-2.7925849012026447
-60.48124087683979	18.95337134633155
-54.29966952674883	25.134942696422513
-58.02149241642334	21.413119806748
-59.266082977423565	20.168529245747777
-57.03072391057364	22.4038883125977
-82.84058916043293	-3.4059769372615847
-70.48225383299584	8.952358390175505
-101.51594575324859	-22.081333530077245
-67.90819359016174	11.526418633009598
-89.96820490337129	-10.533592680199945
-80.83146525527852	-1.396853032107174
-93.70940283380193	-14.274790610630589
-96.8661700265279	-17.431557803356554
-78.40172929069237	1.0328829324789695
-73.99595976451971	5.438652458651632
-90.65662206418935	-11.222009841018007
-76.70157496289036	2.7330372602809803
-40.72133914199955	38.71327308117179
-90.34063254555664	-10.906020322385302
-78.31809774274595	1.1165144804253941
-69.51815524520359	9.916456977967755
-71.24982493610739	8.184787287063955
-82.0332176086217	-2.5986053854503552
-71.75062126177224	7.683990961399104
-68.35468463780714	11.079927585364203
-90.61273522561393	-11.17812300244259
-92.71084533261316	-13.276233109441819
-114.08795048468025	-34.65333826150891
-76.06016353361198	3.374448689559358
-68.47614862186171	10.958463601309631
-72.7669082269044	6.667703996266937
-87.04152945442772	-7.606917231256375
-103.08728376667429	-23.652671543502947
-68.38198883932498	11.052623383846367
-55.14232699823194	24.292285224939405
-94.61035435153323	-15.17574212836189
-73.4222718712758	6.012340351895546
-102.66961623124959	-23.23500400807825
-71.36803506601288	8.066577157158463
-77.95694538114773	1.4776668420236092
-82.93282688253245	-3.4982146593611105
-88.81906015171123	-9.384447928539885
-72.85169460406766	6.582917619103682
-97.50013315475232	-18.065520931580977
-62.28758516694367	17.14702705622767
-60.742287007930344	18.692325215241
-78.83526854291856	0.5993436802527867
-92.6724184506588	-13.237806227487454
-63.235208074007886	16.199404149163456
-82.39686135126837	-2.962249128097028
-84.43686913061399	-5.002256907442643
-71.06014685363922	8.374465369532118
-71.7430570454512	7.691555177720147
-88.67575080105459	-9.241138577883248
-99.61253671868187	-20.177924495510524
-73.595315149882	5.8392970732893446
-68.61963127072383	10.814980952447513
-98.72908396164573	-19.294471738474385
-85.81239619366394	-6.377783970492601
-64.98854673683533	14.44606548633601
-83.24884584657272	-3.8142336234013783
-66.92938121840277	12.505231004768575
-69.36774987217947	10.066862350991869
-87.52131231372047	-8.08670009054913
-53.25070817534876	26.18390404782258
-70.14794090223447	9.286671320936875
-88.68498658730684	-9.250374364135496
-77.71872678381484	1.715885439356498
-58.720592747310064	20.714019475861278
-87.8026869828013	-8.368074759629963
-71.40116339440871	8.03344882876263
-61.889947626942075	17.544664596229268
-56.42197441613686	23.01263780703448
-64.18826222847426	15.246349994697084
-61.721467371643	17.71314485152834
-100.0437604322419	-20.609148209070554
-95.48115435400402	-16.046542130832677
-87.93696961842804	-8.502357395256695
-62.62139793253161	16.813214290639735
-71.1818031659918	8.252809057179547
-79.2462067657311	0.18840545744023984
-62.429590342390355	17.005021880780987
-99.43394071532245	-19.999328492151108
-83.59729375404865	-4.1626815308773075
-101.58622548691935	-22.151613263748004
-88.93150103978266	-9.496888816611317
-82.17013515159348	-2.7355229284221423
-60.2746304346351	19.159981788536243
-94.94839542423003	-15.513783201058686
-86.15154378042504	-6.716931557253702
-62.64347890438373	16.791133318787615
-65.7747502369734	13.659861986197939
-54.9884962696801	24.446115953491244
-72.31027494504676	7.124337278124585
-76.66545109354635	2.7691611296249903
-76.01132356111927	3.423288662052073
-94.89057407042716	-15.455961847255821
-48.45875627559005	30.975855947581294
-85.83898564905982	-6.40437342588848
-63.90548192146386	15.529130301707482
-79.93174940453034	-0.497137181358994
-74.63002873265802	4.804583490513323
-67.45079933498934	11.983812888182001
-82.15684141369863	-2.722229190527287
-80.44992120575486	-1.0153089825835195
-69.64445384387952	9.790158379291825
-73.47074047360954	5.963871749561804
-89.57821475554962	-10.143602532378281
-92.39015745169169	-12.95554522852035
-91.41796665755689	-11.983354434385546
-73.5226316708781	5.911980552293244
-74.58937837703567	4.84523384613567
-88.49027768044331	-9.05566545727197
-84.74735132758948	-5.312739104418142
-90.51824462984084	-11.083632406669494
-48.518237941045726	30.916374282125616
-77.36614813410276	2.068464089068584
-84.00687555443298	-4.572263331261638
-57.57785479847959	21.85675742469175
-85.86464850266063	-6.430036279489286
-70.02212484873459	9.41248737443675
-71.25451038146136	8.180101841709984
-63.0240513074809	16.41056091569044
-73.32632377755223	6.1082884456191096
-90.03409624810453	-10.59948402493319
-78.5743681890294	0.8602440341419424
-64.41615231463808	15.01845990853326
-86.45249417277088	-7.017881949599541
-71.82966953801812	7.604942685153219
-67.68039931599785	11.754212907173496
-83.93369405156997	-4.49908182839863
-78.35994027909916	1.074671944072179
-78.16091472928244	1.2736974938889034
-76.65005522817088	2.7845569950004574
-84.06750553448953	-4.632893311318185
-109.24396769971506	-29.809355476543715
-56.53223742625275	22.902374796918593
-71.24324970763561	8.19136251553573
-68.13996354864364	11.294648674527707
-90.43475316540432	-11.000140942232974
-77.17708019981953	2.257532023351814
-83.92802263938799	-4.493410416216648
-60.20085861722916	19.233753605942184
-63.21758598158928	16.21702624158206
-70.93058596162743	8.504026261543913
-100.15014495357761	-20.715532730406267
-99.15916085075739	-19.724548627586046
-100.95092303572025	-21.51631081254891
-94.65513021674857	-15.220517993577232
-78.64543316976639	0.7891790534049505
-63.3408911066858	16.09372111648554
-106.25861031328392	-26.823998090112582
-75.56947750096012	3.8651347222112236
-88.49015925743012	-9.05554703425878
-99.91564825676184	-20.4810360335905
-94.84815598699649	-15.413543763825146
-97.16834262695781	-17.733730403786467
-52.92307798481349	26.511534238357854
-77.68752315584285	1.7470890673284885
-61.435858961186085	17.998753261985257
-59.10942880926311	20.325183413908235
-79.03532788208256	0.3992843410887872
-80.12898030148651	-0.6943680783151649
-69.61974762208271	9.81486460108863
-100.58639309018187	-21.15178086701053
-68.34677066998708	11.087841553184262
-99.74820102529927	-20.313588802127924
-82.97075933135645	-3.536147108185105
-56.564925836201354	22.86968638696999
-64.52368882897869	14.91092339419265
-82.16011952279084	-2.725507299619494
-76.71294330643147	2.7216689167398727
-75.41156577542867	4.023046447742672
-83.68624842815049	-4.25163620497915
-84.32128823966784	-4.886676016496494
-53.827365052921294	25.607247170250048
-81.28802394392412	-1.8534117207527743
-76.83570205783187	2.5989101653394755
-95.5820144439335	-16.14740222076216
-86.33551846594352	-6.90090624277218
-96.72907150541002	-17.294459282238677
-88.79396320201928	-9.359350978847942
-98.60687213000207	-19.172259906830732
-101.10123228431482	-21.666620061143476
-90.85695394659567	-11.422341723424324
-81.38723125949625	-1.9526190363249043
-86.90762268453406	-7.473010461362719
-58.818114964064506	20.616497259106836
-79.35314817821788	0.0814640449534636
-97.77082132005896	-18.336209096887615
-51.620074994504165	27.814537228667177
-84.45573811263463	-5.021125889463292
-83.13362909748545	-3.699016874314111
-52.87993861498987	26.554673608181474
-83.0843849003563	-3.6497726771849557
-79.03168975477317	0.4029224683981738
-56.40587226388604	23.028739959285303
-66.71629825890565	12.71831396426569
-73.96512135190139	5.469490871269954
-63.68930328697613	15.745308936195215
-82.10695310836897	-2.6723408851976274
-97.23243397018675	-17.797821747015405
-110.20182029795112	-30.767208074779774
-57.668568098858	21.76604412431334
-110.37947623857187	-30.944864015400526
-54.80526131679514	24.629350906376203
-91.60462430806226	-12.170012084890914
-74.37786671642831	5.056745506743027
-65.48888564644446	13.945726576726884
-71.98011038777483	7.454501835396513
-85.11848171612516	-5.683869492953818
-75.20770571035834	4.226906512813002
-84.46147773420532	-5.026865511033975
-65.62653558989993	13.808076633271412
-51.54322507094045	27.89138715223089
-89.76662040340167	-10.332008180230332
-59.66404883421498	19.77056338895636
-74.27236764558481	5.162244577586534
-76.88196173502226	2.5526504881490837
-77.51997628569231	1.9146359374790336
-93.72909831487638	-14.29448609170504
-105.00415095229116	-25.569538729119813
-74.64443503227673	4.79017719089461
-80.94091834955768	-1.5063061263863347
-87.75727315945412	-8.322660936282773
-52.90322723999131	26.531384983180033
-106.00895124345558	-26.574339020284242
-69.92942018269102	9.505192040480324
-82.15859126478469	-2.7239790416133474
-73.00567753573566	6.428934687435685
-83.04225886637002	-3.6076466431986773
-78.42540060842882	1.0092116147425259
-74.46723461415829	4.967377609013056
-68.30862351307448	11.125988710096863
-87.56153867416148	-8.12692645099014
-72.11658605579439	7.318026167376956
-67.33987417480827	12.09473804836307
-67.17508705176303	12.259525171408313
-81.45884616462578	-2.0242339414544404
-111.51312239964906	-32.07851017647772
-56.814234814641594	22.620377408529748
-89.76703983201011	-10.33242760883877
-104.42597517618421	-24.991362953012867
-92.8147475639839	-13.380135340812558
-62.16723518398655	17.267377039184794
-63.30163669817418	16.132975524997164
-75.4798962946065	3.9547159285648377
-86.53293865772	-7.098326434548653
-80.31021724563331	-0.8756050224619685
-73.41842157199287	6.016190651178476
-89.33552418618498	-9.900911963013641
-96.17618083796557	-16.741568614794232
-84.90023703954509	-5.465624816373747
-94.71705930015602	-15.282447076984681
-84.48913480108465	-5.054522577913303
-66.8542433618554	12.580368861315947
-94.1941855664322	-14.759573343260854
-98.34251349515259	-18.907901271981245
-101.606540871659	-22.171928648487665
-85.36998253961653	-5.935370316445187
-43.79976759995631	35.63484462321503
-49.48781646003633	29.946795763135015
-88.85800059860637	-9.423388375435024
-80.61678610221722	-1.1821738790458767
-93.53101981174993	-14.096407588578586
-86.05313317536499	-6.6185209521936486
-61.761406312527896	17.673205910643446
-94.28986132938596	-14.855249106214615
-68.86213586406527	10.572476359106076
-71.75926534485777	7.675346878313576
-92.17304542361532	-12.738433200443978
-77.84569101281383	1.5889212103575119
-66.63244920165604	12.802163021515298
-54.952898546098794	24.48171367707255
-78.3272475917606	1.1073646314107464
-86.15032567414752	-6.715713450976182
-80.33087068910979	-0.8962584659384447
-69.45580898612977	9.978803237041575
-101.22151988480479	-21.78690766163345
-54.34955444332306	25.085057779848285
-103.68137745589635	-24.24676523272501
-81.30214071248926	-1.8675284893179196
-85.14580657845951	-5.711194355288171
-80.27674052957306	-0.8421283064017189
-111.19355084896821	-31.758938625796873
-90.79180675053655	-11.357194527365209
-50.89975008238113	28.53486214079021
-70.23356633164664	9.2010458915247
-70.97653582635255	8.458076396818797
-91.02359918787849	-11.588986964707146
-74.60854025821615	4.82607196495519
-77.13355216874194	2.3010600544293993
-86.96844629871927	-7.533834075547929
-92.16123807644041	-12.72662585326907
-58.86173758259835	20.57287464057299
-116.09277910105308	-36.65816687788174
-77.07413693539135	2.360475287779991
-69.485181327042	9.949430896129343
-96.60835812046432	-17.173745897292974
-85.45256238524459	-6.017950162073248
-87.32385581081914	-7.8892435876477975
-92.66214514653117	-13.227532923359831
-73.42833667925012	6.00627554392122
-98.00521336226527	-18.570601139093924
-64.48577305938531	14.948839163786033
-76.28326616640558	3.1513460567657603
-89.61271062506282	-10.178098401891475
-69.22886960909679	10.205742614074552
-109.64390353992937	-30.209291316758026
-78.19566148136661	1.2389507418047288
-56.47710907105508	22.95750315211626
-89.38500269959192	-9.95039047642058
-80.3080427536465	-0.8734305304751615
-90.62869978418027	-11.194087561008928
-82.85600856613607	-3.4213963429647265
-77.35949849305914	2.075113730112207
-28.094962054309207	51.339650168862136
-54.095140878968294	25.339471344203048
-73.83017642489582	5.604435798275517
-81.01863155214821	-1.584019328976865
-99.25228431058937	-19.817672087418032
-85.86682308233	-6.432210859158658
-85.45107081893227	-6.016458595760923
-59.82358741194045	19.61102481123089
-73.60567244127603	5.828939781895315
-81.84185407643096	-2.4072418532596203
-72.98327105205541	6.451341171115928
-75.4011401858065	4.033472037364845
-87.83687078880618	-8.402258565634838
-75.74221201948828	3.6924002036830643
-99.59423899774126	-20.159626774569915
-89.44959808615246	-10.01498586298112
-87.86368648064533	-8.429074257473985
-79.00092506856751	0.433687154603831
-91.54360799532739	-12.10899577215605
-59.045178160331915	20.389434062839427
-78.64952271927766	0.7850895038936869
-104.70610527104733	-25.271493047875992
-79.83257920130424	-0.3979669781328994
-78.27653323320416	1.15807898996718
-81.08074640822312	-1.6461341850517783
-94.4160338550341	-14.981421631862759
-93.55911727298232	-14.124505049810978
-59.5876438842665	19.846968338904844
-50.99025749226573	28.444354730905616
-62.0637957941494	17.370816429021943
-68.43225968312478	11.002352540046559
-93.9716136155898	-14.53700139241846
-92.88548126445536	-13.450869041284022
-67.17598354013032	12.258628683041024
-76.09671414611373	3.3378980770576163
-77.23798271958955	2.1966295035817893
-73.84170790006326	5.592904323108087
-74.0013970334098	5.43321518976154
-66.08767869570008	13.346933527471265
-56.09328051283816	23.34133171033318
-79.79403841744212	-0.3594261942707817
-67.85345447814186	11.581157745029486
-98.59557931704191	-19.160967093870568
-98.69684662985534	-19.262234406684
-91.22568490558339	-11.79107268241205
-94.88022360612965	-15.445611382958305
-75.20916927180085	4.225442951370496
-80.43980349011551	-1.0051912669441663
-78.8185927222207	0.6160195009506424
-113.45553269389936	-34.020920470728015
-53.880652460704795	25.553959762466548
-78.70267023865605	0.7319419845152879
-81.29225243290281	-1.8576402097314713
-78.64343222557952	0.7911799975918257
-79.64594402717054	-0.21133180399920093
-82.45074116751354	-3.0161289443421992
-59.23393659398286	20.20067562918848
-61.68444297519315	17.750169247978192
-92.08260136964824	-12.647989146476903
-80.01807694988244	-0.5834647267110995
-85.0991879479902	-5.66457572481886
-106.31387953167584	-26.879267308504495
-51.66984682791232	27.76476539525902
-75.01726226019534	4.4173499629760045
-71.61665345018852	7.81795877298282
-88.17725202572771	-8.742639802556369
-87.76560651312181	-8.330994289950468
-79.7100664502345	-0.2754542270631646
-82.97541559081444	-3.5408033676430932
-81.21331474248879	-1.7787025193174486
-96.20959966221423	-16.77498743904289
-99.21543455897196	-19.78082233580062
-68.92778037491959	10.50683184825175
-58.37922712916631	21.055385094005032
-72.13286204874609	7.301750174425251
-96.33919328861381	-16.90458106544247
-60.307131615218594	19.127480607952748
-103.26665669417568	-23.832044471004338
-85.51241413757677	-6.077801914405427
-85.39277318013634	-5.958160956965003
-78.91019993729284	0.5244122858784976
-85.28455880768021	-5.849946584508871
-96.58317961378495	-17.148567390613607
-73.33613239151461	6.098479831656732
-88.48172326577921	-9.047111042607867
-75.64907543051092	3.785536792660423
-103.64105019181304	-24.206437968641694
-77.37102874489071	2.063583478280634
-84.4186826851205	-4.984070461949159
-91.42286663039565	-11.988254407224304
-78.3403949192784	1.0942173038929468
-83.71874975421676	-4.284137531045417
-47.96336915853905	31.47124306463229
-68.65378135995567	10.78083086321567
-82.74072363474849	-3.306111411577149
-93.57865349163191	-14.144041268460569
-73.73191447793076	5.7026977452405845
-119.79939185931877	-40.36477963614743
-94.71775582076086	-15.283143597589515
-78.00411463067437	1.4304975924969767
-73.08219796869386	6.35241425447748
-94.22786819423206	-14.793255971060717
-89.94448512455571	-10.50987290138437
-57.534488621093686	21.900123602077656
-86.92305995715876	-7.488447733987414
-90.06809663883038	-10.63348441565904
-81.0123588554329	-1.577746632261551
-79.17495507372084	0.2596571494505042
-59.35919977750606	20.07541244566528
-89.43617970681814	-10.001567483646795
-67.3867144890232	12.047897734148137
-78.9881847885467	0.4464274346246384
-56.26568163003546	23.168930593135883
-63.00400572657824	16.4306064965931
-92.26983761109156	-12.835225387920218
-96.01086336655723	-16.57625114338589
-73.44077345092089	5.993838772250456
-54.35608980213735	25.078522421033995
-96.799786932052	-17.36517470888066
-72.31835160463967	7.116260618531669
-48.6898834269509	30.744728796220443
-90.82615116006352	-11.391538936892175
-65.88604995775538	13.548562265415967
-71.90157659073745	7.533035632433894
-65.91483603753156	13.519776185639785
-76.6531379449211	2.7814742782502435
-80.19847655045166	-0.7638643272803165
-91.59687355632056	-12.162261333149218
-90.79302424365457	-11.358412020483229
-88.58643276180962	-9.151820538638276
-93.00621821229149	-13.571605989120144
-67.27170410114783	12.16290812202351
-68.63881889502815	10.79579332814319
-72.90986035417743	6.524751868993917
-77.20920615016664	2.225406073004706
-73.14694471609116	6.287667507080187
-89.63627373191272	-10.201661508741381
-87.02504332618852	-7.590431103017181
-73.43852387614467	5.996088347026671
-83.06718961185695	-3.632577388685604
-80.75567251360778	-1.321060290436435
-94.03215900312213	-14.59754677995079
-84.87026958813519	-5.435657364963845
-121.48203396099277	-42.04742173782142
-80.95644617714285	-1.521833953971509
-68.09489648465976	11.339715738511586
-86.26606635188224	-6.831454128710902
-79.39325197166042	0.04136025151092326
-58.01717541023979	21.417436812931555
-71.7023192733163	7.732292949855037
-80.40477386068821	-0.9701616375168669
-86.38464880175749	-6.95003657858615
-83.44123049521156	-4.006618272040214
-61.51803470155434	17.916577521617
-78.08492653908476	1.3496856840865803
-93.68078075636592	-14.246168533194577
-82.40894290906587	-2.974330685894529
-66.67767665773724	12.756935565434105
-67.11178195255204	12.322830270619306
-66.52933818154858	12.90527404162276
-71.92559978177312	7.509012441398227
-61.72093355946569	17.71367866370565
-63.76135725703213	15.673254966139211
-79.91374258442235	-0.47913036125100916
-93.09469067849429	-13.660078455322946
-99.1726139160223	-19.738001692850958
-64.27976600753615	15.154846215635189
-85.4780633620089	-6.043451138837554
-89.40448250402412	-9.969870280852774
-95.49512062228175	-16.060508399110404
-89.21293226986606	-9.778320046694716
-62.431848586564655	17.002763636606687
-68.80631928908267	10.628292934088677
-76.90638519447245	2.5282270286988933
-72.0510776424039	7.383534580767446
-78.3812014405107	1.0534107826606487
-84.30425733365561	-4.869645110484271
-72.26140022786282	7.17321199530852
-80.24184114453826	-0.8072289213669137
-87.40303835567326	-7.968426132501918
-69.10171934425895	10.33289287891239
-64.0476891799685	15.386923043202842
-70.17288470472565	9.261727518445696
-59.59809460081166	19.83651762235968
-84.11550199888595	-4.680889775714604
-71.41675787059509	8.01785435257625
-57.93523392359063	21.499378299580712
-72.91724305775867	6.517369165412674
-58.51444506209961	20.92016716107173
-71.92245290049911	7.5121593226722325
-94.03588362553134	-14.601271402359998
-62.1263838692889	17.30822835388244
-119.81054556661408	-40.37593334344274
-72.74953438193049	6.6850778412408545
-101.25340661527159	-21.818794392100244
-68.2049953425362	11.229616880635149
-64.52685553417402	14.907756688997324
-76.60129861344328	2.833313609728066
-95.47591249368858	-16.04130027051724
-98.62999570732651	-19.195383484155172
-98.46738753879478	-19.03277531562344
-92.67066157954693	-13.236049356375588
-60.54354077779723	18.89107144537411
-82.34082559088571	-2.906213367714372
-83.24059648701083	-3.805984263839491
-73.2530870047544	6.181525218416937
-76.18488088935416	3.2497313338171807
-88.9122311540909	-9.477618930919562
-80.3730440013737	-0.9384317782023572
-63.27021086143074	16.1644013617406
-85.35706438315398	-5.92245215998264
-59.96699337764446	19.467618845526886
-73.35626268909843	6.078349534072913
-81.12441075246758	-1.6897985292962403
-94.64763694436849	-15.213024721197144
-68.3083615547134	11.126250668457942
-88.8282389248038	-9.393626701632456
-78.01838016411645	1.4162320590548916
-86.20902435334435	-6.774412130173005
-92.34256438808958	-12.907952164918242
-71.79085329868255	7.643758924488793
-69.82805107968167	9.606561143489671
-64.66854750607169	14.766064717099653
-74.78697224166396	4.647639981507382
-78.65048098104896	0.7841312421223847
-60.86923654741119	18.56537567576015
-82.75157074983733	-3.316958526665985
-69.86077032988257	9.573841893288773
-76.73704393920931	2.6975682839620276
