Hf	deltaHf ref=-226.5459645892064
-239.72669252665435	-13.180727937447955
-225.02660615951243	1.5193584296939662
-239.513059637737	-12.96709504853061
-222.94060877078516	3.6053558184212307
-227.4780604940555	-0.9320959048491204
-234.6250617446152	-8.079097155408817
-213.60291386373353	12.943050725472858
-244.27229004448816	-17.726325455281767
-248.45222837452673	-21.906263785320334
-251.78261139643507	-25.23664680722868
-227.86866962229612	-1.3227050330897328
-253.2229264265137	-26.676961837307317
-222.28881791674428	4.257146672462113
-205.0448025282916	21.501162060914794
-224.87050800681243	1.675456582393963
-220.3028664364341	6.243098152772291
-242.48728282951413	-15.941318240307737
-258.9344509808674	-32.38848639166099
-204.38347370641202	22.162490882794373
-243.30607303384238	-16.76010844463599
-226.28674570447254	0.2592188847338548
-242.09624700726488	-15.550282418058487
-227.58536575285905	-1.0394011636526557
-225.64384234205716	0.9021222471492365
-248.3322233045277	-21.78625871532131
-246.18212722069654	-19.63616263149015
-199.73058739868645	26.81537719051994
-192.9938380713087	33.552126517897705
-234.88183538626834	-8.335870797061943
-238.93680086575694	-12.390836276550544
-171.07663563961466	55.46932894959173
-258.0215106745403	-31.475546085333917
-247.85161135882151	-21.305646769615123
-211.65951320890815	14.88645138029824
-223.9807191253443	2.565245463862084
-230.6617921294768	-4.115827540270402
-232.65101224994066	-6.105047660734272
-218.97294160212402	7.573022987082368
-231.85076092479937	-5.304796335592982
-268.9084619405861	-42.362497351379716
-221.72185384311376	4.824110746092629
-235.6770004834783	-9.131035894271918
-202.48405360300455	24.061910986201838
-243.38089658565366	-16.834931996447267
-222.62215108275484	3.923813506451552
-195.95480665264256	30.59115793656383
-215.7185827064335	10.827381882772897
-214.25655506819965	12.289409521006746
-250.13170236341318	-23.58573777420679
-244.90989494014718	-18.36393035094079
-243.1233936997545	-16.57742911054811
-226.68101020568645	-0.1350456164800562
-235.66975418605796	-9.123789596851566
-245.68934767654935	-19.143383087342954
-237.23640980940615	-10.690445220199763
-221.19602356125904	5.349941027947352
-234.58533780805953	-8.039373218853143
-225.76933438654885	0.7766302026575431
-216.8009675946181	9.744996994588291
-241.0721471069504	-14.526182517744019
-220.74147161552753	5.804492973678862
-192.0326798530681	34.5132847361383
-240.11533078595892	-13.569366196752526
-239.17578461346636	-12.62982002425997
-233.4637637856598	-6.917799196453416
-195.7933502517502	30.75261433745618
-261.16778619991453	-34.62182161070814
-248.0920474428225	-21.5460828536161
-211.31699099685136	15.228973592355032
-183.4851909828525	43.060773606353905
-264.5958027602122	-38.04983817100583
-221.1505700262154	5.395394562990987
-214.7303384584469	11.815626130759483
-231.21946630314994	-4.673501713943551
-227.09956371028454	-0.5535991210781503
-234.79923452480068	-8.25326993559429
-221.68727275871277	4.858691830493626
-194.22597723434808	32.31998735485831
-221.08018816935726	5.465776419849135
-239.2075798557147	-12.661615266508306
-214.33696384384018	12.209000745366211
-251.06989322682273	-24.523928637616336
-257.7469902123943	-31.20102562318789
-242.93324189549674	-16.387277306290343
-242.68063840534376	-16.134673816137365
-239.71682663383615	-13.170862044629757
-227.20846340152855	-0.6624988123221556
-241.80209059747938	-15.256126008272986
-222.36192595758837	4.184038631618023
-247.3379067815789	-20.791942192372517
-233.08794747007266	-6.541982880866271
-189.86412489150314	36.68183969770325
-225.27749979936414	1.2684647898422554
-208.28362848588802	18.262336103318376
-219.76560032754276	6.780364261663635
-259.36812981738547	-32.822165228179074
-212.22583777656325	14.320126812643139
-209.2416220501567	17.304342539049685
-229.48560576998932	-2.939641180782928
-206.30006315011485	20.24590143909154
-255.9693221769652	-29.4233575877588
-214.97004034816416	11.57592424104223
-214.04157993428305	12.504384654923342
-205.26230646221154	21.28365812699485
-215.21969378151186	11.326270807694527
-219.81928741374065	6.726677175465738
-252.6394086263557	-26.09344403714931
-198.19560727585701	28.350357313349377
-226.9974619396329	-0.4514973504265072
-232.99517522092572	-6.449210631719325
-282.71841340611934	-56.17244881691295
-208.24327429838957	18.302690290816827
-258.75662172781665	-32.21065713861026
-232.86445615313494	-6.318491563928546
-230.57102316228918	-4.025058573082788
-220.36222831662815	6.183736272578244
-248.8063463672246	-22.2603817780182
-203.7427528335196	22.80321175568679
-232.30914397851518	-5.763179389308789
-224.35215115536482	2.1938134338415693
-229.98650529820077	-3.4405407089943765
-221.52029696219904	5.025667627007351
-242.1454577945209	-15.599493205314502
-228.0477984410776	-1.5018338518711971
-232.75887536652806	-6.212910777321667
-245.42122249211604	-18.875257902909652
-218.97610689166538	7.569857697541011
-234.73267827389134	-8.186713684684946
-234.74343881118182	-8.197474221975426
-213.32851154462912	13.217453044577269
-215.1485405879306	11.397424001275795
-187.50701529887226	39.03894929033413
-228.9279510344444	-2.381986445237999
-210.33951068362	16.206453905586386
-226.46568022730423	0.08028436190215871
-242.2836578405644	-15.737693251357996
-219.87656538521185	6.669399203994544
-219.86630269583327	6.679661893373122
-232.61392201840715	-6.06795742920076
-230.320148868714	-3.774184279507608
-218.55749419635174	7.988470392854651
-258.0712853585377	-31.5253207693313
-223.0641222744838	3.4818423147225985
-220.14679630091484	6.399168288291548
-248.93617036727153	-22.390205778065138
-250.93050043930486	-24.384535850098473
-241.16323746207706	-14.617272872870672
-207.8907217018808	18.655242887325585
-222.01304847342033	4.532916115786065
-251.4636600949401	-24.917695505733718
-224.27293461765873	2.2730299715476576
-214.6866999560974	11.859264633108978
-205.50493677307747	21.041027816128917
-203.53117883586162	23.014785753344768
-240.91913413458167	-14.373169545375276
-239.55683793418063	-13.010873344974243
-218.727088501308	7.8188760878983885
-210.40473530218367	16.141229287022725
-218.54414786686027	8.00181672234612
-201.2859523208266	25.260012268379796
-224.51513525632106	2.0308293328853324
-233.5865769265314	-7.040612337325001
-199.87178204912414	26.674182540082256
-245.7946301831929	-19.248665593986516
-235.03509034796514	-8.489125758758746
-218.34263064630284	8.203333942903555
-226.50929787638086	0.0366667128255358
-243.82877341824712	-17.282808829040732
-235.86015433939826	-9.314189750191872
-234.4313515940106	-7.885387004804215
-221.1802469469934	5.365717642212985
-207.79236924589566	18.753595343310735
-244.3038862383786	-17.757921649172204
-218.2989747114865	8.246989877719898
-213.77945068686165	12.766513902344741
-223.16409570107714	3.3818688881292474
-217.4015229297314	9.144441659474978
-225.37081504635933	1.1751495428470662
-206.0521155157861	20.49384907342028
-229.31691140925466	-2.770946820048266
-218.8451457900759	7.700818799130502
-229.40175395718904	-2.855789367982652
-199.3198993346399	27.226065254566493
-188.4286421350938	38.11732245411258
-202.97956001525233	23.56640457395406
-234.3594247602399	-7.813460171033512
-227.71503831537336	-1.169073726166971
-206.47828158932168	20.06768299988471
-220.7821209237103	5.763843665496097
-222.27970240602224	4.266262183184153
-205.88665802661342	20.659306562592974
-234.03649132485805	-7.490526735651656
-248.43948291985214	-21.893518330645747
-202.62280044459692	23.923164144609473
-246.48272465832486	-19.936760069118463
-213.57788541397383	12.96807917523256
-206.81073865350697	19.735225935699418
-215.85657421191934	10.689390377287054
-229.80600199009712	-3.260037400890724
-248.27626792710578	-21.730303337899386
-217.7624304886507	8.783534100555698
-228.34427284988703	-1.798308260680642
-237.04469037173328	-10.49872578252689
-223.4042698477955	3.1416947414109018
-221.45555602687307	5.090408562333323
-223.9934364560271	2.552528133179294
-209.2600125674602	17.285952021746198
-227.5158957291518	-0.9699311399454018
-242.24456970771496	-15.698605118508567
-232.85472892055475	-6.308764331348357
-218.3338227822045	8.212141807001899
-244.97136828059809	-18.425403691391693
-210.34267115390173	16.20329343530466
-238.39582882202592	-11.849864232819527
-243.93016956596182	-17.384204976755427
-241.19766803123127	-14.651703442024882
-241.84133075482748	-15.29536616562109
-225.9875964323677	0.5583681568386964
-240.1886980650837	-13.642733475877321
-220.98342223152065	5.562542357685743
-230.5043326284889	-3.9583680392825045
-219.42807635825955	7.117888230946846
-266.3496684432706	-39.803703854064224
-222.0184285721283	4.527536017078091
-225.54785203854624	0.9981125506601529
-219.09821731765476	7.447747271551634
-240.32773306789238	-13.78176847868599
-220.43022694701574	6.115737642190652
-232.39262890190946	-5.846664312703069
-252.58358894212358	-26.03762435291719
-247.8657829521493	-21.319818362942897
-219.5398541177368	7.006110471469583
-243.83246771429037	-17.286503125083982
-230.1997952486803	-3.653830659473897
-212.4053049738235	14.140659615382901
-224.11854465311114	2.427419936095248
-181.74402550536104	44.801939083845355
-258.4351364496637	-31.88917186045728
-254.6255555077172	-28.079590918510803
-230.83061981528078	-4.284655226074392
-232.7125387883956	-6.166574199189199
-220.37174991629797	6.17421467290842
-227.88061207354838	-1.3346474843419855
-213.97526275632333	12.57070183288306
-207.0288318343322	19.517132754874183
-222.40367828215892	4.1422863070474705
-204.96112941139506	21.58483517781133
-213.26698117234116	13.27898341686523
-249.88700042034395	-23.34103583113756
-215.82733104400756	10.718633545198827
-229.7676801149886	-3.2217155257822014
-225.91683611794213	0.6291284712642664
-196.30284445717768	30.243120132028707
-241.9897415710533	-15.443776981846895
-231.4437482025918	-4.8977836133854
-214.92657963152521	11.619384957681177
-220.12486945389026	6.421095135316136
-239.3625936723787	-12.816629083172302
-236.0722650568299	-9.526300467623514
-233.51214982730232	-6.966185238095932
-220.03393442113372	6.51203016807267
-234.56276807418396	-8.016803484977572
-212.57969039378293	13.966274195423466
-223.88712248201261	2.6588421071937773
-214.54399432219577	12.00197026701062
-184.43819633009332	42.10776825911307
-236.63826443948562	-10.092299850279232
-237.32831920412207	-10.782354614915675
-223.19874420729536	3.347220381911029
-220.9913628403541	5.554601748852292
-201.09820581628662	25.44775877291977
-240.5582472392365	-14.012282650030102
-254.45462876308954	-27.908664173883153
-234.88328111750377	-8.337316528297379
-226.21250836629258	0.33345622291381005
-227.63370996163064	-1.0877453724242514
-194.87161499545107	31.674349593755323
-244.7651013321978	-18.219136742991395
-228.00294002651424	-1.4569754373078467
-242.0984267676489	-15.55246217844251
-240.70121493478143	-14.155250345575041
-213.220311008345	13.325653580861399
-261.29225599350536	-34.74629140429897
-231.59083640209644	-5.044871812890051
-201.63278952624603	24.913175062960363
-199.22826943134203	27.317695157864364
-215.11010648730223	11.43585810190416
-228.59204075394734	-2.0460761647409527
-258.74981223577413	-32.20384764656774
-223.91216816527083	2.6337964239355642
-220.86824312011083	5.677721469095559
-220.15698895428284	6.388975634923554
-198.92344630475634	27.622518284450052
-229.8281749402471	-3.2822103510407032
-220.659672404547	5.886292184659396
-207.43960638791975	19.10635820128664
-248.49019406032528	-21.944229471118888
-208.70153877515475	17.844425814051647
-218.86763348859165	7.6783311006147414
-218.45523412805994	8.09073046114645
-231.7100053831913	-5.164040793984896
-264.5832457450109	-38.03728115580452
-211.1112523983851	15.434712190821301
-210.27357081650769	16.272393772698706
-243.9713642177761	-17.42539962856972
-236.55485931629153	-10.008894727085135
-222.71838029114076	3.8275842980656307
-225.38205944693834	1.1639051422680495
-230.224843349681	-3.6788787604746176
-220.26634360465175	6.27962098455464
-203.02594198790973	23.52002260129666
-196.90245387319953	29.64351071600686
-254.4505878904987	-27.904623301292304
-255.0363861430036	-28.490421553797205
-204.02256980310847	22.523394786097924
-233.04660412150622	-6.500639532299829
-252.07700331133162	-25.53103872212523
-213.7136164044881	12.832348184718285
-193.8807220822731	32.66524250693328
-226.63334144568432	-0.08737685647793114
-214.78877286031855	11.757191728887847
-215.1319449602255	11.414019628980896
-176.91654583656998	49.62941875263641
-234.53268180369412	-7.986717214487726
-237.28269241950545	-10.73672783029906
-218.73221527807834	7.813749311128049
-243.73113895796484	-17.185174368758453
-215.69169398245356	10.854270606752834
-240.11451325543237	-13.568548666225979
-227.78337525456516	-1.237410665358766
-255.99516392543808	-29.449199336231686
-225.3936182463607	1.1523463428457035
-225.84546576586797	0.7004988233384211
-236.85087145455543	-10.30490686534904
-233.74074255009543	-7.194777960889041
-222.0983838017513	4.447580787455081
-220.03057450157428	6.515390087632113
-236.92343023849605	-10.377465649289661
-185.50048171990272	41.04548286930367
-215.92025485954434	10.625709729662049
-231.58449200157554	-5.038527412369149
-193.96536747917196	32.58059711003443
-226.0874370736368	0.4585275155695854
-216.44893375210302	10.097030837103375
-253.8499200082391	-27.303955419032718
-225.79194398527977	0.7540206039266195
-215.38462184705202	11.161342742154375
-226.33994848285	0.206016106356401
-244.32594224501588	-17.77997765580949
-217.26778216839955	9.278182420806843
-210.03664879223868	16.509315796967712
-199.33661218378472	27.20935240542167
-246.60646492671583	-20.06050033750944
-250.73896869325324	-24.19300410404685
-232.79357645372	-6.247611864513601
-217.30259689961747	9.243367689588922
-248.2608623512882	-21.71489776208182
-251.53481267882523	-24.98884808961884
-193.90130706371053	32.64465752549586
-239.67767252212286	-13.13170793291647
-227.91747052102653	-1.3715059318201384
-242.41618732982386	-15.870222740617464
-215.59836621875945	10.94759837044694
-250.9942666361552	-24.44830204694881
-211.54017780739593	15.005786781810457
-190.19284299858043	36.35312159062596
-237.66088011266618	-11.114915523459786
-215.19775093427813	11.348213654928259
-234.94716345917038	-8.401198869963991
-220.14192877213134	6.404035817075055
-222.37654383244296	4.169420756763429
-240.2247537166062	-13.678789127399796
-258.87790197772335	-32.33193738851696
-234.3611354023691	-7.815170813162695
-209.03147636680876	17.51448822239763
-211.24308026671713	15.302884322489263
-176.5555751652813	49.99038942392508
-237.92267748416123	-11.376712894954835
-226.2203706265667	0.32559396263968665
-199.75769736576547	26.788267223440926
-220.76765089970502	5.778313689501374
-219.3577255690128	7.188239020193578
-235.33553248385795	-8.789567894651555
-237.9661863500463	-11.420221760839922
-240.36337794325152	-13.81741335404513
-231.83789920874767	-5.29193461954128
-214.73790903482075	11.808055554385646
-232.27912501868047	-5.733160429474083
-239.4920499804815	-12.946085391275119
-222.62259582083277	3.9233687683736207
-217.1279413487158	9.418023240490584
-246.35547915758286	-19.80951456837647
-245.78913874210627	-19.243174152899883
-224.17659439872148	2.369370190484915
-255.66382063252456	-29.11785604331817
-243.46689016901144	-16.920925579805044
-227.91832558568638	-1.3723609964799834
-227.67243905034627	-1.1264744611398783
-224.9842085958029	1.5617559934034944
-233.8137466915308	-7.267782102324418
-219.57165859269514	6.974305996511248
-241.6886715438253	-15.142706954618916
-231.584400916758	-5.038436327551608
-225.03820252727962	1.507762061926769
-234.7526216188802	-8.206657029673806
-242.5486635594956	-16.002698970289202
-222.7562893154485	3.7896752737578936
-219.52652380683355	7.01944078237284
-220.38616908553593	6.159795503670466
-242.25209320091597	-15.706128611709573
-228.09099360562175	-1.5450290164153557
-238.4578281191301	-11.911863529923721
-227.10475724309288	-0.5587926538864849
-213.58722134926427	12.958743239942123
-233.22812719016872	-6.682162600962329
-189.2023188053812	37.343645783825195
-246.93040854994103	-20.384443960734643
-226.4529945510534	0.09297003815299831
-205.0409546088871	21.5050099803193
-219.87236116597558	6.673603423230816
-195.1760879336747	31.369876655531698
-235.02417467293924	-8.478210083732847
-215.37004617759737	11.175918411609018
-204.6645117123793	21.881452876827097
-230.47421140661243	-3.928246817406034
-244.60069590228738	-18.054731313080993
-235.22507846884616	-8.679113879639772
-245.2052799877223	-18.6593153985159
-245.6174887709152	-19.07152418170881
-210.02942665338412	16.51653793582227
-236.21842579783186	-9.672461208625464
-236.6474398540107	-10.101475264804321
-203.41823385281384	23.12773073639255
-195.66947691786697	30.87648767133942
-239.08666851533997	-12.540703926133574
-224.1462737167261	2.399690872480278
-239.93152350808157	-13.385558918875176
-204.69855562292867	21.847408966277726
-234.79533160519566	-8.249367015989264
-193.31091996572866	33.235044623477734
-244.90605022536545	-18.360085636159056
-226.9253069187056	-0.37934232949919533
-241.99891881440487	-15.452954225198482
-206.66725683415495	19.878707755051437
-253.2105521943398	-26.66458760513342
-244.26969618476357	-17.723731595557183
-204.17818150390883	22.36778308529756
-224.03780303814926	2.5081615510571282
-219.663448392845	6.882516196361394
-205.03806999962615	21.507894589580246
-224.87950502440287	1.6664595648035174
-214.53650954030525	12.009455048901145
-239.83430332526984	-13.288338736063452
-208.23301346011647	18.312951129089925
-237.94914850335988	-11.403183914153487
-237.9170668174869	-11.371102228280506
-219.8161269086944	6.7298376805119915
-249.1406354829909	-22.594670893784496
-229.06376495278744	-2.5178003635810455
-225.09893744070212	1.4470271485042758
-222.23953022944113	4.306434359765262
-228.36762366166874	-1.821659072462353
-199.68383226567892	26.862132323527476
-206.32658935078723	20.21937523841916
-224.0698276159477	2.47613697325869
-247.16228347300273	-20.61631888379634
-209.83759855737514	16.708366031831247
-218.84090158255492	7.705063006651471
-223.618630732812	2.927333856394398
-215.71483566262248	10.831128926583915
-204.15936031752278	22.38660427168361
-229.56866618283163	-3.022701593625243
-228.6194069450379	-2.073442355831503
-223.30893065990892	3.2370339292974677
-219.74360183251918	6.8023627566872165
-213.00513170108968	13.54083288811671
-247.1148597105879	-20.5688951213815
-212.7023212649459	13.843643324260483
-212.11396510875272	14.431999480453669
-201.19662085748348	25.34934373172291
-222.06553918960924	4.480425399597152
-262.93715766476305	-36.39119307555666
-213.84156269533048	12.704401893875911
-249.36408298387903	-22.818118394672638
-244.51513203988213	-17.96916745067574
-228.02330789355108	-1.4773433043446857
-237.8654612453778	-11.319496656171395
-236.54707387201267	-10.001109282806283
-219.30271385753656	7.243250731669832
-242.3083822425491	-15.762417653342709
-225.9745066285053	0.5714579607010819
-235.0931741483313	-8.547209559124894
-201.58166848355393	24.964296105652465
-214.94582051877876	11.600144070427632
-233.52652455237182	-6.980559963165433
-244.83376122966945	-18.287796640463057
-216.7310586745392	9.814905914667179
-235.01611831220578	-8.470153722999385
-234.03213334812096	-7.486168758914573
-215.9735478376482	10.572416751558194
-254.7926737811889	-28.246709191982518
-235.52918749080925	-8.983222901602858
-227.37783997183794	-0.8318753826315515
-239.38030170998024	-12.834337120773853
-233.20272475128365	-6.656760162077262
-216.14979166705814	10.396172922148253
-213.28279168798542	13.263172901220969
-249.80303876779578	-23.25707417858939
-216.3959227533145	10.150041835891898
-218.21859676751262	8.32736782169377
-231.40983481623186	-4.863870227025473
-204.03269455187035	22.513270037336042
-215.3153413403728	11.23062324883358
-225.90068472474593	0.6452798644604627
-224.08548506113073	2.460479528075666
-218.2306784482156	8.315286140990793
-228.01251288451965	-1.4665482953132596
-244.0095254528227	-17.463560863616294
-228.66662287838187	-2.1206582891754806
-211.74360562390427	14.802358965302119
-239.43957822423033	-12.89361363502394
-218.50719519306801	8.038769396138377
-211.03228335215897	15.513681237047422
-224.42574226037902	2.120222328827367
-220.3752170067986	6.170747582407785
-241.5657091681154	-15.019744578909012
-195.76568746577902	30.780277123427368
-224.51459864436254	2.0313659448438557
-207.66042170758953	18.885542881616857
-224.25331155962556	2.2926530295808334
-236.36616797450768	-9.820203385301284
-248.44476156950475	-21.898796980298357
-215.68542705242942	10.860537536776974
-214.2794425399719	12.266522049234482
-224.45885345687054	2.087111132335849
-227.28853134531016	-0.7425667561037699
-214.0294535710949	12.516511018111487
-234.1537541477395	-7.6077895585331134
-221.1061993704592	5.439765218747198
-240.38219369004435	-13.836229100837954
-220.53223575536174	6.013728833844652
-210.08118370112277	16.464780888083624
-204.96611613772473	21.579848451481666
-226.41142783968314	0.13453674952324945
-227.73117168290844	-1.1852070937020471
-233.0332007553319	-6.487236166125513
-222.05632998761791	4.489634601588477
-221.1228516437062	5.423112945500179
-249.48155001007615	-22.935585420869756
-254.61343137168512	-28.067466782478732
-202.81998965794116	23.725974931265227
-243.436924682925	-16.890960093718604
-216.3380089442311	10.2079556449753
-221.94101503045601	4.604949558750377
-220.3430166513084	6.202947937897989
-246.4301159466653	-19.884151357458904
-218.07844742245868	8.467517166747712
-246.36063442853117	-19.81466983932478
-217.89651003613324	8.649454553073156
-242.5221089101782	-15.976144320971798
-243.54104115112057	-16.995076561914175
-220.43619897223323	6.109765616973164
-205.62254864056956	20.92341594863683
-205.25978866430012	21.286175924906274
-225.78719447277615	0.7587701164302416
-235.6369585283777	-9.090993939171312
-223.40429271012033	3.1416718790860614
-236.04166820598255	-9.495703616776154
-201.97920111301426	24.566763476192136
-213.41187106168434	13.134093527522055
-191.6414501731291	34.90451441607729
-227.657231835556	-1.1112672463495983
-220.77634515737952	5.769619431826868
-239.9464815614432	-13.400516972236801
-237.0591399236822	-10.513175334475818
-209.9515042684892	16.59446032071719
-243.6690820554162	-17.123117466209806
-199.09164658080624	27.45431800840015
-237.443376205449	-10.897411616242607
-206.9875496344415	19.558414954764885
-211.77882146366244	14.767143125543953
-221.69621805665736	4.849746532549034
-245.0383265361255	-18.492361946919118
-223.49676925423626	3.049195334970136
-209.21874373283424	17.32722085637215
-205.92972798816697	20.616236601039418
-231.60058420645726	-5.054619617250864
-231.5272441094952	-4.981279520288808
-231.58459706726205	-5.038632478055661
-224.9672473365448	1.5787172526615905
-205.3087731051877	21.237191484018695
-225.3941561562482	1.1518084329582052
-211.80133080311714	14.744633786089253
-234.75400530597324	-8.208040716766845
-244.67267500832747	-18.126710419121082
-250.88979721259454	-24.343832623388153
-223.66524373745267	2.880720851753722
-247.86867905809265	-21.32271446888626
-251.56914577904752	-25.023181189841125
-214.85071893066413	11.695245658542262
-249.08234611642035	-22.536381527213962
-216.4082027189819	10.137761870224494
-222.82624588025863	3.7197187089477666
-207.230778941734	19.31518564747239
-257.9634517826438	-31.41748719343741
-228.53937924396666	-1.9934146547602722
-248.54226571211836	-21.996301122911973
-233.98944987408538	-7.443485284878989
-274.69687305685727	-48.15090846765088
-213.22074642878795	13.325218160418444
-233.48406938243204	-6.938104793225648
-200.78582285889786	25.760141730308533
-237.78895904734452	-11.242994458138128
-220.5147711643316	6.0311934248748
-219.27977479982144	7.266189789384953
-209.23781824009563	17.308146349110757
-211.98099015613332	14.564974433073075
-207.4656237348048	19.080340854401584
-210.8390777379194	15.706886851286981
-220.80316596113914	5.7427986280672485
-222.3298351397774	4.2161294494289905
-245.31856648677274	-18.772601897566346
-257.4139294102446	-30.867964821038186
-218.77754316529388	7.768421423912514
-225.41788489710086	1.1280796921055298
-213.4812402402116	13.064724348994787
-208.68340123514133	17.86256335406506
-232.3152509379819	-5.769286348775495
-232.8913772811742	-6.345412691967795
-211.8418288600318	14.704135729174595
-229.65683276690322	-3.1108681776968297
-254.72983360767319	-28.183869018466794
-245.78327746940556	-19.23731288019917
-264.35854194881756	-37.81257735961117
-234.15069561586495	-7.6047310266585555
-224.09018453883834	2.4557800503680483
-222.41001349937358	4.135951089832815
-225.4796378494451	1.06632673976128
-224.37983006202046	2.166134527185932
-229.78964955535264	-3.2436849661462475
-245.2582102040127	-18.712245614806307
-208.28218081665761	18.263783772548777
-239.16857951734926	-12.622614928142866
-244.00300315854327	-17.457038569336873
-221.55720086344297	4.98876372576342
-238.13365729985014	-11.58769271064375
-231.6375236512198	-5.091559062013403
-212.9563845938486	13.58957999535778
-211.13640702465852	15.409557564547868
-225.73729029915773	0.808674290048657
-233.81373208514776	-7.267767495941371
-244.06696541036433	-17.52100082115794
-218.05953386109684	8.486430728109553
-218.027618213668	8.518346375538385
-240.99129463766656	-14.445330048460164
-239.74013087870333	-13.194166289496934
-239.29101305793517	-12.745048468728783
-227.97688085784682	-1.4309162686404306
-231.3863008306456	-4.840336241439218
-232.43153166863556	-5.8855670794291655
-225.34695661690273	1.1990079723036615
-239.21634830824985	-12.670383719043457
-240.76940033296194	-14.223435743755545
-239.8567493803224	-13.31078479111602
-245.39067299646047	-18.844708407254075
-235.23092586831842	-8.68496127911203
-244.3652700841725	-17.819305494966102
-249.0568657791249	-22.510901189918513
-229.80470193270082	-3.258737343494431
-206.4874084679417	20.0585561212647
-225.45336684656866	1.0925977426377358
-212.91368922771142	13.632275361494976
-243.75175661825995	-17.205792029053555
-204.05175058802195	22.494214001184446
-224.73583906833153	1.8101255208748626
-203.08001398817066	23.46595060103573
-242.45339944268414	-15.907434853477753
-231.534073823825	-4.988109234618605
-211.2280694813329	15.317895107873483
-231.76299153925572	-5.2170269500493305
-239.29835476433288	-12.752390175126493
-229.16129077075527	-2.6153261815488804
-229.27146975983703	-2.7255051706306404
-231.62779466573045	-5.0818300765240565
-235.45477417083237	-8.908809581625974
-221.60184653009708	4.944118059109314
-207.0488892984962	19.4970752907102
-212.46511052533822	14.080854063868173
-236.5527263508069	-10.006761761600501
-198.73865488232184	27.807309706884553
-201.63046224688367	24.915502342322725
-243.34321899023269	-16.797254401026294
-244.9360459808762	-18.39008139166981
-220.83003543652956	5.715929152676836
-201.4140431924701	25.13192139673629
-207.24936846814887	19.29659612105752
-231.57993869247218	-5.033974103265791
-237.00790737625573	-10.461942787049338
-233.2708546000016	-6.724890010795207
-224.9880934182678	1.557871170938597
-214.64412462067628	11.901839968530112
-216.64348010211904	9.90248448708735
-196.5052388619464	30.040725727259996
-237.7875396117837	-11.241575022577308
-232.11280946481054	-5.566844875604147
-240.82941977456574	-14.283455185359344
-222.27345534236008	4.272509246846312
-209.50998888752144	17.035975701684947
-242.2780587774272	-15.732094188220799
-236.52989770798956	-9.98393311878317
-244.5066485847732	-17.960683995566797
-208.50506406531565	18.04090052389074
-226.98107572266088	-0.43511113345448393
-245.8929647077406	-19.347000118534197
-213.03372199917283	13.512242590033566
-209.2331176655374	17.312846923668985
-239.15366469280923	-12.607700103602838
-216.9776142273862	9.568350361820194
-240.6604402429606	-14.114475653754198
-212.25880140455627	14.287163184650126
-244.6423230539316	-18.0963584647252
-214.55599827013282	11.989966319073574
-217.686217628618	8.859746960588382
-218.37814653115709	8.167818058049306
-239.54039326549753	-12.994428676291136
-216.74698990884133	9.798974680365063
-201.4424066703599	25.10355791884649
-234.28525732131163	-7.739292732105241
-223.1210378516938	3.4249267375125783
-212.7911386918371	13.754825897369301
-212.34238927764306	14.203575311563327
-223.80428680820694	2.741677780999453
-236.22447005984793	-9.67850547064154
-233.43084400935402	-6.884879420147627
-239.34077491395362	-12.794810324747232
-243.9316088567815	-17.385644267575117
-217.58705465851597	8.958909930690425
-186.81722701557226	39.728737573634135
-243.4977470381367	-16.951782448930317
-246.2584537057213	-19.712489116514917
-232.67395984210668	-6.127995252900291
-241.78214510986652	-15.236180520660128
-221.29569384213607	5.250270747070317
-254.25165623504506	-27.70569164583867
-213.56178867833876	12.984175910867634
-226.00380476915814	0.5421598200482549
-224.48293164303539	2.063032946171006
-243.01094296255394	-16.46497837334755
-225.5896833550163	0.9562812341901008
-234.69952547008359	-8.153560880877194
-229.59822380015464	-3.0522592109482503
-207.4406590728271	19.105305516379303
-226.49521346596373	0.05075112324266229
-219.44336869471078	7.102595894495607
-230.92459072524287	-4.378626136036473
-213.4687880049554	13.077176584250992
-237.76733983595693	-11.22137524675054
-209.21315115063987	17.332813438566518
-223.76094883413532	2.785015755071072
-234.85746679410875	-8.311502204902354
-198.05495407522028	28.49101051398611
-213.62057762391703	12.925386965289363
-213.00751140630234	13.53845318290405
-226.3907604884538	0.1552041007525986
-200.351850402158	26.1941141870484
-229.19193629899598	-2.645971709789592
-225.2578106777313	1.2881539114750922
-254.61425486787118	-28.06829027866479
-215.4229765145377	11.122988074668683
-231.44418174118107	-4.898217151974677
-218.97328921510268	7.57267537410371
-225.3624604508608	1.1835041383455973
-203.23088951759053	23.315075071615865
-226.61232089435578	-0.06635630514938384
-230.56138476488775	-4.015420175681356
-203.57369811871683	22.972266470489558
-212.06034373888758	14.48562085031881
-207.14150297102822	19.404461618178175
-238.95477879972384	-12.408814210517448
-223.11000762573747	3.435956963468925
-191.93007712173346	34.61588746747293
-219.65132842820674	6.894636160999653
-198.23973275992682	28.306231829279568
-222.591212255424	3.9547523337823804
-235.26947628412233	-8.723511694915942
-217.29940054247925	9.246564046727144
-242.2498272362085	-15.703862647002097
-223.62720656406088	2.9187580251455074
-236.33483420917253	-9.788869619966135
-232.90209407469445	-6.356129485488054
-243.11725189646893	-16.571287307262537
-230.82735921551136	-4.281394626304973
-248.5079314055714	-21.96196681636502
-221.61830827244046	4.927656316765933
-259.18190574793914	-32.63594115873275
-226.41148742034636	0.13447716886003036
-248.41436810882658	-21.868403519620188
-227.88457493720705	-1.3386103480006568
-256.5074235137239	-29.9614589245175
-195.86741945873143	30.67854513047496
-232.08189606472513	-5.535931475518737
-216.5590325576144	9.986932031592005
-250.7609078369518	-24.214943247745396
-216.05505731106166	10.490907278144732
-216.89682811784803	9.64913647135836
-233.21849054970733	-6.672525960500934
-243.0982698421234	-16.552305252916995
-223.83784634340043	2.708118245805963
-268.178285001772	-41.632320412565605
-221.3455796403381	5.2003849488683045
-209.398156965059	17.14780762414739
-238.0658418968327	-11.519877307626302
-199.3533415138321	27.192623075374286
-205.07631473057916	21.469649858627236
-217.7784347967921	8.76752979241428
-245.95102235263982	-19.405057763433433
-224.13162721668266	2.4143373725237325
-194.326402023284	32.21956256592239
-259.4220985522064	-32.87613396300003
-235.4133818377253	-8.867417248518905
-232.1876379365807	-5.641673347374308
-235.54637874780235	-9.000414158595959
-216.16520062091365	10.38076396829274
-199.63057806858922	26.915386520617176
-226.25282311292028	0.29314147628610954
-232.3131278640452	-5.767163274838822
-247.9133301397618	-21.367365550555405
-237.64743387448323	-11.101469285276835
-246.71935879912996	-20.173394209923572
-246.93998659851275	-20.394022009306354
-189.1505511993695	37.395413389836904
-233.44062017404428	-6.894655584837892
-217.9525740087505	8.593390580455889
-222.23903845104576	4.306926138160634
-229.43650309756993	-2.8905385083635338
-210.9504725843966	15.595492004809785
-190.83408773241752	35.71187685678888
-229.34901339187707	-2.8030488026706735
-231.50452963166242	-4.95856504245603
-223.14468738284847	3.4012772063579177
-241.5116945975409	-14.965730008334504
-247.27595928955486	-20.72999470034847
-198.70959735291615	27.836367236290243
-227.08426353924222	-0.5382989500358235
-218.6840667764867	7.86189781271969
-234.97039148855617	-8.424426899349783
-239.29039924055758	-12.744434651351185
-224.43019154895808	2.115773040248314
-197.2126532629867	29.3333113262197
-237.35961073261058	-10.813646143404185
-235.5149640962576	-8.968999507051194
-240.83546069492365	-14.289496105717262
-242.07639019053966	-15.530425601333263
-214.5690382139968	11.976926375209587
-237.16316572910944	-10.617201139903045
-257.19042333072355	-30.644458741517155
-258.7472131317721	-32.201248542565736
-218.20420180272265	8.341762786483741
-246.4747472284456	-19.928782639239216
-238.4805246253767	-11.934560036170296
-217.65160136577686	8.894363223429536
-223.39232007378666	3.153644515419728
-230.69760982322111	-4.1516452340147225
-233.3705188447733	-6.824554255566909
-230.6308769796691	-4.084912390462705
-240.94697035999923	-14.401005770792835
-220.20705438077346	6.338910208432935
-229.49734961387946	-2.9513850246730726
-279.3697474737222	-52.82378288451582
-229.60739650859102	-3.0614319193846313
-218.27809223814472	8.26787235106167
-224.598187927268	1.9477766619384056
-243.19510713609122	-16.649142546884832
-216.50785531462532	10.038109274581075
-229.1679116226536	-2.6219470334472135
-239.11857991560316	-12.572615326396772
-236.8625809393219	-10.31661635011551
-200.96471821411467	25.581246375091723
-233.17730586156028	-6.631341272353893
-237.29645031617326	-10.750485726966872
-225.1193470594102	1.4266175297962036
-221.04296088469926	5.503003704507137
-218.50162394114375	8.044340648062644
-213.88573732156726	12.66022726763913
-215.2334177185934	11.312546870613005
-228.02789676814643	-1.481932178940042
-255.254329611353	-28.70836502214661
-232.52191247471853	-5.9759478855121415
-207.7082720487182	18.837692540488206
-223.20274375746737	3.3432208317390177
-246.12184136965732	-19.575876780450926
-187.84659358638817	38.699371002818225
-230.57220027679648	-4.026235687590088
-230.59895133076714	-4.052986741560744
-211.61477254723502	14.931192041971372
-241.29774795249466	-14.751783363288268
-214.40148485460156	12.144479734604829
-221.70050464476878	4.845459944437607
-213.96889174104797	12.577072848158423
-235.63272796994204	-9.086763380735647
-217.5074505201286	9.038514069077792
-216.6767053309835	9.869259258222883
-222.55995231048507	3.9860122787213186
-216.88942831629026	9.656536272916128
-208.97001362105436	17.57595096815203
-246.0979162640091	-19.551951674802694
-217.6418391378196	8.90412545138679
-231.17182163879113	-4.625857049584738
-217.95867910531013	8.587285483896267
-224.2825882892306	2.263376299975789
-250.6028723961739	-24.0569078069675
-214.29119679705252	12.25476779215387
-210.61260148610234	15.933363103104057
-228.4199537350745	-1.8739891458681086
-223.50249555159314	3.0434690376132494
-233.9297158972862	-7.383751308079809
-248.23971527220635	-21.693750682999962
-248.22024329503836	-21.674278705831966
-203.39986009518395	23.14610449402244
-233.90324912438007	-7.357284535173676
-234.26571725611063	-7.719752666904242
-248.1185791899137	-21.57261460070731
-233.78037599236484	-7.234411403158447
-216.39786923955614	10.148095349650248
-230.71445815915138	-4.168493569944985
-221.37167261083448	5.174291978371912
-221.85815308735835	4.687811501848046
-231.8593783656637	-5.31341377645731
-229.25794510285266	-2.7119805136462674
-228.5648347805203	-2.0188701913139084
-192.84856354142028	33.697401047786116
-212.81892380186252	13.727040787343867
-210.22394541593746	16.322019173268927
-224.74081423734094	1.80515035186545
-233.41110432774656	-6.865139738540165
-226.223640197912	0.32232439129438717
-228.42371543403203	-1.8777508448256413
-216.36162548412756	10.184339105078834
-205.95894308427012	20.587021504936274
-209.0208469929297	17.525117596276687
-209.38571140061902	17.160253188587376
-201.6367524439214	24.909212145284982
-234.27281870018703	-7.726854110980639
-240.637015833718	-14.091051244511618
-209.750848331469	16.79511625773739
-256.2609257404787	-29.71496115127229
-216.59844858620852	9.947516002997872
-195.79674907648075	30.74921551272564
-233.9341648154026	-7.388200226196204
-231.40690520713758	-4.860940617931192
-221.60511086681288	4.940853722393513
-226.6043480144093	-0.05838342520291917
-223.43609334452265	3.1098712446837453
-245.62614110623906	-19.08017651703267
-249.34981265612657	-22.80384806692018
-234.35699701295596	-7.811032423749566
-239.3366530188017	-12.79068842959532
-249.77721436610807	-23.231249776901677
-207.26642948961887	19.27953509958752
-237.8477173560335	-11.301752766827121
-241.91830487705954	-15.372340287853149
-233.48056236380432	-6.934597774597933
-231.4837383803773	-4.937773791170912
-230.023477418605	-3.47751282939862
-243.64199840655272	-17.096033817346324
-252.96090061758366	-26.41493602837727
-261.6971133262799	-35.15114873707353
-237.4882575697069	-10.942292980500497
-266.76257853538334	-40.21661394617695
-230.98150061146077	-4.435536022254382
-248.5477107085993	-22.00174611939292
-245.49300475818234	-18.947040168975946
-234.57904295024707	-8.03307836104068
-238.4075090382779	-11.861544449071516
-230.70885397935706	-4.162889390150667
-234.451803069804	-7.905838480597595
-237.03169382006524	-10.485729230858851
-239.92947774174752	-13.383513152541127
-228.90080284881185	-2.354838259605458
-234.38622524465097	-7.840260655444581
-227.6165504772165	-1.0705858880101005
-213.1880935985049	13.357870990701485
-231.1275142427861	-4.581549653579714
-214.94040947409883	11.605555115107563
-240.50281146131817	-13.956846872111782
-220.37457385032974	6.171390738876653
-243.69850134940714	-17.152536760200746
-246.24436170290062	-19.698397113694227
-196.15364242158319	30.392322167623206
-230.34642658339942	-3.8004619941930287
-225.5585535630911	0.9874110261152964
-220.81342493782938	5.73253965137701
-253.2334646848998	-26.687500095693395
-218.42301051082393	8.122954078382463
-227.3355886167068	-0.7896240275003947
-212.86481848248002	13.681146106726374
-247.40398021506041	-20.858015625854023
-221.68082226511103	4.865142324095359
-234.82644439326612	-8.280479804059723
-233.41794952867565	-6.871984939469257
-230.45819444729784	-3.9122298580914503
-255.09552459955228	-28.549560010345886
-266.39509546262923	-39.84913087342284
-218.19447642781086	8.351488161395537
-251.07309324136656	-24.527128652160172
-219.58761200357765	6.958352585628745
-217.04108419067995	9.504880398526439
-216.3253653769301	10.220599212276284
-235.81410198617448	-9.268137396968086
-224.44171590861004	2.1042486805963563
-214.3987437433483	12.1472208458581
-205.76903826897103	20.77692632023536
-220.28946326225775	6.256501326948637
-244.72340509258572	-18.17744050337933
-211.04402249837074	15.501942090835655
-233.06377145483054	-6.517806865624152
-228.30491043347354	-1.7589458442671457
-217.18027964983264	9.36568493937375
-239.4659338025616	-12.919969213355216
-244.59060017090303	-18.04463558169664
-237.28884633242922	-10.742881743222824
-226.45765302120196	0.08831156800442841
-215.71860034387862	10.827364245327772
-211.08451948755317	15.461445101653226
-237.63241186017183	-11.086447270965436
-211.29291741889972	15.253047170306672
-252.66719925454015	-26.12123466533376
-221.55132127430477	4.994643314901623
-207.0260331774865	19.51993141171988
-251.4941031262664	-24.948138537060004
-247.0652231396183	-20.519258550411905
-205.63812846256258	20.907836126643815
-219.06069164898724	7.485272940219147
-220.93148308144953	5.614481507756864
-230.43000548566704	-3.8840408964606468
-209.6218837410364	16.92408084816998
-227.65048334789242	-1.1045187586860266
-254.6587550696371	-28.112790480430704
-251.72929741556652	-25.18333282636013
-213.72304146138265	12.822923127823742
-239.1200116194035	-12.574047030197107
-262.8387168541034	-36.29275226489699
-226.47039610519494	0.07556848401145544
-211.57176172569814	14.974202863508253
-208.3059697698867	18.23999481931969
-243.74317975881638	-17.19721516960999
-212.70198694394855	13.843977645257837
-242.7559838806868	-16.21001929148042
-225.99928642113298	0.546678168073413
-238.95571233120643	-12.409747742000036
-221.65371189619543	4.89225269301096
-226.23363997660124	0.31232461260515265
-250.0091646647146	-23.46320007550821
-231.1986542692415	-4.65268968003511
-214.04010822505586	12.505856364150532
-188.01086904109468	38.53509554811171
-234.30495899385494	-7.758994404648547
-224.45996236102144	2.0860022281849524
-240.0107533998911	-13.464788810684695
-226.2492008590001	0.296763730206294
-238.31417668889696	-11.768212099690572
-256.50097015487916	-29.955005565672764
-240.60276930500766	-14.056804715801263
-203.85261090061465	22.693353688591742
-244.404450633005	-17.85848604379862
-208.56827466707398	17.977689922132413
-226.58747672702373	-0.041512137817335315
-215.03283224839322	11.513132340813172
-221.64672559848475	4.899238990721642
-220.1320288022638	6.413935786942602
-231.88828325252177	-5.342318663315382
-213.81639991407644	12.72956467512995
-212.60587713735947	13.94008745184692
-232.77117323998607	-6.2252086507796776
-247.59709922597756	-21.051134636771167
-231.40361992717442	-4.857655337968026
-232.06834856373678	-5.522383974530385
-233.84692033180397	-7.30095574259758
-206.04477647724923	20.501188111957163
-226.9118052892394	-0.3658407000330044
-227.10163100763236	-0.5556664184259716
-234.9149475955586	-8.36898300635221
-233.85278442466586	-7.306819835459464
-240.27850522372535	-13.732540634518955
-230.04850483689586	-3.502540247689467
-206.9299224980299	19.616042091176496
-229.02550537336572	-2.479540784159326
-219.9497417268234	6.5962228623830015
-217.5264823284473	9.019482260759105
-226.58726456955844	-0.041299980352050625
-253.28506224623777	-26.73909765703138
-240.67009001809708	-14.124125428890693
-223.84314609868522	2.7028184905211674
-206.51553529184673	20.03042929735966
-221.8777835765162	4.668181012690184
-216.3509293122719	10.195035276934505
-210.31800075586432	16.227963833342073
-254.20509074191284	-27.65912615270645
-219.95891445654922	6.587050132657168
-203.30114415485366	23.244820434352732
-227.03399183257204	-0.48802724336565007
-223.19949658808252	3.346468001123867
-244.36098208916735	-17.81501749996096
-233.83111567273806	-7.285151083531673
-230.97231680983748	-4.426352220631088
-232.02384144608584	-5.477876856879448
-248.61259117241786	-22.066626583211473
-235.08312553402573	-8.537160944819334
-221.53403188925074	5.011932699955651
-230.87519485744485	-4.329230268238462
-202.28419767294906	24.26176691625733
-255.87095866960078	-29.32499408039439
-236.05060539158364	-9.504640802377253
-243.5991509281106	-17.053186338904197
-223.52329625321215	3.02266833599424
-221.15025618185825	5.395708407348138
-230.20630213382026	-3.660337544613867
-241.1047362864432	-14.558771697236807
-207.1693741412695	19.376590447936906
-240.70483633352922	-14.158871744322823
-227.69165693679895	-1.1456923475925578
-195.86781439651747	30.678150192688918
-235.1628049428058	-8.6168403535994
-240.3239991520917	-13.778034562885296
-283.75706370158366	-57.21109911237727
-211.74722296752805	14.798741621678346
-228.12462370647188	-1.578659117265488
-255.92839876496362	-29.382434175757226
-243.51731944748678	-16.971354858280392
-242.31187002230797	-15.76590543310158
-224.82246295960283	1.723501629603561
-236.5292842207367	-9.983319631530321
-235.05673175195477	-8.51076716274838
-220.75724980468874	5.788714784517651
-223.94344440122438	2.602520187982009
-203.42617873208144	23.119785857124953
-242.34191857970507	-15.795953990498674
-235.20696648340743	-8.661001894201036
-195.1400446473366	31.405919941869797
-237.7362610681979	-11.190296478991513
-225.21085084769072	1.33511374151567
-237.11500197203202	-10.569037382825627
-225.9815620065732	0.5644025826331927
-199.4959562219832	27.0500083672232
-216.6788807153738	9.867083873832598
-227.26149095069047	-0.7155263614840806
-221.2275176825882	5.318446906618192
-253.56216050876026	-27.016195919553866
-209.4635436849734	17.082420904233004
-209.1216408375425	17.424323751663906
-210.48510429066152	16.060860298544867
-220.09083874987334	6.45512583933305
-256.0914872827947	-29.545522693588282
-234.81992070484046	-8.273956115634064
-223.37396312476847	3.172001464437926
-253.96642454379833	-27.420459954591934
-233.82985711644358	-7.283892527237185
-214.94164534145455	11.604319247751846
-202.30633682602854	24.23962776317785
-196.95395389775	29.59201069145638
-224.01447551889066	2.531489070315729
-240.83600856591727	-14.290043976710876
-210.84408000242036	15.701884586786036
-206.98729059274262	19.558673996463767
-232.50708435191552	-5.9611197627091315
-204.47196038373875	22.074004205467645
-240.87583244489576	-14.329867855689372
-217.56508436242655	8.980880226779846
-246.38053144228832	-19.834566853081924
-210.4279472050788	16.118017384127597
-212.02211292150093	14.523851667705458
-213.81623159690423	12.72973299230216
-214.49663780918706	12.049326780019328
-226.8847045503884	-0.3387399611820001
-228.1521333184595	-1.6061687292531133
-230.53323366346956	-3.9872690742631676
-238.59491050819122	-12.048945918984828
-231.34933827773273	-4.803373688526335
-223.8919586237265	2.6540059654798824
-207.10756066964893	19.43840391955746
-222.83207067750698	3.713893911699415
-221.5985078026373	4.9474567865690915
-237.7994545545174	-11.253489965311019
-211.9759836653924	14.569980923814
-240.48272887567362	-13.936764286467223
-199.71395944524045	26.832005143965944
-233.8120106901573	-7.266046100950916
-227.26922685738316	-0.723262268176768
-228.05055544065033	-1.5045908514439361
-258.8294443689614	-32.283479779755
-185.6895762396838	40.856388349522604
-237.04006664777478	-10.494102058568387
-216.85709936559795	9.688865223608445
-237.13461236822548	-10.588647779019084
-215.8764987617709	10.669465827435488
-211.45481076696376	15.091153822242632
-221.4045775084909	5.1413870807155035
-203.26904802201386	23.27691656719253
-223.065432044585	3.480532544621383
-253.55789736008808	-27.011932770881685
-215.70959528120363	10.836369308002759
-243.85934489602585	-17.313380306819454
-239.38350377215318	-12.837539182946784
-219.3496206361691	7.196343953037285
-251.59817854559003	-25.05221395638364
-208.61669411551918	17.92927047368721
-247.3122086975585	-20.76624410835211
-249.83707109190652	-23.29110650270013
-189.2006641946449	37.34530039456149
-230.3077300043318	-3.76176541512541
-218.51102932117135	8.034935268035042
-211.25375900321012	15.292205585996271
-224.6623380039622	1.8836265852442011
-233.42172338760645	-6.8757587984000565
-188.43119798636542	38.11476660284097
-255.16139640059043	-28.615431811384042
-255.1749763516949	-28.629011762488517
-223.09022183140985	3.4557427577965427
-235.9520516735887	-9.406087084382307
-247.64993767949125	-21.103973090284853
-224.15924945265067	2.386715136555722
-208.18343382185628	18.36253076735011
-233.9171746597225	-7.371210070516099
-253.24214859275742	-26.696184003551025
-232.9605481307466	-6.414583541540196
-234.77158170869586	-8.22561711948947
-220.14357665454224	6.402387934664148
-230.7578689552414	-4.211904366035014
-227.49489379485965	-0.9489292056532577
-238.99875765040122	-12.452793061194825
-231.76817137810065	-5.222206788894255
-210.67731435526582	15.86865023394057
-220.29023515949154	6.255729429714847
-210.0383978657868	16.507566723419586
-243.85669623320643	-17.310731644000043
-224.717309408103	1.828655181103386
-223.024759998278	3.5212045909283916
-255.72240858978546	-29.176444000579068
-278.2241698643578	-51.67820527515141
-209.26889993131988	17.277064657886513
-215.3417073007971	11.20425728840928
-259.62765150743724	-33.081686918230844
-218.0798641497189	8.46610043948749
-250.7245050097357	-24.178540420529316
-225.9350017862547	0.6109628029516898
-248.23723908967293	-21.691274500466534
-223.64491110955203	2.901053479654365
-218.54082588033123	8.005138708875165
-211.14168295017805	15.40428163902834
-227.82817630076386	-1.2822117115574656
-242.2664351913503	-15.720470602143905
-233.1470938175429	-6.601129228336504
-226.66037950706448	-0.11441491785808466
-237.1842423922593	-10.638277803052915
-249.25618622343825	-22.710221634231857
-224.18040036687523	2.365564222331159
-241.68670267346386	-15.140738084257464
-225.95099758350477	0.5949670057016192
-210.25875177526393	16.28721281394246
-238.39181937591127	-11.845854786704876
-236.23667213122314	-9.690707542016753
-190.13366760347924	36.41229698572715
-205.7370004171629	20.80896417204349
-206.14991613417294	20.39604845503345
-245.82814573116264	-19.282181141956244
-242.8507952025633	-16.3048306133569
-224.3163907589136	2.229573830292793
-207.4862529820042	19.05971160720219
-215.39774528890337	11.148219300303026
-241.24595244205045	-14.69998785284406
-200.34717615815532	26.19878843105107
-227.52850669004908	-0.9825421008426929
-233.8048084885762	-7.258843899369822
-205.97493123929087	20.571033349915524
-209.8159094776587	16.7300551115477
-228.10064328993974	-1.5546787007333478
-223.34249300031877	3.2034715888876235
-236.53783454666916	-9.991869957462768
-219.57328898424237	6.972675604964024
-214.9017230108533	11.644241578353103
-229.88855878516404	-3.342594195957645
-252.5545687535872	-26.008604164380813
-243.76410410434835	-17.218139515141957
-241.66918762919738	-15.12322303999099
-237.90482088381611	-11.358856294609723
-282.1757727503376	-55.62980816113122
-195.59511185838562	30.95085273082077
-241.90993891805772	-15.363974328851327
-195.30879507348652	31.23716951571987
-226.34419356990327	0.20177101930312347
-235.98882348768018	-9.442858898473787
-231.29831669001794	-4.7523521008115495
-245.78386420952518	-19.237899620318785
-228.20144564614236	-1.6554810569359688
-215.67201629311091	10.873948296095477
-245.04186132469692	-18.495896735490533
-218.2822524080351	8.263712181171286
-223.05591059220967	3.4900539969967213
-249.60855318346364	-23.06258859425725
-189.39948773425783	37.14647685494856
-209.03435913915234	17.51160545005405
-215.451534101618	11.094430487588397
-207.5834455595999	18.962519029606483
-229.94100223840576	-3.3950376491993666
-217.75320155010047	8.792763039105921
-251.97773511318735	-25.43177052398096
-226.24903571432003	0.2969288748863619
-210.2094465458307	16.33651804337569
-246.668607204478	-20.122642615271616
-210.60396216628794	15.94200242291845
-208.21301046841324	18.332954120793147
-250.0728870864499	-23.526922497243504
-221.967917942888	4.578046646318398
-222.7697361018603	3.7762284873460885
-247.48344038752327	-20.937475798316882
-225.09486473292998	1.4510998562764144
-209.26192413150636	17.28404045770003
-244.71874739377597	-18.17278280456958
-229.47571813228785	-2.9297535430814605
-265.55493497295026	-39.00897038374387
-216.1881684984204	10.357796090785996
-248.6808366512945	-22.134872062088107
-246.24489408368606	-19.69892949447967
-239.19534282299935	-12.649378233792959
-234.45807213795558	-7.912107548749191
-220.22083004201193	6.325134547194466
-249.9525768362313	-23.406612247024896
-216.4863490260126	10.059615563193802
-207.64013117094362	18.905833418262773
-222.63540064834012	3.9105639408662682
-237.26109587122698	-10.715131282020593
-222.30235715176457	4.243607437441824
-228.9865726711672	-2.440608081960818
-249.7023132432463	-23.156348654039903
-242.04796935447155	-15.502004765265156
-206.96187381175184	19.58409077745455
-203.49841957452952	23.04754501467687
-227.27848763665895	-0.7325230474525597
-228.67007878014772	-2.1241141909413273
-227.99131978323055	-1.4453551940241596
-226.3319056000131	0.21405898919329047
-202.254098750995	24.29186583821138
-204.49443261659542	22.051531972610974
-212.69788341967285	13.848081169533543
-228.08922766592366	-1.5432630767172668
-207.92370622495434	18.622258364252048
-229.36106926004356	-2.8151046708371723
-232.68952363145434	-6.143559042247944
-227.3369850164985	-0.7910204272920964
-209.43499974911754	17.110964840088855
-218.19735059215816	8.348613997048233
-227.43144226156653	-0.885477672360139
-242.53430829315982	-15.988343703953433
-242.1537567761501	-15.607792186943698
-232.24230982077495	-5.696345231568557
-236.320360602282	-9.774396013075602
-214.76241411525768	11.783550473948708
-242.07804018941022	-15.532075600203825
-237.6399565481355	-11.09399195892911
-243.3734983444832	-16.827533755276818
-218.60315421039775	7.942810378808645
-232.44607926756214	-5.900114678355749
-220.527247389948	6.01871719925839
-227.41684173585452	-0.8708771466481267
-239.60818852239242	-13.062223933186033
-227.9551008286311	-1.4091362394246971
-232.47653987840238	-5.9305752891959855
-214.73044622824307	11.815518360963324
-241.33063512527804	-14.784670536071644
-270.9116118012993	-44.36564721209288
-213.14566623739154	13.400298351814854
-206.37916447006353	20.166800119142863
-211.6310015159055	14.914963073300896
-238.00317526676588	-11.457210677559488
-229.7365703172494	-3.1906057280430105
-218.71708515281568	7.828879436390707
-241.80446655814956	-15.258501968943165
-196.86106603864243	29.684898550563958
-209.27457294487465	17.271391644331743
-264.93118604286644	-38.38522145366005
-220.3072124848644	6.238752104341984
-254.3311408777903	-27.785176288583898
-214.29677883325564	12.249185755950748
-233.8705229253777	-7.324558336171322
-252.8765892024188	-26.33062461321242
-219.1616894351995	7.3842751540069
-233.28761772055657	-6.741653131350176
-204.31788530703705	22.228079282169347
-208.41852510382375	18.127439485382638
-208.87709807586577	17.668866513340618
-228.9101748462366	-2.3642102570302086
-211.58512039073173	14.96084419847466
-243.9909096653813	-17.444945076174918
-231.89072265533684	-5.344758066130453
-222.7056374818734	3.840327107332996
-211.8613673922904	14.684597196916002
-240.2358132215253	-13.689848632318899
-251.18882107643947	-24.642856487233075
-196.314192322165	30.23177226704138
-230.7557519761998	-4.209787386993412
-233.4207613114944	-6.874796722288011
-237.07437842161232	-10.528413832405931
-203.03273457858666	23.513230010619736
-249.62484138985235	-23.078876800645958
-239.6529693041615	-13.10700471495511
-226.91384777015844	-0.36788318095204886
-219.78939682634734	6.756567762859049
-235.09698389337643	-8.55101930417004
-225.75881125436933	0.7871533348370576
-220.91306324663526	5.632901342571131
-207.96939065836557	18.576573930840823
-244.8015342997336	-18.255569710527197
-234.0540725008417	-7.508107911635307
-227.3200135881874	-0.7740489989810158
-257.4134148535326	-30.86745026432618
-240.88132888636972	-14.335364297163323
-208.13650950042427	18.409455088782124
-188.97606180472428	37.56990278448211
-233.45223863109493	-6.906274041888537
-198.21624112329516	28.32972346591123
-221.55757146016765	4.988393129038741
-232.02394761482208	-5.477983025615686
-198.40262201429357	28.143342574912822
-236.84738479740406	-10.30142020819767
-254.79992021014402	-28.25395562093763
-197.9149085481571	28.631056041049305
-211.66605193115026	14.879912658056128
-221.57641942993575	4.969545159270638
-236.77959497802146	-10.233630388815072
-198.80870249443467	27.737262094771722
-244.14245149411215	-17.59648690490576
-251.92079475469143	-25.374830165485037
-244.7840246631771	-18.2380600739707
-209.08410074788333	17.461863841323066
-226.70363157965255	-0.15766699044615962
-237.672908581177	-11.12694399197062
-221.46022258346272	5.085742005743668
-228.0921757831478	-1.5462111939414172
-208.9089310228104	17.637033566395985
-214.94115404800175	11.604810541204643
-233.07054015904794	-6.524575569841545
-232.9464929699992	-6.400528380792821
-235.72206355248125	-9.176098963274853
-242.51806660853106	-15.972102019324666
-231.5072467659578	-4.961282176751411
-231.31219962228568	-4.766235033079283
-234.1301155402274	-7.584150951021002
-220.3877747637256	6.158189825480804
-208.00195617433417	18.544008414872224
-214.15309485453542	12.392869734670967
-232.27584106444044	-5.72987647523405
-207.20842308979843	19.337541499407962
-198.49587790156727	28.050086687639123
-218.4997575341789	8.04620705502748
-220.90012088434958	5.645843704856816
-225.69493628353882	0.8510283056675689
-217.44257085168863	9.103393737517763
-226.52764710063127	0.018317488575121388
-210.91897640117747	15.626988188028918
-236.54983461126756	-10.003870022061164
-243.0699525886397	-16.523987999433302
-243.31470151220344	-16.76873692299705
-247.58398413864268	-21.038019549436285
-233.01468484787108	-6.468720258664689
-217.22015256438533	9.325812024821062
-224.42854339348048	2.1174211957259104
-226.28026917343448	0.2656954157719156
-242.34164944997826	-15.795684860771871
-236.8275365396497	-10.281571950443322
-244.68428792840348	-18.138323339197086
-224.97083283877362	1.5751317504327744
-222.08314805183397	4.462816537372419
-242.3902292306833	-15.844264641476911
-232.6118416248595	-6.065877035653102
-241.88358480634122	-15.337620217134827
-226.52259135049314	0.0233732387132477
-217.82780063204189	8.718163957164506
-211.81012440633856	14.735840182867832
-220.24931235178735	6.296652237419039
-198.79812145194808	27.747843137258315
-239.71483119042603	-13.168866601219634
-215.52784653966444	11.018118049541954
-213.790151039046	12.755813550160383
-215.69325351200894	10.852711077197455
-250.85814874561981	-24.312184156413423
-213.68320078709291	12.862763802113477
-224.54583983390546	2.0001247553009307
-227.92357734331233	-1.3776127541059395
-226.52951186024654	0.016452728959848173
-231.88916476943484	-5.34320018022845
-228.86892724601273	-2.3229626568063395
-198.0574417055417	28.4885228836647
-243.92308191449627	-17.377117325289873
-230.30351499598544	-3.757550406779046
-247.96714173354337	-21.42117714433698
-206.48639595004568	20.059568639160716
-205.35280120495952	21.193163384246873
-244.72158495831025	-18.175620369103854
-242.2378571784451	-15.691892589238705
-215.36166947216623	11.184295117040165
-216.64038833222946	9.905576256976929
-212.69048891508498	13.855475674121408
-205.73919108609914	20.80677350310725
-216.95054704571737	9.59541754348902
-248.88584148666484	-22.339876897458453
-223.94592770732777	2.600036881878623
-221.97056758473116	4.575397004475235
-219.75978373626492	6.78618085294147
-213.9976832897613	12.54828129944508
-220.5078696257791	6.038094963427284
-224.19213971886563	2.353824870340759
-234.35141102088744	-7.805446431681048
-232.91173668638874	-6.365772097182344
-211.88613175047283	14.659832838733564
-215.99682230360702	10.549142285599373
-214.1112654654229	12.434699123783503
-238.83590326111369	-12.289938671907294
-217.75349713007233	8.792467459134059
-233.03120639791666	-6.485241808710271
-226.35990309180704	0.18606149739935063
-216.2577689270205	10.288195662185899
-241.3492605981395	-14.803296008933103
-231.34300367217872	-4.797039082972333
-209.02310977791274	17.522854811293655
-206.24752816523903	20.29843642396736
-207.85579205466854	18.69017253453785
-225.84629621964484	0.6996683695615502
-203.75983001227212	22.786134576934273
-219.94749980537233	6.598464783834061
-202.11727436247236	24.428690226734034
-216.18538152136387	10.360583067842526
-235.3288419057302	-8.782877316523809
-219.98384443384782	6.562120155358571
-256.09411165058043	-29.54814706137404
-227.65759381700843	-1.111629227802041
-215.76704148716306	10.778923102043336
-213.20156840382913	13.344396185377263
-236.9926891759336	-10.446724586727214
-238.26846813871305	-11.722503549506655
-226.05253925891373	0.49342533029266633
-230.60196503277473	-4.056000443568337
-241.4830261508563	-14.937061561649898
-247.7440524217185	-21.1980878325121
-188.36712094929896	38.17884363990743
-236.00178750391422	-9.455822914707824
-213.4511053120608	13.094859277145588
-176.8382163394948	49.707748249711585
-237.42528902185802	-10.879324432651629
-232.22466744877818	-5.678702859571786
-247.0089790385922	-20.46301444938581
-252.09428610157408	-25.548321512367693
-234.12761104685558	-7.581646457649185
-242.64186574264966	-16.095901153443265
-219.13317578337808	7.412788805828313
-244.53593112668966	-17.98996653748327
-220.26697543716944	6.2789891520369565
-269.72061806915224	-43.174653479945846
-236.9930338969956	-10.447069307789207
-182.20479367389123	44.34117091531516
-201.54997425645195	24.995990332754445
-238.1649619422045	-11.618997352998122
-243.60213127443637	-17.056166685229982
-227.73717096221878	-1.1912063730123919
-235.81450390121097	-9.268539312004577
-251.6037174425095	-25.0577528533031
-212.4570289677307	14.088935621475684
-225.84378845485696	0.702176134349429
-236.7782460819384	-10.232281492732
-229.0152581502283	-2.4692935610219138
-229.19553653262335	-2.6495719434169587
-206.130097232783	20.415867356423405
-226.66883154262393	-0.12286695341754239
-237.64284221485502	-11.09687762564863
-222.2617551905663	4.284209398640087
-213.89186401880067	12.654100570405717
-226.43785017182597	0.10811441738042049
-245.23636035566813	-18.690395766461734
-194.18145705594577	32.36450753326062
-230.0289819708945	-3.4830173816881143
-236.1063705485234	-9.560405959316995
-226.99502965835052	-0.44906506914412603
-237.34378704218614	-10.797822452979744
-232.55309686593898	-6.007132276732591
-233.15777279746032	-6.611808208253933
-207.91212050496904	18.633844084237353
-225.27997879673273	1.265985792473657
-241.41345283943008	-14.867488250223687
-228.96059313317016	-2.4146285439637722
-196.6531949729782	29.89276961622818
-218.4108898820508	8.135074707155582
-253.692805558729	-27.1468409695226
-225.96312962851732	0.5828349606890697
-224.02177074449207	2.5241938447143184
-237.36086029682554	-10.814895707619144
-244.26711675727927	-17.721152168072877
-229.26330348458794	-2.7173388953815447
-215.9846829171969	10.5612816720095
-206.54171818051907	20.004246408687322
-230.85872291719204	-4.312758327985648
-223.70692129326414	2.839043295942247
-214.4344496209327	12.111514968273696
-229.8170752317768	-3.27111064257042
-235.81615947810712	-9.270194888900733
-258.203973945196	-31.658009355989634
-203.66015648503742	22.885808104168973
-219.66043973073317	6.885524858473218
-224.19480770284497	2.351156886361423
-195.93973625708384	30.606228332122555
-223.40678644933575	3.139178139870637
-208.54663373893197	17.99933085027442
-216.63623872163078	9.909725867575617
-215.9048083557376	10.641156233468791
-227.59527287457092	-1.049308285364532
-220.60447635127127	5.941488237935118
-234.30649409396062	-7.760529504754231
-234.71751732201153	-8.17155273280514
-211.39187717885432	15.154087410352076
-234.63051252939692	-8.084547940190532
-217.1592186675938	9.3867459216126
-200.94541502354912	25.600549565657275
-236.67580248158845	-10.129837892382056
-249.4429327508791	-22.896968161672703
-235.89557122722397	-9.349606638017576
-206.53935727998976	20.006607309216633
-194.06570610185224	32.48025848735415
-235.711012461334	-9.165047872127616
-221.51205179713213	5.033912792074261
-236.43621147587908	-9.890246886672685
-227.62455531150988	-1.0785907223034883
-207.05655502039951	19.489409568806877
-219.16520409163275	7.380760497573647
-223.6107011499356	2.935263439270784
-210.27799811821967	16.26796647098672
-260.8208638010932	-34.274899211886805
-258.2123779718189	-31.666413382612518
-230.15496863812803	-3.6090040489216335
-239.01889854046237	-12.472933951255982
-231.5987744569087	-5.052809867702308
-247.28462234461983	-20.738657755413442
-225.0466745001562	1.4992900890501915
-253.55147314859857	-27.005508559392183
-226.48510861463217	0.06085597457422409
-220.0717767932896	6.474187795916805
-260.4403173623235	-33.894352773117134
-291.4567711134099	-64.91080652420351
-218.37114281617175	8.174821773034637
-224.66661579063873	1.879348798567662
-245.17829548881343	-18.63233089960704
-197.0161702234567	29.529794365749694
-217.8727170786682	8.673247510538204
-206.25468729870988	20.29127729049651
-203.99014532984654	22.55581925935985
-247.6250531972422	-21.079088608035818
-227.74080687343155	-1.1948422842251603
-225.4419083984343	1.1040561907720985
-219.12569999762707	7.4202645915793255
-217.22910430044647	9.316860288759926
-216.58016612234712	9.965798466859269
-229.9870448182577	-3.4410802290512947
-266.4533222472477	-39.90735765804129
-235.80046807418182	-9.25450348497543
-227.94020657619183	-1.3942419869854348
-233.16968531406962	-6.623720724863233
-238.73207263374422	-12.186108044537832
-237.6286864857051	-11.082721896498697
-248.81644831463416	-22.270483725427766
-206.69984208380117	19.84612250540522
-238.50915164083779	-11.963187051631394
-211.36105804013857	15.184906549067819
-246.89916678123188	-20.353202192025492
-200.82743442894787	25.718530160258524
-240.45341003320425	-13.907445443997858
-226.40288891110174	0.14307567810465116
-238.65827631885838	-12.112311729651992
-199.15908649873234	27.386878090474056
-215.0463995582635	11.499565030942904
-204.88110731246195	21.664857276744442
-233.098080679158	-6.552116089951596
-226.08458303640725	0.46138155279913917
-202.67103389232432	23.874930696882075
-237.22443598032476	-10.678471391118364
-252.45949186247378	-25.91352727326739
-245.84257986007503	-19.296615270868642
-226.95002448331286	-0.40405989410646725
-221.48437282193697	5.0615917672694195
-218.37174099536276	8.174223593843635
-233.77080418365438	-7.224839594447985
-190.2083476245847	36.3376169646217
-204.63348821165926	21.912476377547137
-237.39121699796885	-10.845252408762462
-248.03581964737748	-21.489855058171088
-232.85537992530806	-6.309415336101665
-196.57561042330997	29.970354165896424
-255.45426808787522	-28.90830349866883
-258.18695544871514	-31.640990859508747
-223.23385753979744	3.312107049408951
-215.40147741379985	11.144487175406539
-212.39819200985437	14.147772579352022
-226.50091948477564	0.0450451044307556
-213.60681094623067	12.939153642975725
-223.32200953187782	3.223955057328567
-236.71590408274858	-10.169939493542188
-235.16609488336906	-8.620130294162664
-227.4146968081135	-0.8687322189070983
-220.31237020105834	6.233594388148049
-220.47979649913975	6.06616809006664
-252.42094672504243	-25.874982135836035
-218.41521064025653	8.13075394894986
-233.17467184285704	-6.628707253650646
-234.70823530845007	-8.16227071924368
-222.06948321942252	4.476481369783869
-224.3784330950824	2.1675314941239776
-223.13863939683722	3.4073251923691714
-237.8440089420277	-11.298044352821307
-236.91095399725089	-10.364989408044494
-239.3995432667674	-12.853578677561018
-219.49875296612515	7.047211623081239
-213.82844129943476	12.717523289771634
-213.49589294730174	13.050071641904651
-219.17234307556134	7.373621513645048
-235.6490163814109	-9.103051792204496
-211.37717035375897	15.168794235447422
-220.76172692422767	5.784237664978718
-203.1870412614029	23.358923327803495
-215.1938472051064	11.352117384099984
-218.71970123191784	7.826263357288553
-209.92048001089495	16.625484578311443
-213.5336599149108	13.012304674295592
-232.0775294702711	-5.531564881064696
-243.43610972600652	-16.89014513680013
-221.81291372085468	4.733050868351711
-248.97492660156638	-22.42896201235999
-223.8889290524188	2.657035536787589
-215.02506340550678	11.520901183699607
-189.18478221549083	37.361182373715565
-233.93283108848334	-7.386866499276948
-224.02216813314078	2.523796456065611
-209.15592796496128	17.390036624245113
-238.17978018441715	-11.633815595210763
-212.26792780370522	14.278036785501172
-225.1764291959356	1.3695353932707803
-206.0128778243619	20.533086764844484
-236.93490012245672	-10.388935533250333
-220.91584375053424	5.6301208386721555
-218.40221141921427	8.143753169992124
-245.47308593779815	-18.927121348591754
-215.79893081292755	10.74703377627884
-203.33246649027058	23.213498098935816
-222.6835503796559	3.8624142095504794
-196.11449923928956	30.431465349916834
-204.09726398421697	22.448700604989426
-232.50971625557065	-5.96375166636426
-260.92507429175964	-34.37910970255325
-245.28620509603422	-18.74024050682783
-229.32636302164826	-2.7803984324418707
-244.0455684907596	-17.4996039015532
-250.34929323466565	-23.80332864545926
-247.94172903443757	-21.39576444523118
-219.1931891861699	7.352775403036503
-224.9641918321089	1.5817727570974967
-229.3448798998819	-2.798915310675511
-226.24699061580247	0.2989739734039176
-222.51305116431683	4.032913424889557
-214.53110002666142	12.014864562544972
-251.66672811608657	-25.120763526880182
-201.33572600411787	25.21023858508852
-214.45288614062372	12.093078448582673
-252.68887010748801	-26.142905518281623
-238.14571184306476	-11.599747253858368
-207.87383308402275	18.672131505183643
-228.06809515434213	-1.5221305651357397
-245.69581209179375	-19.149847502587363
-231.95060464180494	-5.404640052598552
-248.48853848110082	-21.942573891894426
-253.2181734240388	-26.672208834832418
-245.1968257899374	-18.650861200731015
-232.57338254351123	-6.027417954304838
-255.34057866446744	-28.79461407526105
-228.6061920387241	-2.060227449517697
-233.16785360802385	-6.6218890188174555
-211.60537837883237	14.940586210374022
-232.55587061843323	-6.0099060292268405
-224.38543629289268	2.1605282963137142
-225.86678572507878	0.6791788641276071
-248.42086900137144	-21.87490441216505
-231.35736814436166	-4.811403555155266
-226.88997072353447	-0.34400613432808314
-212.15882140391693	14.38714318528946
-230.9704006218475	-4.424436032641097
-188.84376722870581	37.70219736050058
-233.16234782008758	-6.616383230881183
-217.27652595321194	9.269438635994447
-244.74982270692487	-18.203858117718482
-196.83607658843755	29.709888000768842
-241.90603555608902	-15.360070966882631
-232.0334553858214	-5.48749079661502
-236.485668785734	-9.9397041965276
-253.1145482392552	-26.568583650048822
-241.8411857817067	-15.295221192500321
-248.09112198202126	-21.545157392814872
-232.18044205914555	-5.634477469939156
-232.1862906769769	-5.640326087770518
-235.6348842401734	-9.088919650967
-220.12933619264584	6.416628396560554
-219.05630234507623	7.489662244130159
-211.06692518726993	15.479039401936461
-207.39962299458637	19.146341594620026
-245.57696390372655	-19.03099931452016
-233.91731630160427	-7.371351712397882
-211.92657115637337	14.619393432833022
-214.85408876869258	11.691875820513815
-256.3518444649475	-29.805879875741084
-250.0103664692964	-23.46440188009001
-184.01187697801868	42.534087611187715
-224.26015204839712	2.2858125408092747
-209.56433033011342	16.98163425909297
-209.77122238641675	16.77474220278964
-230.39163905362727	-3.845674464420881
-248.46397557065427	-21.91801098144788
-241.46017431314465	-14.914209723938257
-243.5802118397936	-17.034247250587214
-219.34197805000656	7.203986539199832
-207.28529165050202	19.260672938704374
-220.0486804548367	6.497284134369693
-221.2052711873206	5.340693401885801
-231.5532317982237	-5.0072672090173
-231.61924051104359	-5.073275921837194
-226.2205818722672	0.3253827169392025
-212.2441063676764	14.301858221529983
-245.8665384701984	-19.320573880992015
-228.48565733244538	-1.939692743238993
-228.24727072397434	-1.7013061347679468
-222.2549336667238	4.291030922482605
-200.87437757799705	25.67158701120934
-217.61525765491604	8.930706934290356
-206.14883642526763	20.39712816393876
-205.28535387794034	21.260610711266054
-205.97903472459654	20.566929864609847
-207.2168144127594	19.329150176447
-230.37001554716915	-3.824050957962754
-244.18720652526315	-17.64124193605676
-206.55971422077926	19.986250368427136
-198.8715803435574	27.67438424564898
-181.84354081522395	44.702423773982446
-239.41225248173066	-12.86628789252427
-238.9437099573646	-12.397745368158212
-222.8340548040236	3.7119097851827973
-236.5539850789886	-10.008020489782211
-247.51133348774817	-20.965368898541783
-220.45083505789296	6.095129531313432
-235.99222357748147	-9.446258988275076
-203.0622433827615	23.483721206444898
-236.44325605002302	-9.897291460816632
-244.8185430763209	-18.272578487114515
-236.35327531943983	-9.80731073023344
-238.44430075605703	-11.89833616685064
-208.88000924743608	17.665955341770314
-234.25614763859846	-7.7101830493920716
-215.11440229034122	11.431562298865174
-217.61108291404742	8.934881675158977
-225.91236547301594	0.6335991161904531
-231.38153964539595	-4.835575056189555
-222.38511097905064	4.160853610155755
-226.44881893306808	0.09714565613830928
-219.04303022704914	7.502934362157248
-226.26342548550235	0.282539103704039
-231.46814095643128	-4.922176367224893
-216.34487692334585	10.201087665860541
-249.58522196161573	-23.039257372409338
-255.08975050321385	-28.543785914007458
-213.41243194485503	13.133532644351362
-230.94278380809772	-4.3968192188913235
-225.63092710278067	0.9150374864257174
-221.83401899371017	4.711945595496218
-182.21861356526858	44.32735102393781
-210.95993073915668	15.586033850049716
-249.09849405442435	-22.552529465217958
-227.91013682691334	-1.3641722377069527
-232.01882177471487	-5.472857185508474
-234.41620098084456	-7.870236391638173
-221.3162628571539	5.22970173205249
-233.85693071927597	-7.310966130069573
-223.76957518643246	2.7763894027739298
-232.87519522681612	-6.329230637609726
-211.95193429875724	14.594030290449155
-240.04948914588965	-13.50352455668326
-226.40439563088364	0.1415689583227504
-237.23866246015893	-10.692697870952543
-204.87179498534022	21.674169603866176
-232.932799629731	-6.386835040524602
-227.97137144887017	-1.4254068596637808
-212.6803730078194	13.86559158138698
-237.89785866936506	-11.351894080158672
-223.03330556701474	3.512659022191656
-226.49153108782264	0.054433501383755356
-242.42689353208186	-15.880928942875471
-240.6356985021797	-14.089733912973315
-212.16979438482156	14.376170204384835
-227.46094192706585	-0.9149773378594546
-231.86897389403964	-5.323009304833249
-232.77495907342598	-6.228994484219584
-236.72358600886434	-10.177621419657953
-234.81467393057608	-8.268709341369686
-241.4268153858378	-14.880850796631421
-227.30874792434986	-0.7627833351434674
-221.41648457759072	5.129480011615669
-233.65098105255527	-7.105016463348875
-202.69619350271603	23.849771086490364
-240.6545936128481	-14.108629023641697
-243.81565521424125	-17.269690625034855
-238.1483819461522	-11.602417356945807
-201.4692855625857	25.076679026620695
-212.4141099268985	14.131854662307887
-230.5700604465186	-4.024095857312204
-226.84303844686144	-0.29707385765505023
-234.96364241120534	-8.41767782199895
-217.07999235187378	9.465972237332608
-208.31270198750497	18.233262601701426
-233.5086135187106	-6.962648929504212
-223.57731573887065	2.9686488503357396
-239.0372542736244	-12.491289684418007
-238.71327748955298	-12.167312900346587
-233.72290122974152	-7.176936640535132
-236.36501450879803	-9.819049919591635
-237.30202048003628	-10.756055890829884
-231.71531175099733	-5.169347161790938
-199.87288451166603	26.673080077540362
-220.40035285709962	6.145611732106772
-235.25151689949632	-8.705552310289931
-203.1854768423167	23.360487746889703
-207.20230490894244	19.343659680263954
-242.72748291432288	-16.181518325116485
-254.1354221364694	-27.58945754726301
-216.68839297671582	9.857571612490574
-226.38432540554857	0.16163918365782592
-263.17124364495464	-36.62527905574825
-230.21244258121658	-3.6664779920101864
-216.78534060490563	9.760623984300764
-223.51069214129018	3.0352724479162134
-217.7586332070299	8.78733138217649
-246.5870547427861	-20.041090153579717
-222.22480531023245	4.321159278973937
-242.8070997907438	-16.2611352015374
-210.45888810103713	16.08707648816926
-235.93769434219064	-9.391729752984247
-248.59334739302938	-22.047382803822984
-219.49617645178876	7.049788137417636
-234.23024087202282	-7.684276282816427
-252.62086210764608	-26.074897518439684
-231.7434891747347	-5.197524585528299
-211.82392183466652	14.72204275453987
-229.56867395519873	-3.022709365992341
-221.23665044638108	5.309314142825315
-241.41444077224367	-14.868476183037274
-200.66881920428784	25.87714538491855
-228.35905745985872	-1.8130928706523264
-245.97576385012724	-19.429799260920845
-229.38597502978007	-2.8400104405736784
-209.45833124737908	17.087633341827313
-237.00710210641626	-10.461137517209863
-210.9640539120395	15.581910677166888
-232.51682059996017	-5.970856010753778
-213.53246872813395	13.013495861072442
-233.81366047971312	-7.2676958905067295
-218.02791486239073	8.518049726815661
-246.69749711147813	-20.151532522271737
-202.70885198458052	23.837112604625872
-224.98966013469396	1.5563044545124285
-229.817424631265	-3.2714600420586066
-240.06664764722007	-13.520683058013674
-234.4573761745654	-7.911411585359019
-251.18323095424637	-24.637266365039977
-239.98814762387553	-13.442183034669142
-233.9445904684202	-7.398625879213796
-215.5525923839108	10.9933722052956
-217.51623763227906	9.029726956927334
-193.9186500271993	32.627314562007086
-230.69350826003426	-4.147543670827872
-238.36660446505482	-11.820639875848428
-230.01206923333882	-3.466104644132429
-215.4764804525861	11.069484136620304
-217.92546679386066	8.620497795345727
-220.88614674764756	5.659817841558834
-216.5160390660552	10.029925523151178
-217.91475354076317	8.63121104844322
-241.14363809527492	-14.597673506068531
-250.29244696539024	-23.74648237618385
-217.18696889963246	9.35899568957393
-224.64676313531015	1.8992014538962394
-217.72302416838136	8.822940420825034
-245.2271429809283	-18.681178391721915
-257.7968722352183	-31.25090764601191
-229.2181235296688	-2.6721589404623955
-243.03225120923378	-16.486286620027386
-225.3423860088609	1.2035785803454928
-227.66146970676562	-1.1155051175592234
-186.6169819261362	39.9289826630702
-237.20787007020624	-10.661905480999849
-241.3674639300683	-14.82149934086192
-217.9000983696991	8.645866219507298
