Hf	deltaHf ref=-268.7174257663522
-270.3451788169135	-1.6277530505612958
-254.66603680086916	14.051388965483056
-271.34620112311165	-2.6287753567594336
-265.04811088098575	3.669314885366475
-281.0622257017916	-12.344799935439369
-274.4693859081839	-5.75196014183166
-263.6464362626233	5.070989503728924
-281.8545513709199	-13.1371256045677
-296.00438883614913	-27.28696306979691
-310.3643546715415	-41.64692890518927
-253.69030100653833	15.027124759813887
-295.77901414651785	-27.06158838016563
-285.8726344913397	-17.15520872498746
-234.9843247701159	33.73310099623632
-272.1521007924115	-3.434675026059267
-265.39822942659737	3.3191963397548534
-294.0201667399473	-25.302740973595064
-298.20382790019573	-29.486402133843512
-264.10849528175675	4.608930484595476
-290.6023837459601	-21.88495797960786
-274.2706953907276	-5.553269624375389
-286.6669602988935	-17.949534532541293
-270.76730406711647	-2.0498783007642487
-281.4830037261221	-12.765577959769871
-284.379974888487	-15.662549122134806
-291.0728597881774	-22.355434021825204
-230.1457574045147	38.57166836183751
-219.96742205095723	48.750003715394996
-271.75387194918073	-3.036446182828513
-261.96472769650643	6.752698069845792
-206.0823621154508	62.63506365090143
-300.4154699346785	-31.698044168326305
-283.5588376752079	-14.841411908855662
-255.12557841815067	13.591847348201554
-271.8221473653051	-3.1047215989528922
-288.169126284973	-19.451700518620783
-288.5803711283901	-19.862945362037863
-250.9695352554794	17.74789051087282
-290.8875587148308	-22.170132948478567
-315.1530481404137	-46.435622374061495
-254.37297253113718	14.344453235215042
-285.828066441691	-17.1106406753388
-245.98500247342815	22.732423292924068
-272.6633175256087	-3.945891759256483
-263.5410135306105	5.176412235741736
-241.03193600638258	27.68548975996964
-265.22565588962823	3.4917698767239926
-248.50131563012326	20.216110136228963
-303.6394825703268	-34.922056803974556
-274.3780586606539	-5.660632894301671
-266.41900785029645	2.2984179160557687
-272.3541920942465	-3.6367663278942928
-277.75549136184634	-9.038065595494118
-281.94849920336344	-13.231073437011219
-279.3035031663261	-10.586077399973874
-268.0343933610078	0.6830324053444201
-289.2247305972072	-20.50730483085499
-251.8004964087835	16.916929357568733
-249.33550302509173	19.381922741260496
-286.7476984858898	-18.030272719537606
-246.66584706931678	22.05157869703544
-227.280998048804	41.43642771754821
-288.0345561545786	-19.31713038822636
-292.1902245123732	-23.472798746021
-278.41357116448705	-9.696145398134831
-251.68754025794112	17.0298855084111
-319.5960770878977	-50.878651321545476
-293.1915263077484	-24.474100541396183
-256.0182952993731	12.699130466979113
-229.3441409515748	39.373284814777435
-298.01083940108435	-29.293413634732133
-256.805235131755	11.91219063459721
-246.41474867051363	22.30267709583859
-277.28974038724334	-8.57231462089112
-282.84190070557304	-14.124474939220818
-268.6384331791727	0.07899258717952762
-254.48980889532902	14.227616871023201
-233.87184144262062	34.8455843237316
-261.0402603665083	7.677165399843943
-272.4311431414484	-3.7137173750961665
-261.7601089028707	6.957316863481537
-297.9853675659491	-29.267941799596883
-303.78035988273984	-35.06293411638762
-274.7377277891741	-6.020302022821852
-275.1399223105203	-6.422496544168098
-284.2712721824013	-15.553846416049055
-256.2812365667436	12.436189199608634
-287.83791026674805	-19.120484500395833
-259.17083024425153	9.546595522100688
-283.01093954481837	-14.29351377846615
-277.9440953730758	-9.22666960672359
-225.0027108619928	43.714714904359425
-275.03515272365837	-6.317726957306149
-255.5179277918163	13.199497974535916
-242.9888748480538	25.728550918298424
-308.9118962380402	-40.194470471687964
-247.59625616810297	21.121169598249253
-241.24187359286077	27.47555217349145
-257.23227349596925	11.485152270382969
-248.95657151202101	19.760854254331207
-302.59056758653094	-33.873141820178716
-241.9462059397432	26.771219826609013
-269.09937536726136	-0.3819496009091381
-265.86340955495905	2.854016211393173
-243.83171330383118	24.88571246252104
-280.0592916883128	-11.341865921960562
-314.37196311087826	-45.654537344526034
-245.14143862286653	23.57598714348569
-286.3736660099479	-17.656240243595676
-273.2658795433621	-4.548453777009854
-325.06581011026935	-56.34838434391713
-234.58755149492424	34.12987427142798
-297.8783685659531	-29.16094279960089
-270.7619475627092	-2.044521796357003
-273.7169896626823	-4.9995638963300735
-252.58222396848794	16.135201797864283
-295.4326854496561	-26.715259683303884
-248.53287179266988	20.18455397368234
-273.3987766144804	-4.681350848128204
-278.81782582547237	-10.100400059120147
-264.22896057429386	4.4884651920583565
-262.8393224929117	5.878103273440502
-283.85770722412633	-15.140281457774108
-253.10714474478516	15.610281021567062
-293.5501450526302	-24.832719286278007
-305.670557184067	-36.95313141771476
-261.0999849908061	7.617440775546129
-286.03283148869593	-17.315405722343712
-279.5593426822255	-10.841916915873298
-255.54453198592307	13.172893780429149
-263.83571016205894	4.8817156042932766
-219.28156553524093	49.43586023111129
-285.7622542058765	-17.04482843952428
-272.6205212932931	-3.903095526940888
-261.0193054930081	7.698120273344102
-297.85481944363926	-29.137393677287037
-278.3053998776544	-9.587974111302174
-263.0711007553858	5.646325010966393
-279.56990792421345	-10.852482157861232
-282.2948234353047	-13.577397668952472
-264.9378998678243	3.779525898527936
-289.28497173217545	-20.56754596582323
-268.9315882686591	-0.21416250230686273
-280.8435954128894	-12.126169646537164
-295.5829497408507	-26.8655239744985
-303.5499624621974	-34.83253669584519
-300.5987362474501	-31.8813104810979
-237.1236672215258	31.593758544826414
-275.6692453054078	-6.9518195390555775
-298.1658278480703	-29.448402081718086
-271.20664663702553	-2.489220870673307
-253.2044629449323	15.512962821419933
-247.40977083054383	21.307654935808387
-244.0302657359665	24.687160030385712
-299.1287176873542	-30.411291921001975
-290.1786969828339	-21.46127121648169
-274.8508713163268	-6.133445549974567
-279.23459933619085	-10.517173569838633
-259.64273441621697	9.074691350135254
-245.4341797983019	23.283245968050323
-273.02202878397145	-4.304603017619229
-283.7894316924161	-15.072005926063866
-244.33330227393378	24.38412349241844
-284.2438120508981	-15.526386284545879
-260.2823528137036	8.435072952648625
-273.0657065021318	-4.348280735779554
-281.9690373837169	-13.251611617364688
-289.5285983448506	-20.811172578498372
-291.32859336569743	-22.611167599345208
-271.421405331081	-2.7039795647287974
-251.80640190970223	16.91102385664999
-244.07489053245297	24.642535233899252
-291.3395666605742	-22.622140894221957
-269.3575757788443	-0.6401500124920858
-246.04970813414036	22.66771763221186
-269.90042945836683	-1.1830036920146085
-260.4567898244226	8.26063594192965
-251.16543205314736	17.551993713204865
-260.10054316426465	8.616882602087571
-261.9639002452699	6.753525521082338
-259.6849605740084	9.032465192343807
-275.05565636349854	-6.338230597146321
-233.75771421324532	34.9597115531069
-232.2942179115438	36.423207854808425
-260.0713378535969	8.64608791275532
-263.9652876246786	4.75213814167364
-286.5894581946435	-17.872032428291277
-263.73331447992894	4.9841112864232855
-272.60992782288884	-3.892502056536614
-269.7601575925895	-1.0427318262372864
-243.39467283310148	25.32275293325074
-302.8842924135628	-34.166866647210554
-293.4672526915332	-24.74982692518097
-246.09121212944808	22.62621363690414
-307.6350100127405	-38.91758424638829
-282.18049071612256	-13.463064949770342
-242.4152535215493	26.302172244802932
-255.94745526198892	12.7699705043633
-271.18214632657543	-2.4647205602232134
-281.03205953983195	-12.314633773479727
-256.2669516917325	12.450474074619706
-270.0546345261049	-1.3372087597526843
-269.3791456815619	-0.6617199152096873
-254.2901151418431	14.427310624509118
-259.9499875312416	8.767438235110603
-267.124312246708	1.5931135196442483
-240.00056586123026	28.716859905121964
-266.63053112923296	2.086894637119258
-288.0171862177325	-19.29976045138028
-278.73103672849027	-10.013610962138046
-273.1208435605025	-4.4034177941503
-273.86653723493	-5.1491114685777575
-242.7546118712438	25.96281389510841
-272.62025412613946	-3.902828359787236
-274.7841097174336	-6.066683951081359
-264.62848531531415	4.08894045103807
-275.4025789139945	-6.685153147642268
-265.9309612407618	2.786464525590418
-289.8790081277642	-21.161582361412
-264.63859939676547	4.07882636958675
-272.1471505463945	-3.4297247800423065
-255.92427810752486	12.793147658827365
-330.3922370928725	-61.674811326520285
-264.03580103918864	4.68162472716358
-268.63559614879557	0.08182961755665019
-255.38539373420133	13.332032032150892
-288.70478097097146	-19.987355204619234
-249.2431884978963	19.47423726845591
-296.71221989270487	-27.994794126352645
-280.6554812584312	-11.938055492079002
-278.45447198893305	-9.73704622258083
-258.27753418361897	10.439891582733253
-298.3640004036082	-29.64657463725598
-282.24206728799106	-13.524641521638841
-237.0933079037153	31.624117862636922
-258.34298712938687	10.374438636965351
-239.13064011433232	29.5867856520199
-295.6096099966329	-26.89218423028069
-304.7825189565141	-36.06509319016186
-274.92045550228283	-6.203029735930613
-280.0476223936224	-11.330196627270197
-292.73977085842705	-24.02234509207483
-271.9315840092553	-3.2141582429030677
-257.90863438901795	10.808791377334273
-260.04835736254824	8.669068403803976
-281.0854948589498	-12.36806909259758
-249.5672687098944	19.15015705645783
-258.50960346444697	10.207822301905253
-308.2471446439398	-39.529718877587584
-261.66155118833774	7.055874578014482
-286.80042701512355	-18.083001248771325
-265.9945665448562	2.722859221496037
-235.2006774209534	33.51674834539881
-288.01417011153023	-19.296744345178013
-282.0609121437832	-13.343486377430963
-255.2864091808682	13.43101658548403
-260.8490916295508	7.868334136801423
-272.7623502153823	-4.044924449030077
-272.6313102997177	-3.91388453336549
-268.4579477066967	0.25947805965552106
-253.13627672769724	15.581149038654985
-277.04670696930623	-8.329281202954007
-249.6257086313948	19.091717134957435
-265.67006545201946	3.0473603143327637
-261.4199172571483	7.297508509203908
-242.16320285137988	26.554222914972343
-269.6206584251871	-0.9032326588348951
-280.15682420633163	-11.439398439979414
-276.11464579143865	-7.397220025086426
-256.5650601511828	12.152365615169401
-239.57038797337225	29.147037792979972
-294.29403442321416	-25.576608656861936
-297.90811226808944	-29.19068650173722
-298.5178621800536	-29.80043641370139
-267.99072755375016	0.7266982126020594
-281.3867582156621	-12.669332449309877
-242.71774329916877	25.999682467183447
-281.9927584717756	-13.275332705423352
-267.8239510047082	0.8934747616440291
-287.42934244832793	-18.71191668197571
-294.6521299945547	-25.934704228202463
-274.4354500022258	-5.7180242358735995
-318.0862049325609	-49.3687791662087
-281.2740516000871	-12.55662583373487
-262.0362967526547	6.6811290136975
-245.27070576551557	23.44672000083665
-248.0891917144421	20.628234051910113
-251.70928926078557	17.008136505566654
-319.3972828035861	-50.67985703723389
-254.9315530451662	13.785872721186024
-278.672629257528	-9.95520349117578
-264.3972425042833	4.320183262068895
-248.44493956065924	20.272486205692985
-284.8059322943394	-16.088506527987192
-262.05304617071886	6.664379595633363
-256.07621204081295	12.641213725539274
-297.69628341581335	-28.978857649461133
-231.74024840848358	36.97717735786864
-261.13552432751237	7.58190143883985
-276.19583349975653	-7.47840773340431
-280.5978001901043	-11.880374423752073
-317.91936146327714	-49.20193569692492
-253.92347563590226	14.793950130449957
-250.8222995282216	17.895126238130615
-294.8232746638772	-26.105848897524993
-267.28431873087027	1.433107035481953
-258.286815412774	10.430610353578231
-262.90434617410426	5.813079592247959
-292.50307208859374	-23.78564632224152
-272.8483208299825	-4.130895063630305
-253.06117486672372	15.656250899628503
-257.7677831522691	10.949642614083132
-303.0400482746576	-34.32262250830536
-290.8201972951741	-22.102771528821904
-256.7975027156011	11.919923050751095
-268.9469325285121	-0.22950676215987187
-286.49586165772996	-17.77843589137774
-251.20161645796395	17.51580930838827
-232.25471946721734	36.46270629913488
-274.12718346816325	-5.409757701811031
-259.7286761655945	8.988749600757728
-258.58733888950735	10.13008687684487
-214.14992494582327	54.56750082052895
-261.0967757044076	7.620650061944616
-291.09985018602526	-22.382424419673043
-270.93484649070376	-2.217420724351541
-284.2837980068092	-15.566372240456985
-257.2663667718392	11.451058994513005
-284.69786911617337	-15.980443349821144
-267.67855565467687	1.038870111675351
-306.83123039300915	-38.11380462665693
-261.6288307272574	7.088595039094798
-265.7442506035244	2.973175162827829
-291.0327303970065	-22.315304630654282
-284.3911480248738	-15.673722258521593
-271.21996021789744	-2.502534451545216
-251.85275988587307	16.86466588047915
-275.8600929656044	-7.142667199252173
-225.09480285894313	43.622622907409095
-265.367166386592	3.350259379760246
-260.5848791659904	8.13254660036182
-240.99229900486023	27.725126761491993
-267.9173661043409	0.8000596620113356
-258.3986141015288	10.318811664823443
-302.84335610616324	-34.12593033981102
-260.0452052862041	8.672220480148098
-257.14284755645565	11.574578209896572
-256.77566449912626	11.941761267225957
-301.08107440520905	-32.36364863885683
-258.24329217559205	10.474133590760175
-248.4661368273613	20.25128893899091
-251.91599234433158	16.801433422020636
-291.20372952211835	-22.48630375576613
-276.01830478994304	-7.300879023590824
-282.9484923984222	-14.231066632069997
-277.9478502824735	-9.230424516121275
-274.35252350115695	-5.635097734804731
-302.35411206969945	-33.63668630334723
-230.03049988229247	38.68692588405975
-283.18364382169455	-14.466218055342324
-293.2804360627873	-24.563010296435095
-277.1651350852866	-8.447709318934358
-248.58994548089174	20.12748028546048
-287.7208747038334	-19.003448937481153
-264.7967201321102	3.92070563424204
-232.4585480771733	36.25887768917892
-279.8747410698219	-11.157315303469659
-246.7096948118509	22.007730954501312
-272.9025615439408	-4.1851357775885845
-273.1448227656605	-4.427396999308257
-278.1171119357117	-9.399686169359484
-287.85996203876346	-19.142536272411235
-296.86308843196673	-28.14566266561451
-272.19109264939686	-3.4736668830446433
-249.40480366261397	19.31262210373825
-256.47482600183355	12.242599764518673
-225.58527394945338	43.13215181689884
-277.8871730394843	-9.169747273132089
-278.67533168955777	-9.957905923205544
-263.8985608295865	4.818864936765749
-274.66121645777673	-5.94379069142451
-271.43030303986814	-2.7128772735159146
-258.74816676455737	9.969259001794853
-268.2359292952991	0.4814964710531058
-291.4027182757221	-22.6852925093699
-267.2537218231249	1.4637039432273014
-261.31845311611903	7.3989726502331905
-283.4105320503826	-14.693106284030364
-293.65755140192994	-24.940125635577715
-266.1428205855867	2.574605180765502
-263.87821905800445	4.839206708347774
-283.1832749166009	-14.465849150248687
-279.89296337915073	-11.175537612798507
-268.33106505822286	0.3863607081293594
-313.2763811814606	-44.55895541510836
-278.3156201414771	-9.598194375124876
-253.89021200200148	14.827213764350745
-266.33698603137816	2.380439734974061
-265.7989086398687	2.9185171264834935
-274.15194315374026	-5.434517387388041
-240.83396644243692	27.883459323915304
-283.49754511849676	-14.780119352144538
-275.82822763239744	-7.110801866045222
-250.65712641222706	18.060299354125164
-269.27547448120674	-0.5580487148545217
-290.5555982313475	-21.838172464995296
-258.5042547141005	10.21317105225171
-250.6964872029297	18.020938563422533
-255.98920464321634	12.728221123135881
-289.7423564614386	-21.02493069508637
-266.81978785692843	1.8976379094237927
-284.86442420718447	-16.14699844083225
-291.22798630041723	-22.510560534065007
-259.3918669205981	9.32555884575413
-283.8402347907926	-15.122809024440357
-242.79209399166064	25.925331774691585
-278.31011350338883	-9.592687737036613
-287.202674557799	-18.485248791446793
-221.81595962162316	46.901466144729056
-252.77065058690857	15.946775179443648
-237.46591854758515	31.251507218767074
-250.86797936555593	17.849446400796296
-261.5762367566298	7.141189009722439
-255.73158906277456	12.985836703577661
-280.4335534900405	-11.71612772368826
-287.26736646810093	-18.54994070174871
-278.9310657324189	-10.213639966066694
-296.93672514671414	-28.219299380361917
-304.6648627547496	-35.947436988397385
-247.68861210162356	21.02881366472866
-271.82461511346116	-3.1071893471089425
-282.2462300297142	-13.528804263361963
-260.94948153898656	7.7679442273656605
-245.96098829029722	22.756437476054998
-292.6276212743636	-23.910195508011384
-253.77584862324363	14.941577143108589
-306.3668011535286	-37.649375387176406
-261.1787055624103	7.538720203941921
-273.3446043933021	-4.627178626949899
-239.35095887207206	29.366466894280165
-290.71605096425117	-21.998625197898946
-276.1511322683167	-7.43370650196448
-287.60861536811933	-18.89118960176711
-256.1815368702031	12.535888896149117
-298.39116692376626	-29.673741157414042
-293.61187121198816	-24.894445445635938
-230.84987099586067	37.86755477049155
-254.9922106315156	13.725215134836617
-254.5497283746903	14.167697391661932
-243.54400319448393	25.173422571868286
-272.41990732616466	-3.7024815598124405
-247.24399978454528	21.47342598180694
-268.60162328305375	0.11580248329846654
-261.52198804640864	7.195437719943584
-269.1631201905933	-0.44569442424108274
-271.5231877471182	-2.805761980765965
-257.2559247098201	11.461501056532143
-295.38585421705864	-26.668428450706415
-271.44896603401355	-2.7315402676613303
-266.2132838406345	2.504141925717704
-258.6709330510588	10.046492715293425
-269.06859906926763	-0.35117330291541293
-246.96113483111037	21.75629093524185
-243.41790370852175	25.299522057830472
-263.0073846278923	5.710041138459928
-306.2613199908177	-37.543894224465475
-250.6390403488425	18.078385417509708
-263.46308833083674	5.254337435515481
-244.3485877469451	24.36883801940712
-241.33995231413644	27.37747345221578
-255.0970407018707	13.620385064481525
-286.7387786223502	-18.021352855997975
-267.2384523188033	1.478973447548924
-285.50889156870323	-16.791465802351013
-265.40990482730047	3.3075209390517557
-253.74474516478438	14.972680601567845
-288.62085055761634	-19.903424791264115
-247.74877559043887	20.968650175913353
-260.5853829927022	8.132042773650028
-259.8837604054082	8.833665360943996
-255.72148858301296	12.995937183339265
-313.6640610305425	-44.94663526419026
-253.71782251054026	14.999603255811962
-300.8998012682954	-32.18237550194317
-283.1195840449458	-14.40215827859356
-283.07131955897273	-14.35389379262051
-278.7039928877151	-9.986567121362896
-277.299414274656	-8.581988508303766
-266.7274484537287	1.9899773126235232
-294.946481687943	-26.22905592159077
-267.0084425007029	1.7089832656492945
-291.1018904308679	-22.38446466451569
-259.32481539758226	9.392610368769965
-254.26657550529706	14.450850261055166
-269.4528159329733	-0.7353901666210731
-310.24736645871087	-41.52994069235865
-274.67205121411314	-5.954625447760918
-281.7828417631048	-13.065415996752563
-270.515957747741	-1.7985319813888054
-250.99327314079926	17.72415262555296
-293.3437794518635	-24.626353685511276
-277.78542619115103	-9.06800042479881
-277.66464838891477	-8.947222622562549
-270.5159004615947	-1.7984746952424757
-282.286857685884	-13.56943191953178
-257.4931421372261	11.224283629126148
-259.6614524708806	9.055973295471631
-287.36758561484237	-18.650159848490148
-253.49148725885095	15.225938507501269
-262.33021436414344	6.387211402208777
-284.43426376324567	-15.716837996893446
-228.39600206807734	40.321423698274884
-255.71770496779425	12.999720798557973
-261.50205194364605	7.2153738227061694
-254.20202256590198	14.515403200450237
-260.1045867533925	8.61283901295974
-284.54118690774555	-15.823761141393334
-273.3650876635169	-4.647661897164653
-280.54797138814536	-11.830545621793135
-251.71508855044738	17.002337215904845
-279.6871397146555	-10.969713948303252
-266.9462456684072	1.7711800979450345
-252.57302323738475	16.144402528967476
-276.2358155456408	-7.518389779288555
-274.8772643945798	-6.15983862822759
-276.1502627597023	-7.432836993350065
-240.91028401377332	27.8071417525789
-260.91932222527464	7.79810354107758
-260.0402134748532	8.677212291499018
-264.8644858770807	3.8529398892715108
-266.93835656088265	1.7790692054695683
-287.08041034594714	-18.362984579594922
-257.41748827041954	11.299937495932681
-268.60407749835065	0.11334826800157316
-270.95533405865206	-2.237908292299835
-266.3582498135605	2.359175952791702
-259.1294883361501	9.587937430202146
-252.73211709307577	15.98530867327645
-269.0998435606838	-0.382417794331559
-278.8514517620009	-10.134025995648699
-269.71858476484556	-1.001158998493338
-241.38882002561365	27.328605740738567
-240.52782846947446	28.189597296877764
-276.57649615682965	-7.859070390477427
-279.2800086877054	-10.562582921353169
-278.9624155126461	-10.244989746293868
-279.2239740753379	-10.506548308985657
-275.88597553445504	-7.168549768102821
-289.4879897877348	-20.770564021382597
-311.6055728630257	-42.88814709667349
-247.3001964456438	21.41722932070843
-285.5740996078042	-16.856673841451993
-250.86393406285276	17.853491703499458
-256.33505105213624	12.382374714215985
-262.21412651748176	6.503299248870462
-300.6329361328775	-31.915510366525268
-245.8625466224861	22.85487914386613
-288.7044854387153	-19.987059672363102
-260.51178827316687	8.20563749318535
-273.2925907656121	-4.575164999259869
-284.5057334759571	-15.788307709604851
-242.99338338970335	25.724042376648868
-256.67044504569856	12.046980720653664
-233.69345361946978	35.02397214688244
-275.0010145302025	-6.283588763850275
-281.80639167225524	-13.088965905903024
-271.1471245602537	-2.42969879390148
-280.266880855483	-11.549455089130788
-248.30150308471127	20.41592268164095
-242.3512963834313	26.366129382920917
-226.86988470935682	41.8475410569954
-276.31140043769335	-7.59397467134113
-256.2174979202631	12.499927846089122
-319.27579624123825	-50.55837047488603
-298.17069800970273	-29.45327224335051
-230.63043519090058	38.08699057545164
-290.6081420217182	-21.890716255365987
-238.41090277987894	30.306522986473283
-265.0710293223914	3.646396443960839
-255.23323450594978	13.48419126040244
-255.4157749726677	13.30165079368453
-271.8735561928719	-3.156130426519667
-303.2819555153786	-34.564529749026406
-261.5991577520275	7.118268014324713
-264.4430923687854	4.2743333975668065
-249.76487922114973	18.952546545202495
-267.04958408257005	1.6678416837821715
-264.59935886207165	4.1180669042805675
-280.083544721458	-11.366118955105776
-271.4315750372283	-2.714149270876078
-242.53618986316212	26.1812359031901
-262.7224197621348	5.99500600421743
-271.6115157983098	-2.894090031957603
-255.2871161881725	13.430309578179731
-287.8217895780348	-19.10436381168256
-289.3099871385151	-20.59256137216289
-276.4817876808469	-7.764361914494657
-294.14827814531816	-25.430852378965938
-276.06169943150087	-7.344273665148648
-257.4667009654171	11.250724800935131
-297.15944529334445	-28.442019526992226
-249.64421104274004	19.073214723612182
-256.8795850845439	11.837840681808302
-244.66442249576573	24.053003270586487
-313.71230321848486	-44.99487745213264
-268.2230872671447	0.49433849920751527
-292.41405731513294	-23.696631548780715
-269.9078797248752	-1.190453958522994
-313.1043625821716	-44.386936815819354
-254.9901587851149	13.727266981237335
-293.2593531909464	-24.541927424594178
-233.70928764847702	35.008138117875205
-282.67974485479715	-13.962319088444929
-270.9058726419993	-2.1884468756470596
-266.7201847260825	1.9972410402697278
-252.30280571824767	16.414620048104553
-261.3322084804771	7.385217285875115
-251.1207532987413	17.596672467610915
-250.29687498129567	18.420550785056548
-269.09849793684623	-0.3810721704940079
-264.06172656459455	4.65569920175767
-292.2553470049992	-23.53792123864696
-313.5131253916137	-44.79569962526148
-262.51703278421553	6.200392982136691
-277.13441765609093	-8.41699188973871
-259.2386087400613	9.478817026290926
-252.7223401970208	15.995085569331422
-251.88100678096305	16.836418985389173
-269.5474140992395	-0.8299883328872966
-241.01651850672567	27.700907259626547
-277.40296333434014	-8.685537567987922
-308.5128009928834	-39.79537522653118
-306.404714386745	-37.68728862039279
-320.0035040954775	-51.2860783291253
-281.3571893700522	-12.639763603699976
-266.6482718892461	2.069153877106146
-275.597851135661	-6.880425369308796
-254.41320770499658	14.304218061355641
-247.79757893083513	20.91984683551709
-257.8356046173816	10.88182114897063
-297.1122446508474	-28.39481888449518
-254.08098114942038	14.63644461693184
-284.7249857612136	-16.007559994861367
-273.33184466427554	-4.614418897923315
-273.6654359277403	-4.948010161388083
-277.5224400669489	-8.805014300596667
-276.63773706097925	-7.920311294627027
-264.14679398764054	4.570631778711686
-252.66841503776448	16.049010728587746
-256.259540821144	12.457884945208207
-273.0853797448748	-4.367953978522564
-293.35592538697017	-24.63849962061795
-276.73537125503424	-8.017945488682017
-249.17629480848916	19.54113095786306
-288.8630785362715	-20.145652769919252
-267.63771903479426	1.0797067315579625
-293.9798737764162	-25.262448010063963
-271.4346087593825	-2.717182993030292
-260.15691456224374	8.56051120410848
-268.3855058167777	0.33191994957451243
-277.2460654461414	-8.528639679789194
-281.389490641954	-12.67206487560179
-291.23079546070437	-22.51336969435215
-287.46591959765135	-18.74849383129913
-284.6630717167085	-15.945645950356266
-276.4904781221943	-7.773052355842083
-286.1697154294037	-17.452289663051488
-286.97347448316066	-18.256048716808436
-268.63787000132504	0.07955576502718031
-245.24551863957674	23.471907126775477
-256.56894969424536	12.14847607210686
-248.33297157065897	20.38445419569325
-271.7186002883485	-3.0011745219962904
-239.28903918845242	29.4283865778998
-250.69680166826072	18.020624098091503
-241.4188233035478	27.29860246280441
-265.832944321994	2.8844814443582436
-288.699219984623	-19.981794218270807
-237.82176282251964	30.895662943832576
-293.78764255856584	-25.070216792213614
-272.08881011142	-3.3713843450677814
-287.4347795740126	-18.717353807660402
-292.7657220185305	-24.04829625217826
-278.60414125801833	-9.88671549166611
-270.06318684273936	-1.3457610763871344
-268.6084372052377	0.10898856111452915
-239.3531388719806	29.364286894371617
-262.5310781335087	6.186347632843535
-281.2022530397029	-12.484827273350675
-246.0824159869902	22.635009779362008
-252.01606559477875	16.70136017157347
-284.02453273291246	-15.30710696656024
-289.2428192872852	-20.525393520932994
-265.5051295902907	3.2122961760615
-241.26931653830468	27.448109228047542
-269.8128768967093	-1.0954511303571053
-269.6817570511288	-0.9643312847765628
-279.83057137205685	-11.11314560570463
-277.9711283977907	-9.2537026314385
-260.7912496186276	7.926176147724618
-244.5148352846976	24.202590481654624
-249.62356664050674	19.093859125845484
-234.4892115388451	34.228214227507124
-281.07575068047515	-12.358324914122932
-278.8267928375666	-10.109367071214365
-294.9582606768039	-26.240834910451667
-272.665862092423	-3.948436326070805
-266.60887418328855	2.1085515830636723
-282.7048481918995	-13.987422425547265
-279.7035024347373	-10.986076668385067
-286.76018824827986	-18.04276248192764
-240.33597433473403	28.38145143161819
-277.5674039487734	-8.849978182421182
-291.60256433009124	-22.88513856373902
-246.98134041856463	21.736085347787593
-260.23510562128865	8.482320145063568
-296.9050732223644	-28.1876474560122
-249.56728792213323	19.15013784421899
-283.67588645046123	-14.958460684109014
-268.53777754719556	0.17964821915666107
-291.96366422653443	-23.246238460182212
-239.832249946145	28.885175820207223
-260.1314945031139	8.585931263238308
-258.1463730717609	10.571052694591344
-277.671231783252	-8.953806016899762
-269.3704252836418	-0.6529995172895724
-251.59820448174503	17.119221284607193
-261.22863550134423	7.488790265007992
-261.783551795956	6.933873970396235
-245.02851741291886	23.688908353433362
-239.7792219140632	28.938203852289007
-252.84273217842053	15.874693587931688
-277.888496109745	-9.171070343392785
-291.15402414902417	-22.436598382671946
-282.58840520293813	-13.870979436585912
-300.26075858850743	-31.543332822155207
-268.49074869424874	0.22667707210348453
-223.8843259554509	44.83309981090133
-291.88637882854744	-23.168953062195214
-300.91610415445246	-32.198678388100234
-267.9660079015397	0.751417864812538
-268.2130081103627	0.5044176559895277
-262.8096175533086	5.907808213043609
-287.9528934041249	-19.235467637772672
-249.75641834167834	18.96100742467388
-257.9961711230811	10.721254643271095
-276.2591231522332	-7.54169738588098
-321.61196282969684	-52.894537063344615
-258.7536697590789	9.963756007273332
-279.61609181212623	-10.898666045774007
-282.9212455659093	-14.203819799557095
-232.35554673440708	36.361879031945136
-268.5382159108507	0.17920985550154
-263.4826347263246	5.2347910400276305
-287.82817441247823	-19.110748646126012
-274.0416362390191	-5.324210472666891
-280.5793993101346	-11.86197354378237
-241.20278788462235	27.51463788172987
-243.21916451860523	25.498261247746996
-295.84019811944233	-27.122772353090113
-241.55516938985454	27.16225637649768
-251.3380978918234	17.379327874528826
-258.0970416258882	10.620384140464012
-283.14238492337824	-14.424959157026024
-224.9180984063081	43.79932736004412
-267.4806121898531	1.2368135764991166
-264.7105709155534	4.006854850798845
-299.9774872530637	-31.260061486711493
-271.04439146333095	-2.326965696978732
-271.2266546729319	-2.509228906579665
-252.28583576804738	16.431589998304844
-265.4730761223858	3.244349643966416
-238.8621386203107	29.85528714604152
-287.5641238653137	-18.846698098961497
-289.5796831878346	-20.862257421482354
-254.0362287864067	14.681196979945526
-265.07704724279245	3.640378523559775
-243.6506157567586	25.06681000959361
-259.66599731078384	9.051428455568384
-254.73561804070266	13.98180772564956
-227.44733558015503	41.270090186197194
-254.12480491811073	14.592620848241495
-223.88572699372378	44.83169877262844
-266.25691082192714	2.4605149444250856
-287.5710750984093	-18.853649332057103
-265.1399083229429	3.577517443409306
-273.1380219427323	-4.420596176380059
-260.10796582587716	8.609459940475062
-265.8402649754229	2.877160790929338
-282.40669849473704	-13.689272728384822
-298.9614353711462	-30.244009604793973
-264.8676212510858	3.8498045152664417
-288.5507842609171	-19.83335849456489
-248.40120889619936	20.316216870152857
-311.77054846996396	-43.053122703611734
-273.7657070036606	-5.048281237308402
-292.22532405265736	-23.507898286305135
-271.78354597063515	-3.0661202042829245
-295.2476283356176	-26.530202569265384
-234.06899483630912	34.648430930043105
-272.68742273264286	-3.969996966290637
-271.3347923396308	-2.6173665732785594
-314.2991689057184	-45.581743139366154
-274.57754387282546	-5.860118106473237
-253.24142940787203	15.475996358480188
-270.8684284619761	-2.1510026956239017
-283.88404558985565	-15.166619823503424
-265.12512049758004	3.5923052687721793
-315.84636067640747	-47.12893491005525
-259.91933592214843	8.798089844203787
-249.09480474105874	19.622621025293483
-300.30241137291375	-31.58498560656153
-241.76668769938476	26.95073806696746
-265.54072508998286	3.1767006763693644
-280.1749508658635	-11.457525099511258
-305.287998380178	-36.57057261382579
-261.3436495646696	7.373776201682631
-236.11940092035582	32.598024845996406
-311.63190398108634	-42.91447821473412
-268.49410784459394	0.22331792175828014
-279.02797082141694	-10.310545055064722
-288.3584051238962	-19.640979357543983
-258.85580775909546	9.861618007256766
-263.0002574351769	5.717168331175344
-289.09131892171933	-20.373893155367114
-282.59563252783335	-13.878206761481124
-305.8204038731295	-37.1029781067773
-287.2282093451016	-18.510783578749397
-311.88875179970125	-43.17132603334903
-295.75242781899067	-27.035002052638447
-219.57902880348627	49.138396962865954
-264.9915060601146	3.725919706237619
-259.6486605987542	9.06876516759803
-274.32903355566157	-5.611607789309346
-292.17835087610945	-23.460925109757227
-240.504312281157	28.21311348519521
-231.55379143783136	37.16363432852086
-244.63999351318705	24.07743225316517
-267.09842275618064	1.619003010171582
-265.59536037878786	3.122065387564362
-284.05954211118876	-15.34211634483654
-306.5765845108202	-37.859158744468004
-232.35789209677966	36.359533669572556
-282.69352953305713	-13.97610376670491
-259.4259548447393	9.291470921612927
-278.19106974124804	-9.473643974895822
-281.37853338225466	-12.661107615902438
-263.9699801982009	4.747445568151306
-247.6247248454696	21.092700920882635
-280.7371739453614	-12.019748179009184
-268.3563507726161	0.3610749937361106
-301.3187382373384	-32.60131247098616
-279.4243262197218	-10.706900453369599
-271.79350962434034	-3.076083857988124
-280.3053525276431	-11.587926761290873
-277.246636929029	-8.529211162676802
-285.04151745959314	-16.324091693240916
-274.88234874898114	-6.164922982628923
-289.099639887247	-20.382214120894787
-289.6917773828558	-20.974351616503554
-266.1940626194795	2.5233631468727253
-258.9711637607055	9.746262005646713
-259.14346554183646	9.573960224515758
-260.0970340549196	8.620391711432603
-281.00059455661756	-12.283168790265336
-279.5437929178537	-10.826367151501472
-250.60037424360996	18.11705152274226
-278.07484629206954	-9.357420525717316
-337.3296563737043	-68.6122306073521
-254.31058406609588	14.406841700256336
-265.1089561806242	3.6084695857280167
-265.7839906753019	2.9334350910503417
-289.07524111803866	-20.35781535168644
-267.50616229614604	1.2112634702061769
-252.93703385380866	15.780391912543564
-270.9457722085011	-2.2283464421489043
-278.22277310669085	-9.50534734033863
-256.465650708555	12.251775057797204
-274.30685737911915	-5.58943161276693
-267.42776485149295	1.2896609148592688
-260.59668971861026	8.120736047741957
-257.9508598434717	10.766565922880545
-277.7501832897491	-9.032757523396867
-257.853460974375	10.863964791977196
-258.49825811954577	10.219167646806454
-269.5910499766127	-0.8736242102604592
-297.9629904949928	-29.245564728640602
-279.4619154085325	-10.74448964218027
-259.5458311420465	9.171594624305726
-271.5945474694548	-2.8771217031026026
-277.1443595210534	-8.426933754701167
-235.80640635691304	32.91101940943918
-273.3412658069959	-4.6238400406436995
-258.22245456996677	10.49497119638545
-247.20829226419517	21.509133502157056
-291.2506060628606	-22.533180296508363
-267.43905215478514	1.2783736115670763
-246.51804303314782	22.199382733204402
-259.6609162516637	9.056509514688514
-297.33248287206004	-28.61505710570782
-260.15529556650506	8.56213019984716
-281.0417220544281	-12.324296288075857
-265.2548730173679	3.462552748984308
-253.1081097608061	15.609316005546134
-252.2648595906743	16.45256617567793
-288.3814904946579	-19.664064728305675
-254.4939013919451	14.223524374407134
-263.1935330416403	5.523892724711914
-259.1992034572271	9.518222309125122
-286.33299722861045	-17.61557146225823
-291.696552277101	-22.979126510748756
-258.8449341554318	9.872491610920406
-257.6479927347922	11.069433031560038
-280.89350939810754	-12.176083631755318
-254.26398720801296	14.453438558339258
-282.8104287297996	-14.093002963447361
-285.64641974497715	-16.92899397862493
-292.5239872186452	-23.806561452292954
-256.1136282522151	12.603797514137113
-274.2628897191993	-5.545463952847058
-286.1989427085158	-17.48151694216358
-296.2292269874255	-27.511801221073256
-279.48621824748477	-10.76879248113255
-253.45599916623394	15.261426600118284
-269.199444947861	-0.48201918150880374
-255.02080989708554	13.69661586926668
-278.84661603118946	-10.129190264837234
-262.538672677469	6.178753088883241
-281.11489995143563	-12.39747418508341
-273.35810581787734	-4.640680051525123
-233.1783464168933	35.539079349458916
-259.1247381036468	9.59268766270543
-249.70974991999753	19.007675846354687
-275.7597292874947	-7.042303521142458
-265.0564636092407	3.6609621571114985
-265.2530618460827	3.464363920269534
-262.94604700579146	5.771378760560765
-257.78033220815485	10.937093558197375
-243.93337124837342	24.784054517978802
-255.07026694900776	13.647158817344462
-245.5416881533987	23.175737612953526
-226.8793628608786	41.838062905473635
-251.7584512303241	16.95897453602811
-276.954483988486	-8.237058222133783
-235.88468735276035	32.83273841359187
-301.1920627667663	-32.47463700041408
-246.8158926212585	21.90153314509371
-238.58852095141845	30.128904814933776
-287.3639033236053	-18.646477557253093
-267.2928082359962	1.4246175303560449
-281.269774218012	-12.552348451659782
-253.3061616562867	15.411264110065531
-282.36279246778065	-13.64536670142843
-273.7278037335876	-5.010377967235399
-306.50659356454923	-37.78916779819701
-275.6662970082201	-6.9488712418678915
-283.8204100782408	-15.102984311888576
-297.60180055318995	-28.884374786837725
-248.03060484118248	20.68682092516974
-270.6341901147192	-1.9167643483669963
-283.88735353634763	-15.169927769995411
-279.9924058046694	-11.274980038317153
-273.25854833262053	-4.541122566268314
-267.5414478427505	1.1759779236017494
-273.50024504262035	-4.782819276268128
-291.8946536632087	-23.177227896856493
-298.6365652289918	-29.919139462639578
-271.591898551584	-2.8744727852317737
-301.2357123872738	-32.51828662092157
-274.6675707570197	-5.950144990667468
-283.99081222360326	-15.273386457251036
-282.44019035776216	-13.722764591409941
-265.99608914814087	2.721336618211353
-268.93566699535074	-0.21824122899852227
-261.7910014791654	6.926424287186819
-295.4505959414622	-26.73317017510999
-266.08303850440495	2.6343872619472677
-271.85426468807634	-3.13683892172412
-279.90915048826207	-11.19172472190985
-281.4438725036256	-12.726446737273363
-280.2467041245785	-11.529278358226293
-237.46881368498214	31.248612081370084
-273.8026741914749	-5.0852484251227
-260.87984624166927	7.837579524682951
-273.0633357140417	-4.345909947689506
-267.8369036584576	0.8805221078946488
-274.17663025075524	-5.459204484403017
-293.45582001536457	-24.738394249012345
-240.3909763585783	28.326449407773907
-276.9453330882192	-8.227907321866951
-263.71170475797624	5.0057210083759855
-271.854294174302	-3.1368684079498053
-297.60472599908314	-28.887300232730922
-261.24718794534635	7.470237821005867
-286.3017301669846	-17.58430440063239
-256.1089948289249	12.608430937427329
-279.3381167872525	-10.620691020900267
-257.44396709020145	11.273458676150767
-287.633122706315	-18.9156969399628
-280.0356733114262	-11.318247545073973
-290.4642784375559	-21.74685267120367
-294.4712251230761	-25.753799356723903
-316.89962114545995	-48.182195379107725
-257.4341028059083	11.283322960443911
-293.90979688683944	-25.192371120487223
-257.24845652488364	11.468969241468585
-260.45040730236576	8.26701846398646
-254.20490778101737	14.512517985334853
-265.4389286018071	3.278497164545115
-277.22755548831844	-8.510129721966223
-251.63259941595095	17.084826350401272
-246.91097779024346	21.806447976108757
-266.6951927775757	2.0222329887765227
-295.40044862836146	-26.68302286200924
-255.00094965871028	13.716476107641938
-269.3522728173069	-0.6348470509547042
-257.8502481494455	10.867177616906702
-271.2542340922322	-2.5368083258799743
-283.6236846894993	-14.906258923147107
-297.3424672234054	-28.625041457053158
-265.90360597868346	2.8138197876687627
-261.7298979493447	6.9875278170075035
-252.5080352713361	16.209390495016123
-250.28513481972402	18.4322909466282
-287.74258834614955	-19.025162579797325
-258.86531962753577	9.852106138816453
-309.97123999610847	-41.253814229756244
-268.4005698288478	0.3168559375044424
-239.74696396641446	28.970461799937766
-286.56726856555395	-17.849842799201724
-294.0120252215369	-25.294599455184652
-253.06745006725612	15.649975699096103
-246.56990250051092	22.1475232658413
-281.0097488587147	-12.292323092362494
-290.3961299700553	-21.67870420370309
-246.4511453679828	22.266280398369418
-277.876492066231	-9.15906629987876
-301.11700644636073	-32.39958068000851
-299.933763974865	-31.216338208512752
-251.2494972333319	17.467928533020313
-296.0497344165291	-27.332308650176856
-303.80519577757	-35.0877700112178
-281.2514608337027	-12.534035067350487
-260.47825289978425	8.23917286656797
-253.85766422056838	14.85976154578384
-287.6177279916395	-18.900302225287305
-252.3667041207467	16.350721645605518
-312.92687785237865	-44.20945208602643
-261.64190551776335	7.075520248588873
-281.4309680704704	-12.713542304118164
-253.8081642518904	14.909261514461832
-257.44938225611475	11.268043510237476
-290.87386592871405	-22.156440162361832
-294.1046969470284	-25.38727118067618
-250.51420835844544	18.203217407906777
-247.92060564997735	20.796820116374874
-297.74838397025667	-29.030958203904447
-267.32400430665655	1.3934214596956735
-276.02045221914375	-7.303026452791528
-259.32392200899847	9.393503757353756
-297.93865424702597	-29.221228480673744
-289.06451715334913	-20.347091386996908
-281.01408009949444	-12.296654333142214
-248.78392219825253	19.933503568099695
-300.0962374300674	-31.37881166371517
-264.9194179472928	3.7980078190594213
-257.6747211527494	11.042704613602837
-253.79631978374744	14.921105982604786
-272.9826417817334	-4.2652160153811565
-250.1010767137144	18.616349052637815
-279.3397257692217	-10.622300002869451
-246.17208572066227	22.545340045689954
-264.36522378339794	4.352201982954284
-299.73596697169194	-31.018541205339716
-294.74243571933255	-26.025009952980326
-284.6634893732065	-15.946063606854295
-260.8795239998384	7.8379017665138235
-271.22087985570613	-2.503454089353909
-251.25280388349563	17.46462188285659
-268.72175614357764	-0.00433037722541485
-276.75917796985084	-8.041752203498618
-278.8695991647495	-10.15217339839728
-284.59819472983725	-15.880768963485025
-282.7814620502562	-14.064036283903988
-260.07217509777763	8.64525066857459
-240.18041017348366	28.537015592868556
-276.86562285557227	-8.148197089220048
-275.43796696926654	-6.720541202914319
-260.6267511869031	8.090674579449114
-270.28629253681936	-1.5688667704671388
-291.19876218272327	-22.48133641637105
-282.9089984007827	-14.191572634430486
-263.1557583097841	5.561667456568102
-252.30402675043513	16.413399015917093
-263.70505896069005	5.012366805662168
-263.7463133301011	4.971112436251133
-258.7708638442076	9.94656192214461
-295.251379038173	-26.533953271820792
-265.07723156397185	3.6401942023803713
-243.89568341090705	24.821742355445167
-256.25745497195237	12.459970794399851
-260.4836905835931	8.23373518275912
-279.6872826441198	-10.969856877767597
-277.6099545913843	-8.892528825032059
-260.60669497386914	8.110730792483082
-262.3550839434705	6.362341822881717
-298.05939246525884	-29.341966698906617
-305.1634166996322	-36.44599093327997
-261.5957997509489	7.121626015403308
-283.29322246128356	-14.575796694931341
-246.0077801314568	22.709645634895423
-308.6832492931811	-39.9658235268289
-279.82786777709623	-11.11044201074401
-283.7637390781987	-15.046313311846461
-267.7020471448144	1.0153786215378204
-252.0479915610871	16.669434205265134
-263.4004609266216	5.316964839730645
-297.10955519246124	-28.392129426109022
-263.74291103874054	4.974514727611677
-298.3647032826651	-29.647277516312897
-273.0054992073368	-4.28807344098459
-239.17724463507545	29.540181131276768
-277.4083009403788	-8.690875174026587
-267.32714143039846	1.3902843359537655
-323.51606275375013	-54.79863698739791
-256.4721773863224	12.245248380029807
-265.88244448208786	2.8349812842643587
-315.9719202546934	-47.25449448834115
-271.52735254828656	-2.8099267819343368
-261.96671965439816	6.7507061119540595
-261.12286939088733	7.59455637546489
-270.4875803829003	-1.7701546165480977
-293.3572431114393	-24.639817345087067
-264.65014442946483	4.06728133688739
-254.89992757728976	13.817498189062462
-243.7998316703255	24.917594096026733
-285.17676414032246	-16.45933837397024
-273.8853378155567	-5.16791204920446
-256.4719325334685	12.245493232883746
-291.34432854380645	-22.626902777454234
-269.44124673971453	-0.723820973362308
-266.2595799059294	2.4578458604228217
-266.8923660950044	1.8250596713478444
-246.832497287391	21.88492847896123
-251.25153614935186	17.465889617000357
-274.8153833642376	-6.097957597885397
-236.7470779447125	31.970347821639734
-296.63415623441176	-27.91673046805954
-250.2718435068913	18.445582259460934
-245.03637198967988	23.681053776672343
-244.82708171962656	23.89034404672566
-254.52170231186972	14.195723454482504
-312.37792409044994	-43.660498324097716
-279.7967703888811	-11.079344622528879
-250.37337406601944	18.344051700332784
-305.28358190424694	-36.56615613789472
-276.1992650250562	-7.481839258703985
-258.0269175484667	10.690508217885508
-248.02272154156014	20.694704224792076
-234.61763950631791	34.09978626003431
-256.41735994663975	12.300065819712472
-273.9318361188874	-5.214410352535197
-257.09580368219247	11.621622084159753
-247.52077472785675	21.196651038495474
-270.68051021632925	-1.963084449977032
-210.29718335317227	58.42024241317995
-279.8508985463362	-11.133472779984004
-249.57045285819402	19.146972908158205
-296.4366641867913	-27.71923842043907
-253.24965004910553	15.467775717246695
-237.85629081518925	30.861134951162967
-250.99712309482345	17.72030267152877
-279.21113878776157	-10.493713021409349
-270.2868783312973	-1.5694525649450952
-263.7531353308535	4.964290435498697
-260.1259572006187	8.591468565733521
-286.17021437215806	-17.452788605805836
-274.6693146628917	-5.951888896539458
-269.97389137885546	-1.2564656125032343
-251.12314876005473	17.59427700629749
-269.2613717547596	-0.5439459884073585
-270.58887703055586	-1.8714512642036425
-291.9591744934827	-23.24174872713047
-259.08449677911483	9.632928987237392
-281.2294772138215	-12.512051447469275
-224.0745830224863	44.64284274386591
-268.65935581491283	0.05806995143939275
-284.90977154537757	-16.192345779025345
-267.37739828592237	1.3400274804298533
-310.5126730747528	-41.795247308400576
-236.32303991700826	32.39438584934396
-280.4122080709443	-11.694782304592081
-247.6805122794416	21.036913486910635
-277.8063904932591	-9.088964726906852
-269.15732896640327	-0.43990320005104877
-267.1985215088738	1.5189042574784253
-277.050799939689	-8.333374173336779
-239.9694423888235	28.747983377528726
-243.07944591926423	25.63797984708799
-326.2912109155244	-57.57378514917218
-269.3493180484023	-0.631892282050103
-274.07353283540067	-5.3561070690484485
-275.9566460642476	-7.239220297895372
-250.74215840163595	17.975267364716274
-298.40484432283336	-29.687418556481134
-256.85677242607414	11.860653340278077
-295.3814678114817	-26.664042045129463
-305.74098100374465	-37.02355523739243
-233.49657703979244	35.22084872655978
-258.6714042654006	10.04602150095161
-249.25727325805417	19.46015250829805
-258.3566519578693	10.360773808482918
-265.3174669933454	3.3999587730068015
-257.32192731090834	11.395498455443885
-232.1838935370273	36.53353222932492
-293.87816988836346	-25.160744122011238
-301.1936815570174	-32.476255790665164
-274.03475092695805	-5.317325160605833
-291.10347747738194	-22.386051711029722
-291.24308460397367	-22.52565883762145
-265.0291970526981	3.688228713654098
-254.92546513329796	13.79196063305426
-279.4173885636359	-10.69996279728366
-291.0698684050825	-22.35244263873028
-268.8093613451441	-0.0919355787918903
-272.2911019029365	-3.573676136584254
-264.08981782577246	4.6276079405797645
-272.1944232138288	-3.476997447476606
-263.19489184485644	5.5225339214957785
-261.4253828313034	7.292042935048812
-268.1262899717643	0.591135794587899
-256.5591274111597	12.158298355192528
-257.0849465690211	11.632479197331122
-237.07772772426904	31.639698042083182
-292.65495272911573	-23.937526962763513
-264.0427053327388	4.674720433613402
-251.9890170207167	16.728408745635534
-277.45494172448014	-8.737515958127915
-335.88563466905396	-67.16820890270174
-246.78386601588352	21.933559750468703
-249.5086971481163	19.20872861823591
-319.365600103289	-50.64817433693679
-251.45581864885241	17.261607117499807
-288.1426830127551	-19.425257246402907
-257.9342130738172	10.783212692535017
-290.7858724398633	-22.068446673511062
-256.985808110427	11.73161765592522
-256.2611901088916	12.456235657460638
-251.0344363254502	17.68298944090202
-256.45521650601074	12.262209260341479
-266.2581242564287	2.4593015099235345
-278.55882281829906	-9.841397051946842
-276.2557182637196	-7.538292497367365
-279.8119045446314	-11.094478778279154
-290.44401384703303	-21.726588080680813
-253.116306546401	15.601119219951215
-280.9613325175254	-12.2439067511732
-258.2363426839969	10.481083082355326
-262.78066267804604	5.936763088306179
-269.70554328464857	-0.9881175182963489
-265.7282164023585	2.989209363993723
-241.7144640131686	27.002961753183627
-263.8192584136508	4.898167352701421
-254.13007035558473	14.587355410767486
-267.646492031878	1.070933734474238
-289.9705082899112	-21.253082523558987
-239.82611142179883	28.891314344553393
-239.96754412722146	28.749881639130763
-275.9277850718303	-7.21035930547805
-295.10090785193677	-26.383482085584546
-232.3229826959381	36.39444307041413
-266.15513363552816	2.562292130824062
-268.26143805594836	0.45598771040386055
-260.4213986745111	8.296027091841097
-245.04996143832466	23.667464328027563
-264.8557094651136	3.86171630123863
-270.79698239794595	-2.079556631593732
-285.3208753914463	-16.603449625094072
-260.54415721173643	8.173268554615788
-259.472674752173	9.2447510141792
-267.9609945213982	0.7564312449540012
-290.8381476233575	-22.120721857005265
-281.7354887021014	-13.018062935749185
-276.38991934207513	-7.6724935757229105
-258.5985868196243	10.11883894672792
-316.2179924567994	-47.50056669044716
-235.80982826552133	32.90759750083089
-281.61938628728456	-12.901960520932334
-238.93800353857876	29.779422227773466
-284.19956939511246	-15.482143628760241
-264.4986960107875	4.218729755564709
-261.60071479872056	7.116710967631661
-280.926107777423	-12.208682011070778
-263.46260375478084	5.2548220115713775
-262.8164691116639	5.900956654688343
-279.00266852591665	-10.285242759564426
-263.98974287065573	4.727682895696489
-267.47293164947257	1.2444941168796504
-293.52137760111725	-24.80395183476503
-225.48689676157153	43.23052900478069
-255.0290358444712	13.688389921881026
-257.8531992766606	10.864226489691646
-260.15198522948265	8.565440536869573
-274.1148695495307	-5.39744378317846
-271.97468221905945	-3.2572564527072245
-295.569477262596	-26.852051496243803
-276.2228312043684	-7.505405438016169
-251.73794699209463	16.979478774257586
-298.2866814553221	-29.56925568896986
-257.6371376503615	11.080288115990697
-260.2915729036416	8.425852862710599
-295.2536720804877	-26.536246314135497
-278.61659903494945	-9.899173268597224
-253.04883525637922	15.668590509973
-286.0183345359641	-17.30090876961185
-278.76250197689876	-10.04507621054654
-250.0356183430216	18.68180742333061
-282.40075306147116	-13.683327295118943
-272.3568710221974	-3.639445255845203
-314.1134492745863	-45.396023508234066
-254.67155991584366	14.045865850508562
-302.7794203114412	-34.061994545088965
-288.0681400072739	-19.35071424092166
-284.9458216673469	-16.228395900994656
-289.67698597085325	-20.95956020450103
-265.14364465108736	3.5737811152648646
-289.00129306010274	-20.283867293750518
-258.2865432478378	10.430882518514409
-238.96312882920972	29.7542969371425
-262.3463904759941	6.371035290358122
-281.72678435005434	-13.009358583702124
-255.3012622193877	13.416163546964526
-285.1415084118438	-16.42408264549158
-297.47092729042413	-28.753501524071908
-284.8519660023543	-16.134540236002067
-238.52262876829843	30.19479699805379
-241.70123171529337	27.016194051058847
-266.995772138975	1.7216536273772363
-282.3638716119407	-13.64644584558846
-277.21633501635586	-8.498909250003635
-268.463868042027	0.25355772432521917
-240.98598265475664	27.73144311159558
-254.19838714667492	14.519038619677303
-263.8271871468263	4.890238619525917
-257.9943860239531	10.723039742399123
-248.2423028636789	20.47512290267332
-263.9269741911943	4.790451575157931
-272.7256977926976	-4.008272026345367
-273.9284100233584	-5.210984257006203
-260.214985055611	8.502440710741212
-262.1417926108646	6.575633155487594
-248.39525513082697	20.322170635525254
-266.4769422343619	2.2404835319903214
-277.74934846101166	-9.031922694659443
-276.18295157534374	-7.465525808991515
-274.6302570639331	-5.912831297580851
-268.11056964280795	0.6068561235442758
-296.57615158239275	-27.858725816040533
-284.2432536169166	-15.525827850564383
-286.1162969412202	-17.398871174867963
-275.2529107479153	-6.535484981563059
-293.7618180890953	-25.04439232274308
-260.70857234666835	8.008853419683874
-257.58747827527475	11.129947491077473
-284.0145582929348	-15.297132526582573
-270.11871007843945	-1.4012843120872276
-268.4524620708638	0.2649636954884045
-263.1067802033598	5.610645562992431
-276.0573689024262	-7.339943136073998
-312.14625715535146	-43.42883138899924
-241.88949068700674	26.82793507934548
-217.7150018561755	51.00242391017673
-257.96662486095227	10.750800905399956
-270.4473317416363	-1.7299059752840549
-263.7161061478495	5.001319618502748
-267.0252141512268	1.6922116151254158
-269.1913607173723	-0.47393495102005545
-246.1287579808362	22.58866778551601
-261.0155567589194	7.701869007432833
-307.4813884363633	-38.7639626700111
-258.4596987662902	10.257727000062005
-287.436431327946	-18.719005561593804
-258.22848902400654	10.488936742345686
-271.39017135971005	-2.6727455933578312
-297.51795382107446	-28.800528054722236
-247.48039401597123	21.237031750380993
-284.71754718345835	-16.00012141710613
-225.89760342635634	42.81982233999588
-261.52362890900474	7.193796857347479
-248.30517972526502	20.4122460410872
-257.6997874103057	11.017638356046518
-252.13415639387165	16.583269372480572
-281.67301551892376	-12.95558975257154
-275.68992484546686	-6.972499079114641
-278.2078251330189	-9.49039936666668
-257.59458889423183	11.122836872120388
-272.44370535667474	-3.7262795903225197
-299.60309391539556	-30.88566814904334
-222.25770927212795	46.45971649422427
-278.3201091876348	-9.602683421282563
-281.40580398875534	-12.688378222403117
-288.31640966576595	-19.598983899413724
-236.43879458865047	32.278631177701754
-275.3386755394116	-6.6212497730593896
-268.04414415801364	0.6732816083385842
-259.5761565401575	9.141269226194709
-271.4874508369343	-2.770025070582051
-280.13139014475234	-11.413964378400124
-262.7201482407785	5.997277525573736
-264.66669491616847	4.050730850183754
-238.29579057472654	30.421635191625683
-292.6180582514884	-23.900632485136157
-276.79597356808733	-8.078547801735112
-272.0369963221841	-3.3195705558318878
-281.2913030930598	-12.573877326707589
-271.2828975487449	-2.565471782392706
-235.6943970821252	33.02302868422703
-222.9494389866544	45.76798677969782
-285.9434202872311	-17.225994520878885
-229.168696428644	39.54872933770821
-266.25297246143816	2.464453304914059
-275.2412609914994	-6.523835225147195
-252.05477255531366	16.66265321103856
-268.85710021889315	-0.13967445254093036
-298.8625826294541	-30.145156863101874
-254.73389947469184	13.983526291660382
-258.7605109652162	9.956914801136008
-255.67947924910766	13.037946517244563
-287.2440652914032	-18.526639525050996
-254.6369176190732	14.080508147279033
-291.26724543378293	-22.54981966743071
-300.19739167112346	-31.479965904771234
-297.2837972180663	-28.566371451714076
-260.80865311683226	7.90877264951996
-257.0874869316998	11.629938834652421
-273.84970259764884	-5.132276831296622
-255.45693740892818	13.260488357424038
-273.7314460861038	-5.01402031975158
-234.96703794634448	33.750387820007745
-266.04703366805404	2.67039209829818
-249.3242588683155	19.393166898036725
-282.08536098573893	-13.367935219386709
-263.6441041360616	5.073321630290593
-282.6477602457402	-13.930334479387966
-283.9826449873311	-15.265219220978906
-272.38799285813946	-3.670567091787234
-261.1305938169629	7.586831949389307
-265.5311245731667	3.1863011931855
-245.09602566195315	23.621400104399072
-241.59310829247477	27.124317473877454
-281.9607299220464	-13.243304155694204
-249.4869112130349	19.230514553317335
-235.14773155287037	33.56969421348185
-255.99538588201756	12.722039884334663
-256.8775434464718	11.839882319880417
-270.61935837564886	-1.9019326092966367
-255.74565456728521	12.971771199067007
-260.34507018888905	8.372355577463168
-259.2458580773331	9.471567689019139
-298.55776310379804	-29.840337337445817
-294.9264166867164	-26.20899092036416
-276.3716425487895	-7.654216782437288
-316.1531909806748	-47.4357652143226
-279.0354169028964	-10.317991136544151
-281.174439243487	-12.457013477134751
-266.08557809762203	2.631847668730188
-263.84578996985	4.8716357965022326
-285.08945709940815	-16.37203133305593
-282.93765603983263	-14.22023027348041
-273.6007861518541	-4.883360385501874
-288.97301555131924	-20.255589784967015
-269.93535018646287	-1.2179244201106485
-275.08362797625375	-6.36620220990153
-282.6831483686641	-13.965722602311871
-277.5003639119335	-8.782938145581284
-259.5821083387076	9.135317427644623
-262.0059137729353	6.711511993416934
-263.1808902932338	5.53653547311842
-268.9092799059239	-0.1918541395716602
-242.64463284004376	26.072792926308466
-284.775331312116	-16.057905545763788
-254.49228831481958	14.225137451532646
-246.61257497808617	22.10485078826605
-257.16856465169474	11.548861114657484
-294.56926013345435	-25.85183436710213
-274.8703580121313	-6.152932245779084
-274.4104765630567	-5.693050796704483
-268.24475771454524	0.472668051806977
-281.7389260227013	-13.0215002563491
-275.1421926040442	-6.424766837692005
-270.8160399797292	-2.0986142133770045
-241.67685146121437	27.040574305137852
-283.0322099768622	-14.31478421050997
-262.84020682995686	5.877218936395366
-264.21273786897143	4.504687897380791
-251.10189691840276	17.615528847949463
-248.01788179584617	20.699543970506056
-291.4754046224647	-22.75797885611246
-274.1487693781186	-5.431343611766351
-276.70564370172576	-7.988217935373541
-253.80623862388381	14.911187142468407
-268.31601181400254	0.40141395234968513
-234.61714485767368	34.10028090867854
-259.508216794546	9.20920897180622
-300.4926650752117	-31.775239308859454
-257.75823648605217	10.959189280300052
-247.0004600775086	21.71696568884363
-247.42330581228669	21.294119954065536
-249.6078355975136	19.109590168838622
-269.04963621895365	-0.33221045260143
-271.3473756985717	-2.6299499322194606
-274.2171304553434	-5.499704688991187
-279.93683447034925	-11.219408703997033
-274.34265800757055	-5.6252322412183275
-265.676628994241	3.0407967721112072
-262.80653896611545	5.910886800236767
-282.20448249883555	-13.487056732483325
-251.23490662328038	17.48251914307184
-279.66183400479565	-10.94440823844343
-256.1557214790904	12.561704287261819
-258.28112610933965	10.436299657012569
-288.96394343387	-20.246517667517764
-267.6737528182224	1.0436729481298244
-250.3278136132816	18.38961215307063
-243.2334190794303	25.48400668692193
-230.51085982479924	38.20656594155298
-272.77928324919264	-4.0618574828404235
-245.88066588635627	22.836759879995952
-259.1801760530601	9.537249713292113
-242.5783767995839	26.139048966768314
-249.71960626622092	18.9978195001313
-277.2294443469822	-8.512018580629956
-266.82830498863257	1.8891207777196541
-289.96188331400697	-21.244457547654747
-263.21289107010887	5.504534696243354
-272.2276987360041	-3.510272969651851
-261.73850617081405	6.978919595538173
-279.87981701956085	-11.162391253208625
-277.6673720980274	-8.949946331675164
-263.0303981188139	5.6870276475383434
-277.77454807731044	-9.05712231095822
-288.83451117877337	-20.117085412421147
-299.45614199604677	-30.738716229694546
-242.2335039232952	26.483921843057033
-279.0255349454477	-10.308109179095482
-260.8855365692674	7.83188919708482
-227.24049648972357	41.47692927662865
-269.6846262371058	-0.9672004707535962
-274.08624125377753	-5.368815487425309
-285.8218923394837	-17.104466573131504
-302.1183794768971	-33.400953710544854
-293.70132833811874	-24.98390257176652
-275.19230112927687	-6.474875362924649
-267.45044831060875	1.266977455743472
-271.66303068563354	-2.9456049192813225
-260.1554247571861	8.562001009166124
-300.85428179305234	-32.136856026700116
-270.6685248213711	-1.951099055018858
-223.49317165159516	45.22425411475706
-246.53915153831838	22.178274228033843
-272.16743677400007	-3.450011007647845
-294.9686335674727	-26.251207801120472
-275.0391622512201	-6.32173648486787
-294.29479071079766	-25.577364944445435
-286.863619558348	-18.146193791995756
-248.3117368116458	20.40568895470642
-254.82085459363077	13.896571172721451
-282.8803864629393	-14.162960696587106
-289.78538246525056	-21.067956698898342
-274.03654563080124	-5.319119864449021
-241.5191549620016	27.198270804350614
-265.8554508874171	2.8619748789351434
-269.41614443525975	-0.6987186689075315
-261.7618694887882	6.955556277564028
-248.5989951922187	20.118430574133527
-269.4450160460059	-0.7275902796536684
-293.75899670729484	-25.04157094094262
-237.61074247655995	31.106683289792272
-299.19487414987304	-30.477448383520823
-296.96709515343025	-28.24966938707803
-263.1198730122072	5.597552754144999
-282.14142659339484	-13.424000827042619
-276.0917526680954	-7.3743269017431885
-272.41971533296817	-3.7022895666159457
-243.0162919747039	25.701133791648317
-266.6528947408609	2.0645310254913056
-283.34624365942216	-14.628817893069936
-257.7019989510394	11.015426815312821
-242.4667310809549	26.25069468539732
-264.71089276895	4.006532997402246
-298.0808591849876	-29.363433418635395
-255.2503502363055	13.467075530046714
-242.14899847311096	26.568427293241257
-275.61002696942376	-6.892601203071536
-290.38317748707266	-21.665751720720436
-263.5069569029241	5.210468863428105
-256.6595228822938	12.057902884058421
-233.38500472093654	35.332421045415686
-280.5819332654013	-11.864507499049068
-261.9795655681322	6.737860198220005
-271.79960775837606	-3.082181992023834
-268.081920458479	0.6355053078732453
-279.49300039615844	-10.775574629806215
-309.11628170185793	-40.39885593550571
-241.9464168720391	26.771008894313127
-248.11583915813605	20.601586608216166
-292.1539045143239	-23.436478747971705
-236.04665197197244	32.670773794379784
-264.0366970236595	4.680728742692736
-265.3238265500207	3.393599216331495
-264.12812180381513	4.5893039625370875
-264.73641486875783	3.9810108975943876
-267.84707682197984	0.8703489443723811
-258.56055490200595	10.156870864346274
-282.68958053849417	-13.972154772141948
-273.61177209407685	-4.894346327724634
-246.6233875165875	22.094038249764708
-267.10827887415724	1.6091468921949854
-262.4272295481445	6.290196218207711
-246.7850193525759	21.932406413776334
-272.08236770431756	-3.364941937965341
-288.9064864241176	-20.189060657765367
-283.20338307696	-14.485957310607773
-242.30611610055564	26.41130966579658
-226.7488071949141	41.96861857143813
-293.058554377198	-24.34112861084577
-237.8017723619945	30.915653404357727
-283.51577292978834	-14.79834716343612
-259.99398927692744	8.723436489424785
-226.79731369128638	41.920112075065845
-274.8734637731053	-6.156038006753079
-272.9484275035596	-4.231001737207407
-241.63476593480516	27.082659831547062
-299.36918667243515	-30.651760906082927
-311.2128192717304	-42.49539350537816
-273.9586897299981	-5.241263963645906
-273.6119555035351	-4.894529737182893
-282.0140914102034	-13.296665643851156
-299.1335485034891	-30.416122737136902
-273.5875577294886	-4.870131963136373
-305.6887002676907	-36.971274501338485
-251.64012217387278	17.07730359247944
-256.7611873041409	11.956238462211331
-310.1397269860121	-41.42230121965986
-350.9770461483953	-82.25962038204307
-246.31391473838664	22.40351102796558
-275.69189073645464	-6.974464970102417
-275.49064682069945	-6.773221054347232
-237.1733042726213	31.544121493730927
-259.3600117402915	9.357414026060724
-246.87631185029238	21.84111391605984
-236.54786671784893	32.16955904850329
-290.39417160412484	-21.676745837772614
-277.85270225066995	-9.135276484317728
-274.516208186726	-5.798782420373755
-269.8980885228615	-1.180662756509264
-271.120883746475	-2.4034579801227665
-264.9833566167748	3.734069149577408
-268.34376403137355	0.3736617349786684
-325.84083404678165	-57.12340828042943
-283.0447005314003	-14.32727476504806
-271.86285111284303	-3.1454253464908106
-247.2893172547723	21.42810851157992
-258.923617134535	9.793808631817228
-277.438020101103	-8.720594334750785
-299.3259143173731	-30.608488551020855
-252.35039940013155	16.36702636622067
-261.01100163302397	7.706424133328255
-234.46545973818354	34.25196602816868
-278.9205557078916	-10.203129941539373
-237.23558957987768	31.48183618647454
-267.76443706119096	0.9529887051612604
-272.78381204939285	-4.066386283040629
-294.03084541504575	-25.313419648693525
-235.01581115820807	33.701614608144155
-275.70771018461744	-6.990284418265219
-228.65874985037442	40.0586759159778
-265.98069233276544	2.736733433586778
-276.70763615228714	-7.990210385934915
-245.73585500069964	22.981570765652577
-284.76566333759763	-16.04823757124541
-308.1770266743064	-39.459600907954155
-270.1721798701859	-1.454754103833693
-275.58473621126393	-6.867310444911709
-264.55025396595954	4.16717180039268
-263.24312593355205	5.47429983280017
-287.17799982925715	-18.460574062904925
-242.9162485487126	25.801177217639633
-238.68990524272738	30.027520523624844
-274.92467557456473	-6.207249808212509
-289.1685697844463	-20.451144018094055
-277.41129366729945	-8.693867900947225
-240.1095175652539	28.607908201098326
-286.91922605092475	-18.201800284572528
-302.18446261420684	-33.467036847854615
-254.17717719035352	14.540248575998703
-252.71384507366236	16.003580692689866
-266.3864100243758	2.3310157419764437
-275.22781987624546	-6.510394109893241
-255.0252440413991	13.692181724953116
-259.8266952873913	8.890730478960904
-285.9313909371507	-17.213965170798474
-270.82449325581035	-2.1070674894581316
-263.0317021845498	5.685723581802449
-263.4851230791486	5.232302687203628
-260.55081028981147	8.166615476540755
-286.46180469604803	-17.744378929695813
-257.0652809300467	11.652144836305524
-264.1409977498064	4.576428016545833
-254.3938534293942	14.323572336958023
-269.4636306042179	-0.7462048378656618
-270.14479952779436	-1.4273737614421407
-260.63851384182124	8.078911924530985
-299.6387066314004	-30.921280865048175
-272.9934556054162	-4.276029839063995
-265.9208779619461	2.7965478044061456
-267.78171202809096	0.9357137382612564
-260.34539003073075	8.372035735621466
-257.70002651457105	11.017399251781171
-251.82831422642118	16.889111539931037
-263.04694149478235	5.670484271569876
-233.2570302307671	35.46039553558512
-262.16067045085435	6.556755315497867
-236.68668013528293	32.030745631069294
-261.3935040146556	7.323921751696616
-255.39698922940659	13.320436536945635
-244.6181947221579	24.099231044194312
-253.71331989795215	15.004105868400075
-283.6028710655613	-14.885445299209096
-298.50694750772743	-29.78952174137521
-244.06778153037374	24.649644235978485
-287.83323498803145	-19.11580922167923
-245.94000686861762	22.777418897734606
-251.0370234219539	17.680402344398317
-209.07381892548653	59.64360684086569
-299.31091910589964	-30.593493339547422
-284.21438010123745	-15.496954334885231
-250.9339306433925	17.78349512295972
-286.85970479693276	-18.14227903058054
-248.36780585528538	20.34961991106684
-275.3175952180703	-6.600169451718102
-250.60313609608636	18.114289670265862
-296.11785979578633	-27.40043402943411
-263.0196157649574	5.697810001394828
-240.04071634608624	28.67670942026598
-267.50821007957927	1.20921568677295
-243.26554922467983	25.45187654167239
-251.0192239069969	17.698201859355322
-268.4506834904554	0.2667422758968314
-239.8396332747019	28.877792491650325
-252.52293115373539	16.194494612616836
-287.19006847202616	-18.472642705673934
-309.91480524079304	-41.19737947444082
-285.1354524414877	-16.41802667513548
-276.5734486198147	-7.856022853462491
-283.8173227203173	-15.099896953965072
-281.25161488235824	-12.534189116006019
-299.76050433968555	-31.043078573333332
-274.8934453772621	-6.1760196109098615
-273.1688838306385	-4.451458064286271
-281.63708945844917	-12.919663692096947
-279.25464376249363	-10.537217996141408
-258.8657956435003	9.85163012285193
-245.73158954410826	22.98583622224396
-293.9320827244759	-25.21465695812367
-237.96802155076364	30.749404215588584
-267.570293215986	1.1471325503662229
-306.3234275635426	-37.6060017971904
-277.3440654462414	-8.626639679889195
-250.9403944819154	17.777031284436816
-260.84590043404967	7.871525332302554
-272.7601044292336	-4.042678662881372
-262.3093026023074	6.4081231640448095
-290.4279450632697	-21.710519296917482
-303.69854699499626	-34.98112122864404
-289.44411923086807	-20.726693464515847
-277.6790069566581	-8.961581190305878
-295.00311872212694	-26.28569295577472
-254.55187062351104	14.165555142841185
-264.44467015069165	4.2727556156605715
-244.52087715194864	24.196548614403582
-287.8799530985219	-19.162527332169702
-266.9712596855628	1.7461660807894077
-265.3110539876019	3.4063717787503265
-309.6953833125539	-40.97795754620165
-258.54080726392056	10.176618502431666
-281.5616061186978	-12.844180352345575
-256.8063173183276	11.911108448024606
-274.27218311075774	-5.554757344405516
-235.76551050182968	32.95191526452254
-277.5041137461325	-8.786687979780254
-268.48669860300504	0.2307271633471828
-282.10749189437263	-13.390066128020408
-247.73759702205496	20.979828744297265
-281.28863782435144	-12.571212057999219
-266.5594303829806	2.157995383371599
-267.73894179213164	0.9784839742205804
-309.2339577957558	-40.516532029403606
-293.69586858756736	-24.97844282121514
-272.64602206552297	-3.9285962991707493
-253.74548927455396	14.97193649179826
-284.0996376539355	-15.382211887583253
-275.8642269645446	-7.1468011981924064
-245.7451098604164	22.97231590593583
-251.19995353325282	17.517472233099397
-261.7768752499927	6.940550516359508
-251.503619058882	17.213806707470212
-293.1591128752574	-24.44168710890517
-270.3306927500911	-1.6132669837388676
-259.3872989258765	9.330126840475714
-255.74809259607935	12.969333170272876
-303.731454581119	-35.01402881476679
-289.68129993110267	-20.96387416475045
-210.11221848376806	58.60520728258416
-267.40777174087486	1.3096540254773572
-257.4351715849574	11.28225418139482
-245.46416915738735	23.253256608964875
-267.8022496577272	0.915176108625019
-277.0633812326072	-8.345955466254964
-292.99264876603627	-24.275222999684047
-286.20224043155974	-17.484814665207523
-242.93269047421416	25.784735292138066
-262.26825032366685	6.449175442685373
-255.44034193048208	13.277083835870144
-260.7915357653786	7.925890000973595
-273.15349927948625	-4.436073513134033
-261.26957841525507	7.447847351097153
-247.82426087599958	20.893164890352637
-252.3839507120232	16.33347505432903
-279.7290551157879	-11.01162934943568
-272.658988602789	-3.9415628364367876
-288.55064319245355	-19.833217426101328
-274.53815262669593	-5.8207268603437115
-233.64207617190038	35.075349594451836
-250.29450694060722	18.422918825745
-246.33460896126996	22.382816805082257
-252.56272248281527	16.154703283536946
-250.41747948018963	18.299946286162594
-257.940442076297	10.776983690055204
-279.8215900519084	-11.10416428555618
-302.64711588838907	-33.929690122036845
-255.61561304432178	13.101812722030445
-256.2029622910726	12.514463475279626
-215.72915891777154	52.98826684858068
-267.7550119012252	0.9624138651270187
-281.04176438277716	-12.324338616424939
-268.1189357587667	0.5984900075854966
-274.1592615188223	-5.44183575247007
-286.1170440626687	-17.399618296316476
-272.8872262067547	-4.169800440402469
-265.89344582458796	2.8239799417642644
-238.56430298978592	30.153122776566306
-275.1710874031945	-6.453661636842298
-295.9349048153184	-27.217479048966197
-285.5691053927534	-16.851679626401165
-284.68561043387524	-15.968184667523019
-240.27717568467267	28.44025008167955
-272.641312043614	-3.923886277261772
-230.6820117376286	38.03541402872361
-267.4495016477689	1.2679241185833234
-278.45166245521466	-9.734236688862438
-263.1780099867559	5.539415779596311
-256.0031259181509	12.714299848201335
-260.6052618241905	8.112163942161715
-265.6222986427405	3.0951271236117464
-249.6875131044893	19.02991266186291
-280.33460065876204	-11.617174892409821
-260.2346781688924	8.48274759745982
-311.42742910430604	-42.71000333795382
-307.23570619085	-38.51828042449779
-254.92643540726056	13.790990359091666
-285.989279983953	-17.271854217600776
-274.7353861652467	-6.017960398894502
-277.1553539495893	-8.43792818323709
-218.84389994886658	49.87352581748564
-255.3180729720574	13.399352794294828
-300.65077515244263	-31.933349386090413
-279.5600735655411	-10.842647799188853
-258.22612146326935	10.49130430308287
-261.46979920521915	7.247626561133075
-263.0572811557598	5.660144610592397
-280.7092069680606	-11.991781201708363
-268.8793924465957	-0.16196668024349492
-259.5360360143917	9.181389751960523
-263.9153987155099	4.802027050842298
-300.6253932302883	-31.907967463936075
-268.68013442090376	0.03729134544846602
-298.1835658056756	-29.466140039323363
-245.9839184417018	22.733507324650418
-292.79028381489695	-24.07285804854473
-262.8568757683628	5.8605499979894375
-247.1638535123151	21.553572254037135
-279.2086355137384	-10.491209747386165
-279.00289180117613	-10.285466034823912
-263.5554629444763	5.161962821875932
-282.51305429747515	-13.79562853112293
-278.5100752762031	-9.79264950985089
-257.8115448676348	10.905880898717442
-256.8731266245253	11.844299141826923
-286.647115907714	-17.92969014136179
-265.9324377043762	2.784988061976037
-291.90046310726973	-23.183037340917508
-273.98034669094557	-5.262920924593345
-280.83092375838385	-12.113497992031625
-260.4204607001542	8.296965066198027
-272.9644581613487	-4.247032394996495
-255.8403738328292	12.877051933523035
-261.73163094646077	6.985794819891453
-286.21761400864705	-17.500188242294826
-279.26646428682795	-10.549038520475733
-282.5741679206643	-13.856742154312087
-236.8799970734202	31.837428692932008
-276.58595992228436	-7.868534155932139
-272.4114030166769	-3.6939772503246786
-269.03591100064875	-0.3184852342965314
-292.37229494130077	-23.654869174948544
-236.60042767138873	32.11699809496349
-243.98083706934483	24.73658869700739
-277.00429392954754	-8.286868163195322
-262.7951914349927	5.922234331359505
-289.240170973348	-20.52274520699575
-299.30266887870164	-30.585243112349417
-290.5055592088414	-21.788133442489197
-295.83774733921234	-27.12032157286012
-271.8852100318712	-3.1677842655190034
-271.43983031068126	-2.722404544329038
-233.66163064377395	35.055795122578274
-257.9537683176262	10.763657448726008
-292.9590047010955	-24.241578934743302
-242.54071902352223	26.176706742829992
-257.47796904539643	11.239456720955786
-286.93045101312816	-18.213025246775942
-282.9553545493494	-14.237928782997187
-254.83171233080282	13.885713435549405
-277.8417068647053	-9.124281098353094
-312.46984911968536	-43.75242335333314
-273.87735495145387	-5.159929185101646
-236.18838686195738	32.52903890439484
-270.09651134024386	-1.3790855738916434
-269.7506726876694	-1.0332469213171862
-289.5428930384172	-20.825467272064998
-265.34529029164185	3.372135474710376
-286.52435773012473	-17.806931963772513
-260.4974610342855	8.219964732066728
-269.5581140323578	-0.8406882660055999
-304.72319590531185	-36.00577013895963
-256.4661826136529	12.251243152699317
-264.3643075416279	4.353118224724312
-282.4584696397891	-13.741043873436865
-277.172272830658	-8.454847064305795
-242.95464161995403	25.76278414639819
-273.0021119035031	-4.284686137150857
-265.3975716988447	3.319854067507549
-258.1653709527403	10.552054813611903
-240.82744499360922	27.889980772743
-281.7740077476868	-13.056581981334602
-285.2329671198771	-16.515541353524895
-257.02064236885997	11.696783397492254
-244.17517477398576	24.542250992366462
-280.3972926535447	-11.679866887192475
-257.57212629186176	11.145299474490457
-276.0722903070513	-7.3548645406990545
-249.25970816269762	19.4577176036546
-274.57501444624575	-5.857588679893524
-262.73466746399424	5.982758302357979
-284.8545477581159	-16.137121991763706
-260.1928615840246	8.524564182327595
-269.39251996809105	-0.6750942017388297
-269.54147685493297	-0.8240510885807453
-285.49630009887403	-16.77887433252181
-284.2209533171648	-15.503527550812578
-296.9632345423255	-28.245808775973273
-278.64306855940447	-9.925642793052248
-273.23899940185436	-4.521573635502136
-259.2167635845493	9.500662181802909
-269.2112378844562	-0.49381211810396053
-231.1966462676595	37.52077949869272
-297.81519053743466	-29.09776477108244
-277.65586548434874	-8.938439717996516
-270.99575240503543	-2.278326638683211
-239.18042686226033	29.536998904091888
-272.15284142312373	-3.435415656771511
-257.71663539988583	11.00079036646639
-267.2944533021167	1.4229724642354995
-260.85594617905224	7.861479587299982
-281.515991564151	-12.798565797798801
-279.7039512389405	-10.986525472588255
-255.15626577658475	13.561159989767475
-259.51793530539214	9.199490460960078
-270.5181244438521	-1.800698677499895
-297.6090629495542	-28.891637183201965
-304.47872497447895	-35.76129920812673
-265.78164241919364	2.9357833471585764
-285.85271304322885	-17.135287276876625
-274.24430536441866	-5.526879598066444
-248.93866941371596	19.778756352636265
-209.8352904151492	58.88213535120303
-276.8042579660199	-8.086832199667697
-287.28278585105215	-18.565360084699932
-263.1993700015395	5.518055764812743
