Hf	deltaHf ref=-240.05924845490733
-247.57128299948306	-7.512034544575727
-239.43769677038142	0.6215516845259117
-246.21842882368435	-6.159180368777015
-236.17771496716375	3.8815334877435816
-243.24873693493498	-3.1894884800276486
-244.61356570630812	-4.554317251400789
-237.18610279978964	2.873145655117696
-251.70310196131538	-11.64385350640805
-252.0129611437536	-11.95371268884628
-248.2660412107747	-8.206792755867355
-240.35174903555378	-0.2925005806464469
-246.95578632632748	-6.896537871420151
-239.05989703547164	0.9993514194356976
-228.0436370965857	12.015611358321621
-239.54579691356992	0.5134515413374174
-239.76653516842123	0.29271328648610506
-247.1663357970341	-7.107087342126761
-249.83894955930953	-9.779701104402193
-237.16802622236207	2.8912222325452603
-251.40324153251493	-11.343993077607593
-238.49932995943016	1.5599184954771772
-243.28486944232498	-3.225620987417642
-240.39265044590354	-0.33340199099620804
-240.81127831436822	-0.7520298594608903
-245.50493507339922	-5.445686618491891
-243.91306220512558	-3.853813750218251
-227.1852664767888	12.873981978118536
-224.21622918146966	15.843019273437676
-243.68392380646617	-3.6246753515588352
-241.63769131406514	-1.5784428591578035
-221.60969721961953	18.4495512352878
-253.31908607859293	-13.259837623685598
-245.66977747866838	-5.610529023761046
-233.56251015852683	6.496738296380499
-239.86908607257135	0.19016238233598415
-241.81701167970675	-1.7577632247994188
-239.67085868425272	0.3883897706546122
-235.5043127767807	4.55493567812664
-240.73444143640006	-0.675192981492728
-256.1507265323402	-16.09147807743284
-234.94866478218535	5.110583672721987
-244.2862946847548	-4.227046229847474
-230.89907632984466	9.160172125062672
-248.2404926503608	-8.181244195453473
-240.5962167009078	-0.5369682460004697
-233.38242009162275	6.676828363284585
-238.1056782111067	1.953570243800641
-235.36677187986277	4.692476575044566
-247.80439786894783	-7.7451494140404975
-245.43641180829798	-5.377163353390642
-242.80436442294229	-2.745115968034952
-241.28878172322072	-1.2295332683133893
-240.55490650272475	-0.4956580478174146
-247.445541227013	-7.386292772105662
-242.1689810034244	-2.1097325485170586
-233.19811198501918	6.861136469888152
-241.50551391861006	-1.44626546370273
-234.81976279678418	5.239485658123158
-235.38645796312846	4.672790491778869
-242.55148535395927	-2.4922368990519317
-236.84370315868944	3.215545296217897
-228.25411382867094	11.805134626236395
-246.17636751422322	-6.117119059315883
-245.48641194615118	-5.427163491243846
-244.54263803727588	-4.483389582368545
-228.55474899232865	11.504499462578679
-259.4687283512852	-19.40947989637789
-251.31135512973776	-11.25210667483043
-237.82675331561256	2.2324951392947696
-230.01410213038105	10.045146324526286
-252.33893347353512	-12.279685018627788
-237.4539807584755	2.605267696431838
-236.63515733132442	3.4240911235829117
-243.8974608137454	-3.8382123588380637
-243.41524278983195	-3.355994334924617
-244.42278032389947	-4.3635318689921405
-237.14923038317136	2.9100180717359763
-229.90531008867617	10.15393836623116
-238.63485816819082	1.4243902867165161
-243.1847506103171	-3.1255021554097766
-236.46663695135283	3.592611503554508
-250.0047048985092	-9.94545644360187
-253.8465490179027	-13.78730056299537
-243.0085940331286	-2.949345578221255
-243.4054677402404	-3.3462192853330635
-244.24799339338858	-4.18874493848125
-237.45363694364858	2.6056115112587577
-240.96653924061172	-0.9072907857043901
-240.38847240642133	-0.3292239515139954
-250.3861173033896	-10.326868848482263
-243.808853830133	-3.7496053752256557
-223.16814226531494	16.891106189592392
-242.79163347792417	-2.732385023016832
-234.88370458037605	5.175543874531286
-237.03482914155245	3.0244193133548833
-256.82444660206454	-16.765198147157207
-231.32860486291827	8.730643591989065
-235.0656700178173	4.9935784370900365
-239.931235661012	0.12801279389532283
-232.30203521073634	7.757213244170998
-251.1885902963353	-11.129341841427959
-239.92800151039626	0.13124694451107644
-235.74059060004436	4.318657854862977
-236.2264763131774	3.832772141729947
-231.52493668916065	8.53431176574668
-238.74933774127055	1.309910713636782
-252.6520400434041	-12.592791588496766
-225.77996638476395	14.279282070143381
-241.83596447460366	-1.7767160196963232
-240.7249326284749	-0.6656841735675698
-263.6827886240593	-23.623540169151966
-233.3014104280686	6.757838026838726
-252.98246082123148	-12.923212366324151
-238.76315132986417	1.2960971250431612
-240.3202603353078	-0.2610118804004742
-239.9619139566879	0.09733449821942486
-250.32035784121615	-10.261109386308817
-232.2078509544757	7.851397500431631
-243.91339017396456	-3.8541417190572247
-242.93490276786395	-2.8756543129566126
-242.00635827618896	-1.9471098212816287
-235.1001956087515	4.959052846155828
-246.86623667270248	-6.806988217795151
-241.56872834459716	-1.5094798896898283
-240.35623345180136	-0.29698499689402524
-244.48008698677074	-4.42083853186341
-240.0720974379459	-0.012848983038566075
-245.06277089089633	-5.003522435988998
-238.7932872758778	1.2659611790295457
-231.17210979615118	8.887138658756157
-236.40206498062832	3.657183474279009
-223.4236425785151	16.63560587639222
-245.54873703272676	-5.489488577819429
-235.9923617820117	4.0668866728956345
-235.4095046277165	4.649743827190832
-245.1854107473722	-5.126162292464869
-244.35935918968823	-4.300110734780901
-244.06154941841157	-4.00230096350424
-246.34073458637647	-6.281486131469137
-244.43118860956235	-4.371940154655022
-235.50066776046367	4.558580694443663
-253.74089729047625	-13.681648835568922
-235.05527386595566	5.003974588951678
-237.20116515719053	2.858083297716803
-251.05337671035738	-10.99412825545005
-245.79215196858638	-5.732903513679048
-244.09275523069152	-4.03350677578419
-233.678864835931	6.380383618976339
-239.59450151975977	0.46474693514755927
-250.54262787482946	-10.48337941992213
-242.5435335410242	-2.48428508611687
-233.31526979007538	6.743978664831957
-229.9049377388095	10.154310716097825
-229.1172514566955	10.941996998211835
-250.3172966899823	-10.258048235074966
-249.56777998567338	-9.50853153076605
-243.89029645245535	-3.831047997548012
-234.8502999848664	5.208948470040923
-239.78075205324637	0.27849640166095924
-231.04925411435613	9.009994340551202
-239.93120676990145	0.12804168500588275
-248.06103753265995	-8.001789077752619
-230.41279935050477	9.646449104402564
-246.43555113131367	-6.37630267640634
-244.8911722043216	-4.831923749414273
-234.27133856691432	5.78790988799301
-241.61936985057616	-1.5601213956688298
-239.38085742678447	0.67839102812286
-244.2256836577966	-4.166435202889261
-242.4703092149815	-2.4110607600741787
-237.24401218925266	2.8152362656546757
-232.89940356694058	7.159844887966756
-248.0734714410304	-8.014222986123059
-238.83233716894244	1.2269112859648885
-231.13628451062903	8.922963944278308
-239.82035539356946	0.23889306133787613
-235.74363451785246	4.315613937054877
-239.83733614232403	0.22191231258329935
-229.78574138896727	10.273507065940066
-239.60878437423742	0.45046408066991717
-233.32080426255777	6.7384441923495615
-240.95295483593725	-0.8937063810299151
-230.35715831418418	9.702090140723158
-225.4056791570132	14.653569297894137
-231.95318452696154	8.106063927945797
-242.12606822695886	-2.066819772051531
-240.3811501648255	-0.3219017099181656
-234.79258998145303	5.266658473454299
-236.7264084433067	3.332840011600638
-240.5607186820074	-0.5014702271000715
-228.90639709740424	11.152851357503096
-247.90129530100455	-7.842046846097219
-247.8062100061892	-7.746961551281856
-230.46304123766674	9.59620721724059
-245.33269571099152	-5.273447256084182
-240.46797798110708	-0.40872952619974967
-232.68008939428034	7.379159060626989
-235.21467007474928	4.844578380158055
-241.36162291734433	-1.302374462437001
-245.2123898915837	-5.153141436676378
-241.03441342825897	-0.9751649733516388
-240.34043851647073	-0.2811900615633931
-240.15022025825817	-0.09097180335083976
-236.9220354774974	3.137212977409945
-237.53244491843577	2.5268035364715615
-240.67806531182794	-0.6188168569206027
-227.50956192732917	12.54968652757816
-242.1703224073666	-2.1110739524592645
-249.56424059485505	-9.504992139947717
-244.92957091920323	-4.870322464295896
-236.50412562406052	3.5551228308468126
-245.82895208244224	-5.769703627534909
-236.3503617497721	3.708886705135228
-245.2220593617625	-5.162810906855157
-245.64134615477303	-5.582097699865699
-243.90241312351498	-3.843164668607642
-245.13075736868848	-5.071508913781145
-239.88210554308387	0.17714291182346642
-243.4628905358353	-3.403642080927966
-239.74859636791587	0.3106520869914675
-240.747541177809	-0.6882927229016786
-237.42646575009928	2.6327827048080508
-255.6362939840277	-15.577045529120369
-235.52325736135606	4.535991093551274
-241.63409964844539	-1.574851193538052
-236.80682952368295	3.2524189312243834
-247.41351120592515	-7.354262751017814
-233.63836131969072	6.420887135216617
-240.03333219520061	0.025916259706718847
-249.65138897753275	-9.592140522625414
-241.04222450263694	-0.9829760477296077
-233.66173867883697	6.397509776070365
-252.0368339425571	-11.977585487649776
-238.9647098816298	1.0945385732775321
-229.97114195637766	10.088106498529669
-235.11518797631504	4.9440604785922915
-222.55995455951268	17.499293895394658
-247.87911905932776	-7.81987060442043
-249.18704544704303	-9.1277969921357
-240.6703188571504	-0.6110704022430582
-243.4708508376592	-3.41160238275188
-236.69335688327044	3.365891571636894
-241.5991835338449	-1.5399350789375603
-236.86167415376474	3.1975743011425948
-234.37578705227713	5.683461402630201
-241.72325825372025	-1.6640097988129128
-230.08910294550367	9.970145509403665
-231.07220090171393	8.987047553193406
-251.0762576910878	-11.017009236180456
-237.2111317208131	2.8481167340942193
-242.42510501993308	-2.3658565650257515
-240.36105296233507	-0.30180450742773246
-229.21284580994177	10.846402644965565
-245.99844011199673	-5.9391916570893954
-239.63825065297203	0.42099780193530023
-234.19618460622803	5.863063848679303
-237.79193179582433	2.267316659083008
-238.38977923098207	1.6694692239252618
-243.61189976662934	-3.552651311722002
-240.51784791243915	-0.4585994575318182
-234.9423171999755	5.116931254931842
-246.0929002634897	-6.033651808582363
-239.36634364122654	0.6929048136807978
-238.35789460069861	1.701353854208719
-231.77457011069998	8.28467834420735
-228.79315561046894	11.26609284443839
-241.75441921095842	-1.695170756051084
-242.0524735205057	-1.9932250655983808
-239.6186694230804	0.44057903182692826
-235.35036589423032	4.7088825606770115
-234.68214058273077	5.377107872176566
-243.9822057586956	-3.92295730378828
-250.39287906971947	-10.333630614812137
-242.51730949186674	-2.458061036959407
-237.7370441150655	2.3222043398418464
-243.99144421309245	-3.9321957581851166
-230.24495365787368	9.814294797033654
-246.9826041577129	-6.923355702805566
-241.10015811019764	-1.0409096552903065
-246.11945542520914	-6.060206970301806
-247.037899956655	-6.978651501747663
-237.04613271295455	3.013115741952788
-250.1522694523395	-10.093020997432177
-245.5354800502049	-5.476231595297577
-235.32617304349913	4.733075411408208
-229.08097419262992	10.97827426227741
-231.6781200913632	8.381128363544121
-234.95212630390085	5.107122151006479
-249.33888967209566	-9.279641217188328
-236.60972489247285	3.4495235624344787
-242.46977455564263	-2.4105261007352965
-237.06579503428145	2.993453420625883
-227.2192343168084	12.840014138098923
-241.8567215582101	-1.7974731033027638
-238.47625747073687	1.5829909841704648
-234.07700582839095	5.982242626516381
-249.64669168870967	-9.587443233802333
-233.0907891510236	6.968459303883719
-233.50274240284705	6.556506052060286
-238.71144193733414	1.34780651757319
-247.0044138448378	-6.94516538993048
-252.48000848934532	-12.42076003443799
-238.3618228978106	1.6974255570967216
-234.50165006060922	5.557598394298111
-243.38680126847828	-3.3275528135709465
-244.1007554186748	-4.0415069637674605
-236.70826206058916	3.35098639431817
-240.49024795516232	-0.430999500254984
-241.36995895918005	-1.3107105042727198
-235.6414413776023	4.417807077305042
-233.27716289885063	6.7820855560567
-230.48897016870103	9.570278286206303
-252.92702428955306	-12.867775834645727
-246.4480782709819	-6.388829816074576
-237.19429108075053	2.864957374156802
-240.16851187339705	-0.10926341848971788
-249.07186857393606	-9.012620119028725
-241.01760731159663	-0.9583588566893013
-231.96426445582836	8.094983999078977
-239.3217712222489	0.7374772326584207
-233.95497642880434	6.10427202610299
-232.28975518680306	7.76949326810427
-222.34298970852467	17.716258746382664
-243.30117797034688	-3.2419295154395513
-243.64741893820826	-3.588170483300928
-237.80313231044636	2.256116144460975
-247.2519984214108	-7.19274996650347
-238.5631825630793	1.4960658918280387
-247.18583824083396	-7.126589785926626
-238.98287479389762	1.0763736610097112
-255.5305256659434	-15.471277211036067
-239.17029260318157	0.8889558517257683
-245.83427625848924	-5.7750278035819065
-244.39790385659796	-4.33865540169063
-246.55266198749666	-6.493413532589329
-237.8643991727389	2.194849282168434
-242.54655928676436	-2.4873108318570303
-241.73633938168712	-1.6770909267797833
-224.56688703088219	15.492361424025148
-237.3421107007838	2.7171377541235415
-241.36087390139653	-1.3016254464891972
-229.40759740858118	10.651651046326151
-242.96103070058814	-2.9017822456808062
-233.8792156344956	6.180032820411725
-251.02803531617462	-10.96878686126729
-243.241776594596	-3.1825281396886567
-236.21753985811154	3.8417085967957973
-242.4074510225713	-2.348202567663975
-250.48844182749815	-10.429193372590817
-240.03104812545132	0.028200329456012696
-232.40998367354985	7.649264781357488
-226.81354046702688	13.24570798788045
-247.78884041752679	-7.729591962619452
-246.79342025194853	-6.734171797041199
-241.04704717451602	-0.9877987196086906
-240.37750476916915	-0.31825631426181644
-248.9695096140589	-8.91026115915156
-252.88455280844425	-12.825304353536922
-226.84376971788367	13.215478737023659
-248.36652787602577	-8.307279421118437
-241.2186749842316	-1.1594265293242643
-247.8084303147283	-7.749181859820965
-234.1860943569576	5.873154097949737
-249.0331213318517	-8.97387287694437
-233.54281751023734	6.516430944669992
-227.57975374208252	12.479494712824817
-245.70705535083323	-5.647806895925896
-239.18076795586455	0.8784804990427801
-243.64424472362805	-3.5849962687207153
-240.04372193521192	0.015526519695413299
-236.07682266967674	3.982425785230589
-245.44504692268163	-5.385798467774293
-249.21430345583428	-9.15505500092695
-240.81256240808068	-0.7533139531733468
-235.004371645506	5.054876809401321
-237.33386261912017	2.725385835787165
-218.47686679726246	21.582381657644873
-239.29993856552244	0.7593098893848946
-240.32098712190998	-0.26173866700264625
-234.06190467692284	5.997343777984497
-242.87288638727694	-2.813637932369602
-240.61264764968143	-0.5533991947741015
-242.3375151601016	-2.2782667051942553
-241.50199657855626	-1.4427481236489257
-247.8514721545165	-7.792223699609167
-242.71116063890292	-2.6519121839955915
-236.9966940381804	3.0625544167269254
-242.48886300110678	-2.4296145461994456
-243.6607107741969	-3.601462319289567
-239.46265997352964	0.5965884813776938
-237.6278611582478	2.4313872966595227
-250.69122452234512	-10.63197606743779
-244.18802843862284	-4.1287799837155035
-241.57114487063734	-1.511896415730007
-250.22000728827913	-10.160758833371801
-246.78503207780375	-6.725783622896415
-245.5091797710869	-5.449931316179573
-238.62096861336101	1.4382798415463185
-241.38516559033667	-1.3259171354293358
-245.32465402525338	-5.265405570346047
-233.54811578810984	6.511132666797494
-247.0887595177577	-7.029511062850361
-245.92919632706105	-5.869947872153716
-238.9516095645762	1.1076388903311454
-243.85205473191525	-3.7928062770079123
-244.71962055706024	-4.660372102152905
-240.17559440800176	-0.11634595309442375
-234.2990814285389	5.7601670263684355
-235.3398036971288	4.719444757778547
-248.4039017898416	-8.344653334934264
-238.7253044485209	1.3339440063864458
-247.91670503667626	-7.857456581768929
-237.889811749434	2.1694367054733448
-236.52914372228622	3.530104732621112
-241.25706505070627	-1.1978165957989404
-225.52410228143924	14.535146173468092
-249.2659223602044	-9.206673905297066
-245.77523891555973	-5.715990460652392
-229.46457359606063	10.594674858846702
-233.56778457777762	6.491463877129718
-230.6228758125893	9.43637264231802
-238.99584309095587	1.0634053639514605
-237.4033945524519	2.6558539024554193
-233.02127100828	7.0379774466273375
-245.87388079770096	-5.8146323427936295
-248.9842158895575	-8.92496743465017
-244.83786043329235	-4.778611978385015
-248.48941567800136	-8.430167223094031
-252.08109129110596	-12.02184283619863
-229.82217750659981	10.237070948307519
-239.57279442017386	0.4864540347334696
-247.0396948090587	-6.980446354151354
-229.68919629146183	10.370052163445507
-227.87274208703673	12.186506367870606
-247.27295698793966	-7.213708533032332
-236.24057647618827	3.818671978719067
-250.99910228755687	-10.939853832649533
-235.53057465362724	4.5286738012800924
-240.88674829454465	-0.8274998396373121
-231.5267175620196	8.532530892887735
-246.9678591445503	-6.9086106896429555
-242.44126667851594	-2.382018223608611
-246.1260876964319	-6.066839241524576
-234.44951047197753	5.609737982929801
-253.83427258135123	-13.775024126443896
-245.00589835371136	-4.946649898804026
-230.57688878246188	9.482359672445455
-240.39621026385646	-0.33696180894912686
-237.56379969418992	2.4954487607174087
-237.9143329614402	2.144915493467124
-239.15416794597184	0.9050805089354981
-227.1030838704122	12.956164584495127
-239.3127902265354	0.746458228371921
-236.328609317958	3.7306391369493213
-243.65421301191452	-3.594964557007188
-244.08322020475532	-4.023971749847988
-239.55423062844272	0.5050178264646092
-249.10452960954933	-9.045281154641998
-239.26393811388186	0.7953103410254698
-238.82995938145393	1.2292890734534012
-235.10071204100166	4.9585364139056765
-237.3150792182372	2.744169236670132
-228.4873131039443	11.571935350963031
-235.15267106076715	4.906577394140186
-240.24244801693783	-0.18319956203049514
-249.61484746529675	-9.555599010389415
-232.87911198361905	7.180136471288279
-237.8811798570772	2.1780685978301335
-233.72669418436487	6.33255427054246
-236.65613927642187	3.4031091784854652
-228.2780995317247	11.781148923182627
-243.5355330804399	-3.4762846255325712
-240.65946073876182	-0.6002122838544892
-243.15228907776543	-3.0930406228580978
-237.30788077217073	2.7513676827366
-237.36324630418164	2.6960021507256897
-243.8387277509995	-3.779479296092177
-235.45500062818826	4.6042478267190745
-237.19194776277652	2.8673006921308115
-234.285610911635	5.7736375432723435
-237.2723700229493	2.78687843195803
-253.38238146157016	-13.323133006662829
-237.40417396282498	2.655074492082349
-247.83654925126245	-7.777300796355121
-242.30869132744044	-2.249442872533109
-244.41837695848733	-4.359128503579996
-242.07296521074966	-2.0137167558423243
-241.95270513148932	-1.893456676581991
-240.47401022315387	-0.4147617682465352
-250.9893629219099	-10.930114467002568
-240.67441915664892	-0.6151707017415902
-244.9783734215547	-4.9191249666473595
-231.6724024493691	8.386846005538246
-234.94949156937435	5.109756885532988
-242.67359534871719	-2.614346893809852
-249.7141657188862	-9.65491726397886
-235.13560338902823	4.9236450658791
-241.58169476994442	-1.5224463150370866
-242.45610929512839	-2.396860840221052
-231.43805402976648	8.621194425140857
-249.29005796437048	-9.230809509463143
-240.48770622963855	-0.42845777473121416
-241.58339126253338	-1.524142807626049
-243.94107248777652	-3.88182403286919
-241.19811500004505	-1.1388665451377165
-233.94192404488638	6.117324410020956
-234.09913708109013	5.960111373817199
-246.91475599431794	-6.85550753941061
-240.95631525691203	-0.8970668020047015
-239.65109050968965	0.4081579452176811
-246.51533998117736	-6.456091526270029
-228.18323371745134	11.87601473745599
-236.02627399602568	4.032974458881654
-236.2803228052602	3.7789256496471353
-236.34818265526917	3.7110657996381633
-237.57984633460944	2.479402120297891
-241.218249629654	-1.1590011747466633
-247.58482698202204	-7.525578527114703
-239.8043076789421	0.254940775965224
-232.40110956693604	7.65813888797129
-246.33949080932723	-6.280242354419897
-233.9276683853626	6.131580069544725
-236.64708145595284	3.41216699895449
-241.2985371397757	-1.2392886848683702
-237.1362049552066	2.923043499700725
-247.79907835401025	-7.739829899102915
-224.9176321649087	15.141616289998638
-240.05817851332029	0.0010699415870476514
-233.62846841921635	6.4307800356909866
-237.1733952284652	2.885853226442123
-239.51520734806616	0.5440411068411777
-246.6896021106753	-6.630353655767976
-236.35422339706054	3.7050250578467967
-239.8759616084957	0.18328684641164728
-236.1679391577876	3.891309297119733
-238.70576370090782	1.3534847539995098
-236.82081800822414	3.2384304466831964
-238.26345832159348	1.795790133313858
-235.2229895332806	4.836258921626722
-244.93989007369453	-4.880641618787195
-237.74967900051922	2.309569454388111
-232.82266093760916	7.236587517298176
-232.17395473199792	7.8852937229094096
-244.640286861841	-4.581038406933658
-242.00515653722175	-1.9459080823144177
-243.605669975654	-3.5464215207466623
-243.7827906764236	-3.7235422215162544
-239.92909081351024	0.13015764139709063
-246.00762915555458	-5.948380700647249
-250.93535754558468	-10.876109090677346
-235.71156999396987	4.347678460937459
-246.47327562988573	-6.414027174978401
-234.86120583548689	5.198042619420448
-236.0098736551539	4.049374799753423
-240.14197575865035	-0.08272730374301318
-245.10968362027268	-5.050435165365343
-232.6329642542936	7.426284200613736
-250.75812581441494	-10.698877359507605
-233.37005108819938	6.689197366707958
-247.32521390093677	-7.2659654460294405
-249.5885245589401	-9.52927610403276
-236.14433071159362	3.9149177433137083
-231.28923157944007	8.770016875467263
-231.6182643865999	8.440984068307444
-238.44884330217099	1.610405152736348
-244.61997777780414	-4.560729322896805
-240.28464254304197	-0.22539408813463524
-238.04802879841952	2.0112196564878104
-232.29637041229068	7.762878042616649
-232.08502279035235	7.974225664554979
-227.49101770492632	12.568230749981012
-236.67607943528344	3.3831690196238924
-241.4251380505833	-1.3658895956759807
-249.06991022088403	-9.010661765976693
-245.40544310125767	-5.346194646350341
-231.90093337631913	8.158315078588203
-249.95362430506282	-9.894375850155484
-228.13616614217824	11.923082312729093
-242.71699943097553	-2.6577509760682005
-234.46582586122747	5.593422593679861
-235.7476538047871	4.311594650120242
-240.95968201917492	-0.9004335642675869
-247.7994237820916	-7.740175327184261
-238.8582735861513	1.2009748687560204
-237.11949135534303	2.9397570995643036
-231.33888023557154	8.720368219335796
-240.05586367214926	0.003384782758075744
-244.8768719283347	-4.817623473427375
-243.7759699615657	-3.7167215066583594
-239.34813624614105	0.7111122087662807
-227.57735903393257	12.481889420974767
-239.39765126631607	0.6615971885912586
-236.41609902976268	3.6431494251446566
-237.726197368111	2.333051086796331
-243.38536684824282	-3.3261183933354914
-248.77783953121468	-8.718591076307348
-244.64375537482044	-4.58450691991311
-251.1461793781731	-11.086930923265754
-246.7801654611925	-6.720917006285163
-232.35664031226258	7.702608142644749
-253.57496358730202	-13.51571513239469
-236.51721875006695	3.542029704840388
-234.77398401827156	5.285264436635771
-226.69363514628856	13.365613308618777
-250.2739062157292	-10.214657760821865
-237.42032218448946	2.638926270417869
-245.2023124869396	-5.143064032032271
-239.7943771695376	0.26487128536973614
-259.8949989299384	-19.83575047503109
-234.60693554474926	5.452312910158071
-248.30107995401556	-8.24183149910823
-230.7783242882964	9.28092416661093
-250.66831950278208	-10.60907104787475
-238.03320756268874	2.026040892218589
-236.68442148243264	3.3748269724746933
-237.3429256096082	2.716322845299146
-240.39081458001817	-0.3315661251108395
-234.11314679699205	5.946101657915278
-237.8807328148199	2.1785156400874257
-241.43466837021185	-1.3754199153045192
-237.46519466071402	2.5940537941933144
-244.45778482892854	-4.398536374021205
-250.64343045271596	-10.584181997808628
-239.20428290313646	0.8549655517708743
-239.04121511692426	1.01803333798307
-234.15134508373228	5.907903371175053
-234.0475792071178	6.011669247789541
-238.45889912798373	1.600349326923606
-234.53660932839045	5.522639126516879
-236.17498580313475	3.8842626517725876
-238.0113697555447	2.0478786993626272
-249.59210333020962	-9.532854875302291
-249.86332712781802	-9.804078672910691
-255.2756787665661	-15.216430311658769
-242.0838966015384	-2.0246481466310797
-237.95857117548655	2.100677279420779
-240.28437696312392	-0.22512850821658503
-235.58935393615172	4.469894518755609
-235.9150209132007	4.144227541706641
-242.79473186484609	-2.7354834099387517
-246.13631028015004	-6.077061825242708
-236.76193488892238	3.2973135659849504
-249.5506098538557	-9.491361398948357
-247.389560771417	-7.330312316509662
-237.86990576068126	2.1893426942260703
-246.27299595987495	-6.213747504967614
-239.24391882685666	0.8153296280506765
-237.23979878970783	2.8194496651994996
-234.2792063394685	5.780042115438846
-237.50849784795207	2.550750606955262
-243.34403080552363	-3.2847823506162968
-247.48442146421655	-7.425173009309219
-239.34041505009588	0.7188334048114484
-236.13726577473642	3.9219826801709132
-245.44643714578194	-5.387188690874609
-239.90781102285325	0.151437432054081
-247.14008355543262	-7.080835100525292
-241.19202196777985	-1.132773512872518
-244.40184530060867	-4.342596845701337
-241.7529772340589	-1.69372877915157
-241.84613099249907	-1.7868825375917368
-244.0322450003972	-3.9729965454898775
-247.5201227525198	-7.460874297612463
-246.1936517459202	-6.134403291012859
-244.35775460049115	-4.298506145583815
-235.43866699939315	4.620581455514184
-249.21929860024318	-9.160050145335845
-251.46040299621598	-11.401154541308642
-242.72504289113056	-2.665794436223223
-235.3160953059363	4.743153148971032
-240.94237410663698	-0.8831256517296424
-233.4225378570212	6.636710597886122
-246.64693254063093	-6.587684085723595
-229.94233308739274	10.116915367514594
-239.5732869925654	0.4859614623419475
-230.42113149740396	9.638116957503371
-247.47375272826537	-7.414504273358034
-242.33932463972667	-2.280076184819336
-231.95571492147644	8.103533533430891
-248.25182857732068	-8.192580122413347
-242.61852614693123	-2.5592776920238975
-241.6980186284294	-1.6387701735220617
-241.87304776776944	-1.813799312862102
-246.43198113441247	-6.372732679505134
-242.8802757932375	-2.8210273383301683
-239.65643479495554	0.4028136599517893
-228.9452609834501	11.113987471457222
-231.59241260557098	8.466835849336348
-246.64722119218857	-6.587972737281234
-229.01164840883064	11.047600046076695
-231.22651792239992	8.832730532507412
-247.0610700642377	-7.001821609330364
-251.55774466882065	-11.498496213913313
-234.77485552026553	5.284392934641801
-231.51021883771534	8.54902961719199
-238.45398460485228	1.605263850055053
-241.93920870287764	-1.8799602479703026
-239.87081807050924	0.1884303843980888
-241.7866416965793	-1.7273932416719617
-242.0675655196195	-2.0083170647121733
-232.70280517098797	7.356443283919361
-234.48877028504864	5.5704781698586885
-225.47232742877748	14.586921026129858
-248.29087501058018	-8.231626555672847
-243.58757075150277	-3.5283222965954337
-247.16978136481555	-7.1105329099082155
-236.0907749805723	3.968473474335042
-232.74618252552534	7.313065929381992
-247.3065974596633	-7.247349004755961
-246.04404856584222	-5.984800110934884
-247.9501520255966	-7.890903570689261
-233.0821621448216	6.977086310085724
-239.03356065775222	1.0256877971551148
-249.16649344906398	-9.107244994156645
-233.2637725296321	6.795475925275241
-233.11606396908826	6.943184485819074
-246.34830000412546	-6.289051549218129
-237.11510050745926	2.944147947448073
-248.78415678921226	-8.724908334304928
-234.00015952874162	6.059088926165714
-246.24178361998418	-6.1825351650768425
-237.67488123633154	2.3843672185757896
-236.53293945549592	3.5263089994114125
-237.6974622383808	2.361786216526525
-246.23629694804038	-6.177048493133043
-239.3214969748609	0.7377514800464269
-235.45084865162278	4.608399803284556
-241.19685449078167	-1.1376060358743416
-239.93461514407898	0.12463331082835793
-233.66206727167662	6.397181183230714
-231.09155999042048	8.967688464486855
-236.85459299045976	3.204655464447569
-246.3951971600858	-6.335948705178453
-245.490552951533	-5.431304496625671
-240.6094929967461	-0.5502445418387651
-252.22453412020184	-12.165285665294505
-238.7087107006031	1.3505377543042414
-227.31805412331084	12.741194331596489
-242.85503791608278	-2.7957894611754455
-249.18416663458117	-9.124918179673841
-239.16829684211768	0.8909516127896495
-240.13878247605533	-0.07953402114799246
-234.3495050328587	5.709743422048632
-246.4333258372011	-6.374077382293763
-237.53458835521667	2.5246600996906636
-235.0709462702747	4.98830218463263
-240.2628966467404	-0.20364819183305372
-251.0650777792274	-11.005829324320075
-237.76180804744433	2.297440407463
-244.04261455128506	-3.983366096377722
-243.82553299725475	-3.766284542347421
-230.73573029937177	9.323518155535567
-238.4002852080688	1.658963246838539
-240.6786457744987	-0.6193973195913713
-248.75447641006974	-8.695227955162409
-240.75633800676803	-0.6970895518606994
-242.43207416410803	-2.372825709200697
-233.22591076134484	6.833337693562498
-235.70912579333014	4.350122661577188
-242.2212692676643	-2.162020812756964
-227.78051235676173	12.2787360981456
-235.7775737720316	4.281674682875746
-238.71168162083848	1.3475668340688571
-240.99770354391728	-0.938455089009949
-229.19755835666217	10.861690098245163
-244.74092835463887	-4.6816798997315345
-239.72438999502117	0.3348584598861635
-244.592170690967	-4.532922236059676
-235.35045616271452	4.708792292192811
-239.7092727673247	0.34997568758262787
-235.6955354034966	4.363713051410741
-242.45296249114688	-2.393714036239544
-229.94665639256198	10.112592062345357
-245.59560961856403	-5.536361163656693
-240.78964673865482	-0.7303982837474905
-230.53009463656997	9.529153818337363
-235.37568313048757	4.68356532441976
-234.61448363266607	5.444764822241268
-238.18362804928108	1.8756204056262504
-235.09310073857557	4.966147716331761
-224.3472655140016	15.711982940905727
-241.38610092020315	-1.326852465295815
-227.3800062916365	12.679242163270828
-237.62325743544568	2.435991019461653
-247.58087254201598	-7.521624087108648
-234.8375040359191	5.221744418988237
-243.0038198016358	-2.9445713467284804
-242.1632389477403	-2.1039904928329634
-243.25062136371923	-3.1913729088119
-241.57395069108532	-1.5147022361779818
-248.5820331508097	-8.522784695902374
-239.3147690521531	0.744479402754223
-243.87027143687953	-3.811022981972201
-239.13626356029488	0.9229848946124548
-251.47283077766258	-11.413582322755246
-236.24154502174713	3.8177034331602044
-249.1437698654721	-9.084521410564776
-241.82174438690197	-1.7624959319946356
-251.60476295682963	-11.545514501922298
-227.81038048395783	12.248867970949505
-240.52213711261936	-0.46288865771202836
-239.23850460048777	0.8207438544195611
-252.8031521032193	-12.74390364831197
-238.7953756501032	1.263872804804123
-237.6750392675989	2.384209187308443
-243.1916099639442	-3.132361509036855
-240.20192900372274	-0.14268054881540593
-238.89684270471696	1.1624057501903735
-256.0259411427054	-15.966692687798059
-235.3877165638645	4.671531891042832
-235.63193083299336	4.427317621913971
-246.10360767683085	-6.044359221923514
-237.1941277459067	2.865120709000621
-236.41605867705437	3.6431897778529674
-237.5815540152347	2.477694439672632
-248.8030669619278	-8.743818507020478
-241.81445783844754	-1.7552093835402047
-233.0003708416283	7.058877613279037
-252.06619149179676	-12.006943036889425
-243.08983907493018	-3.030590620022849
-242.2732009415871	-2.213952486679773
-241.33793420872314	-1.2786857538158074
-236.56411679132214	3.495131663585198
-230.90130686042028	9.157941594487056
-242.16922041470605	-2.109971959798713
-239.35254452177685	0.7067039331304841
-252.04321494337125	-11.98396648846392
-242.70855653250544	-2.649308077598107
-249.90532212695177	-9.84607367204444
-251.06924548817403	-11.0099970332667
-226.90527302753833	13.153975427369005
-239.76911192909245	0.29013652581488714
-236.324689346637	3.734559108270332
-238.110405934984	1.9488425199233461
-243.91556520561642	-3.856316750709084
-231.46124785656355	8.598000598343788
-225.77339121508192	14.285857239825418
-237.13460957296263	2.924638881944702
-242.5553667811131	-2.4961183262057602
-238.35474418078445	1.7045042741228826
-245.19416812402267	-5.134919669115334
-248.27695843742765	-8.217709982520319
-231.35931773256232	8.699930722345016
-239.60998882849015	0.449259626417188
-237.8395303073579	2.219718147549429
-242.56316958557943	-2.503921130672097
-239.4133895545914	0.6458589003159432
-238.38816073916166	1.6710877157456707
-231.60568446636387	8.453563988543465
-242.22131095587463	-2.162062500967295
-240.43961197988608	-0.3803635249787476
-244.25836601686967	-4.199117561962339
-247.09123297384428	-7.031984518936952
-237.1091631175608	2.950085337346536
-244.71956473255193	-4.660316277644597
-248.67757471427683	-8.618326259369496
-248.7157546901675	-8.656506235260167
-237.2635831964675	2.79566525843984
-250.58199674781133	-10.522748292903998
-243.9688541721647	-3.9096057172573637
-236.08060138580402	3.9786470691033173
-238.62612859162107	1.4331198632862652
-237.97156721831777	2.0876812365895603
-240.7531106565533	-0.6938622016459703
-242.28868272316538	-2.2294342682580464
-242.21317716442934	-2.153928709522006
-234.17780342173717	5.881445033170166
-239.73256501067442	0.32668344423291273
-260.68690653252486	-20.627658077617525
-237.26769392961648	2.7915545252908487
-236.53911675253255	3.5201317023747833
-239.84799460999272	0.21125384491460864
-242.39153386881878	-2.3322854139114497
-242.20584073880525	-2.146592283897917
-238.14490058524314	1.9143478696641978
-240.8120813161171	-0.7528328612097539
-248.60064296115377	-8.541394506246434
-229.23947387506848	10.81977457983885
-247.57635311476258	-7.517104659855249
-243.2551122461831	-3.1958637912757695
-237.60990168562637	2.4493467692809645
-230.34781662625971	9.71143182864762
-238.8128242476181	1.2464242072892375
-239.88047847097403	0.17876998393330723
-238.07896007345187	1.9802883814554662
-240.52266954742151	-0.4634210925141815
-251.07320777364146	-11.013959318734123
-246.95693525488093	-6.897686799973599
-228.60002053030837	11.459227924598963
-238.51658094363881	1.5426675112685189
-246.32744623014366	-6.268197775236331
-226.41807564671979	13.641172808187548
-240.93618921492669	-0.8769407600193517
-236.78091561892722	3.278332835980109
-234.54477638298192	5.514472071925411
-246.10954911306396	-6.05030065815663
-236.52667104727368	3.532577407633653
-238.6455640267908	1.4136844281165395
-235.93344705723064	4.125801397676696
-247.0497558996525	-6.9905074447451625
-239.18629297856603	0.8729554763413034
-241.21267562102946	-1.1534271661221283
-239.4591754730012	0.6000729819061235
-234.37529055110133	5.683957903806004
-232.62254358567077	7.436704869236564
-245.7973695203931	-5.738121065485757
-235.35776850986656	4.701479945040774
-241.9497622050643	-1.8905137501569698
-238.55953317493038	1.4997152799769538
-238.7610740271724	1.2981744277349208
-246.99101729574102	-6.9317688408336835
-236.14869312793087	3.910555326976464
-236.15686026674882	3.902388188158511
-243.13286234093027	-3.0736138860229403
-235.62056109529874	4.438687359608593
-246.0084041150061	-5.949155660098768
-244.94754133230379	-4.888292877396452
-245.97501760205557	-5.915769147148239
-231.78960722092086	8.269641233986476
-243.58602264045692	-3.526774185549584
-249.38777703995072	-9.328528585043387
-247.33206241161167	-7.27281395670434
-243.84084375423333	-3.781595299326
-236.06685311905528	3.992395335852052
-240.5295114044369	-0.4702629495295696
-236.70997938383732	3.3492690710700117
-240.58224635369913	-0.5229978987918003
-241.9873657828524	-1.928117327945074
-241.48603892478638	-1.4267904698790517
-237.74393057512714	2.3153178797801957
-228.48592643552763	11.573322019379702
-230.7807847309399	9.278463723967434
-237.88994088394463	2.169307570962701
-239.71333803177765	0.34591042312968057
-241.94564615826891	-1.886397703361581
-240.27305348810694	-0.21380503319960553
-241.25142541917228	-1.1921769642649451
-235.43358958708484	4.625658867822494
-228.82869945930213	11.230548995605204
-232.554184343457	7.505064111450338
-235.36904642442312	4.690202030484215
-227.89051861484256	12.16872984006477
-241.91117834872637	-1.8519298938190332
-244.0166782497639	-3.95742979485658
-234.49359312527884	5.565655329628498
-245.99118644979387	-5.931937994886539
-236.92005785753497	3.1391905973723624
-232.04862290716335	8.010625547743984
-241.46028215075273	-1.401033695845399
-243.61069779796014	-3.551449343052809
-240.92179434373463	-0.8625458888272988
-240.4557502522897	-0.39650179738237057
-238.5417462410354	1.5175022138719214
-245.65018573714258	-5.590937282235245
-252.89629684817407	-12.837048393266741
-240.85937231966307	-0.8001238647557329
-245.11862707251055	-5.059378617603215
-245.4574420864177	-5.398193631510367
-236.8115804622306	3.2476679926767247
-241.67656245173782	-1.6173139968304895
-247.75562409276097	-7.6963756378536345
-242.61684057920718	-2.5575921242998447
-244.12149578485185	-4.062247329944512
-242.35290288763133	-2.293654432723997
-246.88591015801137	-6.826661703104037
-247.814103941006	-7.754855486098677
-255.80573584665615	-15.746487391748815
-243.53223674681283	-3.4729882919054944
-254.05885564328707	-13.999607188379741
-243.8431033080218	-3.7838548531144625
-247.21808245885256	-7.1588340039452305
-245.43023179379304	-5.370983338885708
-245.571181442598	-5.51193298769067
-241.08053600269557	-1.0212875477882335
-241.85087312879693	-1.7916246738896007
-244.21977642540367	-4.160527970496332
-245.39731156287087	-5.338063107963535
-240.67597256127408	-0.6167241063667461
-239.7893473144162	0.2699011404911289
-245.5173672071345	-5.458118752227165
-239.06050870514662	0.9987397497607162
-231.03031369197777	9.028934762929566
-240.41724958011253	-0.3580011252051918
-241.06499931282667	-1.0057508579193382
-247.06830359495723	-7.009055140049895
-240.54740250130487	-0.4881540463975398
-245.72953452752915	-5.6702860726218205
-247.00397639054643	-6.944727935639094
-226.53943898043724	13.519809474470094
-240.03863022227085	0.02061823263647966
-237.53137020796783	2.5278782469395082
-241.51510314033146	-1.4558546854241285
-254.12474871979282	-14.065500264885486
-234.97211489188555	5.08713356302178
-245.17905199742597	-5.119803542518639
-234.51746354813292	5.54178490677441
-247.9430327590038	-7.88378430409648
-235.3991041236535	4.660144331253832
-241.09219493413764	-1.0329464792303042
-243.29633821889945	-3.237089763992117
-243.41779124288075	-3.3585427879734198
-247.12282966130658	-7.063581206399249
-255.42757035101602	-15.368321896108682
-235.68987623127248	4.369372223634855
-245.4906307041623	-5.431382249254966
-237.16365991897544	2.8955885359318927
-239.23562282222917	0.8236256326781586
-238.45894011090638	1.6003083440009505
-240.26932036455617	-0.21007190964883193
-241.58327408579714	-1.5240256308898097
-233.16227826030297	6.896970194604364
-230.60843394937763	9.450814505529706
-237.077527119642	2.98172133526532
-244.21932710115868	-4.16007864625135
-238.1382898566029	1.9209585983044235
-242.48899329134508	-2.4297448364377487
-237.6408424607165	2.4184059941908345
-235.26345418748167	4.795794267425663
-241.7765987489205	-1.7173502940131584
-248.71784174580023	-8.658593290892895
-242.02390608528583	-1.9646576303784968
-241.149798327266	-1.0905498723586788
-237.85314105620853	2.206107398698805
-235.07199968219572	4.9872487727116095
-245.6155177525019	-5.556269297594554
-238.1053480606446	1.953900394262746
-256.37089616934315	-16.31164771443582
-239.03526380532492	1.0239846495824168
-234.29422467207257	5.76502378283476
-246.03323852316896	-5.973990068261628
-248.69058421413717	-8.631335759229842
-234.82979906456092	5.229449390346417
-235.93847906114604	4.120769393761293
-237.86085655891873	2.198391895988607
-245.86364127571358	-5.8043928208062425
-232.77092718165147	7.28832127325586
-243.1814064564045	-3.122158001497155
-251.41904480033043	-11.359796345423092
-245.5031987967908	-5.443950341883465
-236.42481807173533	3.6344303831720026
-246.45539206182946	-6.396143606922124
-255.476632491724	-15.417384036816657
-239.4576588948206	0.6015895600867225
-233.34538152410312	6.713866930804215
-230.210590994286	9.848657460621325
-248.17833841141908	-8.119089956511743
-237.85899932805694	2.2002491268503945
-245.953570321852	-5.894321866944665
-236.10729433077574	3.951954124131589
-246.87328704297613	-6.814038588068797
-234.79563334589545	5.26361510901188
-241.18363006419747	-1.1243816092901397
-246.03591774837184	-5.976669293464511
-241.41522871735867	-1.3559802624513395
-234.72359124820866	5.33565720669867
-226.71565655206575	13.343591902841581
-249.3102552594886	-9.251006804581266
-242.1158879752569	-2.056639520349563
-247.10087127887016	-7.041622823962825
-241.30643782081677	-1.2471893659094349
-245.38077866623132	-5.321530211323989
-250.7951074130491	-10.735858958141762
-244.74494575190545	-4.685697296998114
-230.17621824747255	9.883030207434786
-246.08205066156586	-6.022802206658525
-236.91265529572627	3.146593159181066
-241.2870646696923	-1.2278162147849798
-236.85951566314395	3.199732791763381
-236.5026763774025	3.556572077504825
-234.31673567642645	5.7425127784808865
-243.87433481812548	-3.8150863632181427
-234.66355654813594	5.39569190677139
-236.3741499410047	3.6850985139026307
-244.8352693802393	-4.776020925331977
-246.1109671769176	-6.051718722010264
-243.62595901525708	-3.5667105603497475
-237.53072242455744	2.5285260303498944
-241.0978099558946	-1.0385615009872708
-235.56341790929798	4.495830545609351
-244.501913348004	-4.442664893096662
-238.28993887888862	1.7693095760187134
-248.1390670598288	-8.079818604921456
-244.6909048641195	-4.631656409212155
-246.51447087109625	-6.455222416188917
-242.0455217680377	-1.9862733131303685
-234.67611067208998	5.383137782817357
-241.26800524960925	-1.2087567947019124
-238.07871840409132	1.9805300508160144
-238.5737490482519	1.4854994066554355
-236.7995486588137	3.259699796093628
-250.55285020265217	-10.493601747744833
-244.76105294697697	-4.701804492069641
-236.56749420743506	3.4917542474722723
-232.67692117997865	7.382327274928684
-238.5242412113097	1.5350072435976472
-237.72948013322673	2.3297683216806035
-235.5932065440669	4.466041910840431
-253.61613530911052	-13.556886854203185
-239.54354615797126	0.5157022969360696
-231.43963620493957	8.619612249967759
-238.82189920736198	1.2373492475453531
-237.1464301017935	2.9128183531138347
-248.18192946999113	-8.1226810150838
-240.03965373767494	0.019594717232394032
-241.51663295067044	-1.4573844957631081
-235.94379895596137	4.115449498945964
-247.9827739681299	-7.9235255132225575
-244.09684962754034	-4.037601172633003
-237.20290785266332	2.8563406022440176
-241.12362572385825	-1.0643772689509206
-232.69770612692298	7.361542327984353
-250.32627498178988	-10.267026526882546
-242.95826567388792	-2.899017218980589
-246.01681062147907	-5.9575621665717335
-242.0146830549587	-1.955434600051376
-237.6476204934537	2.4116279614536325
-243.36529166821344	-3.3060432133061113
-250.76845714181616	-10.709208686908823
-239.05212345739199	1.0071249975153478
-245.10454512155627	-5.045296666648937
-242.8312291325368	-2.7719806776294718
-228.59848283091048	11.46076562399685
-241.10148267883994	-1.04223422393261
-246.57348754984048	-6.514239094933146
-262.50091737991386	-22.441668925006525
-231.58366281540145	8.47558563950588
-238.51846681688983	1.5407816380175063
-253.0931688238146	-13.033920368907275
-248.37698990760907	-8.317741452701739
-241.7649409057725	-1.7056924508651718
-241.3197427032086	-1.2604942483012564
-244.85847516245337	-4.79922670754604
-245.89098760240665	-5.83173914749932
-238.10016769973515	1.959080755172181
-236.7937321107696	3.2655163441377226
-235.61564419423883	4.443604260668508
-243.89001486960694	-3.8307664146996103
-241.35290498328175	-1.293656528374413
-232.55162301241432	7.5076254424930084
-250.0879951781193	-10.028746723211952
-235.59126708699694	4.467981367910397
-244.49309881042643	-4.433850355519098
-241.5190355048784	-1.4597870499710552
-234.3769545976487	5.682293857258628
-242.4282374512644	-2.368988996357075
-241.25866468922538	-1.1994162343180506
-236.2642990672706	3.794949387636734
-250.5398440860248	-10.480595631117467
-233.35106746485178	6.708180990055553
-234.67148342570943	5.387765029197908
-232.9437364028512	7.115512052056147
-239.73350137739396	0.32574707751336973
-252.7128802561441	-12.65363180123677
-245.4604999238603	-5.401251468952978
-233.04175530903228	7.017493145875051
-253.87224054506294	-13.812992090155603
-236.0871562743945	3.9720921805128455
-236.01131486957672	4.047933585330611
-232.58994079812908	7.4693076567782555
-226.56102882138873	13.498219633518602
-238.1286634008087	1.9305850540986285
-243.25676459211752	-3.1975161372101866
-234.33438596830308	5.724862486604252
-230.0011780807057	10.058070374201634
-242.9346048505198	-2.875356395612471
-225.90438122684498	14.154867228062358
-245.40526083434304	-5.346012379435706
-236.51082020150568	3.548428253401653
-248.42791750642425	-8.368669051516918
-232.99871295097762	7.060535503929714
-234.55239812553407	5.506850329373265
-235.2401672019572	4.819081252950127
-241.26866568166076	-1.2094172267534304
-242.0906774474082	-2.031428992500878
-241.78632735917415	-1.7270789042668184
-241.01857225434867	-0.9593237994413357
-244.80563145008125	-4.746382995173917
-240.62830445022917	-0.5690559953218326
-243.06695450419863	-3.0077060492913006
-233.93067409736466	6.128574357542675
-237.4789742030647	2.5802742518426385
-239.8520722446359	0.2071762102714274
-244.15167624201638	-4.092427787109045
-236.27115994912526	3.7880885057820706
-243.50203359573277	-3.4427851408254355
-230.82410252115585	9.235145933751483
-238.73740039688198	1.3218480580253527
-243.3595777714603	-3.3003293165529612
-241.35921309583716	-1.2999646409298293
-252.03523234200327	-11.975983887095936
-226.28590797079448	13.77334048411285
-242.053324349656	-1.9940758947486756
-235.00762263331342	5.051625821593916
-240.3998090889021	-0.34056063399475534
-234.16735472857033	5.891893726337003
-232.0103522237281	8.048896231179242
-240.93213865896757	-0.8728902040602406
-229.86469608898403	10.1945523659233
-234.49364552052646	5.565602934380877
-254.13350242953527	-14.074253974627936
-237.722335675115	2.3369127797923284
-243.68105140843033	-3.6218029535230016
-246.43873630844826	-6.3794878535409225
-234.79910674332712	5.260141711580218
-250.47850847306324	-10.41926001815591
-233.1079989807571	6.951249474150245
-245.8677267050465	-5.80847825013916
-251.4970781020769	-11.437829647169565
-226.47098275884707	13.588265696060262
-246.03383449559112	-5.974586040683789
-240.3519682803402	-0.2927198254328687
-237.17398002799962	2.8852684269077145
-236.38064862090175	3.678599834005581
-236.51328476944252	3.5459636854648124
-227.4119622366219	12.647286218285444
-247.5811755600247	-7.521927105117356
-256.87954303397635	-16.820294579069014
-235.6615071572254	4.397741297681932
-250.1573041473115	-10.09805569240416
-242.35498882704485	-2.295740372137516
-236.4162454116107	3.6430030432966305
-225.82219822155673	14.237050233350601
-242.65179194062728	-2.5925434857199434
-251.97571172729147	-11.916463272384135
-241.14196430153459	-1.0827158466272522
-245.83892348520237	-5.779675030295039
-236.29191602506978	3.767332429837552
-242.4956283700834	-2.436379915176076
-241.1586984060508	-1.0994499511434697
-241.00101197984839	-0.9417635249410523
-239.7577330028529	0.30151545205444563
-236.7188633134159	3.3403851414914243
-237.85609121096275	2.203157243944588
-236.48739708814026	3.5718513667670777
-248.99883284785972	-8.939584392952383
-239.38780467537651	0.6714437795308186
-243.1639485749132	-3.104700120005873
-249.17984363926587	-9.120595184358535
-265.400096210515	-25.340847755607683
-231.27483752053593	8.784410934371408
-236.88348866527156	3.1757597896357765
-251.6783341924696	-11.619085737562273
-237.36926250261092	2.6899859522964107
-253.29191124632268	-13.23266279141535
-244.19631723348937	-4.137068778582034
-251.9140800620902	-11.85483160718286
-239.1191159171234	0.9401325377839385
-232.906553201998	7.152695252909325
-234.26522747468914	5.794020980218193
-239.1533162884101	0.9059321664972231
-243.30621464875946	-3.2469661938521313
-242.23722399815813	-2.1779755432507955
-239.00430129223457	1.054947162672761
-242.59283016155894	-2.533581706651603
-246.23485115651636	-6.175602701609023
-239.4383171606554	0.6209312942519318
-245.40908078154678	-5.349832326639444
-241.47147024541698	-1.4122217905096477
-233.89166200588295	6.167586449024384
-242.91887557446387	-2.859627119556535
-246.50595896913217	-6.446710514224833
-227.1085636178126	12.950684837094741
-233.5802658000706	6.478982654836727
-234.5482308066952	5.511017648212146
-246.10764411008347	-6.048395655176137
-248.8202618976742	-8.761013442766853
-234.54103559549037	5.518212859416963
-232.87702732170362	7.182221133203711
-242.92028068622528	-2.8610322313179495
-248.10611571582047	-8.046867260913132
-230.1807706959611	9.878477758946246
-241.0353013055377	-0.9760528506303672
-240.05386297367875	0.005385481228586286
-232.971102203834	7.08814625107334
-232.79243007400726	7.266818380900077
-240.8543041404722	-0.7950556855648756
-238.1226473454975	1.9366011094098212
-244.79577803707286	-4.736529582165531
-236.3085655817216	3.750682873185724
-234.80511150387827	5.254136951029068
-238.48704530467	1.5722031502373284
-251.97092987110443	-11.911681416197098
-248.8773338816194	-8.81808542671206
-244.54990726109315	-4.49065880618582
-241.52043308769714	-1.4611846327898093
-260.37753819935676	-20.31828974444943
-227.45406124887302	12.605187206034316
-243.06935259155068	-3.010104136643349
-234.74274088761956	5.316507567287772
-242.35821039703512	-2.2989619421277894
-240.34297716730578	-0.28372871239844244
-240.06604981097405	-0.006801356066716835
-247.53756714073313	-7.478318685825798
-243.91463020385197	-3.8553817489446374
-236.538958014988	3.5202904399193358
-243.3885518020346	-3.3293033471272793
-235.392842262076	4.666406192831346
-238.07268186157523	1.9865665933320997
-248.25848830828397	-8.199239853376639
-231.24917148173915	8.81007697316818
-234.47435357835855	5.584894876548788
-232.89913726339944	7.1601111915078945
-237.67078137366696	2.3884670812403783
-244.0264136972204	-3.967165242313058
-237.35965281836468	2.6995956365426537
-247.13084776093672	-7.071599306029384
-238.33395835899353	1.725290095913806
-233.29902711367538	6.760221341231954
-251.15637769011153	-11.097129235204193
-237.1329052519235	2.926343202983844
-234.98105982866616	5.078188626241172
-251.4557914022829	-11.396542947375565
-242.6494686896425	-2.5902202347351704
-239.98242016556685	0.07682828934048302
-246.8367007977016	-6.777452342794277
-243.8598111119012	-3.8005626569938613
-236.27975968503813	3.7794887698692037
-246.25071082711872	-6.19146237221139
-245.97776849337458	-5.91852003846725
-253.02552190051426	-12.96627344560693
-237.2950746260707	2.764173828836647
-242.80317634525488	-2.7439278903475497
-247.15857723661827	-7.099328781710938
-239.9493991336443	0.10984932126302738
-245.51485722642462	-5.455608771517291
-243.49954895604822	-3.4403005011408823
-248.67577535268572	-8.616526897778385
-233.67644180441346	6.382806650493876
-234.00105296872277	6.058195486184559
-241.50702995799145	-1.4477815030841157
-246.18717020598194	-6.127921751074609
-238.6099466553518	1.449301799555542
-248.96837337786053	-8.909124922953197
-247.05713290046913	-6.997884445561795
-247.50283957695717	-7.443591122049838
-235.15338789748273	4.905860557424603
-231.3859174204648	8.673331034442526
-235.58247085904657	4.476777595860767
-239.19489813316102	0.8643503217463149
-239.7601065988514	0.29914185605593957
-237.21287670614618	2.8463717487611575
-231.6444893665124	8.41475908839493
-232.87106981675095	7.188178638156387
-236.60188877552935	3.457359679377987
-244.07784723628208	-4.018598781374749
-234.13422115033097	5.925027304576361
-236.0396288557189	4.019619599188445
-242.86843114112924	-2.8091826862219023
-239.7832211978042	0.2760272571031237
-235.95326841943677	4.105980035470566
-236.87932067406143	3.179927780845901
-238.08057984834375	1.9786686065635877
-243.12700299925416	-3.067754544346826
-241.23929969722883	-1.1800512423214968
-246.10865864855657	-6.049410193649237
-245.0047645060207	-4.945516051113373
-234.34871777254227	5.710530682365061
-251.08571134380543	-11.026462888898095
-243.12430393450848	-3.065055479601142
-242.84993804424664	-2.7906895893393084
-237.4826818644309	2.576566590476432
-243.72632540268603	-3.667076947778696
-237.5023626477581	2.5568858071492286
-238.22604838007317	1.833200074834167
-246.37816249081004	-6.318914035902708
-237.89069652414253	2.1685519307648065
-242.70618163448887	-2.646933179581538
-236.05228631497664	4.0069621399306925
-241.9697479767441	-1.9104995218367549
-254.59976738246985	-14.540518927562516
-231.58982283433795	8.469425620569382
-230.2762495025621	9.782998952345224
-234.63577162102808	5.423476833879249
-243.61781870542688	-3.5585702505195513
-240.1217608887622	-0.06251243385486305
-238.89556746325468	1.1636809916526545
-246.03366938784382	-5.974420932936482
-234.46358834905038	5.59566010585695
-235.26491144927638	4.79433700563095
-253.97625766254566	-13.91700920763833
-237.1428042741121	2.9164441807952244
-254.3879645486544	-14.328716093747062
-237.05674876745104	3.002499687456293
-243.47322860839847	-3.4139801534911385
-247.85088375217526	-7.791635297267931
-238.03627161011752	2.0229768447898095
-242.54541105337046	-2.4861625984631246
-233.76115978051746	6.298088674389874
-237.62103897644045	2.438209478466888
-236.88790845675464	3.171339998152689
-238.94403142961744	1.115217025289894
-233.22998360034615	6.829264854561188
-246.67428696734203	-6.615038512434694
-243.27936230915145	-3.2201138542441186
-240.01076350168512	0.048484953222214244
-235.40268041633897	4.656568038568366
-243.44269578845194	-3.383447333544609
-247.98929392778734	-7.9300454728800105
-227.47959002362984	12.579658431277494
-239.79870249761223	0.26054595729510766
-241.0406521149656	-0.9814036600582767
-247.01912837589987	-6.959879920992535
-233.50260803647177	6.556640418435563
-244.98490332180006	-4.925654866892728
-243.30515192991368	-3.245903475006344
-241.52909425000905	-1.469845795101719
-237.7580529910723	2.301195463835029
-241.49738035798725	-1.4381319030799204
-239.21160026534415	0.8476481895631878
-237.0347384240398	3.024510030867532
-236.4165827117489	3.6426657431584317
-244.01277513020102	-3.9535266752936877
-240.91693753379002	-0.8576890788826859
-238.3540781206051	1.7051703343022382
-250.84566697668413	-10.786418521776795
-243.808817153806	-3.7495686988986563
-233.49199559827173	6.567252856635605
-227.3376473896882	12.721601065219147
-240.4464443953715	-0.38719594046415295
-227.373067114337	12.686181340570329
-236.2572363202438	3.802012134663528
-241.22960290175467	-1.170354446847341
-228.88296039298655	11.176288061920786
-237.87639851754136	2.1828499373659724
-248.60143732494396	-8.542188870036625
-233.96013342205913	6.0991150328482036
-235.58358016469936	4.475668290207977
-236.20030203324347	3.858946421663859
-243.41973397939944	-3.3604855244921055
-231.67054358930397	8.388704865603358
-248.36874488734827	-8.309496432440937
-248.9077024856182	-8.848454030710855
-250.3789877046314	-10.31973924972408
-235.20587677403307	4.853371680874261
-239.8056100266789	0.2536384282284416
-242.995032588757	-2.9357841338496655
-237.7914497793048	2.267798675602535
-242.27330472671963	-2.2140562718122965
-232.28866580355168	7.770582651355653
-235.98291178128636	4.076336673620972
-239.6648532025523	0.39439525235502515
-239.7886366034312	0.27061185147613287
-243.90120946606692	-3.841961011159583
-242.99094726738474	-2.931698812477407
-240.99774426069996	-0.9384958057926269
-242.85188515345578	-2.792636698548449
-240.09336454138463	-0.03411608647729736
-234.7064547332069	5.352793721700436
-230.2888209378674	9.770427517039934
-233.32660164983315	6.732646805074182
-243.59702434211283	-3.5377758872054983
-234.75972745514662	5.299520999760716
-227.95964393352403	12.099604521383299
-233.40750979890652	6.651738656000816
-237.10596939316963	2.953279061737703
-239.3873386674626	0.671909787444747
-232.82047913665372	7.238769318253617
-236.44932633991482	3.6099221149925143
-231.0730182412757	8.986230213631643
-242.00576142825082	-1.9465129733434878
-246.57107827983634	-6.511829824929009
-245.7624337232795	-5.703185268372181
-251.54937570896652	-11.490127254059189
-243.66079985023896	-3.601551395331626
-241.00557745145704	-0.9463289965497097
-240.19538481560664	-0.1361363606993109
-243.63541041724454	-3.57616196233721
-249.65218667927036	-9.592938224363024
-243.31304987098918	-3.253801416081842
-242.85895971641946	-2.7997112615121296
-241.75440247599397	-1.695154021086637
-239.37725980742323	0.6819886474841041
-241.63662084339956	-1.577372388492222
-243.8989987378976	-3.8397502829902805
-243.2146581237124	-3.1554096688050777
-235.41474516398227	4.6445032909250585
-235.3544669618226	4.704781493084738
-236.18552731078887	3.8737211441184627
-237.24166156172066	2.8175868931866717
-228.9340138764768	11.125234578430536
-245.57411002394872	-5.514861569041386
-239.6224032192498	0.436845235657529
-242.41270086421935	-2.3534524093120126
-236.0386886584405	4.020559796466841
-247.79275901305152	-7.733510558144189
-233.40617414905353	6.653074305853806
-238.8965111078527	1.1627373470546445
-245.15483884557977	-5.095590390672442
-238.88985050486588	1.169397950041457
-240.5506657312602	-0.4914172763528768
-244.78658242760355	-4.727333972696215
-229.80544857997518	10.253799874932156
-249.7178588696355	-9.658610414728173
-239.6663940501261	0.39285440478124656
-244.20818146121235	-4.148933006305015
-233.4469864326187	6.612262022288633
-232.9522673551495	7.1069810997578315
-245.06510376148287	-5.0058553065755405
-244.90970818530548	-4.850459730398143
-238.67913717033878	1.3801112845685566
-235.27722682547244	4.782021629434894
-237.1361987441727	2.923049710734631
-231.985276506481	8.073971948426333
-230.81830737112102	9.24094108378631
-248.19878063658905	-8.139532181681716
-237.69700931131445	2.3622391435928876
-235.5588096903615	4.500438764545834
-237.94412515234797	2.1151233025593683
-235.5623700050586	4.496878449848737
-239.18611963671935	0.873128818187979
-238.36057611945796	1.6986723354493733
-242.09669196584798	-2.0374435109406477
-245.67684490727913	-5.617596452371799
-237.14081473840122	2.918433716506115
-236.82211072593998	3.2371377289673546
-237.51500313117356	2.544245323733776
-244.54279447558872	-4.483546020681388
-234.83223627274344	5.2270121821638895
-245.80330168491707	-5.74405323000974
-236.6546911967256	3.4045572581817396
-236.22466142194241	3.8345870329649188
-248.6054277439929	-8.546179289085558
-238.98904272476864	1.0702057301386958
-231.5276491409262	8.531599313981133
-236.2786700730743	3.7805783818330383
-228.04920594993234	12.01004250497499
-239.82957108717017	0.22967736773716751
-226.35569967980916	13.70354877509817
-236.6424978435483	3.4167506113590207
-229.46083784441942	10.598410610487917
-238.88306332083664	1.1761851340706926
-244.08101598509018	-4.021767530182842
-239.3099514820882	0.7492969728191383
-249.5894245735784	-9.53017611867108
-241.00753581089737	-0.9482873559900327
-235.13201582684485	4.927232628062484
-230.53090465456842	9.528343800338916
-248.12146725535638	-8.062218800449045
-242.21700741229358	-2.1577589573862497
-241.50756354574185	-1.4483150908345124
-239.41393534311862	0.6453131117887096
-248.16353693066992	-8.104288475762587
-244.4569545995713	-4.397706144663971
-227.14970244028734	12.909546014619991
-242.79459716387862	-2.735348708971287
-230.8632838927391	9.195964562168228
-220.73891861160007	19.320329843307263
-241.91756112046494	-1.8583126655576052
-241.70195939207986	-1.6427109371725237
-245.54118911007606	-5.481940655168728
-249.04657187706687	-8.987323422159534
-246.34776648485638	-6.288518029949046
-241.2782912676579	-1.2190428127505584
-239.54922365094023	0.5100248039670987
-243.84356217273523	-3.7843137178278994
-239.88689811498114	0.1723503399261972
-256.53118619824306	-16.47193774333573
-240.7608619689221	-0.7016135140147526
-226.9432416078729	13.116006847034441
-231.53786530257855	8.52138315232878
-241.47097871222138	-1.4117302573140478
-248.18823221898708	-8.128983764079749
-240.3739934643039	-0.31474500939657446
-242.93425950264862	-2.875011047741282
-249.16968511393713	-9.110436659029801
-235.9583405740799	4.100907880827435
-238.67638231683884	1.3828661380684935
-247.2563526756661	-7.197104220758774
-242.01062194953045	-1.9513734946231125
-243.6091386595166	-3.5498902046092553
-228.97328723188036	11.08596122302697
-239.30195876198775	0.7572896929195849
-243.498273362968	-3.4390249080606736
-235.830678356166	4.228570098741329
-237.13095498292603	2.9282934719813056
-238.7365437967477	1.322704658159637
-246.04107875597617	-5.98183030106884
-225.61504151235056	14.444206942556775
-242.41183979807317	-2.352591343165841
-242.8666784998444	-2.807430044937064
-240.02147222798737	0.0377762269199593
-240.5984143791378	-0.539165924230474
-243.41919322007232	-3.3599447651649825
-239.65621660933027	0.4030318455770612
-231.5401658551367	8.519082599770627
-240.47618773948705	-0.41693928457971197
-243.67003597215296	-3.610787517245626
-237.81345360478224	2.245794850125094
-229.81536308179273	10.243885373114608
-238.19845833759825	1.8607901173090795
-253.7193423446828	-13.660093889775453
-236.43421959378827	3.6250288611190626
-233.51856261648425	6.540685838423087
-241.92229110408005	-1.8630426491727121
-245.8686466380699	-5.809398183162557
-241.24771961519798	-1.1884711602906464
-237.01298811064987	3.046260344257462
-229.92067043050554	10.138578024401795
-239.69169307150366	0.3675553834036691
-236.44443409224402	3.61481436266331
-237.92076021572063	2.1384882391866995
-242.106980013947	-2.0477315590396756
-245.73162772741705	-5.6723792725097155
-252.70922657973495	-12.649978124827612
-231.8395567913925	8.219691663514823
-234.67795416041406	5.381294294493273
-241.36262750038657	-1.3033790454792324
-228.61149685846829	11.447751596439048
-240.52098340742884	-0.4617349525215104
-238.6542055318663	1.4050429230410373
-238.62191529682093	1.4373331580864033
-239.24707036703546	0.812178087871871
-236.6547355816532	3.4045128732541343
-237.98277283635468	2.0764756185526494
-239.5041229006987	0.5551255542086437
-236.1403689628736	3.9188794920337386
-234.19846142589302	5.860787029014318
-241.08490237434523	-1.0256539194379002
-235.45890378766705	4.600344667240279
-233.06935313641804	6.989895318489289
-242.20644005842985	-2.147191603522515
-251.0761550302508	-11.016906575343455
-243.71545713116427	-3.656208676256938
-230.23819801465504	9.821050440252293
-224.88065228696576	15.178596167941578
-244.18472146098281	-4.125473006075481
-235.71482836282883	4.344420092078508
-244.40939694179758	-4.350148486890248
-241.35687977740088	-1.2976313224935438
-232.31824716143672	7.741001293470617
-233.92065707145446	6.1385913834528765
-241.72622009044642	-1.6669716355390847
-234.36694585791918	5.692302596988156
-254.7768436698774	-14.71759521497006
-251.47805957047456	-11.418811115567223
-245.36853612446646	-5.309287669559126
-247.23942856104475	-7.1801801061374135
-245.95983210156044	-5.900583646653104
-250.59284339101066	-10.533594936103327
-241.46636881435768	-1.4071203594503459
-250.27332838881773	-10.214079933910398
-238.33874445818435	1.7205039967229823
-235.34976328142	4.709485173487337
-252.83098633761472	-12.771737882707384
-267.2238389575308	-27.16459050262347
-229.82624431994407	10.233004134963267
-241.17704677188374	-1.1177983169764047
-245.50000418445632	-5.440755729548982
-227.3167309820077	12.742517472899635
-232.94552207130835	7.113726383598987
-231.59781489931117	8.461433555596159
-227.67338174336544	12.385866711541894
-246.26270806253376	-6.203459607626428
-242.5638292137686	-2.504580758861266
-237.70512971112692	2.3541187437804183
-238.98935649595876	1.069891958948574
-239.0716878021143	0.9875606527930358
-242.0490054415808	-1.9897569866734557
-239.49534333926056	0.5639051156467758
-257.0809570378864	-17.021708582979045
-242.6601324251045	-2.6008839701971738
-240.75991762002593	-0.7006691651185974
-240.1052465802735	-0.0459981253661681
-240.36536093090615	-0.3061124759988161
-240.22906338305108	-0.16981492814375088
-249.89837738558197	-9.839128930674633
-231.44033045554022	8.618917999367113
-243.8347716177617	-3.7755231628543697
-231.18886874800444	8.870379706902895
-243.85394433700492	-3.794695882097585
-232.23728502678057	7.8219634281267645
-243.57636293467147	-3.517114479764132
-237.8378486306559	2.221399824251421
-243.09219599619462	-3.0329475412872853
-227.8187899518474	12.240458503059926
-239.08020395661367	0.9790444982936606
-233.19013708736236	6.869111367544974
-242.45191672910948	-2.3926682742021512
-241.0563832465217	-0.9971347916143714
-232.37064839322773	7.688600061679608
-241.13379010415008	-1.0745416492427466
-254.64854221960775	-14.589293764700415
-243.7482757232159	-3.689027268308564
-238.60912306468015	1.4501253902271856
-238.09454578610382	1.9647026688035112
-237.0506877529209	3.0085607019864256
-241.94561109743734	-1.8863626425300026
-230.35818083717675	9.701067617730587
-232.86004440445174	7.199204050455592
-245.83242331363215	-5.773174858724815
-245.4165855442501	-5.357337089342764
-240.98637683673076	-0.9271283818234224
-228.86760319277016	11.191645262137172
-248.8749945349358	-8.815746080028475
-255.69652165765945	-15.637273202752112
-237.03738941414701	3.0218590407603187
-239.9749646301592	0.08428382474812679
-237.32108576764074	2.7381626872665947
-242.2570728600498	-2.1978244051424554
-232.08971969213815	7.969528762769187
-235.94919951765985	4.110048937247484
-244.30971873906162	-4.250470284154289
-242.6029226497725	-2.5436741948651616
-239.9966388789711	0.06260957593622152
-236.96312691484707	3.096121540060267
-239.10453155115317	0.9547169037541607
-252.08738381508226	-12.028135360174929
-239.1652358133382	0.8940126415691338
-242.41984372115473	-2.360595266247401
-241.2601572046209	-1.2009087497135624
-234.89051686833625	5.168731586571084
-239.65632530340588	0.4029231515014544
-243.2559319767264	-3.196683521819068
-248.49082558035514	-8.431577125447802
-245.8823090764439	-5.82306062153657
-240.5555667290995	-0.4963182741921628
-233.2771351320647	6.782113322842633
-237.00728491994448	3.0519635349628516
-235.33663929203829	4.722609162869048
-239.84881762445218	0.21043083045515232
-243.30636413700483	-3.247115682097501
-230.9856087285974	9.07363972630992
-241.31641622347013	-1.2571677685627947
-229.7302699543019	10.328978500605444
-232.93005552263128	7.129192932276055
-241.80306905981922	-1.743820604911889
-233.7918016717398	6.267446783167543
-235.19637772274507	4.862870732162264
-242.55254969775922	-2.493301242851885
-246.15952870863327	-6.100280253725941
-239.09078811361758	0.9684603412897559
-248.3362069393719	-8.276958484464558
-235.58386684693176	4.475381607975578
-240.57256386290317	-0.5133154079958331
-221.27053072144406	18.788717733463272
-246.7328027014977	-6.673554246590356
-240.6755218637503	-0.6162734088429715
-235.1716573681282	4.887591086779139
-244.89561752453517	-4.836369069627835
-241.00409122855706	-0.9448427736497251
-240.9426897939651	-0.8834413390577538
-227.63005111112795	12.429197343779379
-245.285402563832	-5.226154108924675
-238.51815528727673	1.5410931676306063
-235.92511013942783	4.134138315479504
-246.5212504546165	-6.462001999709173
-231.48058540877025	8.57866304613708
-232.12012530325808	7.939123151649255
-240.56356365487807	-0.5043151999707334
-227.52252730886755	12.536721146039781
-234.86780136622326	5.191447088684072
-242.0514493078757	-1.9922008529683808
-253.72220045547363	-13.662952000566293
-248.29329049708974	-8.23404204218241
-242.36871230217582	-2.309463847268489
-245.04103007040464	-4.981781615497312
-250.5087028989168	-10.449454444009461
-247.24893018468936	-7.1896817297820235
-240.48278062501993	-0.42353217011259403
-239.0636486487441	0.9955998061632272
-239.6758067808645	0.38344167404284235
-240.612382562564	-0.5531341076566605
-237.21929859177396	2.83994986313337
-239.08525561510248	0.9739928398048505
-248.07157579242846	-8.012327337521128
-227.74719102603046	12.31205742887687
-236.47835605330545	3.5808924016018864
-246.39102545224375	-6.331776997336419
-247.71786766079674	-7.6586192058894085
-233.87319465267717	6.1860538022301625
-238.91894604892366	1.1403024059836753
-238.03513235593925	2.0241160989680793
-238.64208552125854	1.4171629336487968
-246.8563469367458	-6.797098481838475
-248.23020951341675	-8.17096105850942
-250.40085402070906	-10.341605565801729
-244.8836122436427	-4.824363788735354
-252.42198892715749	-12.362740472250152
-236.55056867974997	3.5086797751573613
-241.70423453871115	-1.6449860838038148
-234.96979101164686	5.089457443260471
-241.6693145468256	-1.61006609191827
-238.06290008179565	1.9963483731116867
-240.19693082064111	-0.1376823657337809
-248.11476727165643	-8.0555188167491
-240.76208065526805	-0.7028322003607173
-243.60436940988654	-3.545120954979211
-235.60825017865352	4.450998276253813
-241.46921538366075	-1.4099669287534198
-227.68524509842462	12.374003356482717
-242.62648159088928	-2.567233135981951
-238.85248255922704	1.2067658956802916
-247.9752829265293	-7.91603447162197
-230.52979129421362	9.52945716069371
-245.73947478214757	-5.680226327240234
-242.4973761892419	-2.4381277343345573
-245.795406363521	-5.736157908613677
-254.29213951652707	-14.232891061619739
-244.7290288148164	-4.669780359909055
-242.8048048641307	-2.7455564092233544
-234.90733834463242	5.151910110274912
-241.57617504641019	-1.5169265915028518
-241.55574820977415	-1.496499754866818
-237.96066986936273	2.098578585544601
-234.46508522361762	5.594163231289713
-233.28528510337708	6.773963351530256
-233.66512309261668	6.3941253622906515
-245.58785874343664	-5.528610288529308
-238.84151809148386	1.2177303634234704
-234.91183668627707	5.147411768630263
-230.91397319074383	9.145275264163502
-253.19986602165807	-13.140617566750734
-247.85082878708852	-7.791580332181184
-225.53040209305834	14.528846361848991
-241.89520152162947	-1.8359530667221406
-234.40010991018278	5.659138544724556
-234.99706760001789	5.062180854889448
-240.38597067239823	-0.3267222174908966
-250.00317654860044	-9.943928093693103
-244.88249915364793	-4.823250698740594
-249.198848512557	-9.139600057649659
-235.1294387791662	4.929809675741126
-231.5815662951012	8.477682159806136
-237.77992237997603	2.279326074931305
-238.80118518869347	1.2580632662138669
-244.87145569227357	-4.812207237366238
-239.62887503466698	0.4303734202403575
-234.7218233598636	5.337425095043727
-232.52302281859227	7.536225636315066
-246.37091295241623	-6.3116644975089
-242.6109790082504	-2.551730553343077
-239.2267973772199	0.8324510776874376
-240.99809904551728	-0.9388505906099454
-225.95423229080404	14.10501616410329
-234.58151450989897	5.477733945008367
-234.29570899348835	5.763539461418986
-232.82916478887853	7.230083666028804
-234.12181723318133	5.937431221726001
-235.61874867017684	4.440499784730491
-242.66350293279754	-2.6042544778902084
-249.90168979836233	-9.842441343454993
-233.27817041598098	6.781078038926353
-236.3799663534104	3.6792821014969377
-224.62552558550158	15.433722869405756
-239.8113034556103	0.24794499929703306
-241.69931936088904	-1.6400709059817018
-242.4637610898593	-2.4045126349519705
-241.55160176593415	-1.4923533110268181
-248.87305049118947	-8.81380203628214
-240.6423161120132	-0.5830676571058575
-240.93530133440288	-0.8760528794955462
-230.2811723572762	9.778076097631129
-242.53810890120292	-2.4788604462955846
-247.05304888964235	-6.9938004347350216
-241.45110900610814	-1.391860551200807
-245.60845953547175	-5.549211080564419
-231.56735990568484	8.491888549222494
-246.87669138445415	-6.817442929546814
-232.21496787892318	7.844280575984158
-237.0547412369291	3.0045072179782437
-242.36059748554032	-2.3013490306329913
-238.2683326052014	1.7909158497059252
-241.08006871214673	-1.020820257239393
-236.1506685636508	3.9085798912565224
-234.16070767954295	5.898540775364381
-241.98341114483844	-1.9241626899311086
-244.4513811234741	-4.392132668566774
-235.62325173011993	4.435996724787401
-255.2140581790976	-15.154809724190272
-255.0558782607062	-14.996629805798875
-237.6622318432586	2.3970166116487235
-241.2209609216901	-1.1617124667827738
-243.73821239421738	-3.6789639393100515
-242.58396953981207	-2.5247210849047406
-223.52034462654626	16.53890382836107
-233.2181295785798	6.841118876327528
-249.62250888789492	-9.56326043298759
-241.16629213006888	-1.107043675161549
-242.29235264111264	-2.23310418620531
-238.21268848956458	1.846559965342749
-240.8156954350219	-0.7564469801145606
-242.0291513254873	-1.969902870579972
-239.2423950683973	0.8168533865100471
-238.3650606129762	1.6941878419311251
-234.39527461553587	5.663973839371465
-246.2255402149989	-6.166291760091553
-242.70717602688308	-2.6479275719757425
-241.42644471371966	-1.3671962588123279
-229.57335078979156	10.485897665115772
-246.55920469939372	-6.499956244486384
-240.71239068885404	-0.6531422339467099
-230.6687782629691	9.39047019193822
-244.99734367134295	-4.938095216435613
-238.20783885145863	1.851409603448701
-236.52561879113853	3.5336296637688065
-242.57042353838403	-2.511175083476701
-245.1438248210128	-5.084576366105466
-234.79973099418055	5.259517460726784
-241.8030083508005	-1.743759895893163
-243.99857810901665	-3.939329654109315
-243.86383503852483	-3.8045865836174926
-247.3898135996518	-7.330565144744469
-239.53651824594488	0.5227302089624573
-243.2276513101191	-3.1684028552117525
-237.79680168514676	2.2624467697605724
-240.0266481979437	0.032600256963633
-243.3386479704153	-3.2793995155079756
-232.34695781435073	7.712290640556603
-247.42179127905763	-7.362542824150296
-244.12159005295905	-4.062341598051717
-246.50231791969634	-6.443069464789005
-230.80208316212008	9.25716529278725
-240.42118599567982	-0.3619375407724874
-242.5257421316877	-2.466493676780374
-249.80370688347682	-9.744458428569487
-244.94205641223596	-4.882807957328623
-236.402564510989	3.656683943918324
-231.5848602031714	8.474388251735945
-240.235775128191	-0.17652667328366078
-234.79285117722827	5.2663972776790615
-243.18193993555394	-3.1226914806466084
-246.13093086624065	-6.071682411333313
-242.2024189467287	-2.1431704918213654
-246.3889486711945	-6.329700216287165
-242.43374690354756	-2.3744984486402245
-240.99913440629678	-0.9398859513894422
-229.8704368963903	10.188811558517045
-236.10291815090238	3.9563303040049504
-243.51976559639513	-3.4605171414877987
-227.2496376728617	12.809610782045638
-232.62067167768907	7.438576777218259
-243.70076844898938	-3.6415199940820457
-247.50093310787122	-7.441684652963886
-234.39691259320023	5.662335861707106
-239.34324706569384	0.7160013892134884
-255.2834018300149	-15.224153375107562
-245.57386559164513	-5.514617136737797
-231.88031398131932	8.178934473588015
-240.35442548033677	-0.2951770254294388
-239.018646179053	1.0406022758543259
-249.84040176523047	-9.781153310323134
-239.10072757978412	0.958520875123213
-242.28225463783963	-2.223006182932295
-233.75559526125505	6.303653193652281
-241.94460911013664	-1.8853606552293058
-247.7421927423078	-7.68294428740046
-237.65484799020703	2.404400464700302
-244.4198083305913	-4.360559875683975
-248.38652524596034	-8.32727679105301
-243.2452699395311	-3.1860214846237795
-235.99828633569484	4.0609621192124905
-238.31751296328218	1.7417354916251497
-235.2098318862212	4.849416568686138
-246.02080758113368	-5.961559126226348
-227.11562828073	12.94362017417734
-238.59412586103497	1.4651225938723655
-244.4302836882365	-4.371035233329167
-236.7297646189785	3.3294838359288406
-232.97896305203392	7.080285402873415
-242.44846511657886	-2.389216661671526
-234.23013443724847	5.829114017658867
-245.43183190992056	-5.372583455013228
-231.61339339731273	8.4458550575946
-248.12366285276437	-8.064414397857036
-238.33095538838313	1.728293066524202
-247.13435771713046	-7.075109262223123
-231.67426287676278	8.384985578144551
-235.25748662540934	4.801761829497991
-239.66197197621875	0.39727647868858185
-246.3258846295306	-6.266636174623272
-244.00248331172986	-3.943234856822528
-253.98603199589195	-13.926783540984616
-245.84894238397317	-5.789693929065834
-237.4534622196901	2.605786235217238
-238.1855251072651	1.8737233476422261
-236.54165564273205	3.5175928121752804
-226.99464941807162	13.064599036835716
-242.65646810557007	-2.597219650662737
-244.73703821743618	-4.677789762528846
-238.73437324785698	1.3248752070503542
-232.45596338260873	7.603285072298604
-238.24282093122963	1.816427523677703
-236.70868788814767	3.3505605667596683
-237.28874210579158	2.770506349115749
-235.81849630150316	4.240752153404173
-246.97773405917758	-6.918485604270245
-246.1623741803436	-6.103125725436257
-235.73789278476977	4.321355670137564
-238.7398111023307	1.3194373525766423
-238.33667255327816	1.7225759016291704
-246.6630653944834	-6.603816939576063
-250.85861229826185	-10.799363843354513
-237.7310245085631	2.328223946344224
-243.51338940538187	-3.454140950474539
-240.68948530175328	-0.6302368468459463
-236.7125787505596	3.3466697043477325
-222.18757988616778	17.87166856873955
-243.82142008325388	-3.7621716283465503
-245.65792983072822	-5.598681375820888
-237.00510030328076	3.0541481516265776
