Hf	deltaHf ref=-280.00078690867883
-286.80596470986563	-6.805177801186801
-276.47351715998445	3.52726974869438
-287.8681078526082	-7.867320943929371
-272.8309873876227	7.16979952105612
-286.0850496321749	-6.084262723496067
-291.5882984645235	-11.587511555844685
-282.26520742829086	-2.264420519612031
-297.8969908117673	-17.896203903088463
-311.24607073005825	-31.245283821379417
-311.5146454339796	-31.513858525300748
-277.52764684291685	2.4731400657619815
-295.6031652102632	-15.602378301584395
-285.46057576969395	-5.459788861015113
-258.6290709887056	21.371715919973212
-278.56038307380584	1.4404038348729955
-275.6258678146354	4.374919094043435
-302.1143529975765	-22.11356608889764
-310.05612581589446	-30.055338907215628
-284.62305486968614	-4.62226796100731
-308.82688376785734	-28.826096859178506
-272.9412542403828	7.059532668296015
-289.42793287560414	-9.427145966925309
-281.09124063122215	-1.090453722543316
-287.71843098809256	-7.717644079413731
-294.08176525691886	-14.080978348240023
-298.75611142297055	-18.755324514291715
-248.86803932371038	31.132747584968456
-247.6481037524594	32.35268315621943
-293.1031114072342	-13.10232449855539
-284.1750570387761	-4.174270130097284
-230.52687699984597	49.473909908832866
-309.3766465860775	-29.375859677398694
-292.8270754840581	-12.826288575379294
-260.9187013581635	19.08208555051533
-280.9016256419221	-0.9008387332432903
-296.7394705067512	-16.738683598072384
-289.91011908596045	-9.909332177281613
-263.9591346563342	16.041652252344647
-299.8020704733302	-19.801283564651385
-325.6473173320213	-45.64653042334248
-266.4731895611279	13.527597347550909
-286.2337933187031	-6.233006410024245
-259.96896493131715	20.031821977361687
-297.00848613252526	-17.00769922384643
-280.6461248822983	-0.645337973619462
-263.84477060270217	16.156016305976664
-277.01704249277316	2.983744415905676
-265.2748148801569	14.725972028521937
-303.6209098942294	-23.62012298555055
-283.1029965407164	-3.1022096320375567
-277.0171041144298	2.9836827942490345
-281.1264603878466	-1.1256734791677445
-296.7103601040966	-16.70957319541776
-300.48620191077714	-20.485415002098307
-282.11534095230525	-2.1145540436264127
-268.7162095403859	11.284577368292958
-286.13907520661667	-6.138288297937834
-266.80714107014717	13.193645838531666
-261.37948656631704	18.621300342361792
-288.662003163607	-8.66121625492815
-265.7187440275105	14.282042881168309
-248.86550365818619	31.135283250492648
-299.808457274465	-19.80767036578618
-296.1439244152083	-16.143137506529456
-285.0502644942411	-5.049477585562272
-257.272788280747	22.72799862793181
-327.91342874342297	-47.912641834744136
-296.6600221053326	-16.659235196653754
-267.6674549674302	12.333331941248616
-250.49079429429037	29.509992614388466
-311.9232592347056	-31.922472326026764
-273.2239886057017	6.776798302977113
-273.121484763013	6.879302145665861
-285.258579646625	-5.257792737946147
-285.85522266527767	-5.854435756598832
-286.1444128403622	-6.143625931683346
-276.90802968514106	3.092757223537774
-253.77330265448325	26.227484254195588
-276.33448937450373	3.6662975341751007
-289.08270412934723	-9.081917220668402
-269.8783894039901	10.122397504688706
-301.41594676127204	-21.415159852593206
-315.8298579216447	-35.82907101296587
-285.53759805880907	-5.536811150130234
-282.784964621775	-2.784177713096142
-297.8690966467351	-17.86830973805627
-270.2696510644986	9.731135844180244
-289.1062675939123	-9.105480685233488
-279.98633273101075	0.014454177668085322
-307.26459665705113	-27.263809748372296
-289.19235411466286	-9.191567205984029
-237.00302274191415	42.99776416676468
-285.9300057476743	-5.929218838995439
-269.58087861877937	10.419908289899467
-272.4826370824543	7.518149826224544
-314.3124874022127	-34.31170049353386
-264.2197201426701	15.781066766008735
-254.88062638129702	25.120160527381813
-273.7265138059978	6.274273102681036
-265.2386329212553	14.762153987423517
-300.6368454835705	-20.63605857489165
-269.18978585113143	10.8110010575474
-280.34528942859686	-0.3445025199180236
-268.74054017661035	11.260246732068481
-254.70921719398245	25.29156971469638
-278.7571978554719	1.2435890532069607
-303.45663655954775	-23.455849650868913
-254.29682405053825	25.703962858140585
-289.207368431404	-9.206581522725173
-282.2893288358995	-2.288541927220649
-332.8758564799158	-52.87506957123696
-255.5676129645966	24.433173944082228
-306.2818416003669	-26.28105469168804
-278.8536661188067	1.1471207898721332
-280.1107710706368	-0.109984161957982
-277.98381245221606	2.0169744564627763
-301.3796259223403	-21.37883901366149
-267.6828652339849	12.317921674693935
-280.84368603428663	-0.8428991256078007
-283.96307383311284	-3.962286924434011
-286.9737945011533	-6.97300759247446
-269.09686201250076	10.903924896178069
-291.2257274574898	-11.224940548810991
-278.87884041008726	1.1219464985915693
-295.97405744363857	-15.973270534959738
-303.8284995705566	-23.82771266187774
-282.7091791202787	-2.7083922115998575
-289.6550204436011	-9.654233534922241
-283.23395794112946	-3.2331710324506275
-262.4376291879256	17.563157720753225
-274.3183054345667	5.682481474112137
-232.2929924095173	47.70779449916154
-291.20747906273243	-11.206692154053599
-275.29706846933766	4.7037184393411735
-262.4581654500747	17.542621458604117
-304.49080971035653	-24.490022801677696
-293.83255595103617	-13.831769042357337
-273.7866445656349	6.214142343043932
-286.36141597631865	-6.36062906763982
-290.6469057344897	-10.646118825810845
-278.1052678038635	1.895519104815321
-304.68798295623344	-24.687196047554608
-278.7950351695566	1.2057517391222063
-280.6303040780425	-0.6295171693636803
-295.80205206333846	-15.801265154659632
-297.39097504000017	-17.390188131321338
-293.68366241279944	-13.682875504120602
-261.92747633689794	18.073310571780894
-284.0299372266694	-4.02915031799057
-307.83202257011214	-27.83123566143331
-283.21187535991555	-3.2110884512367193
-266.6996168041318	13.301170104547055
-261.7788392607712	18.221947647907655
-258.65297347833473	21.347813430344104
-306.4539226143919	-26.453135705713066
-300.76587001044606	-20.76508310176723
-286.3614146746935	-6.360627766014659
-274.5718840621943	5.4289028464845615
-283.83398426115525	-3.833197352476418
-263.92411809834664	16.076668810332194
-293.5079202063156	-13.507133297636756
-293.24025878002647	-13.239471871347632
-251.1818256001519	28.818961308526923
-300.5085749480444	-20.50778803936555
-276.6474835381472	3.3533033705316484
-281.4315942626366	-1.430807353957789
-285.9892210490747	-5.988434140395839
-287.5122444970715	-7.511457588392659
-295.19174999257154	-15.190963083892711
-283.4147299433338	-3.413943034654949
-266.206299284337	13.794487624341855
-254.59529911522475	25.405487793454085
-305.27375768337004	-25.272970774691203
-279.69964903879224	0.3011378698865883
-256.1927666569485	23.80802025173034
-278.43091450050485	1.5698724081739783
-284.30784264450847	-4.3070557358296355
-270.9513090234053	9.049477885273518
-254.55963249632111	25.44115441235772
-272.0967681163114	7.904018792367424
-277.5414897690156	2.4592971396632493
-284.52715723990184	-4.526370331223006
-248.55153663898307	31.449250269695767
-245.75988403985173	34.240902868827106
-265.84711751895736	14.153669389721472
-284.8292694282667	-4.828482519587851
-284.7021446571547	-4.701357748475857
-275.9382221558866	4.062564752792241
-268.9922100914358	11.00857681724301
-290.0293634973881	-10.028576588709257
-260.87274481899874	19.128042089680093
-304.36606125377364	-24.365274345094804
-302.11539855104127	-22.114611642362433
-255.0449353945536	24.955851514125243
-308.6213873893961	-28.620600480717258
-287.0028141049646	-7.0020271962857805
-252.93991924781074	27.060867660868098
-272.1223694051099	7.878417503568926
-270.27583902053664	9.724947888142196
-296.47141342159955	-16.470626512920717
-274.52881477280823	5.471972135870601
-282.80566893878347	-2.804882030104636
-289.8642737817521	-9.86348687307327
-266.7478368784599	13.252950030218926
-269.62127966983314	10.37950723884569
-279.0726858732618	0.9281010354170576
-253.73102734612837	26.269759562550462
-283.40052024799877	-3.399733339319937
-296.4083024406085	-16.407515531929675
-285.6858423260222	-5.685055417343392
-280.66003864728043	-0.659251738601597
-289.62476000521053	-9.6239730965317
-260.48407830726717	19.516708601411665
-289.5858241300688	-9.585037221389939
-288.80785471066554	-8.807067801986705
-282.06954389808595	-2.0687569894071203
-291.81371959777096	-11.812932689092122
-271.6748827999494	8.325904108729446
-292.0518398384978	-12.05105292981898
-280.58107335138845	-0.580286442709621
-285.1868001751085	-5.186013266429654
-272.3966368570931	7.604150051585748
-321.00738344023773	-41.0065965315589
-273.62622411564587	6.374562793032965
-287.0007734505292	-6.999986541850376
-276.8514546533064	3.1493322553724283
-296.95575612681057	-16.954969218131737
-268.6755780208281	11.32520888785075
-300.81260399138625	-20.81181708270742
-288.6835140030256	-8.682727094346774
-291.2300304305776	-11.229243521898752
-268.8678898118327	11.132897096846136
-300.9656138891536	-20.964826980474754
-285.59863966160117	-5.597852752922336
-256.5604134844565	23.440373424222344
-272.4831609560009	7.517625952677918
-248.37878734971525	31.62199955896358
-306.4369645906503	-26.436177681971458
-300.2392942868704	-20.23850737819157
-273.4949486899226	6.505838218756253
-281.88159398814093	-1.8808070794621017
-279.43680493861973	0.5639819700591033
-275.96042773393344	4.04035917474539
-282.0916369068385	-2.0908499981596833
-250.90982069269592	29.090966215982917
-292.5284234287341	-12.527636520055239
-258.0162369416306	21.984549967048224
-252.60969774843613	27.3910891602427
-299.78677841803653	-19.7859915093577
-272.2038280487708	7.796958859908045
-293.0390323350533	-13.038245426374488
-283.24698591533013	-3.2461990066512953
-255.77152685416002	24.229260054518818
-294.97047895023786	-14.969692041559028
-284.844259698419	-4.84347278974019
-272.719251285302	7.28153562337684
-288.49828105727863	-8.497494148599799
-277.708135589501	2.2926513191778213
-284.6984056039895	-4.697618695310666
-277.5988566927357	2.401930215943139
-251.01467891067512	28.986107998003718
-292.8364218571172	-12.835634948438383
-265.1322586186237	14.86852829005511
-279.9408049539146	0.05998195476422552
-274.2827861438658	5.718000764813041
-253.50925054975448	26.49153635892435
-287.3317017195317	-7.330914810852846
-289.13682175130305	-9.136034842624213
-273.5211666990748	6.479620209604036
-272.64109666972433	7.359690238954499
-259.6392425165344	20.361544392144424
-294.46834332486685	-14.467556416188017
-307.7732289950603	-27.77244208638149
-290.25284296521056	-10.252056056531728
-281.10527779071197	-1.104490882033133
-286.93988792995003	-6.939101021271199
-261.36128923935246	18.639497669326374
-293.8260018636305	-13.825214954951662
-280.6966652164068	-0.6958783077279804
-294.6955946781185	-14.694807769439649
-299.06994153219637	-19.069154623517534
-282.02507991367963	-2.0242930050008
-316.1150775380178	-36.11429062933894
-281.0046843431868	-1.0038974345079623
-272.8374406200404	7.163346288638422
-254.99929668075708	25.00149022792175
-262.30174499646307	17.699041912215762
-268.254220662095	11.746566246583825
-317.5493311595295	-37.54854425085068
-268.1878841009551	11.81290280772373
-289.6063461611724	-9.60555925249355
-275.1349970783143	4.86578983036452
-259.7140966279934	20.286690280685434
-281.89253524886806	-1.891748340189224
-275.7771153316811	4.223671576997731
-267.4819589870989	12.518827921579941
-304.8116855397478	-24.810898631068994
-252.670035730824	27.330751177854836
-274.6105873050059	5.390199603672954
-281.6950083475334	-1.6942214388545835
-289.54984470820125	-9.549057799522416
-310.05829761707935	-30.057510708400514
-267.85795793367504	12.142828975003795
-261.6553640176811	18.345422890997725
-292.4743879574038	-12.473601048724959
-283.13319339975203	-3.1324064910731977
-276.2278592435563	3.772927665122552
-267.1460261124688	12.85476079621003
-295.1565578978283	-15.15577098914946
-272.95317481124437	7.047612097434467
-269.07247093118565	10.928315977493185
-265.3437573811192	14.657029527559644
-301.1602676765418	-21.159480767862988
-303.85360177917244	-23.852814870493603
-262.3945113705653	17.60627553811355
-280.0992095027999	-0.09842259412107524
-300.4374270803477	-20.43664017166884
-268.2222820969713	11.778504811707535
-256.6915635510908	23.309223357588053
-281.00046667186905	-0.9996797631902155
-263.8709999773513	16.129786931327544
-271.9679541904428	8.032832718236023
-245.42829291511805	34.572493993560784
-281.6431606985956	-1.6423737899167463
-289.46601224263793	-9.465225333959097
-279.40456776359713	0.5962191450817045
-297.1135594613537	-17.11277255267487
-274.1561974336313	5.844589475047542
-304.30038211290446	-24.299595204225625
-281.8632537900361	-1.8624668813572498
-310.11410790179286	-30.11332099311403
-274.2820360134741	5.718750895204721
-288.33734345680057	-8.336556548121735
-290.8126904620243	-10.811903553345473
-293.8153703958036	-13.814583487124764
-283.6191433890875	-3.6183564804086927
-278.2125811864629	1.7882057222159347
-286.7974467683183	-6.796659859639476
-239.64980349962786	40.35098340905097
-274.78375439087756	5.217032517801272
-282.38343598812423	-2.3826490794454003
-253.83924089036952	26.16154601830931
-282.71438230919955	-2.713595400520717
-268.89898936751194	11.101797541166889
-310.23507403963083	-30.234287130951998
-292.05366983269994	-12.052882924021105
-270.4837242768939	9.517062631784938
-287.9006015304134	-7.899814621734549
-308.46562724340254	-28.464840334723704
-268.94095049377427	11.059836414904566
-258.63506075256225	21.36572615611658
-258.3969169536816	21.603869954997208
-300.4329248485395	-20.432137939860695
-291.80731770264754	-11.806530793968705
-281.32513424368005	-1.324347335001221
-291.3637948657364	-11.363007957057562
-295.0272158893007	-15.026428980621858
-306.46438582885673	-26.4635989201779
-252.54579140050407	27.45499550817476
-301.33604740342196	-21.335260494743125
-296.646099943517	-16.645313034838182
-292.5990488134506	-12.598261904771789
-272.4574040822721	7.5433828264067415
-295.36113268839324	-15.360345779714407
-269.19864039172023	10.8021465169586
-252.5558501792351	27.444936729443725
-283.6904338555272	-3.68964694684837
-266.64529026296293	13.355496645715903
-288.4302152042168	-8.429428295537946
-285.7875986106468	-5.786811701967963
-271.3609979333945	8.639788975284318
-291.536551038875	-11.535764130196185
-300.36919553811674	-20.36840862943791
-284.3286303145818	-4.327843405902968
-263.2335317357887	16.767255172890145
-269.57156074107695	10.429226167601882
-239.25566744866444	40.745119460014394
-286.7328928671726	-6.732105958493776
-285.40969776074996	-5.408910852071131
-274.35760904753477	5.643177861144068
-289.17048910729716	-9.169702198618324
-281.26938038228616	-1.268593473607325
-282.85811883213535	-2.8573319234565133
-280.37209527546145	-0.37130836678261403
-292.6774929084298	-12.676705999750993
-278.1782574917255	1.82252941695333
-275.2688607612748	4.73192614740401
-291.1521522596398	-11.151365350960987
-296.63795524593513	-16.6371683372563
-271.9695223537077	8.03126455497113
-272.53102954202984	7.469757366648992
-295.7202436987958	-15.719456790116965
-290.87257149180584	-10.87178458312701
-265.39525987217564	14.60552703650319
-319.21443446694536	-39.21364755826653
-297.55758660376375	-17.55679969508492
-279.0084215849878	0.9923653236910468
-283.92346258917894	-3.922675680500106
-285.93975288934087	-5.938965980662033
-294.14276885486686	-14.141981946188025
-258.5329822590669	21.467804649611935
-300.05452362836	-20.053736719681183
-287.6284171155952	-7.627630206916365
-268.66093340346777	11.339853505211067
-287.8748973419664	-7.874110433287569
-301.86889846990596	-21.868111561227124
-270.7974230811036	9.203363827575231
-254.0295009480709	25.97128596060793
-269.0506823497075	10.950104558971361
-307.5126132497338	-27.511826341054984
-277.3435446576717	2.657242251007119
-294.09584800015216	-14.095061091473326
-289.16136092737213	-9.160574018693296
-277.08066121414083	2.920125694538001
-293.32425033830293	-13.323463429624098
-255.94553827389097	24.05524863478786
-296.40025462598203	-16.399467717303196
-297.69706965391595	-17.696282745237113
-248.3400557678782	31.660731140800635
-275.2518718877931	4.748915020885761
-261.807593031854	18.193193876824807
-272.2210929167144	7.77969399196445
-279.84021848558984	0.16056842308898922
-276.50489476095606	3.4958921477227705
-293.35661969911087	-13.355832790432032
-291.0911564942893	-11.09036958561046
-290.23698970076873	-10.236202792089898
-300.5246079575976	-20.523821048918762
-311.3654041545036	-31.364617245824775
-272.4072388810258	7.593548027653014
-283.3669034588187	-3.36611655013985
-288.7089002973611	-8.70811338868225
-267.6426165629331	12.358170345745748
-255.59041701832973	24.410369890349102
-306.80467449833884	-26.803887589660008
-269.434251795445	10.56653511323384
-308.4264846981481	-28.425697789469268
-271.8012055502571	8.19958135842171
-278.85685122299253	1.1439356856863014
-263.9038631346142	16.096923774064635
-297.551767847321	-17.55098093864217
-276.577335275559	3.4234516331198392
-303.20386281251047	-23.203075903831632
-278.02637047528185	1.974416433396982
-315.37702656926774	-35.37623966058891
-284.15472006378184	-4.1539331551030045
-256.64465981791216	23.356127090766677
-276.3214175561392	3.679369352539652
-262.8968596041035	17.103927304575336
-267.8432956108685	12.157491297810338
-275.2933658733331	4.70742103534576
-260.4700044571167	19.530782451562118
-282.4963958367538	-2.495608928074944
-274.9492449968187	5.051541911860113
-284.6039421404806	-4.603155231801793
-283.6309906288901	-3.6302037202112842
-274.3984578236799	5.602329084998928
-296.235437792939	-16.23465088426019
-278.1143149893418	1.8864719193370547
-282.16662840920105	-2.1658415005222196
-275.5193905428845	4.481396365794353
-285.51756164460164	-5.516774735922809
-263.35761874714296	16.64316816153587
-255.7519812585764	24.24880565010244
-277.88376670292416	2.1170202057546703
-301.76140950343176	-21.76062259475293
-265.38846799708915	14.612318911589682
-275.3676274279809	4.633159480697941
-261.0077422891285	18.993044619550346
-263.2908446552559	16.709942253422923
-262.684960856854	17.315826051824843
-291.6870617860062	-11.686274877327378
-281.077381329795	-1.0765944211161695
-287.2678605200002	-7.267073611321393
-280.48952818198666	-0.4887412733078236
-265.9198077065179	14.080979202160961
-299.88398152973457	-19.883194621055736
-261.64328255864746	18.357504350031377
-279.83352057371883	0.16726633496000431
-264.69547610601364	15.30531080266519
-269.2136139784801	10.787172930198722
-322.24757830285887	-42.246791394180036
-267.51990263461846	12.480884274060372
-306.82013332783606	-26.819346419157228
-292.7630087450765	-12.762221836397657
-289.07295118919353	-9.072164280514698
-283.5934512178304	-3.592664309151587
-289.12188575881953	-9.121098850140697
-278.2730065933523	1.7277803153265268
-297.7595964756132	-17.75880956693436
-276.724442593268	3.2763443154108245
-295.5067773003633	-15.505990391684463
-262.8664560015553	17.134330907123513
-264.4556433378988	15.545143570780056
-282.3612690239046	-2.36048211522575
-304.66278321152856	-24.66199630284973
-274.9727853656026	5.028001543076243
-280.9299873237127	-0.9292004150338471
-279.80860808724026	0.19217882143857423
-256.5666557661847	23.434131142494152
-302.3887917395863	-22.388004830907448
-286.495057176939	-6.494270268260152
-276.49939456177015	3.5013923469086876
-280.328526601976	-0.32773969329718966
-291.0504266559823	-11.049639747303445
-274.4527068824485	5.548080026230309
-272.9003073788866	7.10047952979221
-295.06218164970994	-15.061394741031108
-267.6369305223583	12.363856386320549
-278.61419467819576	1.3865922304830747
-297.32410708908935	-17.32332018041052
-254.97492501200247	25.02586189667636
-270.9854895945558	9.015297314123018
-272.3616991608236	7.639087747855228
-273.8292735261151	6.171513382563717
-269.1017694474525	10.899017461226322
-285.13239564510366	-5.131608736424823
-289.131448593393	-9.130661684714141
-288.2363980011236	-8.235611092444742
-261.6326243592433	18.36816254943551
-289.41170873304725	-9.410921824368415
-273.0267287283299	6.974058180348948
-279.26750357704657	0.7332833316322649
-278.0042084756518	1.9965784330270253
-276.8211443008862	3.17964260779263
-290.8672947682011	-10.866507859522244
-246.2069724639099	33.79381444476894
-275.60430599285826	4.396480915820575
-272.68301489948715	7.317772009191685
-274.9984564833816	5.002330425297259
-270.25090597982705	9.74988092885178
-290.24095111178246	-10.240164203103632
-267.2165833954008	12.784203513278044
-281.1016841849581	-1.1008972762792837
-275.71915612444934	4.281630784229492
-274.5434533597239	5.457333548954921
-280.47440525522177	-0.4736183465429349
-268.97134765906446	11.02943924961437
-268.4277972248477	11.57298968383111
-291.60770103687025	-11.60691412819142
-284.341542319797	-4.3407554111181526
-252.6666561096448	27.33413079903403
-257.5721456485429	22.42864126013592
-298.3173943414098	-18.31660743273096
-293.0979707854516	-13.09718387677276
-300.98806926904433	-20.987282360365498
-286.3301805361356	-6.329393627456739
-277.449569103885	2.5512178047938505
-298.7245872687148	-18.723800360035966
-307.58402697868075	-27.58324007000192
-271.89677043152403	8.1040164771548
-295.20534965762124	-15.204562748942408
-264.9436979593105	15.057088949368335
-266.65993436294445	13.340852545734379
-277.0125002378867	2.9882866707921494
-296.03344163709914	-16.03265472842031
-271.2671506528226	8.733636255856254
-305.73248751669087	-25.731700608012034
-253.12487378804724	26.875913120631594
-291.56268096410565	-11.56189405542682
-301.9857609421109	-21.98497403343208
-263.706535208354	16.29425170032482
-277.61730604194815	2.383480866730679
-264.08703737175745	15.913749536921387
-277.48002181443223	2.520765094246599
-290.48769342818775	-10.48690651950892
-277.3413098960249	2.6594770126539515
-286.71205320063234	-6.711266291953507
-268.19787132943236	11.802915579246473
-262.68314922466595	17.31763768401288
-246.43126209386753	33.5695248148113
-283.27245541834634	-3.2716685096675064
-277.3678300204432	2.63295688823564
-317.2599955994614	-37.25920869078254
-296.0398963491847	-16.039109440505854
-249.38156606423797	30.61922084444086
-293.2777016698477	-13.276914761168882
-255.79088646295202	24.209900445726817
-279.289338556055	0.7114483526238473
-257.60866009417293	22.3921268145059
-263.29360952639615	16.70717738228268
-281.95791541059805	-1.9571285019192146
-296.03464485353686	-16.033857944858028
-269.2683834887815	10.73240341989731
-270.97731990841055	9.023467000268283
-264.2433812335315	15.75740567514731
-280.4625022665954	-0.46171535791654605
-284.348712118221	-4.347925209542154
-282.0984768317961	-2.0976899231172865
-279.7717414490129	0.22904545966594014
-256.63840189636755	23.36238501231128
-268.88675748857565	11.11402942010318
-276.0669133026771	3.9338736060017254
-274.6108943796811	5.389892528997734
-291.3067653070415	-11.30597839836264
-285.0215737973725	-5.020786888693692
-286.38222668405285	-6.3814397753740195
-300.79361543280027	-20.792828524121433
-291.32317777137575	-11.32239086269692
-268.2457776877949	11.755009220883949
-306.2365888379376	-26.23580192925874
-263.0274394862448	16.973347422434017
-274.35359539841954	5.64719151025929
-264.5867444250565	15.414042483622325
-318.43761032056716	-38.43682341188833
-282.20617412901845	-2.2053872203396168
-292.4582091317228	-12.457422223043977
-286.7780221191591	-6.777235210480285
-317.34493106696243	-37.3441441582836
-265.4851231930901	14.515663715588744
-300.0118678463135	-20.011080937634688
-258.01843940307515	21.982347505603684
-292.4754270062498	-12.474640097570955
-277.7142202285562	2.2865666801226325
-288.68377804972476	-8.682991141045932
-272.19473990945914	7.806046999219689
-275.8027024971037	4.19808441157511
-266.8141994042038	13.186587504475028
-272.93270254662855	7.068084362050286
-278.7102135548288	1.29057335385005
-282.58684776644293	-2.586060857764096
-292.93566148938623	-12.934874580707401
-310.94116066953063	-30.9403737608518
-276.3665516863497	3.6342352223291527
-290.7321909182159	-10.731404009537073
-268.90703008586786	11.093756822810974
-259.16024873480853	20.8405381738703
-264.7410609260063	15.259725982672535
-275.22892715234264	4.771859756336198
-269.682826716244	10.317960192434839
-285.2928853936122	-5.292098484933376
-302.4118663228968	-22.411079414217966
-312.8512510895474	-32.850464180868585
-321.0855268969557	-41.08473998827685
-291.84200352912956	-11.841216620450723
-281.90327823688347	-1.9024913282046327
-284.21784318655625	-4.217056277877418
-272.9007253905678	7.100061518111033
-263.93814209776826	16.06264481091057
-267.45409482879984	12.546692079878994
-302.3552004906618	-22.354413581982953
-270.2429248862412	9.757862022437621
-291.8733009093361	-11.872514000657247
-282.8281107198221	-2.8273238111432875
-275.96669565520494	4.034091253473889
-286.25195297919925	-6.251166070520412
-280.47912544490316	-0.478338536224328
-273.16062989871205	6.840157009966788
-259.17231369119907	20.828473217479768
-273.160404513192	6.840382395486813
-290.4620301199269	-10.461243211248075
-303.22886568077445	-23.228078772095614
-284.0810595159513	-4.080272607272491
-266.8000937486016	13.200693160077208
-292.951103567097	-12.95031665841816
-280.95502282658197	-0.9542359179031337
-300.5904677950697	-20.589680886390852
-292.213079685573	-12.212292776894174
-283.1644935577591	-3.163706649080268
-277.68282986724296	2.317957041435875
-287.82605305723916	-7.825266148560331
-295.8279412443902	-15.827154335711384
-296.26754747225857	-16.266760563579737
-293.6072870847514	-13.606500176072586
-287.58736750209425	-7.58658059341542
-294.1830476714043	-14.182260762725491
-297.61139498106274	-17.61060807238391
-301.9882980805072	-21.987511171828373
-276.651756732996	3.3490301756828558
-262.2797693264823	17.72101758219651
-264.89889281158173	15.101894097097102
-272.4050177542907	7.595769154388108
-298.9751635460656	-18.97437663738674
-254.26194439466997	25.738842514008866
-269.81348482571264	10.187302082966198
-261.53139984730876	18.46938706137007
-289.4225217007137	-9.42173479203484
-288.68302268332116	-8.682235774642322
-256.17756027153007	23.823226637148764
-291.5935437908578	-11.592756882178946
-288.7315616371874	-8.73077472850855
-283.8041910379492	-3.8034041292703478
-285.5976346147603	-5.596847706081462
-295.5790461549717	-15.578259246292873
-284.59802099654405	-4.597234087865218
-280.0818191426464	-0.0810322339675622
-255.48892647823448	24.511860430444358
-267.98117118695006	12.01961572172877
-288.2320226024989	-8.231235693820054
-255.75583295999456	24.24495394868427
-256.8453833393818	23.15540356929705
-299.00356774388126	-19.00278083520243
-300.7121798668617	-20.71139295818284
-273.3540882911424	6.646698617536458
-261.9620196915588	18.03876721712004
-278.60850595117734	1.392280957501498
-283.4229211949954	-3.4221342863165773
-287.212269817663	-7.2114829089841805
-281.40230164612365	-1.4015147374448134
-280.37083222873696	-0.37004532005812507
-263.1559571926722	16.844829716006643
-269.3137441120583	10.687042796620517
-253.6013335737465	26.399453334932332
-295.8627291439283	-15.861942235249444
-290.48767536090816	-10.486888452229323
-303.2340818608594	-23.233294952180586
-274.3837232166064	5.617063692072406
-269.2403846759938	10.76040223268501
-288.1747296438501	-8.173942735171295
-292.82276739509905	-12.821980486420216
-293.14316898844334	-13.142382079764502
-264.56844804294303	15.432338865735801
-288.4414593288187	-8.44067242013989
-303.85186033068237	-23.851073422003537
-268.584976329303	11.41581057937583
-266.2434876152787	13.757299293400138
-301.2596085019853	-21.258821593306493
-271.9143002099539	8.086486698724912
-288.7569388301148	-8.756151921435958
-280.5947846955918	-0.5939977869129507
-302.1232131111559	-22.122426202477072
-267.07947527824797	12.921311630430864
-275.7780302807754	4.222756627903436
-274.68325549657527	5.317531412103563
-290.60189756552643	-10.601110656847595
-278.4504088747584	1.550378033920424
-268.15267209615047	11.848114812528365
-286.072404977613	-6.071618068934185
-287.0747240043369	-7.073937095658039
-258.50139599393367	21.499390914745163
-249.89984375208803	30.1009431565908
-266.8017703131867	13.19901659549214
-294.7287419116859	-14.727955003007082
-288.8000256626059	-8.799238753927057
-277.1618373985351	2.8389495101437205
-311.77131622266677	-31.770529313987936
-284.4838312729793	-4.48304436430044
-251.7292675601733	28.271519348505535
-292.4099008041761	-12.409113895497285
-302.5045086825652	-22.503721773886355
-269.99018270348677	10.010604205192067
-276.29958226983797	3.7012046388408635
-275.74526645833464	4.255520450344193
-300.45080148786144	-20.450014579182607
-278.17088921223547	1.8298976964433677
-266.843061239308	13.157725669370848
-292.63576896524535	-12.634982056566514
-315.9279592374172	-35.92717232873838
-273.9995918614826	6.001195047196234
-289.4125820791909	-9.41179517051205
-292.0636169895391	-12.062830080860294
-254.04966939438089	25.951117514297948
-276.6778087528313	3.3229781558475224
-275.04049189628347	4.960295012395363
-299.8527028032644	-19.851915894585545
-285.8966017177248	-5.895814809045987
-293.08401607545454	-13.083229166775709
-258.0193204893243	21.981466419354547
-264.40807750477177	15.592709403907065
-291.3461556301867	-11.345368721507839
-258.20363457560086	21.797152333077975
-271.77369934750675	8.227087561172084
-268.33094243873563	11.6698444699432
-288.876778408778	-8.87599150009919
-251.28173822142196	28.719048687256873
-283.82493722268043	-3.8241503140015993
-270.30514577753854	9.695641131140292
-299.6825651996136	-19.681778290934744
-273.00854835813004	6.992238550548791
-271.1542430370995	8.846543871579343
-258.4892865412352	21.51150036744366
-287.30643493748573	-7.3056480288069
-251.7835198350316	28.217267073647236
-294.4398687405868	-14.43908183190797
-294.01092033776	-14.01013342908118
-263.8772579409655	16.123528967713355
-280.0755111365528	-0.07472422787395772
-264.5052948808683	15.495492027810542
-269.96816616189096	10.03262074678787
-275.99254903257895	4.008237876099884
-238.75556577046007	41.24522113821877
-266.86882612168336	13.131960786995478
-245.29873207957496	34.70205482910387
-277.1216251742975	2.8791617343813414
-286.96805797505147	-6.967271066372632
-277.87122087116074	2.1295660375180887
-286.5129844137067	-6.512197505027871
-284.20103991911526	-4.200253010436427
-280.49204534071976	-0.49125843204092234
-296.49455460422394	-16.493767695545102
-299.99380344271265	-19.993016534033814
-281.17088865642506	-1.17010174774623
-290.91576548182127	-10.914978573142434
-264.60368036152283	15.397106547156
-307.64828329863155	-27.64749638995272
-279.8419006912103	0.1588862174685346
-301.5850591274742	-21.584272218795377
-285.93157517666475	-5.930788267985918
-298.2414047099395	-18.24061780126067
-244.76411791721546	35.236668991463375
-285.6450895080583	-5.644302599379444
-286.0884469773249	-6.087660068646073
-313.91236885169417	-33.911581943015335
-280.80850609368133	-0.8077191850024974
-269.18517638871924	10.815610519959591
-289.2439919653938	-9.243205056714942
-285.259767609556	-5.258980700877146
-280.3000030319039	-0.299216123225051
-313.9430067069428	-33.94221979826398
-280.5050772845665	-0.5042903758876491
-260.46691027677514	19.533876631903695
-296.08972200905043	-16.0889351003716
-262.1772921926844	17.823494715994457
-270.32553442161077	9.675252487068065
-283.66163180705405	-3.660844898375217
-308.41677926212503	-28.4159923534462
-282.2123190621736	-2.2115321534947725
-265.6603434064258	14.340443502253038
-311.10381752761384	-31.10303061893501
-282.29073401407584	-2.2899471053970046
-275.4706904215076	4.5300964871712495
-299.2868626779476	-19.28607576926879
-272.2266941441143	7.774092764564557
-265.2016067580938	14.799180150585016
-294.33965040301916	-14.33886349434033
-288.9462674063492	-8.94548049767036
-310.71570318677766	-30.714916278098826
-288.0567528569467	-8.05596594826784
-312.85196109832975	-32.85117418965092
-288.9738921661286	-8.973105257449788
-247.5946630045895	32.40612390408933
-271.9187488828269	8.082038025851944
-275.2709917545675	4.729795154111343
-279.34661218769395	0.6541747209848836
-298.1118813877205	-18.11109447904164
-258.74658459447744	21.254202314201393
-248.71725011785236	31.283536790826474
-269.54886987599673	10.451917032682104
-280.7897231058836	-0.7889361972047482
-273.65558843471297	6.345198473965866
-287.0447351242568	-7.043948215577984
-303.89685995643447	-23.896073047755635
-252.8652779378557	27.13550897082314
-286.56466283912084	-6.563875930442009
-272.66520106487803	7.3355858438008
-273.8010834170076	6.199703491671244
-291.309525340965	-11.30873843228619
-274.1327768430441	5.868010065634735
-260.03579854394263	19.9649883647362
-284.72809518801876	-4.727308279339923
-280.81188634731586	-0.8110994386370294
-292.99251391419455	-12.991727005515713
-296.6177781260725	-16.61699121739366
-278.854395259414	1.1463916492648423
-284.22115245756356	-4.220365548884729
-294.27436904132844	-14.273582132649608
-285.90001283330855	-5.899225924629718
-277.88723503528524	2.1135518733935896
-296.0262559836068	-16.02546907492797
-282.31873093786487	-2.3179440291860374
-269.4448808645924	10.555906044086441
-273.5228936256848	6.477893282994046
-274.9467751527794	5.05401175589941
-274.00918058055174	5.991606328127091
-279.8669746121835	0.13381229649530724
-283.421620573596	-3.4208336649171542
-267.39974627787376	12.601040630805073
-277.91098615616863	2.0898007525102003
-335.9563171953872	-55.95553028670838
-277.71157879419695	2.2892081144818803
-277.1934990789108	2.807287829768029
-283.7994461269649	-3.7986592182860477
-295.13779482343887	-15.137007914760034
-287.00328749103426	-7.002500582355424
-258.2538809335041	21.74690597517474
-288.830016364804	-8.829229456125177
-290.2079060788768	-10.207119170197984
-263.36085205952475	16.639934849154088
-297.75052424933017	-17.749737340651336
-282.6509100743955	-2.65012316571665
-275.07394352527115	4.926843383407686
-259.81477564451995	20.18601126415888
-285.0980090621691	-5.097222153490293
-269.6669828660473	10.333804042631527
-274.68595749114536	5.314829417533474
-283.6344160786633	-3.633629169984488
-315.64305962527067	-35.64227271659183
-298.8986844977866	-18.897897589107743
-266.32663707890094	13.674149829777889
-276.3856946859545	3.6150922227243427
-295.5563570834005	-15.555570174721652
-253.79439047231642	26.20639643636241
-287.2735372630217	-7.272750354342861
-264.83938210183476	15.161404806844075
-262.7645627527912	17.236224155887612
-307.8410774545431	-27.840290545864264
-282.8931844110142	-2.8923975023353705
-278.8892676743511	1.1115192343277158
-268.4530424373464	11.547744471332408
-296.93842015004554	-16.93763324136671
-265.01159751909506	14.989189389583771
-287.0221583675251	-7.021371458846261
-279.88547829897504	0.11530860970378853
-268.7703114613345	11.23047544734436
-258.33522299823596	21.66556391044287
-303.5809620807362	-23.580175172057352
-269.3322979655735	10.66848894310533
-282.660945235339	-2.6601583266601665
-270.41704157259153	9.583745336087304
-282.5667296933192	-2.565942784640356
-303.7117217295694	-23.710934820890543
-270.98375069611427	9.017036212564562
-266.63228286535957	13.368504043319263
-291.35624751458306	-11.355460605904227
-272.07136678882887	7.929420119849965
-294.3803694994516	-14.37958259077277
-288.1016898967449	-8.100902988066082
-290.6219608809573	-10.621173972278484
-265.27069987458015	14.730087034098688
-280.72009727924376	-0.7193103705649264
-298.58712461197354	-18.586337703294703
-294.8882065897145	-14.88741968103568
-293.45651778485114	-13.45573087617231
-276.18083755438636	3.8199493542924756
-273.51784762726527	6.4829392814135645
-272.9050700490574	7.0957168596214615
-285.03707272654935	-5.036285817870521
-279.4285713401281	0.572215568550746
-289.5471046408878	-9.54631773220899
-278.6343654514443	1.3664214572345372
-245.7208554916964	34.279931416982436
-263.8992927768362	16.101494131842628
-267.20227818292403	12.7985087257548
-275.5928472112813	4.407939697397524
-279.6834368432559	0.31735006542294286
-273.42057952643734	6.580207382241497
-276.12501902172005	3.8757678869587835
-275.9250010823256	4.07578582635324
-258.2208871004499	21.779899808228947
-265.08851957175136	14.91226733692747
-264.3186832254818	15.682103683197056
-247.22041639961606	32.78037050906278
-274.82944057329803	5.171346335380804
-291.6296119873099	-11.628825078631053
-259.9395781738225	20.061208734856336
-294.1705310265628	-14.169744117883965
-258.9407071487316	21.060079759947257
-251.37569738689706	28.625089521781774
-292.1361592404086	-12.13537233172974
-282.1291429150973	-2.1283560064184712
-286.7971178505344	-6.796330941855558
-272.326518453085	7.674268455593847
-279.8909459861701	0.109840922508738
-282.3932529302059	-2.3924660215270706
-309.81524435139215	-29.81445744271332
-282.1592605065474	-2.1584735978685785
-286.8038609093877	-6.803074000708875
-302.88634157788545	-22.885554669206613
-266.8319427988703	13.16884410980856
-278.0829656177033	1.917821290975553
-292.45230425774423	-12.451517349065398
-292.65339917620656	-12.65261226752773
-279.4686099509803	0.5321769576985389
-295.05438191657083	-15.053595007892
-295.0969906818158	-15.09620377313695
-300.1224964665547	-20.121709557875874
-313.07587256183103	-33.0750856531522
-286.0571177569749	-6.0563308482960565
-307.7361870765693	-27.735400167890475
-289.676005452255	-9.675218543576193
-295.33094376543374	-15.330156856754911
-288.6153915700801	-8.614604661401245
-279.8948098722416	0.10597703643725254
-279.2742745670206	0.7265123416582355
-284.43506043262676	-4.4342735239479225
-296.1297345128354	-16.128947604156565
-281.8381250324986	-1.8373381238197908
-287.61905019658514	-7.618263287906302
-280.6576728414169	-0.6568859327380778
-292.81093055537565	-12.810143646696815
-287.2443469271624	-7.243560018483549
-255.983101369677	24.017685539001832
-278.4708264366294	1.5299604720494244
-282.3922607411463	-2.3914738324674545
-286.13409217641527	-6.133305267736432
-272.8559976274213	7.144789281257545
-284.4250945470652	-4.424307638386381
-300.1376979746368	-20.136911065957975
-264.25463173501555	15.746155173663283
-283.56369229094196	-3.562905382263125
-277.682628443736	2.318158464942826
-275.87797565751896	4.122811251159874
-309.33426498989354	-29.333478081214707
-267.4129799973547	12.58780691132415
-282.81040725760465	-2.8096203489258187
-269.4508430764057	10.54994383227313
-296.4788206760808	-16.47803376740194
-270.0306115302177	9.970175378461136
-286.5595435602685	-6.558756651589647
-295.81752556938807	-15.816738660709234
-296.61712359150476	-16.61633668282593
-300.1864615532926	-20.185674644613755
-319.44798971316266	-39.44720280448382
-270.434036495188	9.566750413490809
-304.95243092985254	-24.951644021173706
-269.64951638769196	10.351270520986873
-282.80093151080143	-2.8001446021226
-269.2194895781962	10.78129733048263
-279.301231288899	0.6995556197798578
-285.85317611481366	-5.852389206134831
-260.7750238122775	19.22576309640135
-267.5350080516022	12.465778857076657
-283.31744329386345	-3.316656385184615
-296.84954315292487	-16.848756244246033
-260.06174333682645	19.93904357185238
-286.739405076058	-6.7386181673791725
-271.57551401403396	8.425272894644877
-273.4854843077868	6.515302600892028
-291.8372130896263	-11.836426180947456
-298.62809728495847	-18.627310376279638
-281.71254293986783	-1.7117560311889974
-277.6679408029253	2.3328461057535606
-264.72882453447744	15.271962374201394
-269.8608810715908	10.139905837088008
-295.1039596528375	-15.103172744158655
-266.45621443174093	13.544572476937901
-318.96399925287767	-38.96321234419884
-285.19533812505904	-5.194551216380205
-261.9510880514812	18.049698857197654
-287.0022455303209	-7.001458621642087
-298.6888706334961	-18.68808372481726
-260.5512052108046	19.449581697874237
-257.9854967197265	22.01529018895235
-277.0853372443911	2.9154496642877348
-297.9621866349429	-17.961399726264062
-266.7369575971046	13.263829311574227
-298.53017123320967	-18.529384324530838
-306.0637836837508	-26.06299677507195
-291.3177105941671	-11.316923685488291
-271.0605048432575	8.940282065421343
-300.2908759891237	-20.290089080444886
-316.10426690671954	-36.10347999804071
-287.5288877279912	-7.528100819312385
-272.8140219743749	7.1867649343039375
-259.43016129458044	20.57062561409839
-288.8215844846221	-8.820797575943288
-273.6720395272372	6.328747381441644
-311.5093092639821	-31.508522355303285
-269.27473923524155	10.726047673437279
-290.3573359710957	-10.356549062416889
-278.61320393686253	1.3875829718163004
-276.3639994505014	3.636787458177423
-293.4086479129131	-13.407861004234292
-300.791969202381	-20.79118229370215
-262.32117846678955	17.679608441889286
-252.06315612999094	27.93763077868789
-303.5250528038981	-23.524265895219287
-285.4938743727056	-5.4930874640267575
-285.3902405456996	-5.389453637020779
-275.2561625027978	4.744624405881041
-299.08129608880915	-19.08050918013032
-305.22517740152614	-25.224390492847306
-291.4001919350652	-11.399405026386376
-265.3385174834642	14.662269425214618
-297.7264578035923	-17.725670894913492
-267.82232854829124	12.178458360387594
-276.4237886738214	3.576998234857456
-268.4808924900957	11.519894418583135
-274.9011094984111	5.099677410267759
-261.0715374117666	18.929249496912234
-285.468814336224	-5.468027427545167
-261.41494486305817	18.585842045620666
-277.5296655239748	2.47112138470402
-294.3016724773137	-14.30088556863484
-303.24875864810963	-23.247971739430795
-288.2680497614732	-8.267262852794374
-272.565058573275	7.435728335403837
-287.15380222402234	-7.153015315343509
-271.1986311317545	8.802155776924337
-291.2436814966735	-11.24289458799467
-290.75574227881805	-10.754955370139214
-289.7594642629359	-9.758677354257088
-296.4049939093478	-16.404207000668976
-295.1917201640266	-15.190933255347773
-275.08364234394173	4.9171445647371
-266.8238647372149	13.176922171463957
-287.40121789684997	-7.400430988171138
-277.40234579122114	2.5984411174576962
-272.14586770225503	7.854919206423801
-281.8218607730181	-1.8210738643392688
-302.1491184568389	-22.14833154816006
-291.44876940146276	-11.447982492783922
-272.70408169194195	7.296705216736882
-262.21066214484233	17.790124763836502
-275.1401870013891	4.860599907289725
-280.49585789010814	-0.4950709814293077
-266.28243486687495	13.718352041803882
-304.66376129877824	-24.662974390099407
-276.1588999656036	3.841886943075224
-254.82267920008815	25.178107708590687
-265.71729092805833	14.2834959806205
-267.3979060456571	12.60288086302171
-294.4264885911783	-14.425701682499493
-285.98797111333477	-5.987184204655932
-282.2854516747851	-2.284664766106289
-274.05831138274004	5.942475525938789
-299.1204048541498	-19.119617945470964
-296.0850189588185	-16.08423205013969
-275.1622732862255	4.83851362245332
-285.3295486427472	-5.328761734068394
-261.8596346554499	18.141152253228938
-301.7822130981316	-21.78142618945276
-284.02572603700753	-4.024939128328697
-287.5607904921293	-7.560003583450452
-280.92965467740794	-0.9288677687291056
-268.50615218581004	11.494634722868796
-290.07557544588997	-10.074788537211134
-301.9963169082133	-21.995529999534483
-271.2597378128943	8.741049095784547
-295.2535782948347	-15.252791386155877
-283.3945600026294	-3.3937730939505855
-256.8135257067719	23.18726120190695
-282.4496048055829	-2.4488178969040746
-283.8529538707029	-3.8521669620240573
-325.4227485555697	-45.42196164689085
-260.12859371317097	19.87219319550786
-280.9608793184401	-0.9600924097612733
-317.62379906654894	-37.62301215787011
-289.7907644949686	-9.789977586289751
-276.882592342978	3.1181945657008328
-270.9904922032241	9.010294705454726
-287.9143832619251	-7.913596353246248
-291.1910598199414	-11.190272911262582
-278.70314041847666	1.297646490202169
-269.80889251281985	10.19189439585898
-266.6919789218176	13.308807986861211
-291.994095836208	-11.993308927529142
-285.09334240284295	-5.092555494164117
-263.3346995886917	16.666087319987128
-295.603612868052	-15.602825959373149
-275.96158785788646	4.0391990507923765
-285.61474025692803	-5.613953348249197
-280.997556820594	-0.9967699119151803
-265.79533419105644	14.205452717622393
-271.8682877490304	8.132499159648432
-277.3625931590017	2.638193749677157
-267.0674218050648	12.933365103614051
-302.10406708371954	-22.10328017504071
-266.5643993883226	13.43638752035622
-270.95205018578633	9.0487367228925
-263.927413323467	16.07337358521181
-274.01699155014137	5.9837953585374635
-313.3863373748994	-33.38555046622059
-288.04934018816346	-8.048553279484622
-268.66009456729296	11.340692341385875
-309.4404157565099	-29.439628847831045
-280.24127696852736	-0.24049005984852556
-269.1554539831217	10.845332925557159
-260.90144862159866	19.099338287080172
-254.00837018551317	25.99241672316566
-269.1256362774824	10.875150631196448
-284.9566878890131	-4.955900980334263
-260.5422945453996	19.45849236327922
-255.48352908857703	24.517257820101804
-278.1630187043578	1.837768204321037
-231.93450004129625	48.06628686738259
-298.36309390572785	-18.362306997049018
-266.2140463214404	13.786740587238455
-298.7155059365999	-18.71471902792109
-269.27800331079413	10.7227835978847
-266.06945181224216	13.93133509643667
-269.1670556261764	10.833731282502413
-292.64303096674337	-12.642244058064534
-288.18332113751455	-8.18253422883572
-273.58579008823506	6.4149968204437755
-274.31765590841894	5.683131000259891
-286.0831982734911	-6.0824113648122875
-287.07496180019587	-7.074174891517032
-279.4947931371811	0.5059937714977423
-260.85002410131926	19.15076280735957
-275.99049728849275	4.010289620186086
-275.7873491108861	4.2134377977927215
-296.90133964735503	-16.900552738676197
-267.383301418677	12.617485490001854
-293.42462604194077	-13.423839133261936
-247.71705612854055	32.283730780138285
-281.4290755724163	-1.4282886637374759
-286.0011104524841	-6.00032354380528
-282.8347138559715	-2.833926947292639
-309.67593155882275	-29.67514465014392
-250.88762716673443	29.1131597419444
-296.01333472222393	-16.012547813545098
-271.4644111545298	8.536375754149049
-285.18107878836815	-5.180291879689321
-280.1575224874781	-0.15673557879927102
-272.1278337817006	7.872953126978246
-288.59584529319034	-8.595058384511503
-254.64311976448005	25.357667144198786
-259.072920359244	20.92786654943484
-318.90951400104166	-38.908727092362824
-272.2048683694105	7.795918539268314
-287.319286770546	-7.318499861867167
-290.73190264933	-10.731115740651148
-273.3715771840019	6.629209724676912
-295.59116039759317	-15.590373488914338
-265.6280151953782	14.372771713300608
-292.43490126830363	-12.4341143596248
-311.2408073950304	-31.24002048635157
-253.22778364669136	26.77300326198747
-280.3665904474568	-0.3658035387779819
-270.52712408219884	9.473662826479995
-271.9730177392579	8.027769169420935
-274.5453726467334	5.455414261945407
-272.03727266645944	7.963514242219389
-254.21590932728793	25.7848775813909
-303.9609340665869	-23.960147157908068
-317.39973553431116	-37.39894862563233
-270.43681085104834	9.563976057630498
-303.9293972643012	-23.928610355622368
-287.9983828895296	-7.997595980850747
-274.4770126295283	5.52377427915053
-252.02334028541588	27.97744662326295
-296.4411333152042	-16.44034640652535
-302.3294218504983	-22.328634941819473
-272.39310721762956	7.60767969104927
-304.8503694890918	-24.84958258041297
-274.3385117666861	5.662275141992723
-286.328725073918	-6.327938165239175
-276.8912233700779	3.1095635386009235
-285.3244443101379	-5.323657401459059
-286.6930541775313	-6.692267268852447
-265.1553600134306	14.845426895248238
-275.6048637396983	4.3959231689805165
-267.13964423578943	12.8611426728894
-301.2469799426566	-21.24619303397776
-283.4432234713844	-3.442436562705552
-278.68626412716765	1.3145227815111866
-289.69894572036935	-9.698158811690519
-340.3621694791458	-60.36138257046696
-266.98466097544076	13.016125933238072
-268.98570953048545	11.015077378193382
-314.04060464639986	-34.03981773772102
-267.84836156678864	12.152425341890194
-294.1036461134739	-14.102859204795095
-281.43869480204955	-1.4379078933707206
-292.08261488259666	-12.081827973917825
-271.5280978154136	8.472689093265217
-266.8816026509543	13.119184257724555
-259.66121511143353	20.3395717972453
-279.1630791109877	0.8377077976911096
-277.37022159878177	2.630565309897065
-280.6903499063868	-0.6895629977079807
-285.8746945839324	-5.873907675253577
-297.21180016733194	-17.21101325865311
-301.28980637310667	-21.289019464427838
-264.4268898839895	15.573897024689359
-294.48398358324846	-14.483196674569626
-274.2556038044953	5.745183104183525
-268.3130895331509	11.687697375527932
-283.2281741065766	-3.2273871978977695
-281.7073191512558	-1.706532242576941
-251.7637567855803	28.23703012309852
-264.20909328110645	15.791693627572386
-267.7809906321294	12.21979627654946
-281.36277052229923	-1.3619836136203958
-302.237425159556	-22.23663825087715
-258.3070230002435	21.693763908435358
-265.5147254054267	14.486061503252131
-288.3320755406115	-8.331288631932694
-305.92686654858187	-25.926079639903037
-251.86497006339266	28.135816845286172
-286.8446062150855	-6.843819306406658
-276.5007844771702	3.5000024315086193
-273.79749886031857	6.203288048360264
-262.94530723953574	17.055479669143097
-270.00364475842287	9.997142150255968
-274.31162016845553	5.6891667402233
-286.377049958532	-6.376263049853151
-274.1799547394279	5.820832169250934
-274.16064266327373	5.840144245405099
-280.85862043796294	-0.8578335292841075
-302.46993063773914	-22.469143729060306
-302.9470569500212	-22.94627004134236
-292.70898171660735	-12.708194807928521
-275.72334596966755	4.277440939011285
-316.6456072860841	-36.64482037740527
-259.94250214256533	20.058284766113502
-294.1283824605147	-14.127595551835839
-261.9896996509873	18.011087257691543
-292.2669469646884	-12.26616005600954
-288.96914874977153	-8.968361841092701
-277.4781612624014	2.5226256462774472
-297.8368740808604	-17.83608717218158
-273.76528404614726	6.235502862531575
-264.49042419292743	15.510362715751398
-286.57035459801625	-6.569567689337418
-269.7442392815086	10.256547627170221
-271.6346228034912	8.366164105187636
-298.78284765220667	-18.782060743527836
-244.2108897269012	35.78989718177763
-269.6596478902742	10.341139018404647
-276.87116698194075	3.129619926738087
-267.80210205653054	12.19868485214829
-286.2966130153021	-6.295826106623281
-282.4512933015452	-2.450506392866373
-295.1829920233962	-15.182205114717362
-284.16041824634374	-4.159631337664905
-260.9196078805202	19.081179028158658
-301.8574624972483	-21.856675588569487
-269.0993774731418	10.901409435537062
-267.38202798774944	12.618758920929395
-314.90818483371766	-34.90739792503882
-280.96653931447725	-0.9657524057984119
-272.10674042511744	7.894046483561397
-295.13969653183665	-15.138909623157815
-283.1094737418556	-3.108686833176762
-266.8169515997382	13.183835308940616
-293.28856961425697	-13.287782705578138
-279.63745023296576	0.3633366757130716
-315.36213921484375	-35.36135230616492
-276.14726730105247	3.8535196076263674
-304.14752351187997	-24.146736603201134
-298.192106217621	-18.191319308942184
-287.20077874128253	-7.1999918326037005
-292.3299583072752	-12.329171398596372
-289.10294853386074	-9.102161625181907
-303.4234980629211	-23.42271115424228
-267.15865090395744	12.842136004721397
-263.4698409627839	16.530945945894928
-282.35550347782043	-2.354716569141601
-297.6906653645659	-17.689878455887083
-273.4972381017527	6.503548806926119
-298.63060534992326	-18.629818441244424
-300.0906410271658	-20.089854118486983
-294.34679512210494	-14.346008213426103
-263.4900520399482	16.51073486873065
-255.7060715715728	24.294715337106027
-280.36153517393757	-0.36074826525873505
-290.58443695950916	-10.583650050830329
-283.5727478166758	-3.5719609079969814
-273.08202628341166	6.9187606252671685
-259.7155635008188	20.28522340786003
-261.4033668995347	18.597420009144116
-271.3006233089785	8.700163599700318
-268.73233065977763	11.268456248901202
-259.8097963769345	20.19099053174432
-269.7574959442958	10.24329096438305
-284.56889150649147	-4.568104597812635
-286.32047371254373	-6.319686803864897
-268.81240364383336	11.18838326484547
-283.66273398787087	-3.661947079192032
-259.9583685069032	20.04241840177565
-283.11828439111775	-3.117497482438921
-280.3909907371075	-0.3902038284286391
-289.7933991585254	-9.79261224984657
-284.94370018082043	-4.942913272141595
-273.3826269391524	6.6181599695264595
-308.55858744275827	-28.557800534079433
-294.2431745158923	-14.242387607213459
-285.4911587550836	-5.4903718464047415
-276.96009236972384	3.0406945389549946
-298.4545232767799	-18.45373636810109
-266.7202954594344	13.280491449244437
-275.96024702552893	4.040539883149904
-283.8931761707448	-3.89238926206599
-273.6471369373852	6.353649971293635
-288.1773624450092	-8.176575536330347
-268.95123196445127	11.049554944227566
-282.70829943478236	-2.707512526103528
-315.9872310569866	-35.98644414830778
-259.2706341428369	20.730152765841922
-248.69510682498583	31.305680083693005
-264.95709915455734	15.043687754121493
-280.88512210665283	-0.8843351979739964
-262.0097769857624	17.99100992291642
-279.0408587671503	0.9599281415285077
-289.58127108709084	-9.580484178412007
-269.4903924470949	10.510394461583928
-261.673574438881	18.327212469797814
-316.7999919714297	-36.79920506275084
-271.0918438545435	8.908943054135307
-310.68482315736253	-30.684036248683697
-271.60192910402327	8.398857804655563
-287.27282392981067	-7.272037021131837
-292.92342102678447	-12.922634118105634
-265.8923309438054	14.108455964873428
-290.8867366632279	-10.885949754549074
-257.23767139629706	22.763115512381773
-260.49884712407436	19.501939784604474
-265.4203674688564	14.580419439822435
-272.32426816668374	7.676518741995096
-267.6020620429284	12.39872486575041
-301.90963573770784	-21.90884882902901
-291.5435210384843	-11.542734129805467
-286.44807639005955	-6.4472894813807216
-273.43468862215593	6.566098286522902
-285.857954664369	-5.8571677556901705
-301.8823139716791	-21.88152706300025
-242.40101938903751	37.59976751964132
-285.1970923429566	-5.196305434277747
-292.211804152534	-12.211017243855167
-286.7227138583788	-6.721926949699991
-256.22749057248654	23.77329633619229
-289.80805052804715	-9.807263619368314
-281.3726664209629	-1.3718795122840675
-277.3408959366883	2.659890971990535
-277.640346126262	2.3604407824168447
-281.2332429955226	-1.2324560868437402
-281.7222817717651	-1.7214948630862636
-277.1546275321547	2.846159376524156
-263.7653501519475	16.23543675673136
-293.72913423150965	-13.728347322830814
-286.49838605941693	-6.497599150738097
-277.64487002165185	2.3559168870269787
-301.7470251203871	-21.74623821170826
-286.407794991503	-6.407008082824177
-246.23300881163811	33.76777809704072
-242.929170407146	37.071616501532844
-286.20249204082427	-6.201705132145435
-250.84868534776103	29.1521015609178
-276.5625902871783	3.4381966215005377
-290.5324649644848	-10.531678055805969
-267.7101004874079	12.290686421270948
-270.0972374413344	9.903549467344419
-300.87241530892277	-20.871628400243935
-256.2149822432351	23.78580466544372
-265.28292942782934	14.717857480849489
-279.47106164307695	0.5297252656018827
-301.37130286935496	-21.37051596067613
-266.32571481991397	13.675072088764864
-295.3564278992802	-15.355640990601387
-302.15954573626584	-22.158758827587008
-304.9135137509969	-24.91272684231808
-265.5835948178668	14.417192090812023
-265.8440986405134	14.156688268165453
-280.92159067617683	-0.9208037674980005
-266.38519504805515	13.615591860623681
-289.8312871869806	-9.83050027830177
-259.1001618767863	20.90062503189256
-271.3957824109333	8.60500449774554
-268.95474206038705	11.046044848291785
-285.7115656169866	-5.710778708307771
-277.0149990486774	2.9857878600014374
-293.84753535559355	-13.846748446914717
-280.8190376408114	-0.8182507321325829
-292.7868032907812	-12.786016382102389
-280.04566555446434	-0.04487864578550216
-265.18693408394245	14.813852824736387
-259.91068776972895	20.09009913894988
-271.5421227337159	8.458664174962905
-280.9426444363438	-0.941857527664979
-266.62589644938487	13.374890459293965
-247.92736744319916	32.073419465479674
-267.2741283924064	12.726658516272437
-278.6190291899351	1.3817577187437564
-280.2595738184849	-0.25878690980607644
-266.3502332008742	13.650553707804647
-273.23287880653004	6.767908102148795
-269.54859983737185	10.45218707130698
-292.2700503173786	-12.269263408699771
-300.98410683242616	-20.98331992374733
-292.7841418788106	-12.783354970131768
-307.47730714959687	-27.476520240918035
-286.6632994085179	-6.6625124998390675
-282.54013095108746	-2.5393440424086293
-275.07572825562454	4.925058653054293
-279.64649690877775	0.35428999990108423
-296.2058205102461	-16.205033601567266
-299.91310519775504	-19.91231828907621
-285.95309882449	-5.952311915811151
-287.1467110899779	-7.145924181299051
-285.5394013322606	-5.538614423581748
-277.1993829348161	2.8014039738627616
-293.3705283525436	-13.369741443864768
-289.9614266751254	-9.960639766446548
-278.324372893558	1.6764140151208267
-268.32797265030456	11.672814258374274
-274.4937362764416	5.507050632237224
-282.67676986567164	-2.6759829569928115
-259.01574543647655	20.985041472202283
-296.4095642522392	-16.40877734356036
-268.7786917569996	11.222095151679241
-277.46297908341	2.5378078252688283
-265.9051982987388	14.095588609940023
-297.64735995302397	-17.646573044345132
-283.2376303887962	-3.236843480117386
-278.3400857599721	1.6607011487067211
-283.6603030558566	-3.659516147177783
-281.98913191061945	-1.9883450019406155
-278.3182308978379	1.6825560108409263
-283.84044067917637	-3.8396537704975344
-256.17621941196046	23.824567496718373
-295.18256464399235	-15.181777735313517
-278.9450480087347	1.0557388999441173
-282.8449270041841	-2.8441400955052814
-258.35367689854536	21.647110010133474
-259.2873184630247	20.713468445654144
-296.75217751427624	-16.751390605597408
-287.2260957973725	-7.225308888693689
-281.19176373825246	-1.1909768295736285
-273.17623892914924	6.824547979529598
-277.28426484083536	2.7165220678434707
-255.6987165929844	24.302070315694436
-273.12647016474	6.874316743938834
-304.37466638799594	-24.37387947931711
-269.98710922162934	10.013677687049494
-264.77992804815074	15.220858860528097
-264.01150386282313	15.9892830458557
-260.57026956183324	19.43051734684559
-284.1235571954552	-4.122770286776358
-283.1014650316887	-3.100678123009857
-278.22600607752463	1.774780831154203
-297.93231669098384	-17.931529782305006
-279.45964099658374	0.5411459120950894
-269.9033031934181	10.09748371526075
-271.43528607763653	8.5655008310423
-292.93971518918477	-12.938928280505934
-265.63808236596594	14.36270454271289
-289.06961227370846	-9.068825365029625
-261.45277690470755	18.548010003971285
-265.73739186516684	14.263395043511991
-292.04480325661495	-12.044016347936122
-275.31376765411767	4.687019254561164
-252.0880520596496	27.91273484902922
-262.45107757596486	17.549709332713974
-243.20699075181108	36.79379615686776
-278.81054814499873	1.1902387636800995
-250.86267027581414	29.138116632864694
-267.87890974308027	12.121877165598562
-256.9582596048516	23.042527303827228
-271.9179370337173	8.08284987496154
-286.52594322684524	-6.52515631816641
-274.0875597191283	5.9132271895505255
-303.5401660116862	-23.539379103007377
-273.5359682320799	6.464818676598952
-274.92235598983314	5.078430918845697
-274.21533371536714	5.785453193311696
-295.1773036434264	-15.176516734747565
-292.62783781816904	-12.627050909490208
-275.93962012588815	4.0611667827906786
-292.48011229115434	-12.479325382475508
-289.07982095822297	-9.079034049544134
-294.7016551774526	-14.700868268773775
-251.53552925862675	28.46525765005208
-288.42968348464126	-8.428896575962426
-271.08925977168326	8.911527136995574
-241.0409057652672	38.95988114341162
-282.55672667503893	-2.5559397663600976
-276.9339880564752	3.0667988522036467
-299.53378812112567	-19.533001212446834
-309.69748471854325	-29.696697809864418
-292.2567584174052	-12.255971508726361
-283.05348802846345	-3.052701119784615
-281.4898719587021	-1.4890850500232773
-291.4835802700785	-11.482793361399672
-278.6084167468165	1.3923701618623454
-315.1293565680047	-35.128569659325876
-277.68185099458276	2.3189359140960732
-239.44901151692682	40.55177539175202
-254.69661719945213	25.3041697092267
-281.11082307836693	-1.110036169688101
-297.0156204665931	-17.014833557914244
-282.77299483130116	-2.7722079226223286
-299.56621257736185	-19.56542566868302
-295.2837392017194	-15.28295229304058
-253.43830169565115	26.562485213027685
-277.121724822175	2.8790620865038363
-301.96791286815494	-21.967125959476107
-295.4984957681685	-15.497708859489649
-281.62078302925	-1.6199961205711588
-255.04716013019276	24.95362677848607
-273.34774904403673	6.653037864642101
-281.9802395363171	-1.9794526276382385
-281.12079448345537	-1.1200075747765368
-272.2521084904241	7.748678418254713
-273.0938819342358	6.906904974443023
-304.0075261536498	-24.00673924497096
-244.61265990854952	35.388127000129316
-290.8284674132541	-10.827680504575255
-305.1743267807709	-25.17353987209208
-279.5097419748148	0.4910449338640319
-281.9403682752694	-1.9395813665905735
-293.0067950172037	-13.006008108524838
-286.1350958975621	-6.1343089888832765
-263.43161859250756	16.56916831617127
-283.96620596372884	-3.965419055050006
-294.10480504620716	-14.104018137528328
-272.90884335684893	7.0919435518299
-260.15178764727386	19.84899926140497
-271.17442829574645	8.826358612932381
-310.1492694242137	-30.14848251553485
-270.0405159525493	9.960270956129534
-257.68754642595957	22.313240482719266
-284.9545593297174	-4.953772421038593
-290.5628768564151	-10.56208994773624
-281.9996875990131	-1.998900690334267
-270.5633987193527	9.437388189326157
-249.15026441141742	30.85052249726141
-285.6341664726009	-5.6333795639220625
-278.10658036717575	1.894206541503081
-277.5396054274264	2.4611814812524244
-278.4431316525828	1.5576552560960408
-289.415604647986	-9.414817739307182
-319.1386338111573	-39.137846902478486
-260.84092733848445	19.159859570194385
-271.25306781874167	8.747719089937164
-293.90021578447556	-13.89942887579673
-259.9756213874156	20.02516552126326
-282.93295548768435	-2.93216857900552
-274.13352520887054	5.867261699808296
-267.78628619723384	12.214500711444998
-279.4951253608982	0.505661547780619
-275.7914258542827	4.20936105439614
-277.21540805420443	2.785378854474402
-281.980645498052	-1.9798585893731797
-279.002748593712	0.9980383149668342
-261.14834885346716	18.852438055211678
-280.262767671515	-0.2619807628361741
-265.2955826845231	14.70520422415575
-261.4033304975841	18.597456411094754
-287.5598437054381	-7.559056796759251
-298.76473149397714	-18.763944585298304
-289.4284352753697	-9.427648366690846
-256.8543498954044	23.146437013274408
-244.58093985172525	35.419847056953586
-292.8488236353245	-12.84803672664566
-269.6564805571637	10.344306351515115
-296.1051299545164	-16.104343045837595
-270.053646560273	9.94714034840581
-248.2247200872174	31.776066821461427
-276.55072831776704	3.4500585909117945
-291.3657937866759	-11.365006877997075
-268.5888189900528	11.411967918626033
-315.53483651115164	-35.534049602472805
-321.00624295760133	-41.0054560489225
-284.55052817334433	-4.549741264665499
-303.8342239335565	-23.83343702487764
-291.4399938979717	-11.43920698929287
-308.3006175394934	-28.29983063081454
-287.6426184789401	-7.6418315702612745
-304.4198244580133	-24.419037549334462
-275.9537752371783	4.047011671500513
-267.9472005940428	12.05358631463605
-308.8557543109149	-28.85496740223607
-354.2607587123588	-74.25997180367995
-261.3354657152762	18.665321193402633
-281.3223553677475	-1.3215684590686578
-295.08534021910816	-15.084553310429328
-249.92606348235347	30.074723426325363
-275.9032738293412	4.097513079337659
-264.6870032817045	15.313783626974327
-254.46250217411796	25.538284734560875
-303.9045301070822	-23.90374319840339
-287.5645157928178	-7.563728884138982
-283.89150520001783	-3.890718291338999
-281.08909441605863	-1.0883075073797954
-276.4400082868327	3.5607786218461115
-283.4032907463064	-3.4025038376275916
-276.0326754869842	3.96811142169463
-329.3601653782192	-49.35937846954039
-292.1617805640657	-12.160993655386847
-287.8391171548377	-7.8383302461588755
-267.25149246344006	12.749294445238775
-272.8179313087843	7.182855599894538
-290.5261306441047	-10.52534373542585
-298.58904780030787	-18.588260891629034
-260.44882677877683	19.551960129902
-285.5032047383087	-5.502417829629849
-255.63158276759566	24.369204141083173
-288.4090671340331	-8.408280225354247
-252.38941592045956	27.611370988219278
-283.1984716614046	-3.1976847527257632
-279.533509843934	0.46727706474484876
-291.31532334014844	-11.314536431469605
-254.98991597518977	25.01087093348906
-288.78632763414714	-8.785540725468309
-256.351140774534	23.64964613414486
-276.27711812452833	3.7236687841505045
-281.2924632902235	-1.2916763815446757
-269.3353208642169	10.665466044461937
-292.2945814888029	-12.293794580124086
-310.49133513576305	-30.49054822708422
-286.91637053321244	-6.91558362453361
-288.80547024783516	-8.804683339156327
-279.85058842745855	0.15019848122028634
-270.29293556649134	9.707851342187496
-289.84491814569117	-9.844131237012334
-258.5954564744119	21.405330434266943
-247.61299224014	32.387794668538845
-292.94674018388685	-12.945953275208012
-300.25093470439094	-20.25014779571211
-283.65010519875284	-3.6493182900740067
-255.65685562547367	24.343931283205166
-297.826884629127	-17.82609772044816
-311.26929406933266	-31.268507160653826
-273.2227109103791	6.778075998299755
-271.21601210321603	8.784774805462803
-274.1636733054569	5.837113603221951
-283.8932334045479	-3.8924464958690805
-256.55477493386786	23.446011974810972
-263.1215687714815	16.879218137197313
-288.87314734936297	-8.872360440684133
-281.93008432693966	-1.9292974182608305
-274.1053913504096	5.895395558269229
-270.830338655995	9.170448252683855
-277.37733070831234	2.6234562003664905
-292.1564393788816	-12.155652470202767
-269.05021332532704	10.950573583351797
-282.9540704127961	-2.9532835041172802
-276.19601191221807	3.8047749964607647
-279.20080659807206	0.7999803106067702
-280.9622352630489	-0.9614483543700771
-284.63404024812405	-4.633253339445218
-300.87286251260446	-20.872075603925623
-282.27508940858604	-2.2743024999072077
-281.112584242141	-1.1117973334621638
-271.4891810382345	8.511605870444328
-267.0401554538788	12.960631454800023
-269.8456759610075	10.155110947671346
-270.22331441593485	9.777472492743982
-284.0095463061101	-4.008759397431277
-259.21911327019404	20.78167363848479
-280.3941321848346	-0.3933452761557419
-252.37556653229183	27.625220376387006
-262.4079257554789	17.59286115319992
-274.5397343483586	5.4610525603202404
-251.40867335642758	28.59211355225125
-260.1885526073405	19.81223430133832
-289.2904049456796	-9.289618037000764
-299.33671591030213	-19.3359290016233
-260.66555073366396	19.33523617501487
-294.5178870549229	-14.517100146244047
-266.76179175324285	13.238995155435987
-265.3329274960364	14.667859412642429
-231.7127112583206	48.28807565035822
-295.8477458925721	-15.846958983893273
-285.3729827837036	-5.372195875024772
-266.9874123432477	13.01337456543115
-295.949260772681	-15.948473864002153
-275.13684971571854	4.863937192960293
-284.3116742079677	-4.310887299288879
-262.4416668426951	17.559120065983734
-298.00638115907566	-18.005594250396825
-272.2384712874576	7.762315621221205
-262.3867865298911	17.61400037878775
-284.1689787001327	-4.168191791453864
-261.8292195385096	18.171567370169214
-267.0688032865677	12.931983622111147
-280.8791724050483	-0.8783854963694466
-251.20373171587778	28.797055192801054
-266.5862793818327	13.414507526846137
-287.1111121625821	-7.110325253903284
-311.60805894701696	-31.607272038338124
-294.6887770706038	-14.687990161924972
-283.48379770412646	-3.483010795447626
-288.9926294314304	-8.99184252275154
-292.1900258651534	-12.189238956474583
-297.5131578086242	-17.51237089994538
-282.64380235713395	-2.6430154484551167
-275.9734489178612	4.027337990817614
-285.2176072563692	-5.216820347690373
-284.6534768367368	-4.652689928057953
-265.10826639878576	14.892520509893075
-268.4280337944605	11.572753114218358
-301.110652657468	-21.10986574878916
-254.03595556174184	25.96483134693699
-266.91389402694256	13.086892881736276
-301.67833062765783	-21.677543718978995
-295.5508743342747	-15.550087425595848
-271.8151747628384	8.185612145840423
-270.1354797663902	9.865307142288657
-282.45799469662086	-2.457207787942025
-275.27449830586045	4.726288602818386
-296.49784660970397	-16.497059701025137
-304.9407609030553	-24.939973994376487
-300.1619644727274	-20.161177564048558
-299.0437064208912	-19.042919512212393
-305.53393628674746	-25.53314937806863
-271.7956791974815	8.205107711197343
-280.8813368713403	-0.8805499626614619
-265.7744164487034	14.226370459975442
-293.7545565985441	-13.753769689865294
-272.6748874839053	7.3258994247735245
-276.9502327581089	3.050554150569951
-312.80490262805904	-32.804115719380206
-282.63231333749206	-2.631526428813231
-293.1487632447046	-13.14797633602575
-268.8783436154721	11.122443293206743
-285.4491722859624	-5.448385377283557
-245.82031172871427	34.18047517996456
-281.15858709405654	-1.1578001853777096
-282.29159109020327	-2.290804181524436
-298.6955261559	-18.69473924722115
-261.06864340447135	18.932143504207488
-288.5358996290837	-8.535112720404868
-286.12499213046465	-6.1242052217858145
-293.27475542200625	-13.273968513327418
-309.2348451021775	-29.23405819349864
-295.75968841526844	-15.75890150658961
-283.4765187570687	-3.4757318483898416
-272.8436238895905	7.15716301908833
-283.0868611655118	-3.0860742568329442
-287.200747913574	-7.199961004895158
-273.7643229832996	6.236463925379212
-270.51584026765556	9.48494664102327
-270.8628524479958	9.137934460683027
-260.3014773943818	19.699309514297056
-308.0556287913008	-28.054841882621986
-282.16439171978925	-2.1636048111104174
-269.96571669719776	10.03507021148107
-256.41300127289503	23.587785635783803
-306.38774371427496	-26.386956805596128
-285.99345666224906	-5.992669753570226
-236.40814512282157	43.59264178585727
-285.5103940228968	-5.509607114217943
-275.8102787217307	4.190508186948136
-265.8384979982751	14.162288910403731
-279.1260961785832	0.8746907300956082
-294.7142114925758	-14.713424583896995
-299.730395685949	-19.729608777270187
-309.96323275236716	-29.96244584368833
-267.1987809048536	12.802006003825227
-275.54893865671545	4.4518482519633835
-270.3811899471424	9.619596961536445
-286.556322363855	-6.555535455176141
-293.4996467567056	-13.498859848026768
-278.51431140707643	1.4864755016023992
-264.9223673821492	15.078419526529615
-261.3275000742673	18.673286834411556
-284.323905811931	-4.32311890325218
-281.0097503695673	-1.0089634608884808
-284.5260704108754	-4.525283502196544
-281.31557580234437	-1.3147888936655363
-247.01901951335674	32.981767395322095
-264.5593458392199	15.44144106945896
-260.88388466194226	19.116902246736572
-263.6398031131197	16.36098379555915
-263.67957497699024	16.321211931688595
-268.4206391420979	11.580147766580922
-289.26251721394726	-9.26173030526843
-303.25120710346744	-23.250420194788603
-273.14083851091925	6.859948397759581
-266.6078697397264	13.392917168952408
-240.4774548046065	39.523332104072324
-277.9583703422926	2.042416566386237
-290.07294306286565	-10.072156154186814
-278.7398985499698	1.2608883587090531
-282.00808533338784	-2.007298424709006
-300.3674197106542	-20.366632801975356
-293.7218424652041	-13.721055556525243
-277.344809597775	2.655977310903836
-251.7049165117736	28.29587039690523
-283.212277258683	-3.211490350004169
-306.93749324783346	-26.936706339154625
-278.0017594669865	1.9990274416923057
-292.61441634836444	-12.61362943968561
-259.5233276632738	20.477459245405043
-302.07764168634674	-22.076854777667904
-251.80547819345736	28.195308715221472
-272.01960738592095	7.981179522757884
-291.798737639367	-11.797950730688171
-272.82253432057985	7.178252588098985
-277.3160333979125	2.6847535107663134
-271.01009529138753	8.990691617291304
-274.6343614060846	5.366425502594211
-270.8701766540711	9.130610254607745
-281.7942119680905	-1.7934250594116747
-261.6835177953566	18.317269113322254
-315.5404878099747	-35.53970090129587
-316.52778032306594	-36.52699341438711
-271.4207006296732	8.580086279005627
-289.8015925559106	-9.800805647231755
-275.8800325858414	4.120754322837456
-289.59741730048916	-9.596630391810322
-241.0499881825184	38.95079872616043
-254.41679539565882	25.58399151302001
-298.71181621412177	-18.711029305442935
-281.1168780526008	-1.116091143921949
-277.8416041256954	2.1591827829834074
-279.9218772362168	0.07890967246203218
-274.64963920184016	5.351147706838674
-290.3511599857542	-10.350373077075346
-276.3421052090365	3.6586816996423295
-276.59419423953875	3.406592669140082
-266.1646711883026	13.836115720376256
-299.3142571968441	-19.313470288165263
-289.7991117453006	-9.79832483662176
-292.02834153134097	-12.027554622662137
-264.8282200369671	15.172566871711751
-300.4294037286403	-20.428616819961462
-278.91109572360654	1.0896911850722972
-263.76698810948653	16.2337987991923
-287.2308400772548	-7.230053168575978
-278.74026299331524	1.260523915363592
-275.6987370349765	4.3020498737023445
-293.1173416733749	-13.116554764696048
-289.1190957250459	-9.118308816367062
-259.2427691281722	20.758017780506634
-284.7621107517283	-4.7613238430494675
-292.8169542447671	-12.816167336088256
-277.59697545373126	2.403811454947572
-299.61129655569164	-19.610509647012805
-281.3247665653565	-1.3239796566776931
-292.88080936471886	-12.880022456040024
-267.78157113471605	12.219215773962787
-285.3913225556556	-5.390535646976787
-273.78349485381693	6.2172920548619
-266.1269253343147	13.873861574364128
-287.07255827738334	-7.071771368704503
-291.9434431508365	-11.942656242157682
-293.77365366798256	-13.772866759303724
-254.66708851715737	25.333698391521466
-287.48456819052296	-7.483781281844131
-283.16236901818263	-3.1615821095037973
-291.49256023014675	-11.491773321467917
-293.36706428904506	-13.366277380366228
-254.2941588727357	25.70662803594314
-267.63734428301757	12.363442625661264
-278.58373241389415	1.4170544947846793
-269.0666472233082	10.93413968537061
-295.75008843506873	-15.7493015263899
-290.94763480072504	-10.946847892046208
-292.2184606482864	-12.217673739607562
-291.3439936906892	-11.343206782010384
-279.1109724715301	0.8898144371487433
-288.2141993646022	-8.21341245592339
-251.9977868284426	28.003000080236234
-272.2304967055046	7.770290203174227
-289.1046292147315	-9.103842306052684
-244.4089660340636	35.59182087461522
-269.1569520321158	10.84383487656305
-288.69918228567474	-8.698395376995904
-290.10009608348844	-10.099309174809605
-270.18666911290563	9.8141177957732
-282.4090077464738	-2.408220837794943
-315.2869782341389	-35.286191325460095
-285.5501316706017	-5.549344761922839
-256.5860876425671	23.41469926611171
-281.5685309246859	-1.5677440160070546
-273.7905173991261	6.210269509552745
-299.7905057401607	-19.789718831481878
-271.52073597550987	8.480050933168968
-289.3939915535542	-9.393204644875368
-265.47591657835653	14.524870330322301
-287.6926412950801	-7.691854386401246
-302.460576964217	-22.45979005553818
-278.3346477437975	1.666139164881315
-281.6438409308997	-1.6430540222208947
-300.423539836493	-20.422752927814145
-293.6056551018504	-13.60486819317157
-254.7116501861259	25.28913672255294
-284.8768480165985	-4.876061107919668
-273.14829048029276	6.852496428386075
-280.76600286460086	-0.7652159559220308
-261.14801505204593	18.8527718566329
-275.18723800494115	4.813548903737683
-288.0801568294213	-8.079369920742465
-276.83104045150174	3.169746457177098
-255.53197208212293	24.4688148265559
-291.52358008820227	-11.522793179523433
-267.18447322000645	12.81631368867238
-289.3250635016833	-9.32427659300447
-264.255673291564	15.74511361711484
-293.1542431664369	-13.15345625775808
-271.0046853420157	8.996101566663128
-304.007714298505	-24.00692738982616
-265.8189397982445	14.181847110434319
-271.81879759004585	8.181989318632986
-282.94891158048483	-2.9481246718059992
-297.2307110421192	-17.229924133440363
-286.8720839825204	-6.871297073841561
-306.9183735769715	-26.917586668292643
-288.7259190978024	-8.725132189123542
-277.3218044818444	2.678982426834409
-268.7111093306979	11.28967757798091
-276.20824983943965	3.792537069239188
-250.89930557230616	29.10148133637267
-297.38027979581454	-17.37949288713571
-285.0212454837987	-5.0204585751198465
-283.2438956327627	-3.243108724083868
-261.420717291849	18.58006961682986
-279.5710129012681	0.42977400741074234
-272.90359211796965	7.097194790709182
-274.8013781517751	5.199408756903722
-271.3166885256891	8.68409838298976
-289.88790597914556	-9.887119070466724
-294.3976588293684	-14.396871920689591
-270.60194538036956	9.398841528309276
-279.89997477986105	0.10081212881777901
-277.93478826182616	2.0659986468526768
-300.7209109169729	-20.72012400829408
-309.2169958459075	-29.216208937228657
-282.4323266188534	-2.4315397101745475
-296.5866380390311	-16.58585113035224
-278.8181649779384	1.1826219307404244
-274.6203936734331	5.3803932352457196
-233.61589669393504	46.38489021474379
-290.1843466845261	-10.183559775847243
-290.66313367479086	-10.662346766112023
-275.2195480069298	4.78123890174902
