Hf	deltaHf ref=-437.1043222251376
-438.90357090773455	-1.7992486825969536
-432.4487046685156	4.655617556622019
-445.58182118957325	-8.477498964435654
-417.5137626927374	19.59055953240022
-453.48685965811296	-16.38253743297537
-449.5170647463731	-12.412742521235486
-436.7159375446993	0.3883846804383211
-460.82800647807585	-23.723684252938256
-471.4835744185168	-34.379252193379216
-479.7891140910708	-42.68479186593322
-432.2359106856659	4.868411539471708
-456.15337544751515	-19.04905322237755
-452.7148566624876	-15.610534437349997
-400.72073223598113	36.38358998915646
-435.33082999113526	1.7734922340023331
-434.22152882691285	2.8827933982247487
-463.61492912968083	-26.510606904543238
-463.84771720054255	-26.743394975404954
-453.0420938014488	-15.937771576311206
-469.94089470928	-32.83657248414238
-431.9800718208337	5.1242504043038934
-453.2078944604348	-16.10357223529718
-445.5416251146146	-8.437302889476996
-454.73142610047057	-17.627103875332978
-446.05970693012046	-8.955384704982862
-446.89022489970944	-9.785902674571844
-401.0667914965509	36.03753072858672
-402.1730464874329	34.93127573770471
-445.4745595226034	-8.370237297465792
-424.9167219955036	12.187600229633972
-386.8497156881988	50.25460653693881
-471.1065391049399	-34.00221687980229
-446.49170709708983	-9.387384871952236
-418.4851450682529	18.61917715688469
-445.51061734541713	-8.406295120279538
-459.70786949714807	-22.603547272010474
-449.3088591053295	-12.204536880191881
-413.9004633550851	23.2038588700525
-460.65915019145746	-23.554827966319863
-482.7977371355721	-45.69341491043451
-411.53185973411587	25.572462491021724
-449.30420581852945	-12.19988359339186
-416.8203052063093	20.284017018828308
-451.2849331137461	-14.180610888608498
-437.0991735447808	0.005148680356796831
-436.5253450199291	0.5789772052085027
-436.60171946361356	0.5026027615240309
-422.485269579882	14.619052645255579
-467.3368693500727	-30.23254712493508
-434.2209438531047	2.883378372032894
-431.1867719040513	5.91755032108631
-438.9384807258523	-1.8341585007146932
-453.34709553643756	-16.24277331129997
-453.5982770729663	-16.493954847828718
-436.18403885940484	0.9202833657327574
-430.05653070791436	7.0477915172232315
-447.8882207803456	-10.783898555207998
-410.0424061599099	27.061916065227706
-420.1547733578684	16.949548867269186
-444.42367893968753	-7.31935671454994
-415.59463880882527	21.509683416312328
-406.59110696260745	30.51321526253014
-461.8704513915784	-24.766129166440805
-454.442516978763	-17.33819475362543
-445.34544550932173	-8.241123284184141
-419.715813132256	17.388509092881577
-494.0281440064921	-56.92382178135449
-463.3111668926051	-26.20684466746752
-432.23014682178314	4.874175403354457
-407.9621513022487	29.14217092288891
-458.29168566574504	-21.18736344060744
-428.3896721360127	8.714650089124916
-430.63807366746755	6.466248557670042
-449.89382241470435	-12.789500189566752
-453.55667262398333	-16.452350398845738
-446.57544689790507	-9.471124672767473
-428.1726947783811	8.931627446756465
-403.7224122357932	33.38190998934442
-438.21883841812655	-1.1145161929889582
-443.2607525621627	-6.1564303370250855
-428.257272193345	8.847050031792605
-461.0414153898512	-23.937093164713588
-480.6744650540843	-43.5701428289467
-437.21092179821267	-0.10659957307507284
-431.10172339539554	6.002598829742055
-453.7248476905427	-16.62052546540508
-420.5360147561498	16.56830746898777
-445.1206212881864	-8.016299063048791
-431.9554159966558	5.148906228481792
-464.8039140000094	-27.699591774871806
-443.98734307515247	-6.883020850014873
-387.2656049615964	49.838717263541184
-455.6430344937455	-18.538712268607924
-426.9291309366438	10.175191288493806
-420.5132478946673	16.591074330470292
-475.62317647664736	-38.518854251509765
-422.1087205943097	14.995601630827878
-413.42334305325335	23.680979171884246
-432.34382336868134	4.760498856456252
-420.89930745053266	16.205014774604933
-456.7721116446394	-19.667789419501787
-424.9938824892654	12.110439735872205
-439.6830388721048	-2.578716646967223
-436.56234522197906	0.5419770031585358
-396.3076490914302	40.79667313370737
-444.1644291354371	-7.06010691029951
-468.7533397630234	-31.64901753788581
-411.3262556320026	25.77806659313501
-448.9130111434408	-11.808688918303233
-434.1057023960659	2.9986198290716857
-485.51850640540056	-48.414184180262964
-407.9380130504344	29.1663091747032
-464.29720690749514	-27.192884682357544
-425.6778111592196	11.426511065918021
-434.1801280784332	2.9241941467043944
-428.69010526575426	8.414216959383339
-467.62906646910983	-30.524744243972236
-425.0863478344311	12.017974390706513
-439.97421773143856	-2.8698955063009635
-452.4765257792226	-15.37220355408499
-444.32359890650537	-7.219276681367774
-418.04107845535896	19.063243769778637
-445.254557610888	-8.15023538575042
-431.96086252302325	5.143459702114342
-464.9766191147121	-27.8722968895745
-459.93896842028175	-22.83464619514416
-436.4436746608901	0.6606475642474834
-450.5521758877642	-13.447853662626585
-436.7358338865363	0.3684883386013098
-413.4555268729366	23.648795352200978
-432.7398579177591	4.364464307378512
-380.10924897653445	56.99507324860315
-454.0111504107101	-16.90682818557252
-430.97462653824755	6.129695686890045
-408.97612802575736	28.128194199380232
-472.44088744639	-35.336565221252386
-467.9935729496558	-30.889250724518206
-446.05330287690435	-8.94898065176676
-456.6412897954199	-19.536967570282286
-452.9934353111805	-15.889113086042926
-432.2885011255478	4.815821099589812
-456.72580957638843	-19.621487351250835
-442.52872174115896	-5.424399516021367
-442.3357003118929	-5.231378086755285
-453.81883686951755	-16.71451464437996
-466.6953567263174	-29.59103450117982
-459.93346745388976	-22.829145228752168
-423.30463944799544	13.799682777142152
-455.5840523512072	-18.479730126069626
-476.73133935676583	-39.627017131628236
-449.9637033998936	-12.859381174755981
-419.1518966783681	17.95242554676952
-423.02404898072405	14.080273244413547
-416.6523728750383	20.451949350099312
-479.29409536797016	-42.189773142832564
-460.0986751111834	-22.994352886045817
-455.9984994672034	-18.89417724206578
-443.78144030822136	-6.677118083083769
-438.9239613692828	-1.8196391441451851
-427.5070111790467	9.597311046090908
-455.85156206995293	-18.74723984481534
-464.9738112051766	-27.869488980039023
-412.9301493225123	24.174172902625287
-454.49834177042635	-17.394019545288756
-429.4986511722584	7.605671052879188
-446.7201736092595	-9.615851384121925
-451.71492924738254	-14.610607022244949
-442.04283745964335	-4.938515234505758
-459.2761246536886	-22.17180242855102
-437.5747747822809	-0.4704525571432896
-416.73366801864745	20.370654206490144
-422.0767578754951	15.027564349642489
-463.62510493684954	-26.520782711711945
-451.4579630639257	-14.353640838788124
-405.5803721529867	31.52395007215091
-432.98806453824204	4.116257686895551
-438.8749913898557	-1.7706691647181287
-430.50230870945074	6.602013515686849
-413.1489290741649	23.955393150972668
-424.4105710948263	12.693751130311284
-428.5430232151614	8.56129900997621
-446.330801086928	-9.226478861790383
-407.233471682752	29.870850542385597
-409.8223855643794	27.28193666075822
-425.94265330905023	11.161668916087365
-432.3912696272221	4.713052597915521
-445.7625634156195	-8.658241190481931
-434.6973760961466	2.406946128990967
-420.95698028429456	16.147341940843035
-447.6623117690817	-10.557989543944132
-416.14184937470986	20.96247285042773
-476.794354278469	-39.69003205333138
-466.14879001786744	-29.044467792729847
-415.84914963709	21.25517258804757
-469.1458090284343	-32.04148680329672
-461.6063869886186	-24.50206476348103
-409.6150142337922	27.489307991345413
-419.5495310084573	17.554791216680314
-426.22986202042944	10.874460204708157
-445.0234993093675	-7.9191770842298865
-437.9957061092921	-0.891383884154493
-442.7009218488149	-5.596599623677321
-439.6419261838221	-2.5376039586844854
-420.98117213931096	16.123150085826637
-430.4383780007395	6.6659442243981175
-439.6677935889368	-2.563471363799181
-400.6470421198085	36.45728010532912
-438.3127330284244	-1.2084108032868244
-461.86448976216184	-24.760167537024245
-447.8123654974245	-10.708043272286886
-443.16710002294553	-6.062777797807939
-441.83073345541766	-4.726411230280064
-413.70870917761044	23.39561304752715
-439.8396356000069	-2.7353133748692926
-452.50212008144285	-15.39779785630526
-433.9235929807385	3.1807292443991173
-445.00659657693745	-7.902274351799861
-426.12332869590887	10.980993529228726
-453.8117572915419	-16.707435066404287
-438.22922884081186	-1.1249066156742629
-443.0206578136042	-5.916335588466609
-427.6979705861215	9.406351639016066
-484.18604990641165	-47.08172768127406
-425.86986450596874	11.234457719168859
-445.32343927365423	-8.219117048516637
-433.52886523320035	3.5754569919372443
-454.1740632322237	-17.069741007086122
-422.2519666514038	14.852355573733803
-456.5588578010122	-19.454535575874615
-438.6186214349493	-1.5142992098117247
-442.13353219004625	-5.0292099649086595
-422.76330004480246	14.34102218033513
-468.9653489060786	-31.861026680940995
-434.5705184391902	2.5338037859473843
-404.34755657429037	32.75676565084723
-429.56842209962474	7.535900125512853
-403.45335607360744	33.650966151530156
-458.7757542402453	-21.671432015107712
-461.1876723764492	-24.083350151311606
-428.030101132774	9.074221092363587
-443.70917490106353	-6.60485267592594
-446.7926992105697	-9.688376985432114
-425.20043836358514	11.903883861552458
-446.858983099801	-9.754660874663386
-408.12870545541796	28.975616769719636
-455.5170973054394	-18.4127750803018
-403.10403457431516	34.00028765082243
-400.28010107055	36.824221154587576
-467.71546573738146	-30.61114351224387
-426.96000249327903	10.144319731858559
-461.9581364360258	-24.85381421088823
-438.26558634148955	-1.1612641163519584
-416.860803187554	20.24351903758361
-449.43691448651066	-12.332592261373065
-446.40425131608777	-9.299929090950172
-429.6240631123567	7.480259112780914
-450.42745148997915	-13.323129264841555
-425.4209553712192	11.683366853918415
-437.5794353158474	-0.47511309070978314
-430.01590391288323	7.088418312254362
-404.4609418291568	32.643380395980785
-448.4299379984061	-11.32561577326851
-425.47663429148656	11.627687933651032
-435.54302285613653	1.5612993690010626
-427.75686684086963	9.34745538426796
-424.10198983837313	13.002332386764465
-448.7454761603642	-11.641153935226612
-445.9046447378553	-8.800322512717685
-441.79492764270094	-4.690605417563347
-427.2490934431755	9.855228781962069
-422.83431829811	14.270003927027574
-456.16650698292347	-19.06218475778587
-465.19734050352986	-28.093018278392265
-443.5726648352486	-6.468342610110994
-437.06712272215213	0.03719950298545882
-452.80985627200266	-15.705534046865068
-419.30075304188927	17.803569183248328
-450.6940568154007	-13.589734590263106
-443.5503081970003	-6.445985971862683
-451.24175228020454	-14.137430055066943
-458.01386155943896	-20.90953933430137
-443.3652419347693	-6.2609197096317075
-483.4393123937391	-46.33499016860151
-445.58277609477796	-8.478453869640362
-442.8806136781552	-5.77629145301762
-408.8475924417637	28.256729783373885
-408.9808327421399	28.123489482997684
-415.76396785530073	21.34035436983686
-475.5111861358657	-38.406863910728134
-419.44744834428116	17.656873880856438
-458.29655078643395	-21.19222856129636
-435.6115238152181	1.4927984099194873
-418.66455903645533	18.439763188682264
-441.79836106197604	-4.694038836838445
-430.9176862535735	6.186635971564101
-425.2263838478159	11.877938377321698
-470.0958766154274	-32.99155439028982
-404.147934115221	32.95638810991659
-432.82482880614975	4.27949341898784
-438.2837587849265	-1.1794365597888827
-450.1200181812658	-13.015695956128184
-468.0286314253083	-30.924309200170683
-433.107604211624	3.9967180135136005
-410.044137285053	27.060184940084582
-450.3704724007314	-13.266150175593793
-438.70983518440903	-1.6055129592714366
-428.6420793903146	8.462242834822973
-430.43428258212793	6.670039643009659
-454.4154431187983	-17.3111208936607
-434.1218020662111	2.9825201589264907
-430.4041381006739	6.7001841244637035
-433.8638248781119	3.2404973470256664
-462.7266317352389	-25.62230951010133
-456.8706525692453	-19.7663303441077
-424.0223103856463	13.082011839491315
-428.24938850718013	8.854933717957465
-457.21212208849306	-20.107799863355467
-436.1267140461043	0.9776081790332682
-416.907051051958	20.197271173179615
-432.7418714578582	4.36245076727937
-419.3845034610333	17.719818764104275
-428.8774403265181	8.226881898619467
-399.77282843100534	37.33149379413226
-435.2949185756936	1.8094036494439933
-458.8169480909039	-21.712625865766313
-437.5612480505281	-0.4569258253904991
-448.72825858141573	-11.623936356278136
-434.8886111782542	2.2157110468833707
-465.8946185088337	-28.79029628369608
-429.64101458951177	7.463307635625824
-470.8746287370943	-33.77030651195673
-427.4096150977332	9.6947071274044
-456.63498034327336	-19.53065811813576
-448.4056193553172	-11.301297130179591
-457.09083659433804	-19.98651436920045
-450.79039860999023	-13.68607638485264
-436.37641467255	0.7279075525875669
-446.7054491969086	-9.60112697177101
-392.9972897182072	44.10703250693041
-432.95228739908475	4.152034826052841
-436.9572805880655	0.14704163707210682
-408.66469189093027	28.439630334207322
-445.1193282825027	-8.015006057365099
-429.91077294767297	7.193549277464626
-462.1671275564788	-25.062805331341224
-454.6034393475477	-17.499117122410098
-442.6805927822336	-5.576270557095995
-436.9820264219218	0.12229580321582034
-474.41257043199425	-37.30824820685666
-427.2167110166831	9.887611208454473
-416.5152540187612	20.589068206376396
-414.6986646349162	22.40565759022138
-459.28371919015467	-22.179396965017077
-440.49788260397895	-3.3935603788413573
-429.38936795421455	7.7149542709230445
-459.13840440924673	-22.03408218410914
-453.5723727118659	-16.468050486728316
-466.4458469579315	-29.341524732793914
-402.15213102491384	34.95219120022375
-462.5413666115403	-25.437044386402704
-458.4567201805969	-21.35239795545931
-443.33466645276917	-6.230344227631576
-417.308811157671	19.795511067466578
-445.92084515216106	-8.81652292702347
-423.84224007120633	13.26208215393126
-409.7995211919972	27.304801033140393
-446.51517084688226	-9.410848621744663
-421.7944292035447	15.30989302159287
-445.54263977466894	-8.438317549531348
-442.446663062545	-5.3423408374073915
-430.3170590537977	6.787263171339873
-443.9924450181045	-6.888122792966897
-457.41246749491825	-20.308145269780653
-427.408785773898	9.695536451239605
-424.02237930779506	13.08194291734253
-428.53716427599124	8.567157949146349
-392.7446011116756	44.359721113462
-437.30901020502483	-0.20468797988723963
-445.75580786004707	-8.651485634909477
-446.8979344449674	-9.79361221982981
-456.92911106367524	-19.824788838537643
-447.4203209438913	-10.31599871875369
-432.97758099610496	4.126741229032632
-426.6332415835261	10.47108064161148
-458.2129089490247	-21.10858672388713
-438.6783034015591	-1.573981176421512
-428.4835086067526	8.620813618385
-451.6418381776223	-14.537515952484682
-457.8127738620881	-20.708451636950485
-438.00326287341	-0.8989406482724007
-435.6988329518847	1.405489273252897
-457.14586000987606	-20.041537784738466
-445.92713084440607	-8.822808619268471
-424.70077310667534	12.403549118462251
-481.43323281156177	-44.32891058642417
-454.2323680207976	-17.12804579566
-439.47578621491834	-2.37146398978075
-440.2110282808337	-3.1067060556961223
-443.71436200388985	-6.6100397787522525
-456.7861179841768	-19.681795759039233
-408.42503996506844	28.679282260069158
-454.3909665421145	-17.28664431697689
-455.0894272871285	-17.985105061990907
-418.909579361198	18.19474286393961
-445.93272765649294	-8.82840543135535
-459.57207038386537	-22.467748158727773
-427.93913822137097	9.165184003766626
-408.61269995944735	28.49162226569024
-420.10913327803996	16.99518894709763
-460.1433916407316	-23.039069415593985
-423.8859518844022	13.218370340735419
-459.1943140434071	-22.089991818269482
-442.9436781246534	-5.839355899515795
-435.81526913655966	1.2890530885779299
-445.29026837576225	-8.185946150624659
-418.0907383793003	19.013583845837275
-450.1294604742927	-13.025138249155134
-475.47486772791876	-38.37054550278117
-398.9879050095535	38.11641721558408
-420.2120511836167	16.89227104152087
-421.54587398416174	15.55844824097585
-420.35365545891386	16.75066676622373
-441.6604351703338	-4.556112945196219
-440.72745710127333	-3.6231348761357367
-455.14577877104443	-18.04145654590684
-449.6579709678392	-12.553648742701625
-448.5494170234799	-11.445094798342325
-468.9874911110876	-31.88316888595
-481.1891190736699	-44.08479684853228
-425.9777625287154	11.126559696422191
-435.78824988885594	1.3160723362816498
-445.0936999769676	-7.989377751830034
-431.94216775255904	5.16215447257855
-417.8446406494679	19.259681575669674
-476.1087898118333	-39.00446758669568
-420.50127383536005	16.60304838977754
-478.6181565424979	-41.513834317360306
-434.12559034910214	2.9787318760354538
-437.66151052479677	-0.5571882996591739
-424.03801952514027	13.066302699997323
-458.2759053484972	-21.171583123359596
-440.10153676487084	-2.9972145397332497
-458.90516028721163	-21.800838062074035
-448.38745655380467	-11.283134328667074
-473.8025236593005	-36.69820143416291
-442.5626947032199	-5.45837247808231
-410.68840505851244	26.41591716662515
-424.79846599362486	12.305856231512735
-420.1504567228169	16.953865502320696
-425.7691637327282	11.335158492409391
-433.00788414247495	4.096438082662644
-405.17713285169725	31.927189373440342
-431.20590539136015	5.898416833777446
-444.0136459626576	-6.909323737520026
-437.98915199381577	-0.8848297686781734
-435.00806021645826	2.096262008679332
-433.6081216807563	3.4962005443812814
-454.8169031829368	-17.71258095779922
-435.32514544980063	1.779176775336964
-434.76258315174186	2.341739073395729
-427.9325226172425	9.171799607895082
-437.7445208045449	-0.6401985794072971
-414.819401432984	22.28492079215357
-410.96883636822736	26.135485856910236
-438.6168999750719	-1.5125777499342803
-464.99348163414675	-27.889159409009153
-425.20326274501554	11.901059480122058
-438.0439230737013	-0.939600848563714
-403.0151556694966	34.089166555640986
-415.9424910587461	21.161831166391494
-424.3984382573892	12.705883967748377
-466.32867952094807	-29.224357295810478
-433.4548122935432	3.649509931594366
-455.08012891554085	-17.97580669040326
-444.57862841441806	-7.474306189280469
-420.64562153719294	16.458700687944656
-453.0517641149547	-15.947441889817128
-412.9143063842405	24.190015840897104
-436.3877396939117	0.7165825312258676
-424.7604018883633	12.343920336774318
-427.738593979788	9.365728245349601
-473.1677051270001	-36.0633829018625
-420.59711587076004	16.50720635437756
-458.67425250569636	-21.569930280558765
-441.5450929113051	-4.440770686167525
-451.8612238939297	-14.756901668792125
-441.0513260702048	-3.947003845067229
-438.4248047206404	-1.3204824955028016
-437.89019178839794	-0.7858695632603485
-471.07984401168346	-33.97552178654587
-434.1076867945287	2.996635430608876
-456.0148142022865	-18.910491977148922
-427.53143017618845	9.572892048949143
-416.67315745067594	20.43116477446165
-450.2425626520328	-13.138240426895209
-479.5072236033068	-42.40290137816919
-432.3487026054265	4.755619619711069
-433.5536004623484	3.5507217627891805
-433.90475072131653	3.199571503821062
-403.54339646395806	33.56092576117953
-453.93825144299467	-16.833929217857076
-442.7003963592781	-5.596074134140508
-434.5037431700823	2.6005790550552774
-438.0328290880045	-0.9285068628669251
-443.24765550809957	-6.143333282961976
-431.77971560425635	5.324606620881241
-433.2222762126096	3.882046012528008
-454.25338450870754	-17.149062283569947
-429.2558891134015	7.848433111736085
-452.8500436000961	-15.74572137495852
-461.7057237530737	-24.601401527936105
-396.99945077823054	40.104871446907055
-433.0563216080102	4.0480006171274
-423.3048302099253	13.799492015212309
-424.69432367517425	12.409998549963348
-427.5938922828557	9.510429942281917
-452.80542294898464	-15.701100723847048
-453.25606417393124	-16.151741948793642
-443.38341027258707	-6.279088047449477
-414.8287535332986	22.275568691839
-440.62622762208616	-3.5219053969485685
-432.6393914499697	4.464930775167886
-437.035834999135	0.06848722600261681
-441.94444379069887	-4.840121565561276
-445.5180584789398	-8.413736253802199
-449.021438406917	-11.91711618177942
-406.4626241468852	30.641698078252375
-434.74655030044073	2.3577719246968627
-437.2333842675637	-0.1290620424260851
-430.21500572607897	6.889316499058623
-423.0431956134764	14.061126611661166
-445.55088843512044	-8.446566209982848
-430.8240296641218	6.280292561015813
-447.9708653801556	-10.866543155018007
-426.72193251575504	10.38238970938255
-428.65662705708223	8.447695168055361
-441.04080696199367	-3.936484736856073
-420.4541651858219	16.650157039315673
-426.81073885151113	10.293583373626461
-442.4852620121876	-5.380939787050011
-444.5808728540635	-7.4765506289259065
-404.5802518144394	32.52407041069819
-414.15469395231617	22.94962827282143
-464.72643267842636	-27.62211045328877
-460.75297773427724	-23.648655509139644
-459.5961015050909	-22.491779279953334
-454.1981616163014	-17.093839391163783
-434.2198465140448	2.8844757110928185
-447.93296922538707	-10.828647000249475
-472.97468292307735	-35.87036069793976
-436.1833385470293	0.920983678108314
-456.22177892439345	-19.117456699255854
-413.8132780956423	23.291044129495276
-420.60651148886814	16.497810736269457
-437.361329516096	-0.2570072909584269
-452.48263009709467	-15.378307871957077
-420.843760773618	16.260561451519607
-463.9941597511554	-26.8898375260178
-397.6838383122142	39.42048391292337
-449.5723056155168	-12.467983390379231
-468.2337218887899	-31.129399663652293
-418.82762407280666	18.276698152330937
-437.47944942296294	-0.37512719782534987
-415.2139718807505	21.890350344387116
-427.8319712765135	9.27235094862408
-454.66443929191723	-17.56011706677964
-437.60053336939586	-0.4962111442582682
-446.8571620532223	-9.752839828084689
-425.02456266886134	12.079759556276258
-414.88166663812285	22.222655587014742
-407.2197557167294	29.88456650840817
-440.7564017605239	-3.6520795353862923
-433.1104407463192	3.9938814788183663
-486.74721086428895	-49.64288863915135
-468.3198487192187	-31.215526494081132
-407.70975136569746	29.394570859440137
-460.8655194602818	-23.76119723514421
-412.339360588134	24.76496163700358
-443.63651011406023	-6.5321878889226355
-416.65946786029076	20.444854364846833
-420.0742164899041	17.03010573523352
-440.0079869698877	-2.903664744750131
-460.6392399464587	-23.534917721321108
-423.20629961618965	13.89802260894794
-436.6649122470028	0.43940997813479044
-416.37667574409556	20.72764648104203
-429.2704521926555	7.833870032482082
-437.5738809271627	-0.46955870202509686
-437.1870813420012	-0.08275911686359905
-436.8550856470158	0.24923657812178135
-409.3644823129782	27.73983991215937
-423.7541426098817	13.350179615255911
-441.5008864918111	-4.396564266673522
-410.32535084528195	26.778971379855648
-447.228580798974	-10.124258573836414
-443.18789252611737	-6.083570300979773
-451.7164105540635	-14.612088328925893
-464.13413810665065	-27.02981588151306
-438.08130155680396	-0.9769793316663709
-428.5384599545707	8.565862270566868
-474.91913701560975	-37.814814790472155
-413.42981119639285	23.674511028744746
-424.0510710245783	13.053251200559316
-405.1264370440824	31.97788518105517
-475.7701030398223	-38.665780814684695
-432.01943168750427	5.084890537633328
-449.7382897116679	-12.63396748653031
-439.75990154296437	-2.6555793178267777
-476.3797181497705	-39.2753959246329
-423.65284299538166	13.451479229755932
-468.0386127737495	-30.934290548611898
-407.57777460506463	29.52654762007296
-461.49054474446734	-24.38622251932975
-437.4021131250104	-0.29779089987277985
-440.41747364665775	-3.3131514215201605
-434.60190925478514	2.5024129703524522
-439.74979436175477	-2.6454721366171725
-429.4333053477951	7.671016877342481
-434.75127937876664	2.353042846370954
-448.41701904357456	-11.312696818436962
-442.68123123534883	-5.576909010211239
-457.5468032706324	-20.442481045494787
-472.17216856412983	-35.06784633899224
-426.76983098003825	10.334491245099343
-451.3435213103569	-14.239199085219298
-416.50319109704856	20.601131128089037
-415.962645548125	21.141676677012583
-408.46147791266253	28.642844312475063
-412.27840337339717	24.825918851740425
-424.61233411690614	12.491988108231453
-437.98882797071406	-0.8845057455764618
-465.76071783448265	-28.656395609345054
-480.29362772826266	-43.18930550312507
-485.28555837982844	-48.18123615469085
-453.1322092052344	-16.02788698009681
-436.4205105645435	0.6838116605940741
-445.19026543530913	-8.085943210171536
-423.0930625133535	14.011259711784078
-414.7106093956884	22.393712829449214
-420.90925371116305	16.195068513974547
-457.689163738067	-20.584841512929415
-425.0797518582169	12.02457036692067
-447.6415641344413	-10.537241909303702
-442.4437339843337	-5.339411759196082
-430.74420323044455	6.360118994693039
-446.60918854900797	-9.504866323870374
-434.2873998835478	2.816922341589816
-435.1723119077999	1.9320103173376992
-419.35379039469103	17.750531830446562
-421.68176884997797	15.422553375159623
-449.87525875481356	-12.770936529675964
-460.9761278931312	-23.871805667993613
-450.9207751587294	-13.81645293359179
-427.98940995745056	9.114912267687032
-442.78074835787106	-5.676426132733468
-431.69940134925696	5.404920875880634
-462.7656324373295	-25.661310212191893
-457.5677418462203	-20.46341962108272
-437.92729765312674	-0.8229754279891495
-428.7947779161534	8.309544308984187
-453.25086947777004	-16.146547252632445
-452.59241740730636	-15.488095182168763
-459.828090178655	-22.72376795351738
-454.97862090239346	-17.874298677255865
-436.32370436275073	0.7806178623868618
-438.7993432177375	-1.6950209925998934
-450.13051638207094	-13.026194156933343
-463.61067817356366	-26.506355948426062
-440.7103833165804	-3.6060610914428253
-422.1134404978568	14.990881727280794
-417.19853332501066	19.905788900126936
-417.0404278698463	20.063894355291268
-443.2116503603668	-6.1073281352291815
-401.79024854257864	35.314073682558956
-416.60893434858576	20.49538787655183
-420.3936123955266	16.710709829611005
-448.1593319579172	-11.055009732779581
-443.0915071706024	-5.987184945464833
-406.79884833245	30.305473892687587
-454.8273074642841	-17.72298523914651
-439.0320928866188	-1.9277706614811905
-442.1394934235925	-5.035171198454918
-456.6389345249538	-19.534612299816217
-463.5024810326197	-26.398158807482105
-440.63921247715757	-3.534890252019977
-446.15056653503257	-9.046244309894973
-399.88317657514403	37.22114564999356
-419.95321426388386	17.15110796125373
-455.32292947122755	-18.21860724608996
-414.9519246737966	22.152397551340982
-420.04755788059833	17.05676434453926
-451.304294969121	-14.19997274398338
-465.7641507977298	-28.659828572592232
-433.8840828171435	3.220239407994086
-418.68842159725887	18.415900627878727
-445.0739746507809	-7.9696524256432895
-429.5754216241387	7.528900600998895
-447.2906531984538	-10.186330973316217
-444.8375933715927	-7.733271146455081
-434.6044994876049	2.499822737532668
-408.3942873995604	28.710034825577168
-425.9916159078623	11.112706317275297
-407.47585104800805	29.62847117712954
-465.33356427545937	-28.229242050321773
-453.7468795438092	-16.642557318671606
-466.15088915599904	-29.046566930861445
-435.90669287813057	1.1976293470070232
-430.62542460415557	6.478897620982025
-455.7970933224917	-18.692771097354125
-462.8848135842329	-25.780491359095322
-450.2385644327062	-13.134242207568604
-415.08023011858154	22.024092106556054
-448.9382962189177	-11.833973993780091
-456.7530752868827	-19.648753061745083
-427.3585454439947	9.745776781142922
-432.1301356898532	4.974186535284389
-466.5114437368959	-29.407121511758305
-432.2676228273979	4.8366993977397215
-453.8191564276551	-16.714834202517522
-451.1327168380287	-14.028394612891134
-460.88543312739625	-23.78111090225866
-415.3085762912435	21.795745933894068
-433.247559307076	3.856762918061577
-437.47364331225094	-0.36932108711334877
-454.87937148973856	-17.775049264600966
-437.6494129033438	-0.5450906782061793
-430.0996591601199	7.004663065017667
-439.1284077234361	-2.0240854982985184
-438.6856181758251	-1.5812959506874904
-405.95841036322804	31.145911861909553
-401.97923096728323	35.125091257854365
-411.5660926299372	25.53822959520039
-455.8390336428622	-18.73471141772461
-454.25395436231906	-17.14963213718147
-436.00650558028997	1.0978166448476259
-478.79357289184395	-41.68925066670636
-446.9416647891542	-9.83734256401658
-413.9583867393578	23.145935485779773
-438.7429573412139	-1.6386351160763297
-458.9754365589963	-21.871114333858714
-426.25550728977237	10.848814935365226
-419.5175089433526	17.586813281785
-429.8355442861705	7.268777938967105
-454.75238260631727	-17.648060381179675
-441.4672297215059	-4.36290749636828
-412.94800440736276	24.156317817774834
-453.3447290686802	-16.240406843542587
-490.6115443101064	-53.50722208496882
-424.1840253711182	12.920296854019398
-450.3753308033831	-13.271008578245528
-452.8975847436143	-15.793262518476695
-415.26236313178947	21.841959093348123
-433.9810994746133	3.1232227505242918
-435.76193443548095	1.342387789656641
-470.2660862360992	-33.16176401096163
-451.8317613562597	-14.727439131122082
-450.91303127840206	-13.808709053264465
-413.8199695465066	23.284352678630967
-406.2173362425731	30.88698598256451
-457.44149536114696	-20.33717313600937
-412.1254822909161	24.97883993422147
-426.12097324261254	10.983348982525058
-428.0199349402012	9.084387284936383
-454.23465721584785	-17.130334990710253
-394.3462409411352	42.7580812840024
-445.41676757757364	-8.312445352436043
-437.88598070057037	-0.7816584754327778
-451.43712587432515	-14.332803649187554
-434.3642622494283	2.7400599757093005
-420.62053142996433	16.483790795173263
-407.76178289329096	29.342539331846638
-441.7327380761765	-4.628415851038881
-411.9176222396693	25.186699985468294
-468.6356715492641	-31.531349324126495
-454.38302757543556	-17.27870535029797
-424.55152775416195	12.552794470975641
-441.6094902440002	-4.505168018862605
-429.05689925664615	8.047422968491446
-411.35421984935806	25.750102375779534
-432.4584201462187	4.64590207891888
-391.8941021205303	45.21022010460729
-425.904105486514	11.200216738623567
-388.24601723375076	48.85830499138683
-441.38185147640456	-4.277529251266969
-448.96602629848917	-11.861704073351575
-434.19137167551366	2.912950549623929
-436.1133231521146	0.9909990730229765
-440.63538988015193	-3.53106765501434
-424.01709537451666	13.087226850620937
-453.53411518676717	-16.429792961629573
-467.65756668877134	-30.553244463633746
-435.80447082791056	1.2998513972270302
-441.55698713298466	-4.4526649078470655
-415.6407624545011	21.463559770636493
-463.80064496242835	-26.696322737290757
-436.3887338750267	0.7155883501109201
-467.0945816645601	-29.990259439422516
-446.72488576487217	-9.620563539734576
-454.9449522888374	-17.84063006369979
-402.2936185313067	34.810703693830874
-433.8770948130607	3.2272274120769
-456.1941686581033	-19.089846432965714
-476.2111917206405	-39.106869495502906
-441.5204115485742	-4.4160893234366085
-425.85346324525585	11.250858979881741
-447.97609395698805	-10.871771731850458
-429.23319105849646	7.871131166641135
-434.0139020699919	3.0904201551456936
-469.8676034137518	-32.7632811886142
-427.03824193073365	10.066080294403946
-417.7538954247341	19.35042680040351
-456.7308894506043	-19.626567225466715
-436.69076149342277	0.4135607317148242
-444.0628035415632	-6.958481316425605
-447.2638482029636	-10.159525977825979
-470.55016031842956	-33.44583809329197
-432.9806896024877	4.123632622649893
-426.1481707390251	10.956151486112503
-466.1278461796667	-29.023523954529082
-431.51593072956007	5.588391495577525
-433.6010967988025	3.5032254263351206
-457.6207027647381	-20.516380539600505
-431.74111760368964	5.363204621447949
-429.8356726775148	7.268649547622772
-451.1485969977132	-14.04427477257559
-449.4005547597101	-12.296232534572482
-475.0933790332549	-37.98905680811731
-440.2605656611761	-3.156243436038494
-479.66833334042735	-42.56401111528976
-459.06949989426926	-21.965177669131663
-406.3793364162468	30.72498580889078
-420.96208845142087	16.142233773716725
-426.7172260653954	10.387096159742214
-434.4658254242879	2.63849680084968
-465.0343450356943	-27.930022810556693
-412.1294591533863	24.974863071751315
-408.4939295574061	28.610392667731503
-420.7691542957821	16.33516792935552
-434.0918617858463	3.012460439291317
-436.57594518024985	0.5283770448877476
-443.83950646415747	-6.735184239019873
-466.91230224683227	-29.807980021694675
-405.5933268761057	31.510995349031873
-442.6851280208996	-5.580805795761989
-427.66241957813895	9.441902646998642
-435.1439197851198	1.9604024400177877
-439.375366356506	-2.2710441313683987
-430.13754445429936	6.966777770838235
-418.1529633405064	18.95135888463119
-440.2890578664285	-3.1847356412908994
-424.48192882082935	12.62239340430824
-446.0713504653161	-8.967028240178479
-454.4725042265984	-17.36818200146081
-434.59317036664856	2.511151858489029
-447.69095287325604	-10.586630648118444
-439.86972855056797	-2.7654063254303765
-440.09225775492655	-2.987935529788956
-435.50791050059183	1.59641172454576
-449.6453150197542	-12.540992794616614
-440.21420869355484	-3.109886468417244
-420.84289577704317	16.261426448094426
-426.03940990749675	11.064912317640847
-425.21127751099107	11.893044714146527
-431.46304052101027	5.641281704127323
-440.55053562792295	-3.446213402785361
-441.9436656953096	-4.839343470172025
-414.5834805152174	22.520841709920205
-440.94559927545765	-3.841277050320059
-498.1275104846775	-61.02318825953989
-425.8923404813597	11.21198174377787
-435.70869412866	1.3956280964775942
-438.31012194372875	-1.2057997185911518
-447.99238895903386	-10.888066733896267
-450.5011254603071	-13.3968032351695
-408.9587646261409	28.145557598996675
-438.66726248751206	-1.5629402623744681
-454.0421683615334	-16.93784613639582
-432.3245972807838	4.779724944353802
-460.4355534585395	-23.331231233401923
-432.2338879425572	4.870434282580391
-426.4608720537419	10.64345017139567
-402.7791086986456	34.32521352649201
-451.73327054329843	-14.628948318160838
-422.4138898814474	14.69043234369019
-432.74740224275433	4.3569199823832605
-439.42746844732596	-2.3231462221883703
-468.16633541767646	-31.06201319253887
-461.3311012827237	-24.2267790575861
-429.27291687871025	7.831405346427346
-427.850695314459	9.253626910678577
-453.68916738783287	-16.584845162695274
-415.6623323571605	21.4419898679771
-438.4277096873468	-1.3233874622092117
-405.4305598812555	31.673762343882117
-413.34268711369646	23.761635111441137
-469.04078115978905	-31.936458934651455
-438.12202575094693	-1.0177035258093383
-431.75016380021975	5.354158424917841
-425.0341813732141	12.070140851923497
-463.99356332921	-26.889241104072426
-423.41341820073126	13.690904024406336
-452.72455400929016	-15.620231784152566
-442.80340881900906	-5.6990865938714705
-411.78263288426956	25.321689340868033
-410.48249298414726	26.621829240990337
-463.8148237021435	-26.71050147700589
-423.77524210543766	13.329080119699938
-435.3809493457286	1.7233728794089984
-418.2437386553704	18.860583569767186
-446.9188179887917	-9.814495763654122
-456.7151766761874	-19.610854451049818
-422.559846898823	14.544475326314569
-429.33772442468603	7.766597800451564
-452.8323081825131	-15.727985957375495
-417.2183077084394	19.886014516698197
-456.72803982200844	-19.623717596870847
-429.9732286646524	7.131093560485169
-450.040344220781	-12.936021995643387
-428.6933138271181	8.411008398019476
-437.95114653207406	-0.8468243069364689
-460.5742831459413	-23.469960920803715
-453.4589828034716	-16.354660578334006
-458.02352962298596	-20.919207397848368
-426.8622046808507	10.242117544286884
-430.67393320707765	6.430389018059941
-430.99283695316103	6.111485271976562
-446.04457340924114	-8.940251184103545
-437.85644610373697	-0.7521238785993773
-445.9706044792749	-8.866282254137332
-432.30491224605635	4.799409979081247
-401.3380071324266	35.76631509271101
-415.39649406793455	21.70782815720304
-428.1914266270089	8.91289559812867
-432.8679286206518	4.236393604485784
-430.7654550399659	6.338867185171694
-425.92457666931136	11.17974555582623
-434.29363620291974	2.810686022217851
-433.00907823043804	4.095243994699558
-415.6565906933886	21.447731531749014
-427.9619468484509	9.142375376686687
-426.0078048271155	11.096517398022115
-393.529361428102	43.5749607970356
-427.09565523335755	10.008666991780046
-449.29830335001157	-12.193981124873972
-412.7189306985731	24.38539152656449
-447.00963813880503	-9.905315913667437
-414.3067064044501	22.797615820687497
-414.5972579108113	22.50706431432627
-457.10356538663314	-19.999243161495542
-431.06618231699963	6.038139908137964
-453.75481110644455	-16.650488881306956
-430.6536787786374	6.45064344650018
-443.5303649025939	-6.42604267745628
-435.366178206654	1.738144018483581
-477.4077455745339	-40.303423349396326
-426.6069706807814	10.497351544356206
-439.99171606226287	-2.8873938371252734
-461.60536716190677	-24.501044936769176
-425.7449403034027	11.359381921734894
-435.90161012007434	1.2027121050632559
-439.553481916568	-2.4491596914303955
-445.60484592190755	-8.50052369676996
-440.5978516644302	-3.4935294392926153
-450.0498185642266	-12.945496339089004
-447.2084009415614	-10.104078716423828
-447.9826723871431	-10.878350162005518
-462.19843797210183	-25.094115746964235
-441.3560842601494	-4.2517620350117795
-458.1286719517868	-21.024349726649234
-448.3791737625054	-11.274851537367795
-449.54386889785224	-12.439546672714641
-440.80700418363836	-3.7026819585007615
-432.63652630949787	4.4677959156397264
-434.34480588186693	2.7595163432706613
-434.4350617799994	2.6692604451382067
-448.7973781481762	-11.693055923038628
-426.2314299375196	10.872892287618015
-433.9250606609478	3.179261564189801
-443.60515204263197	-6.5008298174943775
-447.27727185247045	-10.172949627332855
-448.11950892471054	-11.01518669957295
-404.32136904470667	32.78295318043092
-429.0126798390322	8.091642386105377
-450.0473339703078	-12.943011745170224
-441.72922842096	-4.624906195822405
-431.93750430747446	5.166817917663138
-439.10895523832573	-2.0046330131881405
-456.39106281851696	-19.286740593379363
-418.86134425203477	18.242977973102825
-435.38483812758045	1.7194840975571424
-433.2987524076509	3.8055698174866848
-437.06793769561614	0.03638452952145599
-476.7689209907169	-39.664598765579285
-431.21868374788596	5.885638477251632
-451.6852054431713	-14.580883218033705
-426.13192709016425	10.97239513497334
-444.19426185246834	-7.08993962733075
-420.0332018621468	17.07112036299077
-439.377694240093	-2.2733720149553847
-455.536943870384	-18.4326216452464
-468.4181890888342	-31.313866863696603
-448.3493531663464	-11.245030941208825
-480.73075113229265	-43.62642890715506
-428.7609946258219	8.343327599315671
-459.6114292282348	-22.50710700309719
-424.54875552830913	12.555566696828464
-446.08627936615653	-8.981957141018938
-431.912833991277	5.191488233860582
-429.8609663786103	7.243355846527265
-448.1680548260249	-11.063732600887306
-413.73794016415764	23.36638206097996
-420.8339256963138	16.270396528823767
-439.2429441613988	-2.1386219362611882
-453.3084463173784	-16.204124092240818
-417.25164457467895	19.852677650458645
-436.58033194173754	0.5239902834000532
-429.0554202384576	8.048901986679994
-437.0603561699884	0.04396605514921248
-443.83167125897876	-6.727349033841165
-464.6770736529054	-27.5727514277678
-424.51979984653576	12.584522378601832
-441.8595557402498	-4.755233515112195
-418.8541822882164	18.250139936921187
-432.66691105776977	4.437411167367827
-456.7758587681949	-19.6715365430573
-431.2807797342741	5.823542490863474
-492.06548704043075	-54.96116481529316
-448.92339321009626	-11.819070984958671
-417.7213304504023	19.382991774735274
-430.254246299379	6.850075925758574
-456.409221629807	-19.304899404669413
-419.0546528648322	18.049669360305415
-409.50826842910305	27.59605379603454
-436.90024098002164	0.20408124511595815
-463.39615129445724	-26.291829069319647
-421.76495549969536	15.339366725442233
-466.74710233601786	-29.642780110880267
-474.3103240276016	-37.206001802464016
-451.87821021218247	-14.773887987044873
-431.22790581071445	5.876416414423147
-467.73928048495713	-30.63495825981954
-480.19327513986195	-43.08895291472436
-450.7308520677818	-13.626529842644231
-425.0936594165016	12.01066280863597
-405.9401235599564	31.164198665181175
-449.2224244537267	-12.118102228589123
-427.9210210774529	9.183301147684688
-471.28824540849587	-34.183923183358274
-415.5969090025667	21.507413222570904
-454.97977127523905	-17.87544905010145
-425.1166405693132	11.987681655824417
-429.71047327489055	7.3938489502470475
-446.27413926924623	-9.16981704410864
-469.4811271397541	-32.376804914616514
-416.72143828771937	20.382883937418228
-425.6153291326975	11.488993092440069
-472.0291296380367	-34.9248074128991
-443.75006923774185	-6.645747012604261
-442.20454891938994	-5.100226694252342
-419.8353069245843	17.269015300553292
-460.3353177849697	-23.23099555983208
-460.8123965740581	-23.70807434892049
-450.80077049673696	-13.696448271599365
-418.4611112310288	18.643210994108813
-452.7143983027984	-15.610076077660779
-438.20118799423494	-1.0968657690973487
-432.381069091751	4.723253133386606
-432.8038832191289	4.3004390060086735
-431.48870022166216	5.615622003475437
-416.1344322324642	20.969889992673416
-439.18669319914466	-2.0823709740070626
-412.1080841258138	24.99623809932382
-441.54656052090854	-4.442238295770949
-464.76874739661275	-27.66442517147516
-459.73017281007765	-22.625850584940054
-442.73100831122997	-5.626686086092377
-426.8177061827648	10.28661604237277
-446.16206322859784	-9.05774100346025
-428.91715652928383	8.187165695853764
-457.00596462489034	-19.901642399752745
-446.565976528733	-9.461654303595424
-452.92876814761826	-15.824445922480663
-458.54257992738553	-21.438257702247938
-449.0411969767795	-11.93687475164188
-420.1926931086548	16.9116291164828
-425.36041193728147	11.743910287856124
-450.86596736901834	-13.761645143880742
-441.10293896157805	-3.9986167364404537
-430.52669899086163	6.577623234275961
-431.2640539344777	5.840268290659878
-454.21826237776827	-17.113940152630676
-442.9662201277299	-5.861897902592318
-423.4035536577196	13.700768567417981
-419.52158535247713	17.582736872660462
-429.9376616685679	7.1666605565696955
-442.72224875614324	-5.617926531005651
-429.2162854735127	7.888036751624895
-467.2286118897521	-30.12428966461448
-441.67932652209697	-4.575004296959378
-418.95201923519767	18.152302989939926
-415.845781162285	21.2585410628526
-421.5496913865702	15.554630838567391
-449.9729039684373	-12.868581743299728
-443.4303699159557	-6.326047690818086
-436.0945633831054	1.00975884203217
-425.44060502377965	11.66371720135794
-462.07457678799096	-24.97025456285337
-462.58867490797115	-25.48435268283356
-425.26954416152716	11.834778063610429
-449.99825082389566	-12.893928598758066
-413.6114290073658	23.49289321777178
-468.49803703161	-31.393714806472417
-438.8134001246856	-1.7090778995479923
-434.405338800678	2.698983424459584
-443.0132794839067	-5.908957258769078
-423.6438304736714	13.46049175146618
-445.5173950939409	-8.413072868803283
-471.90753981475996	-34.80321758962236
-444.3564183126348	-7.252096087497193
-453.82037804047854	-16.71605581534095
-443.4594886991747	-6.355166474037105
-414.39746285834394	22.70685936679365
-435.66796950602134	1.4363527191162575
-441.68240563422137	-4.578083409083774
-490.26576679641425	-53.16144457127666
-416.15171155044504	20.95261067469255
-429.5019050119356	7.6024172132019885
-480.82875154617636	-43.72442932103877
-449.5916927470155	-12.487370521877892
-415.3684676953619	21.73585452977568
-431.62223923313127	5.482082992006326
-441.7779674905089	-4.673645265371306
-454.2233456077722	-17.119023382634623
-432.310934824249	4.793387400888605
-423.3061859478969	13.798136277240701
-427.69479788964077	9.409524335496826
-448.973053969434	-11.868731744296383
-432.3625177739216	4.741804451216012
-429.1460073523542	7.958314872783376
-460.79347477514807	-23.689152550010476
-430.4889109597045	6.6154112654330675
-438.6964858969643	-1.592163671826711
-436.785397526741	0.3189246983965859
-421.8453485963603	15.258973628777312
-434.2961473836533	2.8081748414842878
-439.17641099192247	-2.072088766784873
-414.924867192449	22.179455032688566
-462.21423571590844	-25.10991349077085
-420.6200614962056	16.484260728931986
-429.7331859141034	7.371136311034206
-418.3129188398509	18.791403385286685
-431.6088920310342	5.495430194103392
-474.86670594003795	-37.76238371490035
-448.6189022032106	-11.514579978073016
-415.1386501009895	21.965672124148114
-470.990142768793	-33.88582054365543
-436.1051613777438	0.9991608473937958
-431.52260805557876	5.581714169558836
-420.5284192966267	16.575902928510914
-400.04219493571713	37.06212728942046
-420.0949135671747	17.009408657962922
-431.38959512329006	5.714727101847529
-414.6108151089777	22.49350711615989
-416.1447344552346	20.95958776990301
-429.3504070914262	7.753915133711416
-368.5221985243463	68.58212370079127
-457.7253854280482	-20.62106320291059
-413.2227188526215	23.88160337251611
-452.0860679007221	-14.981745675584534
-418.81625277228	18.2880694528576
-412.2364249006116	24.867897324525984
-423.3686479707451	13.735674254392507
-459.9954081496019	-22.891085924464278
-456.84459242357684	-19.740270198439248
-425.2933258706091	11.81099635452847
-432.0053305102249	5.0989917149126995
-451.4175962941574	-14.313274069019826
-443.3159318440505	-6.211609618912917
-435.7749971044743	1.3293251206632704
-417.55879015032247	19.545532074815128
-430.5012764472833	6.603045777854277
-429.3785779485099	7.725744276627665
-467.82701908994045	-30.722696864802856
-435.1134897642971	1.9908324608404655
-444.7006821900052	-7.596359964867588
-399.6148751981293	37.48944702700828
-431.1746068809209	5.929715344216675
-453.2678927765721	-16.163570551434532
-442.17480328136867	-5.070481056231074
-471.61887893225344	-34.514556707115844
-411.21548516849566	25.888837056641933
-446.9627319449703	-9.858409719832707
-429.3120691326242	7.79225309251342
-442.6211848408477	-5.516862615710124
-438.9872878918743	-1.882965666736709
-434.0933409640186	3.0109812611190137
-449.86871305345835	-12.764390828320757
-410.1189705577474	26.985351667390205
-398.6579250041307	38.44639722100692
-497.10443457258793	-60.00011234745034
-433.29652238441327	3.8077998407243285
-442.93508199642224	-5.830759771284647
-439.9588183364451	-2.854496111307526
-414.50712494981985	22.59719727531774
-452.51148348399715	-15.40716125885956
-430.4222530833124	6.682069141825195
-446.73395019416625	-9.629627969028661
-478.9181718905659	-41.81384966542828
-407.5589051837071	29.545417041430483
-432.384628994527	4.719693230610574
-434.07746087057444	3.0268613545631524
-434.67736955757414	2.426952667563455
-432.7621894471142	4.34213277802337
-416.026880915588	21.077441309549613
-409.8876381221255	27.216684103012085
-458.8254040995	-21.721081874362426
-480.8002825221249	-43.69596029698732
-423.13374555191535	13.97057667322224
-475.3566278521814	-38.252305627043825
-444.77388296368576	-7.669560738548171
-428.8884307252795	8.215891499858117
-406.0291472152369	31.075175009900704
-458.0874142600717	-20.98309203493409
-461.57829078338386	-24.47396855824627
-427.9489190203806	9.155403204757022
-466.7902950320188	-29.685972806881182
-429.505635455271	7.598686769866617
-441.77777685925525	-4.673454634117661
-442.2961652869037	-5.1918430617661215
-432.45534449512184	4.648977730015758
-441.75459885782607	-4.650276632688474
-425.55528836408325	11.54903386105434
-433.30671210097194	3.797610124165658
-416.40762048816237	20.69670173697523
-463.624546002937	-26.5202237777994
-441.05721722408475	-3.9528949989471585
-424.5686836137522	12.535638611385366
-447.3033492206507	-10.199026995513123
-521.0768600368376	-83.97253781170002
-416.6756309872346	20.428691237902967
-425.16764390496814	11.936678320169449
-480.0935384317038	-42.9892162065662
-435.1496457935921	1.954676431545522
-459.17143643955046	-22.067114214412868
-440.56800692050297	-3.463684695365373
-456.86726599366216	-19.762943768524565
-429.58170882125546	7.522613403882133
-410.1853586007985	26.918963624339085
-418.00608955587654	19.09823266926105
-430.43398482703765	6.670337398099946
-417.507523141094	19.596799084043596
-439.0538081292964	-1.9494859041587915
-441.07901727037665	-3.9746950452390593
-449.4040889027731	-12.299766677635489
-459.7323626033815	-22.628040378243895
-417.82557079011735	19.27875143502024
-448.22408429450866	-11.119762069371063
-430.4508198483875	6.653502376750112
-426.79193378340847	10.312388441729126
-439.40818731910827	-2.3038650939706713
-446.491441490469	-9.387119265331421
-421.34250681447725	15.761815410660347
-425.02323598498174	12.081086240155855
-430.3066120447968	6.7977101803408
-423.1128054840576	13.991516741079977
-459.1566040311793	-22.05228180604172
-398.4144285604036	38.68989366473397
-416.9670888829189	20.13723334221868
-456.6289699612446	-19.524647736107
-463.23982078994436	-26.135498564806767
-402.0203729307598	35.08394929437782
-446.8098984276205	-9.705576202482916
-417.52728295406837	19.577039271069225
-429.63687708338534	7.4674451417522505
-418.90965427052856	18.19466795460903
-415.579166371803	21.52515585333458
-429.07276950193614	8.031552723201457
-453.1326228366145	-16.02830061147688
-429.46113327115586	7.643188953981735
-434.179364231901	2.924957993236603
-430.24390759658695	6.860414628550643
-458.93732374323577	-21.833001518098172
-457.15105554856405	-20.04673332342645
-450.3623586017259	-13.25803637658828
-420.32857117245135	16.775751052686246
-474.65279232660237	-37.54847010146477
-405.328052106159	31.776270118978573
-441.7679393203782	-4.663617095240625
-423.7787861909512	13.32553603418637
-458.28470934315396	-21.18038711801637
-439.1935410315839	-2.089218806446297
-428.42041771852223	8.683904506615363
-449.80864050963123	-12.704318284493638
-431.4037355378589	5.700586687278701
-424.28286040785883	12.82146181727876
-441.437454537858	-4.333132312720409
-427.6294089938367	9.474913231300889
-426.515059265794	10.589262959343614
-447.3753387987292	-10.271016573591623
-408.42795458339083	28.676367641746765
-432.07118064888914	5.033141576248454
-425.75332336604174	11.350998859095853
-428.58476121335684	8.519561011780752
-450.21421684323855	-13.109894618100952
-445.1156958115955	-8.011373586457921
-448.5422557232289	-11.437933498091297
-442.3302321577705	-5.225909932632931
-417.28300369794874	19.82131852718885
-460.61817238307253	-23.51385015793494
-438.2424032389447	-1.1380810138070956
-428.3771140392548	8.727208185882773
-469.4663693813984	-32.362047156260815
-442.7555653545917	-5.6512431294540875
-429.1554058938839	7.948916331253713
-447.8294727633386	-10.725150538200978
-451.0441522241074	-13.939829998969799
-428.42154454543765	8.682777679699939
-445.0290874849509	-7.9247652598132845
-444.3858423761178	-7.281520150980214
-476.1600107561301	-39.055688530992484
-430.02620697378575	7.078115251351846
-467.0849346274538	-29.980612402316183
-457.5257710426142	-20.42144881747663
-434.95977617624726	2.1445460488903336
-461.71724842831304	-24.612926203175448
-452.16558179654226	-15.061259571404662
-458.25911835181455	-21.154796126676956
-414.82967420602495	22.274648019112647
-413.6876890283804	23.416633196757175
-436.00395071604567	1.1003715090919286
-460.4173677565325	-23.31304553139489
-429.3056122172186	7.798710007918999
-469.9153667642006	-32.811044539063005
-459.7544679838959	-22.6501457587583
-452.80478141831395	-15.700459193176357
-433.3289487330678	3.7753734920697752
-417.0913110338645	20.013011191273108
-436.7386240776307	0.36569814750691876
-451.16727500815455	-14.062952783016954
-447.35575845679546	-10.251436231657863
-430.22284741754106	6.881474807596533
-424.27697676640514	12.827345458732452
-418.05257361812096	19.051748607016634
-436.46223930449037	0.6420829206472263
-421.7909001002756	15.313422124861972
-415.8023021364554	21.302020088682184
-413.46687102706915	23.637451198068447
-440.3452509841211	-3.2409287589835003
-444.49848008137474	-7.394157856237143
-441.2962817347345	-4.191959509596927
-435.51704120157797	1.5872810235596262
-406.03562506610456	31.068697159033036
-440.82607838469835	-3.721756159560755
-420.8408957025588	16.26342652257881
-446.4644619460653	-9.360139720927691
-445.45892325674345	-8.354601031605853
-445.5503596221008	-8.44603739696322
-474.9381889603594	-37.83386673522182
-448.38243501382226	-11.278112788684666
-435.42019075727717	1.684131467860425
-439.09461775153454	-1.9902955263969488
-466.04363969887186	-28.939317473734263
-417.16983971950526	19.93448250563233
-421.5374877522902	15.566834472847404
-442.6393319893889	-5.535009764251299
-425.64437013444535	11.45995209069224
-445.96045555417936	-8.856133329041768
-419.8910895712818	17.213232653855812
-436.2015111469866	0.9028110781509895
-471.2010812701976	-34.096759045060026
-400.9752127923332	36.1291094328044
-395.0062424366681	42.09807978846948
-428.3078598134946	8.796462411643006
-432.0050612704856	5.099260954651982
-413.99596220434455	23.108360020793043
-436.1689916759699	0.935330549167702
-442.9049559767502	-5.800633751612622
-430.0046884857786	7.099633739358978
-423.5296415391115	13.574680686026113
-476.77459238558936	-39.670270160451764
-422.6440713644463	14.460250860691303
-470.62190204339845	-33.517579818260856
-435.5809097523072	1.5234124728303868
-440.97600511338374	-3.8716828882461414
-455.3529992285387	-18.2486770034011
-423.61766185951114	13.486660365626449
-448.90125015781655	-11.796927932678955
-403.62940573601213	33.47491648912546
-430.6286095636226	6.47571266151499
-432.0169542501592	5.087367974978406
-416.3477149772136	20.756607247923966
-422.1398978051059	14.964424420031719
-463.9548129725065	-26.850490747368895
-445.1923747786698	-8.08805255353218
-454.17231752236535	-17.067995297227753
-432.37168384755773	4.73263837757986
-433.9465394217898	3.1577828033478
-458.43398111324336	-21.32965888810577
-391.6633176141679	45.441004610969685
-449.0466515127539	-11.942329287616303
-448.5070112178421	-11.402688992704498
-447.85618163664753	-10.75185941150994
-406.87731902082146	30.227003204316134
-447.52181181808396	-10.417489592946367
-431.1982488363194	5.906073388818186
-440.99838189619754	-3.8940596710599493
-438.8432298382306	-1.7389076130930334
-438.1235543416026	-1.0192321164649911
-435.2684113187918	1.8359109063458163
-434.3859184496016	2.7184037755359896
-410.5888758582207	26.515446366916876
-448.5614078744168	-11.457085649279179
-437.463681932006	-0.35935970686841756
-434.2045917163107	2.899730508826906
-449.236667153795	-12.132344928657403
-437.77662047641047	-0.6722982512728777
-396.0446206982508	41.05970152688678
-400.5093368587461	36.594985366391484
-446.39652744455657	-9.292205219418975
-404.22978256199553	32.87453966314206
-431.89636761286806	5.207954612269532
-452.04243251182766	-14.938110286690062
-426.6778811628376	10.4264410623
-412.0902093749812	25.01411285015638
-449.5838522362667	-12.4795300111291
-419.547731604913	17.556590620224597
-428.0933493206596	9.010972904477967
-434.4283609275792	2.6759612975583877
-467.563622933076	-30.459300707938382
-427.23831551244643	9.86600671269116
-465.42383648125383	-28.319514256116236
-453.30199394426586	-16.197671719128266
-462.1758684436702	-25.071546218532603
-430.24784498404756	6.856477241090033
-417.12941608149254	19.974906143645057
-438.1844467601534	-1.0801245350157842
-416.3209352449833	20.78338698015432
-455.283197059229	-18.178874834091403
-414.1893286426114	22.914993582526222
-433.82295135957816	3.2813708655594382
-413.1505243762424	23.953797848895192
-443.3660715040371	-6.261749278899515
-430.9935158291685	6.110806395969121
-441.8982873622938	-4.793965137156192
-440.1398529535129	-3.0355307283753064
-451.8606676240945	-14.75634539895691
-418.2013423443043	18.9029798808333
-415.3627042024366	21.741618022701005
-416.23106726234823	20.87325496278936
-420.74391010315435	16.360412121983245
-446.51612965424124	-9.411807429103646
-425.1497091278927	11.954613097244874
-396.6268338677676	40.47748835737002
-425.19443300278203	11.90988922235556
-439.1837036388954	-2.079381413757801
-435.5144650654895	1.5898571596480906
-419.38164314591836	17.722679079219233
-430.4495627084309	6.65475951670669
-431.2960390807914	5.8082831443462055
-452.5594964147806	-15.455174189643003
-461.09561891870385	-23.991296693566255
-447.2500072346795	-10.145685009541921
-475.2539908929523	-38.149668667814694
-446.3736017267131	-9.269279501575511
-448.9624615146515	-11.858139289513929
-433.90724488608817	3.1970773390494287
-436.62715779185805	0.4771644332795404
-462.7595411129498	-25.655218887812225
-460.0421875526574	-22.93786532751983
-434.4206010534747	2.68372117166291
-452.18459995634316	-15.08027773120557
-443.5485207740478	-6.444198548910208
-427.95256350389377	9.151758721243823
-447.87793948448075	-10.773617259343155
-440.5015949951978	-3.3972727700602263
-426.13817315422625	10.966149070911342
-424.83238436743545	12.271937857702142
-435.6784347262203	1.425887498917291
-442.70061317943896	-5.596290954301367
-414.9813103912659	22.123011833871715
-448.18639628564983	-11.082074060512241
-430.9114393470429	6.192882878094679
-443.922884763326	-6.8185625381884165
-417.1630840696655	19.941238155472092
-458.7040338215795	-21.59971159644192
-437.0464317200442	0.05789050509338267
-435.8113807665852	1.2929414585523773
-439.1205139610304	-2.0161917358927894
-448.81120196979305	-11.706879744655453
-438.27463681878567	-1.1703145936480723
-439.9670638785958	-2.8627416534582153
-415.25153704021636	21.85278518492123
-451.4149215986165	-14.310599373478908
-433.322452640414	3.7818695847236086
-428.1146655066025	8.989656718535116
-420.11963096073873	16.98469126439886
-410.90244910108436	26.201873124053236
-457.78637112175625	-20.682048896618653
-432.67148871523955	4.432833509898046
-451.62716562902483	-14.522843403887236
-428.6094901977542	8.494832027383382
-444.30670538599065	-7.20238316085306
-409.5787303785821	27.52559184655547
-423.0995187389692	14.004803486168385
-469.0524642900475	-31.948142064909916
-417.4393146625573	19.665007562580286
-414.8398021400701	22.26452008506749
-416.70665653232413	20.39766569281346
-413.6369151671736	23.46740705796401
-438.0792008296323	-0.9748786044947337
-443.72709772874646	-6.622775503608864
-431.904549338846	5.199772886291612
-461.5337259861319	-24.42940376099432
-444.41874392451996	-7.314421699382365
-430.8502138673705	6.254108357767109
-429.98080707037866	7.123515154758934
-455.4844620730057	-18.380139847868122
-420.58352248785945	16.52079973727814
-453.48489660105247	-16.380574375914875
-414.4116419195691	22.6926803055685
-426.1044428184598	10.999879406677792
-454.3026098919129	-17.198287666775286
-428.6818607847001	8.422461440437473
-409.91935899427904	27.184963230858557
-420.44509983562443	16.65922238951316
-389.9129355885	47.19138663663762
-434.5507451250071	2.5535771001304965
-401.73294680163076	35.371375423506834
-424.26529303262055	12.839029192517046
-419.75385511328045	17.350467111857142
-433.9100799741775	3.1942422509600874
-439.2204003759746	-2.1160781508369837
-429.89739727778056	7.206924947357038
-450.5925223974539	-13.488200172316283
-428.0228083871391	9.0815138379985
-432.67484837778306	4.429473847354529
-426.94157240800837	10.162749817129225
-457.58221861329207	-20.477896388154477
-445.96575184465314	-8.861429619515548
-420.64423431461023	16.460087910527363
-452.30504961028623	-15.200727385148639
-446.50110024079027	-9.396778015652671
-452.639774386151	-15.535452161013382
-406.8598673913714	30.244454833766213
-444.152170838692	-7.047848613554379
-428.11739928239535	8.98692294274224
-391.21941919754886	45.884903027588734
-441.81879087111724	-4.71446864597965
-438.44872941564813	-1.3444071905105375
-451.6847912135329	-14.580468988395296
-477.717535114489	-40.613212889351416
-461.41825066887236	-24.313928443734767
-432.2486889458871	4.855633279250469
-443.1283258570095	-6.024003631871892
-433.7838308071571	3.32049141798052
-430.0077329183316	7.096589306805981
-464.0370817202695	-26.932759495131904
-428.9259088272722	8.17841339786537
-393.8500095463735	43.25431267876411
-417.85643143636685	19.247890788770746
-429.47909646372705	7.625225761410547
-463.3617142902715	-26.2573920651339
-437.0278424638293	0.07647976130829193
-460.9601578166096	-23.855835591471987
-445.6580253305931	-8.553703105455497
-406.5871923498255	30.517129875312094
-426.6560092676284	10.448312957509188
-470.1558297259819	-33.05150750084431
-458.0184158208633	-20.914093595725717
-436.6503016484114	0.45402057672617957
-405.21167637438907	31.892645850748522
-435.25396865261996	1.8503535725176334
-435.6919678272882	1.4123543978494126
-436.19031109718185	0.9140111279557459
-432.1322993267006	4.97202289843699
-433.24317741317486	3.861144811962731
-456.50610909860393	-19.401786873466335
-398.42126137078435	38.68306085435324
-456.51582863809585	-19.41150641295826
-463.26271271658175	-26.158390491444152
-436.81528245723734	0.289039767900249
-441.25875387793917	-4.154431652801577
-455.68724695400147	-18.582924728863873
-446.4205268582648	-9.3162046331272
-418.17094078196374	18.933381443173857
-447.0475859359924	-9.943263710854808
-450.6371507785718	-13.532828553434229
-424.1166453031094	12.987676922028186
-419.9500847720685	17.154237453069072
-432.4973346042591	4.606987620878499
-463.87138534781684	-26.767063122679247
-427.9754057384182	9.12891648671939
-394.0821686780457	43.022153547091875
-441.51800628340266	-4.413684058265062
-450.0627203622919	-12.95839813715429
-446.6679094016929	-9.563587176555302
-424.17522885611675	12.929093369020848
-403.4131568561627	33.69116536897491
-433.9802636590232	3.1240585661143996
-433.73196299361575	3.372359231521841
-441.6140079008967	-4.509685675759101
-431.8038981367047	5.300424088432919
-451.64601795255135	-14.541695727413753
-477.8486253699723	-40.7443031448347
-425.154148801774	11.950173423363594
-421.6368005163297	15.467521708807908
-448.03024867115005	-10.925926446012454
-409.6515244073146	27.45279781782301
-443.72384697849907	-6.619524753361475
-437.5833871637499	-0.4790649386122823
-424.48286282523463	12.62145939990296
-443.27371811950275	-6.169395894365152
-430.6203166484686	6.484005576669006
-432.6348373691055	4.469484856032068
-430.8885389264526	6.215783298684983
-433.5216325584536	3.5826896666840184
-412.1260022600093	24.97831996512832
-432.54041451744547	4.563907707692124
-423.44267887574665	13.661643349390943
-420.86251374155677	16.241808483580826
-438.8866379402373	-1.782315715099685
-457.4798671275405	-20.375544902402908
-448.2235652478323	-11.119243022694718
-413.63620193700467	23.468120288132923
-398.9341090709115	38.170213154226076
-445.3931489963345	-8.28882677119691
-412.13404741835825	24.970274806779344
-451.5447529180294	-14.440430692891823
-425.7357590719969	11.368563153140713
-391.6380270162392	45.46629520889837
-430.9062001666664	6.198122058471199
-456.1239378196681	-19.019615594530478
-425.64381986567446	11.460502359463135
-477.870782631848	-40.766460406710394
-480.8741189686027	-43.76979674346512
-446.74530846808034	-9.640986242942745
-461.94622854826434	-24.84190632312675
-457.75545646368687	-20.651134238549275
-462.32398977202524	-25.21966754688765
-454.126695899022	-17.02237367388443
-473.7813848999706	-36.677062674832996
-422.15983837929366	14.944483845843934
-422.24482652296706	14.859495702170534
-471.1853514130837	-34.081029187946115
-510.39467968482336	-73.29035745968577
-410.42810200380904	26.67622022132855
-447.30317138204396	-10.198849156906363
-451.18963995406216	-14.085317728924565
-415.02002992095936	22.084292304178234
-427.3688582082598	9.735464016877813
-416.9875310608388	20.116791164298775
-410.01567149830794	27.088650726829655
-464.4850141620757	-27.380691936938092
-448.2827314374647	-11.178409212327097
-449.0617037029208	-11.957381477783201
-444.7169143780395	-7.612592152901925
-443.6780120561218	-6.573689830984222
-451.239202197836	-14.1348799726984
-437.9919253364699	-0.8876031113322824
-496.1331026104656	-59.02878038532799
-451.1580965824453	-14.053774357307702
-448.8919914675555	-11.787669242417905
-413.1935013974928	23.910820827644784
-420.12536782872326	16.978954396414338
-443.654199048344	-6.549876823206432
-462.6834839890273	-25.579161763889715
-422.7391925788745	14.365129646263085
-433.63631820220894	3.4680040229286533
-405.57205866899153	31.532263556146063
-440.13924475644876	-3.0349225313111674
-406.7010114073548	30.403310817782767
-434.5153159582899	2.5890062668477185
-436.4115594153611	0.6927628097764682
-450.4871820013125	-13.382859776174882
-409.65767547877317	27.446646746364422
-453.15612574465035	-16.05180351951276
-406.2268130373179	30.87750918781967
-431.5471762437285	5.557145981409121
-437.38984679103874	-0.2855245659011416
-426.6871350493659	10.417187175771687
-448.05883173090683	-10.954509505769238
-476.90959882479206	-39.80527659965446
-428.7122442548482	8.392077970289392
-442.7580079289821	-5.6536857038445305
-439.35902922934315	-2.2547070042055566
-422.8608925516512	14.24342967348639
-453.27849381093097	-16.174171585793374
-423.10096952976005	14.003352695377544
-409.03945661166495	28.064865613472648
-444.38981386977525	-7.285491644637659
-447.6625733470339	-10.558251121896319
-449.3582463258847	-12.2539241007471
-416.8286471818194	20.275675043318188
-452.883238120083	-15.778915894945385
-467.873535444078	-30.769213218940422
-427.6048644327004	9.49945779243717
-442.7855296201217	-5.681207394984085
-432.49666290770097	4.607659317436628
-439.83060074847003	-2.7262785233324394
-410.4154313722013	26.68889085293631
-414.71864941939407	22.385672805743525
-452.6808315481378	-15.57650932300021
-438.5543871568136	-1.4500649316760246
-425.70055679460916	11.403765430528438
-424.90330856304195	12.201013662095647
-429.46780153202985	7.636520693107741
-450.4906170012166	-13.386294776079012
-428.4890127239544	8.61530950118322
-438.1847902700449	-1.0804680449073203
-420.77034738920906	16.33397483592853
-424.8774959260975	12.226826299040113
-440.2189516356359	-3.11462941049831
-445.39615716784306	-8.291834942705464
-467.18197280065783	-30.077650575520238
-441.63804672634274	-4.533724501205143
-433.73255396025183	3.371768264885759
-430.301029854387	6.803292370750569
-429.38379059434214	7.720531630795449
-423.04279076993976	14.061531455197837
-424.4436552704922	12.660666954645421
-443.24012287670325	-6.13580065156566
-406.06246914902863	31.041853076108964
-443.26226946486554	-6.157947239727946
-408.31842638888907	28.785895836248528
-415.6294029030744	21.474919322063215
-427.8133310178148	9.290991207322804
-410.2408387248199	26.86348350031767
-421.41271749298016	15.69160473215743
-451.0842709701012	-13.979948744963622
-460.1334645425288	-23.029142317391234
-417.55342452404716	19.550897701090435
-454.4780465035785	-17.373724278440932
-416.05056772484954	21.05375450028805
-417.2110771280916	19.89324509704602
-371.43497208825124	65.66935013688635
-465.05404047821344	-27.949718253075844
-453.14513570564145	-16.040813480503857
-423.82961159149113	13.274710633646464
-461.65100962108977	-24.546687395952176
-439.72299713375673	-2.618674908619141
-442.78862150062037	-5.684299275482772
-414.1269616223492	22.977360602788394
-471.93826692535936	-34.833944700221764
-437.7978269820944	-0.6935047569568269
-415.67259115090405	21.43173107423354
-445.23824094659926	-8.133918721461669
-403.58789131259823	33.51643091253936
-412.94362012816987	24.160702096967725
-439.00718414904827	-1.9028619239106774
-402.2592615305241	34.845060694613494
-425.74607379032227	11.358248434815323
-449.5943074971349	-12.489985271997284
-477.7098506788227	-40.60552845368511
-460.3869661263509	-23.282643901213305
-442.92673918004425	-5.822416954906657
-440.1764998356723	-3.072177610534709
-450.17994142765224	-13.075619202514645
-455.3393376875813	-18.235015462443698
-439.91028206553005	-2.805959840392461
-433.21203835907204	3.8922838660655543
-446.48588626694095	-9.381564041803358
-449.21969265967186	-12.11537043453427
-422.4948299243026	14.609492300834972
-427.7934987963729	9.310823428764706
-460.8523277124534	-23.748005487315822
-407.3981558538128	29.706166371324798
-424.09380526278096	13.010516962356633
-461.42637491100163	-24.322052685864037
-456.81678159155695	-19.712459366419353
-434.6920569560227	2.4122652691148687
-420.6538441398209	16.450478085316718
-426.358159408401	10.746162816736614
-424.44392541268303	12.660396812454564
-454.17065613794534	-17.06633391280775
-459.57022578568126	-22.465903560543666
-454.04670227402517	-16.94238004888757
-456.86761726685495	-19.763295041717356
-466.4925456652329	-29.388223440095317
-417.0578994152513	20.04642280988628
-431.81867526450355	5.28564696063404
-416.3952787004148	20.7090435247228
-452.4018831252672	-15.29756090012961
-426.59729930865274	10.507022916484857
-428.87177414318126	8.232548081956338
-474.5648647177643	-37.4605424926267
-431.163627422726	5.940694802411599
-468.8685565202816	-31.76423429514398
-431.4100264296196	5.694295795517974
-444.6157569274858	-7.511434702348197
-400.8602832324889	36.24403899264871
-437.1146886935369	-0.010366468399297446
-446.5959241136645	-9.49160188852693
-455.4137225643701	-18.309400339232525
-418.2445849165581	18.859737308579497
-443.6728595795196	-6.568537354381988
-445.86684941560657	-8.762527190468973
-452.00285978765737	-14.898537562519778
-476.64358052630837	-39.539258301170776
-452.3605998095211	-15.256277584383497
-433.14919918102373	3.9551230441138614
-421.65080837866685	15.453513846470742
-447.7304474562027	-10.626125231065089
-437.6117276083007	-0.5074053831631318
-420.2940493751287	16.810272850008914
-420.867577631396	16.236744593741605
-430.89860444055216	6.205717784585431
-414.5745669671362	22.529755258001387
-457.26259949785003	-20.15827727271244
-427.71200756439634	9.392314660741249
-429.2400098491255	7.864312376012094
-408.0167674758907	29.08755474924692
-473.6412601725517	-36.53693794741412
-439.0170775066565	-1.912755281518912
-386.3412339119734	50.76308831316419
-440.077644786614	-2.9733225614763796
-438.7516482538397	-1.6473260287020821
-424.1537350712663	12.95058715387131
-435.62798067009703	1.4763415550405625
-454.1624392307042	-17.0581170055666
-457.6500113731802	-20.545689148042584
-478.93559671125536	-41.83127448611776
-417.62619474832013	19.478127476817463
-439.9054848601138	-2.801162634976208
-427.1740440408669	9.930278184270719
-452.0233808754622	-14.919058650324587
-455.1305046769469	-18.02618245180929
-433.3763882344267	3.7279339907108806
-408.0235404125326	29.080781812604982
-411.1938112579139	25.910510967223672
-433.21949726461594	3.884824960521655
-446.5117262807528	-9.407404055615189
-432.2332861766538	4.871036048483802
-443.45050583627585	-6.346183611138258
-400.35029997221704	36.75402225292055
-418.43619994125606	18.66812228388153
-421.03806670180916	16.066255523328437
-417.496337497598	19.607984727539588
-424.0233321123144	13.080990112823201
-432.4348814058378	4.66944081929978
-446.5286103828314	-9.424288157693809
-472.8452938667235	-35.74097164158593
-429.066056359143	8.038265865994617
-435.58492392105677	1.5193983040808234
-398.8877670481072	38.216555177030386
-425.50462843610717	11.599693789030425
-443.70347577347115	-6.599153548333561
-443.1899038635513	-6.085581638413714
-439.9686228973062	-2.8643006721686106
-450.9433683076552	-13.839046082517598
-458.6462352422443	-21.541913017106708
-426.57831075603303	10.52601146910456
-407.23613203813716	29.868190187000437
-435.5328203371521	1.5715018879855052
-464.87189115356	-27.767568928422406
-429.04867476544155	8.055647459696047
-443.3793090908641	-6.274986865726532
-404.8413223799055	32.262999845232116
-458.967337892964	-21.863015667826403
-389.1692130342037	47.93510919093387
-431.2021395178947	5.9021827072429005
-445.3044517417932	-8.20012951665558
-418.0026059354334	19.1017162897042
-437.0741315802354	0.030190644902177155
-433.0434860994194	4.060836125718197
-438.59547850913646	-1.491156283998862
-431.67221432629435	5.432107898843242
-441.61015555907784	-4.505833333940245
-420.6270157081219	16.477306517015677
-485.71101493829906	-48.606692713161465
-488.2580321369371	-51.153709911799524
-435.0569436101853	2.047378614952322
-452.828169894716	-15.72384766957839
-443.6347941544866	-6.530471929349005
-454.21557617134226	-17.11125394620467
-395.0154806241828	42.088841600954765
-410.75735163565537	26.346970589482225
-465.8834415515796	-28.779119326442014
-442.1586104247747	-5.054288199637085
-427.1945906710373	9.90973155410029
-428.41504502478915	8.689277200348442
-442.0723560835088	-4.9680338583712
-448.34370753025564	-11.239385305118049
-428.1081298636184	8.996192361519206
-427.55027817107316	9.554044054064434
-423.2021443546312	13.90217787050642
-461.7221595037465	-24.61783727860893
-444.4729597148746	-7.3686374897370115
-461.6268904413939	-24.52256821625633
-427.8385738289419	9.265748396195704
-466.425800344374	-29.321478119236417
-440.3128739516744	-3.2085517265368253
-411.43495604968325	25.669366175454343
-432.7056337052111	4.398688519926509
-431.69078551194093	5.413536713196663
-427.2799502684122	9.824371956725372
-448.0422417457942	-10.937919520656578
-458.07263836432526	-20.968316139187664
-409.9892441702161	27.11507805492147
-431.91169170685157	5.192630518286023
-449.2648113816306	-12.160489156492986
-427.85496719352363	9.249355031613959
-464.5383049573777	-27.43398273224011
-426.5155803183063	10.588741906831274
-438.08655524829214	-0.9822330231545493
-411.6808665126939	25.423455712443683
-450.53668867429064	-13.43236644915305
-434.86994047776375	2.2343817473738454
-428.57609633585366	8.52822588928393
-447.91152586737576	-10.807203642238164
-445.81417302844625	-8.709850803308655
-452.7573997236816	-15.653077498544008
-414.0969741002102	23.007348124927375
-463.4606749553261	-26.35635273018852
-442.4046253008039	-5.3003030756663065
-460.6943463007249	-23.59002407558728
-451.4238372665916	-14.319515041453997
-404.38066424856356	32.72365797657403
-421.15419741716164	15.950124807975953
-435.3457007299205	1.7586214952170849
-415.2096302304037	21.894691994733876
-455.3906491764849	-18.28632695134729
-454.7069042169808	-17.60258199184318
-449.9251701421365	-12.8208479169989
-454.90286153280454	-17.798539307666942
-435.17253204681606	1.9317901783215348
-446.46638745807854	-9.36206523294095
-401.67954832986857	35.42477389526903
-420.2345961191661	16.869726105971495
-456.65843694397176	-19.55411471883417
-397.09250742300924	40.011814802128356
-432.0520325395539	5.052289685583673
-445.8966452847146	-8.79232305957703
-431.9199435071989	5.184378717938671
-418.67494341139377	18.429378813743824
-439.9620854130101	-2.8577631878724787
-477.2549777955776	-40.150655570439994
-439.42156016994545	-2.3172379448078573
-404.1979969120496	32.90632531308802
-441.42827588118075	-4.323953656043159
-430.6940628499344	6.410259375203168
-456.20593299584857	-19.101610770710977
-425.8625783068039	11.241743918333668
-438.0300726608168	-0.9257504356792197
-428.5880203970212	8.516301828116411
-444.6573047816257	-7.552982556488132
-469.68474333956533	-32.580421114427736
-435.3917241204674	1.7125981046701781
-428.30382510890763	8.800497116229963
-458.1920084167707	-21.08768619163311
-461.0510081089071	-23.946685883769533
-409.8187917756352	27.285530449502403
-442.23997685981726	-5.135654634679668
-428.82684293624175	8.277479288895847
-434.3125066010891	2.7918156240484677
-410.21868729997936	26.88563492515823
-426.9419089583009	10.162413266836666
-435.1287455673357	1.9755766578018665
-424.055417114336	13.04890511080157
-409.9052702278334	27.199051997304196
-443.3645364069291	-6.260214181791525
-426.4599206182668	10.644401606870815
-447.3798539162874	-10.275531691149808
-414.1937262178601	22.91059600727749
-455.7152550691883	-18.610932844050694
-436.0509111666672	1.053411058470374
-457.92448408211044	-20.820161856972845
-425.0960272405557	12.00829498458188
-425.6103331422403	11.493989082897315
-439.8340822835655	-2.729760058427928
-450.8541331899671	-13.749810964829521
-446.4061546774958	-9.301832452358212
-471.7226189550913	-34.61829672995373
-447.68586299995354	-10.581540774815949
-420.8852251362607	16.21909708887688
-425.60989990084477	11.494422324292827
-432.82306667983926	4.281255545298336
-404.6476212339096	32.45670099122799
-459.38513797130713	-22.280815746169537
-439.41875916133563	-2.3144369361980353
-438.8516269780141	-1.7473047528765164
-398.3699051229544	38.734417102183215
-447.97115072065776	-10.866828495520167
-421.1961620531131	15.908160172024509
-432.5838413454096	4.520480879727984
-434.1061747838887	2.998147441248875
-449.36531445499554	-12.260992229857948
-439.7455238246969	-2.641201599559281
-422.7674673046188	14.336854920518817
-433.22203711084717	3.8822851142904256
-447.40056234990175	-10.296240124764154
-459.7100341757671	-22.605711950629484
-471.129080056495	-34.02475783135742
-437.3049524537257	-0.20063022858812474
-450.73636156462294	-13.632039339485345
-436.1143010382568	0.9900211868807673
-421.71222702593354	15.39209519920405
-384.06309617609645	53.04122604904114
-452.461291677135	-15.35696945199743
-448.8290333775715	-11.724711152433883
-436.4691836118493	0.6351386132882908
