Hf	deltaHf ref=87.18652731448157
63.79370716255136	-23.39282015193021
84.84046368538321	-2.346063629098353
95.95317306751014	8.76664575302857
120.42615626377147	33.23962894928991
63.37957622445748	-23.806951090024086
86.29089136552858	-0.8956359489529859
41.57830494846195	-45.60822236601962
53.85889870934108	-33.32762860514049
103.56588296097681	16.37935564649524
100.93292617192702	13.746398857445456
63.87780717128982	-23.30872014319175
131.0676583880143	43.88113107353274
78.08477310843801	-9.101754206043552
71.77930397169467	-15.407223342786892
88.91095104423795	1.7244237297563814
97.7338379369051	10.547310622423538
95.68382096132183	8.497293646840262
136.62071116428916	49.434183849807596
68.70924626279367	-18.477281051687896
38.44648697028089	-48.74004034420068
116.4846779118837	29.298150597402127
91.72612029063959	4.539592976158019
84.46089299945953	-2.7256343150220346
72.69705632511096	-14.489470989370602
130.19116301083915	43.00463569635758
139.44284474407533	52.256317429593764
103.96983239901812	16.78330508453655
8.724957346874646	-78.46156996760692
104.02749837172661	16.840971057245042
81.74524056949514	-5.441286744986428
38.99427597264213	-48.19225134183944
131.1170549082329	43.93052759375132
99.57773828855926	12.391210974077694
66.40446460558661	-20.782062708894955
71.13236793944299	-16.05415937503858
110.29025136778574	23.103724053304177
101.11921285989439	13.932685545412824
84.06474194658432	-3.121785367897246
138.6251434997851	51.438616185303545
101.3080340595937	14.121506745112129
132.51719116555097	45.3306638510694
103.57429937838089	16.38777206389932
36.974322094729644	-50.21220521975192
100.10195356764808	12.915426253166515
90.10977079654032	2.9232434820587514
8.589988876936616	-78.59653843754495
93.94347600950488	6.756948695023311
83.66705168804248	-3.519475626439089
110.50326121633617	23.316733901854604
107.35503861049284	20.168511296011275
81.87173904419097	-5.314788270290592
59.435849412608434	-27.750677901873132
135.32253784005508	48.13601052557351
90.84292851442507	3.6564011999435024
122.95823344211595	35.77170612763439
120.98857325523778	33.802045940756216
145.24124145912566	58.054714144644095
124.0704523986663	36.88392508418474
70.59091794486659	-16.595609369614976
136.55680434374	49.37027702925843
143.95552216291463	56.76899484843307
34.77144545829134	-52.41508185619023
70.46346168754309	-16.723065626938478
101.93646179330455	14.74993447882298
72.29699248100434	-14.889534833477228
74.15508153807815	-13.031445776403416
90.84515226104332	3.6586249465617584
59.00833343265032	-28.17819388183125
18.42794849557896	-68.7585788189026
-2.287582914895836	-89.4741102293774
146.34895678938693	59.162429474905366
102.681418694878	15.494891380396439
76.32924273231976	-10.85728458216181
86.305613736304	-0.8809135781775694
43.82261405764649	-43.363913256835076
75.07318718484231	-12.113340129639255
48.52248677640665	-38.664040538074914
56.41880733156205	-30.767719982919516
45.87734221523198	-41.30918509924959
142.35816717424524	55.17163985976367
50.41863309729007	-36.7678942171915
106.53756773540437	19.3510404209228
112.3114119484838	25.12488463400223
116.09861781719002	28.912090502708452
119.9848009748842	32.79827366040263
116.33885750033579	29.152330185854225
124.66862748310297	37.4821001686214
173.06203838734865	85.87551107286708
61.54374081071211	-25.642786503769457
78.17931553216687	-9.007211782314698
86.71390910576366	-0.47261820871790405
100.4652136922835	13.278686377801932
21.14384826649831	-66.04267904798326
86.38933632831532	-0.7971909861662425
79.74883442132187	-7.437692893159692
101.20314486071794	14.016617546236375
79.16995060444088	-8.016576710040681
70.10908754196345	-17.07743977251812
69.89708178292705	-17.28944553155452
88.09775782376738	0.9112305092858151
120.58007542706247	33.3935481125809
26.591717413104845	-60.59480990137672
131.0152554010004	43.82872808651882
73.04035504968698	-14.146172264794586
99.90682662083628	12.720299306354718
79.08487096170057	-8.101656352780992
135.47947220017005	48.292944885688485
94.16712610527094	6.980598790789372
68.71228301717412	-18.47424429730745
108.43945506180381	21.252927747322246
86.25562250633294	-0.9309048081486253
63.14822005867819	-24.038307255803375
88.69369324702922	1.5071659325476503
120.22305915229873	33.036531837817165
107.93165206523764	20.745124750756077
56.538662924113225	-30.64786439036834
79.40571666888928	-7.7808106455922825
48.556717849469635	-38.62980946501193
68.48008336589766	-18.70644394858391
92.75518374382438	5.568656429342809
54.04120685400477	-33.145320460476796
82.56700019123883	-4.619527123242733
91.04613692921913	3.8596096147375647
90.21801049940615	3.031483184924582
98.58029037137959	11.393763056898024
148.10228386661248	60.915756552130915
77.18918726715702	-9.997340047324542
100.62164091185178	13.435113597370218
151.69738929595252	64.51086198147095
132.20665724610654	45.02012993162498
108.33343275200087	21.146905437519308
74.75644384263643	-12.430083471845137
79.35256024667098	-7.83396706781059
61.60814173006139	-25.578385584420175
126.6190731139962	39.43254579951463
111.56271263312584	24.376185318644275
11.827466636752717	-75.35906067772885
25.32015336788237	-61.8663739465992
45.1778572058268	-42.00867010865477
72.45049601045531	-14.736031304026255
104.22136825957779	17.03484094509622
65.87460332381517	-21.3119239906664
66.07904624185386	-21.107481072627706
98.83442762878468	11.647900314303115
98.38634607869818	11.199818764216616
94.76473361953896	7.5782063050573925
151.95855702263572	64.77202970815415
76.56174482555281	-10.624782488928759
43.407944363020135	-43.77858295146143
140.3348011973015	53.14827388281992
43.77535712369928	-43.411170190782286
95.71457427619526	8.528046961713699
52.45933074265696	-34.72719657182461
54.91492611199129	-32.271601202490274
44.9051111406755	-42.281416173806065
76.75044837013621	-10.436078944345354
46.66647720206157	-40.520050112419995
42.018199023370755	-45.16832829111081
53.42880075142813	-33.75772656305344
113.68649675867556	26.499969444193994
72.90275090694405	-14.283776407537516
48.63525407314802	-38.55127324133355
69.1120953658122	-18.07443194866937
96.86344165736438	9.67691434288281
68.23876632239472	-18.94776099208684
92.90262949993695	5.716102185455384
94.39004849769327	7.203521183211706
134.27329218488222	47.08676487040066
117.77009694645159	30.583569631970022
89.85075883472956	2.664231520247995
86.63713460295031	-0.5493927115312545
81.0574861264634	-6.129041188018164
96.33414445982118	9.14761714533961
66.51295112123108	-20.673576193250483
140.19720707710286	53.010679762621294
114.17577537802782	26.989248063546256
73.34167581546563	-13.844851499015931
60.77603853545071	-26.410488779030857
152.99289889872517	65.8063715842436
73.39688626819617	-13.789641046285396
115.01602381310869	27.829496498627122
108.85234436855745	21.665817054075887
55.77105466774293	-31.415472646738635
77.86173487219122	-9.324792442290345
79.33013389838953	-7.856393416092033
115.12545668916056	27.93892937467899
117.53266925068084	30.346141936199274
97.2545226943933	10.067995379911736
100.23748735939654	13.050960044914973
38.81060931798339	-48.375917996498174
120.88884706642631	33.70231975194474
29.429363564852167	-57.7571637496294
108.10043464873371	20.913907334252144
82.4041615844638	-4.782365730017773
141.52916667708115	54.342639362599584
60.343586455072284	-26.842940859409282
66.15351307182783	-21.033014242653735
98.96340841565899	11.776881101177423
107.25846191431839	20.071934599836823
94.96325798654499	7.776730672063422
61.655342348693296	-25.53118496578827
73.40057475659916	-13.78595255788241
116.35097039379099	29.16444307930942
85.5706437159991	-1.615883598482469
62.63066593262403	-24.55586138185754
71.64664149140509	-15.539885823076474
134.71715619589878	47.530628881417215
83.5318513927653	-3.6546759217162617
83.3279007178956	-3.858626596585964
88.14369617241238	0.9571688579308102
83.83511008045963	-3.3514172340219375
80.28618323560141	-6.900344078880153
19.20404476001778	-67.98248255446379
89.00581905761129	1.8192917431297246
62.44156164121733	-24.744965673264232
101.2167342480264	14.030206933544832
81.23786561082153	-5.948661703660036
91.7930303101187	4.606502995637129
105.79711912635167	18.61059181187011
65.42408189643385	-21.76244541804772
87.85380875382026	0.6672814393386943
83.28588906720898	-3.900638247272582
138.25197577076534	51.065448456283775
136.04981520453504	48.86328789005347
17.964977060825106	-69.22155025365646
69.01829375517474	-18.168233559306827
103.61970444394893	16.433177129467367
89.53900779693714	2.352480482455576
131.1715538927113	43.985026578229736
103.64816572892806	16.461638414446497
117.71512750901667	30.5286001945351
111.62922689831095	24.44269958382938
85.71650091691328	-1.4700263975682901
122.1193540312982	34.932826716816635
91.76241336415325	4.575886049671681
86.40172868895962	-0.7847986255219439
88.53708026494343	1.3505529504618607
142.1234424886955	54.93691517421394
110.98700503730134	23.800477722819778
90.4787199949372	3.292192680455628
71.30552171984374	-15.881005594637827
101.08594283460326	13.899415520121693
52.901954874980504	-34.28457243950106
75.12899845508429	-12.05752885939728
82.91497189190915	-4.271555422572419
71.93744629826898	-15.249081016212585
139.7704442836278	52.58391696914623
161.41304002172757	74.226512707246
70.4452459296902	-16.741281384791364
117.43102447326447	30.244497158782906
101.06143409527641	13.874906780794845
52.913429178619765	-34.2730981358618
51.62528095075896	-35.5612463637226
150.16787903942378	62.981351724942215
122.18535636035296	34.99882904587139
66.91121126659192	-20.275316047889646
102.25826037257713	15.07173305809556
171.9327181006832	84.74619078620162
82.66393696984079	-4.522590344640776
115.91291721382214	28.726389899340575
110.80174627981825	23.61521896533668
83.86992028015294	-3.3166070343286265
39.756966839517474	-47.42956047496409
129.72574600768195	42.53921869320038
96.1680263432375	8.981499028755934
49.55431695614453	-37.63221035833703
117.75376473127318	30.567237416791613
122.86325602850621	35.67672871402465
83.96182270838682	-3.224704606094747
113.49850292306138	26.311975608579814
-6.162647394213934	-93.3491747086955
117.28117458347907	30.094647268997505
161.42426681539138	74.23773950090981
115.36892309983006	28.18239578534849
112.836502070177	25.64997475569544
30.086238603895538	-57.10028871058603
60.13379186160665	-27.052735452874913
91.23914147178795	4.05261415730638
52.60136595499563	-34.58516135948594
139.96369074519527	52.7771634307137
102.07624052843522	14.889713213953655
114.59988985058072	27.413362536099157
134.20059117180273	47.01406385732116
109.28374448711321	22.097217172631645
59.522022497041974	-27.664504817439592
101.13810810324713	13.951580788765568
119.72807543332084	32.54154811883927
131.07263264562272	43.88610533114115
152.6597683470921	65.47324103261053
78.59505856129027	-8.591468753191293
38.47338315689041	-48.71314415759116
130.83097603387642	43.64444871939486
94.1193231715609	6.932795857079327
115.21635968619586	28.029832371714292
60.680786607396215	-26.50574070708535
85.55213592395222	-1.6343913905293448
108.76708670633008	21.58055939184851
67.47677934861196	-19.70974796586961
117.76895482416359	30.58242750968202
78.69743923578272	-8.489088078698842
83.08921609247255	-4.0973112220090115
134.98737979885692	47.800852484375355
3.7083646721897026	-83.47816264229186
133.27555132434856	46.08902400986699
169.96888209290256	82.782354778421
54.17804649692181	-33.00848081755976
73.19855649679295	-13.98797081768862
82.67617574926618	-4.510351565215387
92.41382451539022	5.227297200908652
113.15598731536221	25.969460000880645
54.418713619468974	-32.76781369501259
82.06600108581398	-5.120526228667586
151.67375991802174	64.48723260354018
134.3116421617181	47.125114847236546
49.72985939750134	-37.45666791698022
102.9952804271764	15.80875311269483
115.70077826836706	28.514250953885494
66.68314416390996	-20.503383150571608
36.98293850560941	-50.203588808872155
165.4615858795317	78.27505856505013
118.18898378469959	31.00245647021802
121.02369686372032	33.83716954923875
50.845871141371674	-36.34065617310989
111.1622438839425	23.97571656946093
76.46745909974771	-10.719068214733852
87.49754549241544	0.31101817793387454
100.7548094081888	13.56828209370724
33.73891996946105	-53.447607345020515
76.06103399368504	-11.125493320796522
76.00032007848705	-11.186207235994516
55.904469886855	-31.28205742762657
54.34840969211865	-32.838117622362915
17.068290443656508	-70.11823687082506
125.8468193783504	38.66029206386884
63.43048819311872	-23.756039121362846
110.69118467999425	23.504657365512685
4.7708106249795605	-82.415716689502
76.61362708838925	-10.572900226092315
47.71817579909322	-39.46835151538835
78.76823532689224	-8.418291987589328
32.23750477076311	-54.949022543718456
61.47357559172298	-25.71295172275859
63.946470169789166	-23.2400571446924
101.48540615660232	14.298878842120757
132.94689132858394	45.76036401410238
30.60721016895178	-56.579317145529785
56.110438504738624	-31.07608880974294
59.03027653647797	-28.156250778003596
108.06860704068305	20.882079726201482
59.12525102605497	-28.061276288426598
77.21880980766065	-9.967717506820918
130.01624874180044	42.82972142731887
89.50084097660357	2.3143136621220037
112.32319904503157	25.136671730550006
93.49110847065668	6.304581156175118
62.95250134614099	-24.234025968340575
63.64143402988185	-23.545093284599716
83.32007941593685	-3.8664478985447204
74.7526724638322	-12.433854850649368
85.585177705538	-1.6013496089435648
106.45294916563063	19.26642185114906
89.44444289886661	2.257915584385046
69.95938413648611	-17.22714317799546
99.51398636320874	12.327459048727178
103.30016649056262	16.11363917608105
24.976731961507824	-62.20979535297374
81.77246351595596	-5.4140637985256035
49.07081948913611	-38.11570782534545
104.2423389958006	17.055811681319028
82.9771223400042	-4.209404974477366
100.88283823126613	13.696310916784569
98.02565242405609	10.839125109574525
158.32251019761526	71.13598288313369
146.88369062001794	59.69716330553638
52.3248652733767	-34.861662041104864
37.746169510415996	-49.44035780406557
115.53935061623844	28.35282330175687
159.35780567476678	72.17127836028521
81.18828947341746	-5.99823784106411
38.8820653759779	-48.304461938503664
24.685597916732434	-62.50092939774913
87.05107458046615	-0.13545273401541635
57.64399782542233	-29.542529489059234
93.84596673510015	6.6594394206185825
59.49255539479992	-27.693971919681644
71.74787215850876	-15.43865515597281
117.6760544434822	30.489527129000635
56.19707631104603	-30.989451003435533
125.82015196322965	38.63362464874808
63.919500246195014	-23.267027068286552
65.50047419191316	-21.68605312256841
88.08025681362989	0.8937294991483213
87.9103908988348	0.7238635843532393
61.486385477272336	-25.70014183720923
118.6124471386741	31.425919824192533
107.1405418800735	19.954014565591933
57.38368963703607	-29.802837677445496
87.37524661132403	0.18871929684246425
65.14301607322915	-22.043511241252418
61.98354913751456	-25.202978176967008
87.09610826203635	-0.09041905244521331
113.73810114732106	26.551573832839495
105.70463530697663	18.51810799249506
91.85779284857773	4.671265534096165
38.46840712857585	-48.71812018590572
84.35621190091689	-2.8303154135646764
34.08805118123047	-53.0984761332511
92.17820081681049	4.991673502328922
82.66009108790814	-4.5264362265734235
83.34791332148808	-3.838613992993487
144.64481531667326	57.45828800219169
69.07662251270295	-18.10990480177861
138.93488450978685	51.74835719530529
42.74556780386985	-44.44095951061172
82.69456495226979	-4.49196236221178
38.19552536995826	-48.991001944523305
77.2407563100299	-9.945771004451672
47.96500034837146	-39.221526966110105
96.78326866858907	9.596741354107508
106.22439669785882	19.037869383377256
-1.372122611819293	-88.55864992630086
144.36323236457457	57.176705050093005
53.97466081558588	-33.21186649889569
21.792331470979036	-65.39419584350253
68.63566736408603	-18.550859950395534
77.96297188170348	-9.223555432778085
124.11637815179921	36.929850837317645
40.323516067410594	-46.86301124707097
64.53542574135855	-22.651101573123015
58.35317260831863	-28.833354706162936
87.41723897724506	0.23071166276349686
52.50716204190604	-34.679365272575524
95.96234385800409	8.775816543522524
133.15426177412365	45.96773445964209
79.71339270775417	-7.473134606727399
85.98881496663881	-1.197712347842753
59.6730313221654	-27.513495992316166
92.95372927985073	5.767201965369168
109.10770564564365	21.921178331162082
12.525760330072728	-74.66076698440884
85.63415317314713	-1.5523741413344396
86.70484645122116	-0.48168086326040793
86.25030867982633	-0.9362186346552335
35.654022694916705	-51.53250461956486
75.59001052250306	-11.596516791978502
131.03548357979372	43.848956265312154
58.95786372867798	-28.228663585803588
89.52694560859737	2.340418294115807
59.54002910772607	-27.646498206755496
10.584076617366293	-76.60245069711527
65.7786884191176	-21.407838895363966
182.94435974673462	95.75783243225305
104.98416660714639	17.797639292664826
10.892976610705148	-76.29355070377642
56.39107552809793	-30.795451786383637
117.76999144468783	30.583464130206266
42.23405222389766	-44.9524750905839
124.12718394941686	36.940656634935294
108.84344574986818	21.656918435386615
101.91554827656574	14.729020962084178
113.10363075576817	25.9171034412866
108.64388185081981	21.457354536338244
96.96439086302627	9.777863548544701
69.32378208798974	-17.862745226491825
51.202386876744924	-35.98414043773664
152.85716634811462	65.67063903363305
81.11112445792452	-6.075402856557048
74.67018802986632	-12.516339284615242
133.38406512033754	46.19753780585597
45.41161363283965	-41.77491368164192
97.8918752520861	10.705347937604529
96.57506896494516	9.388541650463594
76.6739865707371	-10.512540743744466
65.1523209803002	-22.034206334181363
55.39755725395145	-31.78897006053012
79.21509897594143	-7.971428338540136
126.39085540549632	39.20432809101476
60.68177506317653	-26.504752251305035
55.53263467947755	-31.653892635004013
93.35744653720968	6.170919222728116
116.87882781701256	29.692300502530998
117.00866388016067	29.822136565679102
62.2955105224849	-24.891016791996663
101.08445067939675	13.897923364915187
120.00759938021866	32.8210720657371
63.541365463536124	-23.645161850945442
110.06485004066991	22.878322726188344
116.95899323825353	29.77246592377196
45.96411597861362	-41.222411335867946
108.91495943660476	21.728432122123195
89.18907714789594	2.0025498334143776
97.85017254117912	10.663645226697554
96.73128519104131	9.544757876559743
77.54547939068499	-9.641047923796577
16.67162513546856	-70.514902179013
74.58852533129021	-12.598001983191352
159.14449706439547	71.9579697499139
126.66002161723947	39.4734943027579
94.4945010659597	7.30797375147813
153.68780167133292	66.50127435685135
138.6752989673135	51.48877165283193
94.11343980184967	6.926912487368099
77.68651508972317	-9.500012224758393
112.36910589414975	25.18257857966819
133.71150137244177	46.52497405796021
81.27540155672096	-5.911125757760601
81.41520163110027	-5.771325683381292
110.47840869623388	23.29188138175232
32.85761165135983	-54.328915663121734
25.739442913576852	-61.447084400904714
56.56513011931594	-30.621397195165628
100.87864228929021	13.692114974808646
71.30520847143117	-15.881318843050394
117.16992966515164	29.983402350670076
100.61591553586396	13.429388221382396
131.25044617260784	44.06391885812627
87.11849302807451	-0.06803428640705533
46.86341305083107	-40.323114263650496
70.1114183855264	-17.07510892895516
66.64378358735331	-20.542743727128254
91.41325812183123	4.226730807349668
119.47081693785941	32.284289623377845
64.87187529589784	-22.31465201858373
75.29919704982814	-11.887330264653428
106.24166272266513	19.05513540818356
62.52512746241911	-24.66139985206246
133.69790897256672	46.511381658085156
103.66891353097373	16.48238621649216
72.19588514045091	-14.990642174030654
116.85643918230409	29.66991186782252
108.21689852782794	21.03037121334637
124.95869716866792	37.77216985418636
76.71423690252624	-10.472290411955328
26.366115128943704	-60.82041218553786
155.6917651196439	68.50523780516232
150.31906001262752	63.13253269814595
37.905319934945794	-49.28120737953577
112.21020961244568	25.023682297964115
118.36463398424013	31.178106669758563
105.78298008731718	18.59645277283562
95.58044644615649	8.39391913167492
85.08908715420904	-2.0974401602725266
71.34568628305198	-15.84084103142959
29.15548314932886	-58.03104416515271
69.23391073168233	-17.952616582799237
90.75703622169596	3.570508907214389
72.33567227883242	-14.850855035649147
66.81740102781833	-20.36912628666323
143.48665901326086	56.300131698779296
122.45203418082593	35.26550686634437
11.727094943215263	-75.4594323712663
127.07577752275603	39.88925020827446
81.38961037321343	-5.796916941268137
116.58490565081803	29.398378336336464
43.794726983966314	-43.39180033051525
164.13540014591337	76.9488728314318
117.63174591541093	30.445218600929365
119.54181702179113	32.355289707309566
127.91674130916573	40.73021399468416
61.985344563612955	-25.20118275086861
33.11107682803623	-54.075450486445334
66.3171490226253	-20.869378291856265
49.49739748434723	-37.689129830134334
54.47938450920839	-32.70714280527318
157.29219567062893	70.10566835614736
101.39907900693862	14.212551692457055
117.93211645115144	30.745589136669878
140.1740210308365	52.98749371635495
76.13205001145462	-11.054477303026943
62.429612069232746	-24.75691524524882
57.55836095224578	-29.62816636223579
83.79614222946321	-3.3903850850183517
50.68924385321071	-36.497283461270854
85.79735091822141	-1.3891763962601544
100.11420846861648	12.927681154134916
62.35090429065377	-24.835623023827793
102.18993220488693	15.003404890405363
59.151060941849494	-28.035466372632072
94.73986720298336	7.553339888501796
91.09865656942048	3.912129254938918
61.59719173892728	-25.589335575554287
90.29823006440921	3.1117027499276446
100.70974382739433	13.523216512912768
99.91821602908232	12.73168871460075
73.89568379336771	-13.290843521113857
66.43944327385026	-20.747084040631307
98.98768423956272	11.801156925081159
55.09944122799999	-32.08708608648158
109.77495262753138	22.58842531304981
93.3425110175761	6.155983703094535
79.80078129901295	-7.385746015468612
92.16697953816248	4.9804522236809134
88.4618936872742	1.2753663727926323
120.03235117915239	32.84582386467082
145.47894204806863	58.292414733587066
92.41161472136656	5.225087406884995
70.05915751095955	-17.127369803522015
73.6257520361126	-13.560775278368965
117.68858855280479	30.502061238323222
93.1274946332872	5.940967318805633
44.24466961574427	-42.941857698737294
87.70455149092805	0.5180241764464881
100.12034030135175	12.93381298687018
142.37387242692267	55.18734511244111
135.59029311605474	48.40376580157317
127.00860922884232	39.82208191436075
109.03147791588191	21.844950601400342
67.85356764980162	-19.332959664679947
119.99710686368263	32.810579549201066
53.814684345927446	-33.37184296855412
27.89560909106723	-59.29091822341434
55.308211242272876	-31.87831607220869
74.72304491943424	-12.463482395047322
101.36144597700542	14.17491866252385
117.22638914649934	30.039861832017777
28.917297076639727	-58.26923023784184
22.09856710287778	-65.08796021160379
81.2835732511906	-5.902954063290963
8.507463913936874	-78.67906340054469
45.50766212224181	-41.678865192239755
68.82854472282844	-18.357982591653126
131.7185450241107	44.532017709629145
138.22251763676678	51.035990322285215
80.9976410966213	-6.188886217860272
80.26304353444931	-6.923483780032257
111.71403643046716	24.527509115985595
7.189561431763934	-79.99696588271763
111.53964602698608	24.35311871250451
167.00070981001983	79.81418249553826
41.101540134916206	-46.08498717956536
108.22378097116808	21.037253656686516
124.85374347231328	37.66721615783172
76.26981257727522	-10.916714737206348
122.94025735910901	35.753730044627446
101.26792090840382	14.081393593922257
109.91978618678905	22.733258872307488
109.79290276336752	22.606375448885956
109.44222964413558	22.255702329654014
92.00521705136845	4.818689736886881
91.23857905954566	4.052051745064091
102.06272813982133	14.876200825339765
57.96533176208533	-29.22119555239624
68.17279134495976	-19.013735969521804
73.51548195409333	-13.671045360388234
119.24126866582293	32.05474135134136
85.4637762895166	-1.722751024964964
152.427393351509	65.24086603702744
34.365807276701446	-52.82072003778012
73.04586710057839	-14.140660213903175
111.78873500903347	24.602207694551907
51.06383754757036	-36.12268976691121
102.65835124151118	15.471823927029618
82.99004741232994	-4.196479902151623
31.374767593008357	-55.81175972147321
93.0639882455601	5.877460931078531
59.088904150894734	-28.09762316358683
74.36528244952416	-12.821244864957407
47.23636216426013	-39.95016515022144
68.4563006538977	-18.730226660583867
93.93653637475137	6.750009060269804
99.7822623145351	12.595735000053537
126.07049864951324	38.883971335031674
121.33262367808703	34.146096363605466
67.75387353221805	-19.432653782263515
137.01501921659138	49.82849190210982
160.37152558700683	73.18499827252526
73.73256717954274	-13.453960134938825
72.13673634409707	-15.049790970384493
50.737538374511416	-36.44898893997015
33.50816551415693	-53.67836180032464
90.09603603623901	2.9095087217574473
77.39913720314718	-9.787390111334389
114.46686579534645	27.280338480864884
69.64966455058521	-17.53686276389635
70.15884009436041	-17.02768722012115
85.74551258981438	-1.441014724667184
42.73888235846454	-44.44764495601703
154.54700956003427	67.3604822455527
48.89306377299573	-38.293463541485835
53.88651464588685	-33.30001266859472
110.58079806275992	23.39427074827836
90.77715966194438	3.5906323474628152
100.40217408513337	13.215646770651801
35.681640395867646	-51.50488691861392
98.59227483721253	11.405747522730962
56.46431300917385	-30.722214305307716
99.77279621405097	12.586268899569404
137.23933407620854	50.05280676172697
20.28573513319344	-66.90079218128812
105.204915319426	18.018388004944427
57.673131621561254	-29.513395692920312
64.6840562310411	-22.50247108344047
84.22820004378656	-2.9583272706950083
134.4353957066799	47.24886839219835
86.92875015289093	-0.25777716159063857
24.85691599613557	-62.329611318346
98.83341016041442	11.64688284593285
110.4455862679336	23.25905895345204
141.0113918523587	53.82486453787715
50.108123661428465	-37.0784036530531
81.26272217484285	-5.923805139638716
72.62381175300317	-14.562715561478399
57.86324241719768	-29.323284897283884
41.533625521641	-45.65290179284057
87.63622766852706	0.4497003540454898
89.30684731074354	2.120319996261969
109.45446196808399	22.267934653602424
80.2936395239397	-6.892887790541863
39.51176252261422	-47.67476479186735
60.145399392628235	-27.04112792185333
98.20836961381639	11.021842299334821
32.60132866910345	-54.585198645378114
89.04621355694172	1.8596862424601568
119.29246258216364	32.10593526768207
101.61977104778845	14.433243733306881
69.85679079700122	-17.32973651748034
105.66318366474508	18.47665635026351
38.845334023559474	-48.34119329092209
31.9204601909899	-55.266067123491666
95.43928389479908	8.25275658031751
82.89891149639362	-4.287615818087943
44.48970834180574	-42.69681897267583
78.18772319238843	-8.998804122093134
34.84010675453675	-52.34642055994482
76.77775604944537	-10.408771265036194
49.27975330510736	-37.9067740093742
6.830231604182984	-80.35629571029858
90.7617205902373	3.575193275755737
59.383240397264956	-27.80328691721661
98.18890075248993	11.002373438008362
94.31581005073014	7.12928273624857
90.17392047574896	2.9873931612673914
83.6354062945341	-3.551121019947459
91.20699491475744	4.020467600275879
140.52526796183002	53.33874064734846
55.30823486147193	-31.878292453009635
67.19705550690043	-19.98947180758114
55.75619721871254	-31.430330095769023
189.2986341783565	102.11210686387494
104.59326835243183	17.40674103795027
92.52163709765802	5.335109783176449
168.14448323539028	80.95795592090872
100.77101703672298	13.584489722241415
140.9234538684562	53.73692655397463
26.138546546050122	-61.047980768431444
117.33423798265204	30.147710668170475
62.811463699183435	-24.37506361529813
105.42688102541644	18.24035371093487
83.6560010501874	-3.530526264294167
89.23877310862218	2.0522457941406174
112.80796804878838	25.621440734306816
108.69319515065791	21.506667836176348
82.89964073740913	-4.286886577072437
74.33246539633757	-12.854061918143998
16.087415760385113	-71.09911155409645
44.787021610538716	-42.39950570394285
92.16296077470389	4.976433460222324
45.333016892839	-41.85351042164257
53.47493910916302	-33.71158820531855
158.86692312058796	71.68039580610639
96.51244411505678	9.325916800575214
71.2919936501151	-15.894533664366463
39.357504316040206	-47.82902299844136
102.72497839857743	15.538451084095868
67.81930881577347	-19.367218498708098
50.80218241912581	-36.38434489535575
59.395628871310976	-27.79089844317059
162.34099003920193	75.15446272472036
74.5177698029459	-12.66875751153566
136.27327113841812	49.08674382393656
94.5799080215823	7.393380707100732
80.84817567255442	-6.338351641927147
58.420270453180194	-28.766256861301372
2.604628848830828	-84.58189846565074
108.64756572258403	21.461038408102468
106.29010574432533	19.103578429843765
70.4694045631498	-16.71712275133177
41.931329125802506	-45.25519818867906
143.45865832292685	56.272131008445285
57.62138241355052	-29.565144900931045
91.1128667654578	3.9263394509762293
53.00148838020897	-34.1850389342726
103.93302470557893	16.746497391097364
104.90757167362818	17.721044359146617
65.62345593095444	-21.56307138352713
98.5718633581294	11.38533604364784
99.25448047607125	12.067953161589685
23.490728279257667	-63.6957990352239
111.69409414493049	24.507566830448923
64.41440464723775	-22.77212266724382
70.19575639773603	-16.990770916745532
89.61218910943927	2.425661794957705
165.40128739869607	78.2147600842145
62.24399516350451	-24.94253215097706
124.09575868211897	36.9092313676374
106.26504037555634	19.078513061074773
74.74768279049232	-12.438844523989246
85.823429988481	-1.3630973260005703
78.46209212350578	-8.724435190975782
55.72144542585221	-31.465081888629356
113.11049040944118	25.923963094959618
28.754188382723726	-58.43233893175784
113.21770707931347	26.031179764831904
86.52480985361245	-0.661717460869113
40.32783179416066	-46.85869552032091
72.22446792878537	-14.962059385696193
204.2585935700793	117.07206625559775
67.25452178780898	-19.932005526672583
142.31820615277894	55.131678838297375
124.13598758886138	36.94946027437982
36.065049721148455	-51.12147759333311
145.2579542255574	58.07142691107583
10.067069275117603	-77.11945803936396
39.02806658947003	-48.15846072501154
151.80834856649955	64.62182125201798
115.03539709045646	27.84886977597489
64.38436759746611	-22.802159717015456
9.05064113409236	-78.1358861803892
115.89325662006951	28.706729305587942
82.33182778670954	-4.854699527772027
103.04218144704856	15.855654132566997
128.57567753874383	41.389150224262266
80.79795753264835	-6.388569781833212
84.10882536923083	-3.0777019452507375
94.19342290160631	7.006895587124745
117.92074673173403	30.73421941725246
76.32062832359435	-10.865898990887217
117.76384915314185	30.577321838660282
102.21631652901334	15.029789214531775
71.84606909871428	-15.340458215767285
18.7540616542704	-68.43246566021116
125.609749370766	38.42322205628443
104.4365150640536	17.24998774957203
83.09306545063947	-4.093461863842094
98.60803950118344	11.421512186701875
88.72085016587727	1.5343228513957001
52.74869680212788	-34.437830512353685
76.49724299728615	-10.689284317195415
87.80500034864446	0.6184730341628892
73.92777611428966	-13.25875120019191
101.54095178174822	14.354424467266654
122.18628877488874	34.99976146040717
14.072721043065314	-73.11380627141625
152.23893894673012	65.05241163224855
122.46952564078885	35.28299832630728
68.41698096387182	-18.769546350609744
141.26645506832784	54.07992775384628
77.51719580131095	-9.669331513170619
14.124792700853789	-73.06173461362778
124.82696259697178	37.640435282490216
111.60357212994342	24.41704481546185
141.38834134971177	54.2018140352302
74.83767511687103	-12.34885219761054
87.63125155146037	0.44472423697880004
81.86772619671166	-5.318801117769908
109.97129798744783	22.78477067296626
121.55890421543364	34.37237690095208
103.6077156078266	16.42118829334504
58.03818482582784	-29.148342488653725
132.59672398223694	45.41019666775537
102.92896652649716	15.742439212015597
78.33155609973102	-8.854971214750549
93.23779272198072	6.051265407499159
87.31572523506685	0.129197920585284
103.07520974535356	15.888682430871995
81.55151583902108	-5.635011475460487
117.05991668593407	29.873389371452504
104.05227348843101	16.865746173949447
110.899587491864	23.71306017738243
69.80695574867633	-17.379571565805236
94.10786228302669	6.921334968545125
90.65881175788155	3.4722844433999853
156.80832518745075	69.62179787296918
13.342737943823806	-73.84378937065776
78.98104442304094	-8.205482891440624
82.27077845442028	-4.915748860061285
1.1415277886865738	-86.04499952579499
94.25467001126009	7.068142696778523
54.60590626775439	-32.580621046727174
69.27330951682444	-17.913217797657126
100.92035905667791	13.733831742196344
176.58670007312531	89.40017275864375
68.72986401367444	-18.456663300807122
40.357863550105606	-46.82866376437596
58.3837248775547	-28.802802436926868
98.48075803756575	11.294230723084183
90.60695699944546	3.420429684963892
56.02111772175914	-31.165409592722426
113.70978608122306	26.523258766741492
62.77388235370955	-24.412644960772013
86.51199488147023	-0.6745324330113363
49.277938176923556	-37.90858913755801
76.85744584865671	-10.329081465824856
131.35795157448075	44.171424259999185
110.81648697160045	23.62995965711889
84.27515607373999	-2.9113712407415733
58.889774920682896	-28.29675239379867
62.06050242061821	-25.12602489386336
50.99562659731811	-36.19090071716346
84.80344356564666	-2.383083748834906
64.38330686830369	-22.803220446177875
66.01497492140544	-21.171552393076126
50.52819611592196	-36.65833119855961
104.1838638290522	16.997336514570634
99.99246869943664	12.805941384955077
119.48703324672744	32.30050593224587
57.154051902487765	-30.0324754119938
111.40858631915972	24.222059004678158
118.99194440893399	31.805417094452423
112.73678226131807	25.550254946836503
154.5244608320957	67.33793351761415
61.73045231038333	-25.45607500409824
48.983025696174366	-38.2035016183072
54.92101619225497	-32.2655111222266
126.60040776983288	39.41388045535132
85.0478265521254	-2.138700762356166
155.51343722526718	68.32690991078562
106.7474672960837	19.560939981602132
58.55014425129258	-28.636383063188987
110.02338130281925	22.83685398833768
41.205047410230975	-45.98147990425059
107.70896201351053	20.522434699028963
35.51567765847932	-51.67084965600225
56.02064502728382	-31.165882287197746
84.44612025171438	-2.74040706276719
74.22090581429285	-12.965621500188718
97.42414869762644	10.23762138314487
67.34650553438615	-19.840021780095412
101.8045571542919	14.618029839810333
107.58465405044473	20.39812673596316
64.80699919020327	-22.379528124278295
92.54970263650677	5.363175322025199
38.16239928444185	-49.02412803003972
69.71095011521749	-17.47557719926408
106.27522588000494	19.088698565523373
118.90555919973332	31.719031885251752
83.92867265212618	-3.257854662355385
110.77478950977303	23.588262195291463
69.49289637099929	-17.693630943482276
114.97216625012726	27.785638935645693
57.95349529957667	-29.233032014904893
102.39501402543311	15.208486710951547
82.56822925401713	-4.61829806046444
89.98345777447895	2.796930459997384
53.918307252317675	-33.26822006216389
139.54767153511267	52.361144220631104
82.15176544996422	-5.03476186451735
2.5326923656414806	-84.65383494884009
91.01592319215916	3.829395877677598
125.16444317461202	37.97791586013045
26.254365029412213	-60.93216228506935
41.247971473089194	-45.93855584139237
131.12099920891552	43.934471894433955
116.07068851671858	28.88416120223701
91.6938934281373	4.507366113655735
105.49814542116866	18.311618106687092
102.81254675565498	15.626019441173412
168.29483351554	81.10830620105844
72.52856646372157	-14.657960850759991
88.83780856557343	1.6512812510918593
125.81461596040964	38.628088645928074
92.18145363571449	4.994926321232924
70.49277628110059	-16.693751033380977
81.01031699512015	-6.176210319361417
54.9156501544515	-32.27087716003007
149.1591740489551	61.97264673447353
106.53933373029787	19.352806415816303
69.42752562569723	-17.759001688784338
136.07804703888752	48.89151972440595
105.04509717296088	17.858569858479314
99.9697618772646	12.783234562783036
140.7268813054855	53.54035399100394
48.97595476624184	-38.210572548239725
111.72657320613718	24.54004589165561
74.72081779323554	-12.465709521246026
119.58175228446117	32.39522496997961
117.78137406616798	30.59484675168642
159.31103185644525	72.12450454196369
67.68651399575384	-19.500013318727724
91.35636458025175	4.169837265770184
109.82293938403228	22.636412069550715
120.06581495980419	32.87928764532262
125.84836046642369	38.66183315194212
57.14290465713049	-30.04362265735108
46.92771113460395	-40.25881617987761
50.664920386831284	-36.52160692765028
91.40298302853108	4.216455714049516
85.2202610802072	-1.9662662342743715
73.49615642392229	-13.69037089055928
71.98763810735755	-15.198889207124012
96.9618829695267	9.775355655045132
42.182725153196145	-45.00380216128542
54.4221725971168	-32.76435471736477
105.18093384920422	17.994406534722657
56.431036666794455	-30.75549064768711
89.80891336414999	2.622386049668421
80.66386256237666	-6.522664752104902
141.58553618221987	54.3990088677383
111.79068822830078	24.604160913819214
83.29617963459378	-3.890347679887782
91.05782676415612	3.8712994496745523
133.83468628264592	46.64815896816435
104.70387158786099	17.517344273379422
81.00909327622713	-6.177434038254432
170.2397916547073	83.05326434022572
80.59811387819565	-6.588413436285919
39.87456655818306	-47.311960756298504
40.27712203115726	-46.909405283324304
124.89074450804247	37.70421719356091
97.31261683366239	10.126089519180823
111.72020402779373	24.53367671331216
78.53643672261597	-8.650090591865592
69.07326038452658	-18.11326692995499
193.87897685347917	106.69244953899761
65.81601411667572	-21.37051319780585
141.74168834772928	54.555161033247714
72.59763296417287	-14.588894350308692
75.57354306269764	-11.612984251783928
134.2528894215523	47.066362107070745
59.02572576161975	-28.160801552861813
104.7945343189952	17.608007004513638
47.86012021514972	-39.326407099331846
32.8306890395491	-54.35583827493247
41.109698769638555	-46.07682854484301
98.12702756014397	10.940500245662406
15.325000180646668	-71.8615271338349
36.720669657008614	-50.46585765747295
57.89182954882773	-29.294697765653837
53.079072854905746	-34.10745445957582
146.56107112480305	59.374543810321484
136.8959607215241	49.709433407042525
74.01534120559728	-13.171186108884285
75.95745689452662	-11.229070419954951
100.10864516221255	12.922117847730988
66.75695112358	-20.42957619090157
90.68339578849765	3.4968684740160825
57.63259094039887	-29.553936374082696
74.85398154430942	-12.332545770172146
141.24934973837145	54.062822423889884
20.970913349740215	-66.21561396474135
74.5344110775207	-12.652116236960865
25.792775313706727	-61.39375200077484
74.52792689283007	-12.6586004216515
126.1705054223442	38.98397810786264
94.87734823141574	7.690820916934172
90.02390482404945	2.8373775095678866
60.603604382560945	-26.58292293192062
154.38810739285174	67.20158007837017
139.30177276706883	52.11524545258726
61.501212839956054	-25.685314474525512
92.56785225759296	5.3813249431113945
62.816863703718184	-24.369663610763382
105.00198971608398	17.815462401602417
72.70388386472979	-14.482643449751777
61.7881351030249	-25.398392211456667
55.61880749630137	-31.567719818180194
44.17237055428478	-43.014156760196784
38.74463806553314	-48.44188924894843
112.35457297263412	25.16804565815255
87.91525617984217	0.7287288653606083
97.52075828220615	10.33423096772458
83.17527086893307	-4.011256445548497
165.75982807998872	78.57330076550716
79.39955221259362	-7.786975101887947
126.9738136856634	39.787286371181835
73.09848630539119	-14.088041009090375
54.80895010532032	-32.377577209161245
81.03181840449025	-6.154708909991314
99.77469763346227	12.588170318980701
74.73209497398267	-12.454432340498897
96.02930677781325	8.84277946333168
75.56918759274623	-11.617339721735334
49.95334937646322	-37.23317793801834
120.26993599609915	33.083408681617584
105.98851568291349	18.80198836843192
125.39717115576997	38.2106438412884
105.67489834473446	18.488371030252893
108.11246269160102	20.92593537711946
72.83299299552374	-14.353534318957827
7.150075426196338	-80.03645188828523
105.78011142196402	18.593584107482457
42.10244078886382	-45.08408652561775
66.71381060802588	-20.472716706455685
87.40080459637312	0.2142772818915546
64.48300311983832	-22.70352419464325
51.84894977623691	-35.33757753824466
105.40037964158029	18.21385232709872
105.10153271936207	17.915005404880503
75.79509041841294	-11.391436896068626
109.04467328715174	21.858145972670172
87.72398989727873	0.5374625827971613
104.59166152678	17.405134212298435
115.15674684448669	27.970219530005124
45.22603106039088	-41.960496254090685
76.16181427204202	-11.024713042439544
59.232761865760324	-27.953765448721242
75.40208047550033	-11.78444683898124
58.19715249666689	-28.989374817814678
70.82241897519481	-16.36410833928676
55.52337603790721	-31.663151276574354
123.5825905284749	36.39606321399333
98.80786976783048	11.621342453348916
77.86556347804645	-9.320963836435112
115.65421752885078	28.467690214369213
99.46570086540515	12.279173550923588
102.2398956490236	15.053368334542029
132.90194178490702	45.71541447042546
80.59624168731017	-6.590285627171397
66.59950829454675	-20.587019019934814
104.11409162447882	16.92756430999725
96.19801737522567	9.011490060744109
120.91444029781479	33.727912983333226
112.74632006831445	25.55979275383288
136.31810953495943	49.13158222047787
57.923882776786115	-29.26264453769545
61.650032198073234	-25.536495116408332
18.523259447205703	-68.66326786727586
78.00861153897341	-9.177915775508154
0.9056805342136727	-86.2808467802679
105.65239795274312	18.46587063826155
39.86851866009448	-47.318008654387086
86.95594529884903	-0.23058201563253533
85.88060042084754	-1.3059268936340231
66.45532083878271	-20.731206475698855
63.70710008070665	-23.479427233774913
110.62716274970654	23.440635435224976
107.64622962018103	20.459702305699466
155.9520960283574	68.76556871387584
62.991229325971574	-24.195297988509992
137.03480351569516	49.848276201213594
57.117709681903136	-30.06881763257843
82.90405170497462	-4.282475609506946
102.63006007291762	15.44353275843605
106.10154503143195	18.915017716950388
93.54384883496306	6.3573215204814915
21.546430317323313	-65.64009699715825
123.29464790443518	36.108120589953614
117.91614297109692	30.72961565661535
32.72481690086926	-54.46171041361231
47.60572933186114	-39.580797982620425
143.35509900417156	56.16857168969
74.28685259256082	-12.899674721920746
61.3457391813302	-25.840788133151364
0.8356604465973874	-86.35086686788418
-17.03340249585534	-104.21992981033691
84.63447671447858	-2.5520506000029854
40.931561859603164	-46.2549654548784
120.78162699385058	33.595099679369014
84.82694374182239	-2.359583572659176
43.04525087536814	-44.141276439113426
61.262760411076954	-25.923766903404612
67.143272654432	-20.04325466004957
127.26701746447571	40.08049014999415
98.30070738098794	11.114180066506378
137.26496404588607	50.07843673140451
92.40107805982035	5.214550745338784
173.5128541863108	86.32632687182922
40.22351582149196	-46.96301149298961
66.67368120081875	-20.512846113662818
46.51343448816834	-40.67309282631322
82.47657827442373	-4.709949040057836
115.80148572799436	28.614958413512795
95.33577330647887	8.149245991997304
87.79226411425253	0.6057367997709662
112.55722857198481	25.370701257503242
85.11236579944881	-2.074161515032756
86.41508446147992	-0.7714428530016448
72.27956163499249	-14.906965679489076
114.81636298203586	27.62983566755429
125.43284106735001	38.246313752868446
117.1367814448916	29.95025413041003
98.36256282759342	11.176035513111856
48.52799230246666	-38.65853501201491
58.398811153269264	-28.787716161212302
112.31168240131439	25.12515508683282
61.43348876189185	-25.753038552589715
86.90328769263789	-0.283239621843677
98.1883178652227	11.001790550741134
56.73574595421297	-30.450781360268593
83.53546384297289	-3.651063471508678
73.89068964401878	-13.295837670462788
102.45981043495914	15.273283120477572
114.86548045900628	27.678953144524712
62.29684841082991	-24.889678903651657
98.73381598237239	11.547288667890825
58.58636734551902	-28.600159968962544
92.66930336170691	5.482776047225343
69.07856810285222	-18.10795921162935
78.66757260142396	-8.51895471305761
109.02024449003721	21.83371717555565
67.0983623569212	-20.088164957560366
107.14828419621546	19.96175688173389
58.00438830726699	-29.182139007214573
120.97626964724833	33.789742332766764
89.59481788802287	2.408290573541308
116.40105208470987	29.21452477022831
73.75048446847569	-13.436042846005876
99.06413826065756	11.877610946175992
137.41313643820678	50.22660912372521
54.86547892901791	-32.321048385463655
57.201898185654784	-29.984629128826782
103.41959528839135	16.233067973909783
133.29329042180535	46.106763107323786
107.36080117686862	20.174273862387054
138.6140585061242	51.42753119164263
100.05003709093063	12.863509776449064
199.010161948698	111.82363463421643
70.02452719930653	-17.162000115175033
83.91780505466369	-3.268722259817878
27.269104807785254	-59.91742250669631
4.3693181267465775	-82.81720918773499
44.26627273301921	-42.92025458146236
83.70333896531002	-3.4831883491715416
159.4203444242615	72.23381710977992
56.91107706865506	-30.275450245826505
134.54263342471887	47.356106110237306
71.75297762877227	-15.433549685709295
135.61514766344254	48.428620348960976
60.28159742638155	-26.904929888100014
121.31203633026081	34.125509015779244
75.15842972665479	-12.028097587826778
145.74923459881603	58.562707284334465
83.01533951147786	-4.171187803003704
49.83641380965338	-37.35011350482819
115.52874293891574	28.342215624434175
-2.138980068904573	-89.32550738338614
85.06235275554565	-2.1241745589359198
73.14640090297536	-14.040126411506208
64.19320556857775	-22.993321745903813
107.4402493282999	20.253722013818333
62.21003219923506	-24.976495115246507
78.66018332953018	-8.526343984951382
41.57542191331078	-45.61110540117079
61.80558159700223	-25.380945717479335
54.20753869888932	-32.97898861559224
91.98657479892637	4.800047484444804
52.038271724539584	-35.14825558994198
72.74099902127847	-14.445528293203097
83.10774715953659	-4.07878015494498
80.35231427368336	-6.834213040798204
32.358042276451954	-54.82848503802961
151.63485626361427	64.4483289491327
42.83491210897256	-44.351615205509006
50.84202061353636	-36.3445067009452
36.57809578042571	-50.60843153405585
71.75619393399603	-15.430333380485536
34.33825000396092	-52.84827731052064
132.69773277043925	45.51120545595768
51.081959272445886	-36.10456804203568
55.66794130360569	-31.51858601087588
106.65617396169029	19.46964664720872
77.49050400403422	-9.696023310447345
125.20334296877473	38.01681565429317
100.86142758294801	13.674900268466445
125.67833578889469	38.49180847441312
49.13601885523741	-38.050508459244156
93.81516653907812	6.628639224596554
55.02044272175618	-32.16608459272538
78.64411064441293	-8.542416670068633
93.84336240186741	6.6568350873858435
22.326438935795807	-64.86008837868576
60.52896585334594	-26.65756146113563
74.12268491290371	-13.063842401577858
43.8283964102323	-43.358130904249265
70.77230698088744	-16.41422033359413
70.40887939502346	-16.777647919458104
97.38904566168122	10.202518347199657
66.85185410923651	-20.334673205245053
31.283147450858735	-55.90337986362283
93.23115326494946	6.044625950467889
64.11801811530523	-23.068509199176333
86.42441848207301	-0.7621088324085576
134.6611312449116	47.47460393043002
96.13329779233237	8.946770477850805
71.7110861674758	-15.475441147005768
118.9915093783805	31.804982063898933
98.34638548027061	11.159858165789046
82.3808866491475	-4.805640665334067
64.19903280840873	-22.987494506072835
50.21009681358038	-36.97643050090119
75.55710746611504	-11.629419848366524
112.139379280083	24.95285196560144
78.14416462737637	-9.042362687105197
88.45693921877165	1.2704119042900857
109.01900522952411	21.832477915042546
122.92014020486596	35.73361289038439
38.242547312607996	-48.94398000187357
163.98864472529596	76.80211741081439
-30.586576557861633	-117.7731038723432
105.36982074816689	18.18329343368532
150.02915358534875	62.842626270867186
50.59209870529804	-36.594428609183524
81.89654219863797	-5.289985115843592
74.30087079131255	-12.885656523169018
74.40343203698495	-12.783095277496614
89.31862026336813	2.132092948886566
130.5492363388351	43.362709024353535
132.86631256553147	45.67978525104991
69.70204723211856	-17.484480082363007
33.61746663914738	-53.569060675334185
75.2282848196067	-11.958242494874867
92.29490699181252	5.108379677330959
63.939565406663235	-23.24696190781833
49.014662151459845	-38.17186516302172
64.89610419153388	-22.290423122947686
140.4226062932742	53.23607897879265
100.79430533395708	13.607778019475518
86.07552715960111	-1.1110001548804576
83.52432425457147	-3.662203059910098
41.31812235528406	-45.868404959197505
64.41332389104565	-22.773203423435916
150.70791665544886	63.52138934096729
60.138978409553886	-27.04754890492768
103.10154835862551	15.915021044143941
111.60719486378576	24.4206675493042
48.71898244788673	-38.467544866594835
54.40977055575269	-32.77675675872888
77.10650302641653	-10.080024288065033
77.68323497801822	-9.503292336463346
136.6663927313951	49.479865416913526
63.3211830630774	-23.865344251404167
138.97837651167566	51.7918491971941
84.7660094731421	-2.4205178413394606
171.07674680785777	83.89021949337621
70.59696843011108	-16.58955888437049
-25.374804028598817	-112.56133134308038
66.7454745877788	-20.441052726702765
105.9609645104959	18.774437196014333
27.881022497286096	-59.30550481719547
72.84378544749262	-14.342741866988945
94.36956914045942	7.183041825977853
62.44572552632809	-24.740801788153476
4.530254928950228	-82.65627238553134
126.04098688125879	38.85445956677722
69.08843444021687	-18.098092874264694
12.45966411562614	-74.72686319885543
43.84146705786617	-43.3450602566154
161.1660380436827	73.97951072920114
99.40845525777178	12.221927943290211
76.49682463375422	-10.68970268072735
128.32448632117513	41.13795900669356
-9.296546360170112	-96.48307367465168
74.4913063425941	-12.695220971887466
62.61427385374765	-24.57225346073392
52.01440262522584	-35.172124689255725
27.341505511243952	-59.845021803237614
120.37944205290324	33.19291473842168
94.67156244378049	7.485035129298922
102.72756659962971	15.541039285148145
45.260601381365916	-41.92592593311565
67.33262356830738	-19.853903746174183
72.04282863230247	-15.143698682179092
78.79720183109958	-8.389325483381981
163.6599201798693	76.47339286538772
49.700216973217096	-37.48631034126447
61.27918242446532	-25.907344890016248
65.3308257535412	-21.85570156094036
49.6403670594903	-37.546160254991264
131.46791598652118	44.28138867203961
179.60749526777573	92.42096795329417
65.42682961673046	-21.759697697751108
101.12449953271636	13.93797221823479
57.69359313366505	-29.49293418081652
85.09203900577478	-2.0944883087067865
104.90153076783673	17.715003453355166
123.17584622133501	35.98931890685344
71.4298355820086	-15.756691732472973
92.72486107885408	5.53833376437251
109.78642008382513	22.59989276934357
172.292168704242	85.10564138976042
96.72158524612524	9.535057931643678
71.48692126613088	-15.699606048350688
38.60649559775112	-48.580031716730446
108.69307828470693	21.506550970225362
90.97898169688625	3.792454382404685
97.37348462461006	10.186957310128491
59.192962320814615	-27.99356499366695
36.42731895926619	-50.75920835521538
74.01029824526842	-13.17622906921315
92.90564169881901	5.719114384337445
97.86573781786348	10.67921050338191
52.32776922482509	-34.858758089656476
49.42775742567238	-37.758769888809184
87.54490483014007	0.3583775156585034
110.60767003812572	23.421142723644152
59.442055991387235	-27.74447132309433
89.70770511235088	2.5211777978693135
47.23631358139602	-39.95021373308555
34.51456781952794	-52.671959494953626
14.85333653961635	-72.33319077486522
117.70843176875707	30.5219044542755
131.34458959552495	44.158062281043385
74.04756388796005	-13.138963426521514
78.72734639635229	-8.459180918129277
107.90535850309453	20.718831188612967
78.77823140363245	-8.40829591084912
158.4272162412547	71.24068892677315
148.8273076085482	61.640780294066644
50.1065546215562	-37.07997269292537
78.36406880534406	-8.822458509137505
69.82921332863253	-17.357313985849032
64.35751855062182	-22.829008763859747
31.610021693081137	-55.57650562140043
128.73599769815547	41.549470383673906
86.54828628860042	-0.6382410258811433
71.25493387285889	-15.931593441622681
79.50221317864117	-7.6843141358403955
114.9726883318238	27.786161017342238
81.85167693208706	-5.334850382394507
121.78036210817146	34.593834793689894
16.789933976253735	-70.39659333822783
118.73987535645057	31.553348041969002
110.07711264169694	22.890585327215376
105.68336580656097	18.496838492079405
122.33814020177152	35.15161288728996
106.55287477965095	19.366347465169383
58.036167341795874	-29.150359972685692
48.3396257992884	-38.84690151519317
151.7027152954127	64.51618798093114
63.61617537874764	-23.570351935733925
112.89596133944207	25.7094340249605
78.76070978776471	-8.425817526716855
94.206541954731	7.020014640249428
159.15228494383547	71.9657576293539
147.44056036271132	60.25403304822976
43.954541877947406	-43.23198543653416
77.79262224202313	-9.393905072458438
70.70042279135879	-16.486104523122776
110.5923243550954	23.405797040613834
77.73167999409117	-9.4548473203904
87.94966762852192	0.7631403140403563
135.65834799889336	48.471820684411796
77.44908227786283	-9.737445036618738
59.36125875146746	-27.825268563014106
72.36622288455175	-14.82030442992982
118.62448861119839	31.43796129671682
82.66033709355025	-4.526190220931312
59.662499619591756	-27.52402769488981
93.5418091894847	6.355281875003129
83.85884724391718	-3.3276800705643836
87.26701448812884	0.08048717364727054
113.0101924869835	25.823665172501933
51.249200630222106	-35.93732668425946
81.28385948470014	-5.9026678297814215
106.92078679085745	19.734259476375883
55.82270436865139	-31.36382294583018
97.73161570832809	10.545088393846527
79.29170762536734	-7.894819689114229
124.58438779854833	37.39786048406677
54.385409618118786	-32.80111769636278
68.2336415956982	-18.952885718783364
38.58521716483148	-48.60131014965009
131.1631988195607	43.97667150507914
79.22855773008115	-7.957969584400416
44.83949059395155	-42.347036720530014
134.19385232495762	47.00732501047605
126.049827633093	38.86330031861144
105.13243041822199	17.94590310374042
113.8389094710895	26.652382156607928
165.6762118297068	78.48968451522524
112.07763555980847	24.891108245326905
102.81604973397253	15.629522419490968
95.845459748731	8.658932434249436
116.59737894998608	29.410851635504514
89.25743391562929	2.070906601147726
74.60818622117432	-12.578341093307245
66.77433191759548	-20.41219539688609
55.152027489124805	-32.03449982535676
99.00811847899087	11.8215911645093
102.31329656398367	15.126769249502104
93.34572813943879	6.1592008249572245
93.81479101223732	6.628263697755756
169.33412114856975	82.14759383408818
110.59927327442193	23.412745959940366
108.36609726477974	21.179569950298173
97.36154876051506	10.175021446033497
96.7280751970705	9.54154788258893
66.69033027040342	-20.496197044078144
118.265195970673	31.07866865619144
85.24209676851962	-1.94443054596195
107.51729471549544	20.330767401013873
52.15733306757676	-35.02919424690481
-26.288085676494745	-113.47461299097631
103.71203950398404	16.52551218950248
123.97627596743615	36.789748652954586
128.12317074544472	40.93664343096316
64.43088569345338	-22.75564162102819
48.450180504313096	-38.73634681016847
94.51540199695074	7.328874682469177
137.49002438191593	50.303497067434364
78.55196345369251	-8.634563860789058
72.88776347806771	-14.298763836413855
65.99231930967863	-21.19420800480293
81.33169156985451	-5.854835744627053
70.89591895372934	-16.29060836075223
51.56715710238706	-35.61937021209451
64.9903239729195	-22.196203341562068
119.23150582648151	32.04497851199994
77.70616025124247	-9.4803670632391
129.98800366655843	42.80147635207686
108.84541823521641	21.658890920734848
63.89542028018542	-23.291107034296147
12.226077491070384	-74.96044982341118
106.53540798800742	19.348880673525855
105.31918196034013	18.132654645858565
81.37008336984064	-5.816443944640923
72.54421328829113	-14.642314026190434
92.07001333819272	4.883486023711157
52.89322734163062	-34.293299972850946
68.57231567841	-18.61421163607156
94.79172105685785	7.6051937423762865
118.06532814662415	30.878800832142588
24.64964516887477	-62.536882145606796
75.75325410795841	-11.433273206523154
115.65326355530334	28.466736240821774
87.39981398942683	0.21328667494526599
99.32403412324703	12.137506808765465
71.69797073726869	-15.488556577212876
69.01765254166304	-18.168874772818526
125.63498101066426	38.448453696182696
71.22907463980874	-15.957452674672822
95.70076416761941	8.514236853137845
91.08024204397435	3.8937147294927854
126.47295072081243	39.28642340633087
44.20299828204071	-42.983529032440856
70.26171112022922	-16.924816194252344
142.94049070112152	55.75396338663995
113.11613527007495	25.929607955593383
109.41977669259569	22.233249378114124
68.55682178617491	-18.62970552830666
10.282503810174887	-76.90402350430668
76.89586386771617	-10.290663446765393
98.311310530002	11.124783215520438
165.55606447672682	78.36953716224525
113.59596169639764	26.40943438191607
77.420015817452	-9.766511497029569
124.85488089779602	37.668353583314456
50.13781237378345	-37.04871494069812
77.3916190143521	-9.794908300129464
80.52279097050115	-6.663736343980418
40.40351529448736	-46.7830120199942
118.56491997043696	31.378392655955395
160.44073429727206	73.25420698279049
23.382794612947976	-63.80373270153359
90.49148191711203	3.3049546026304597
86.75038894596429	-0.43613836851727683
103.47399592843641	16.287468613954843
128.54545427010663	41.358926955625066
102.66045675246488	15.473929437983315
107.07612450765947	19.889597193177906
90.20870556886285	3.022178254381288
72.71917014826823	-14.467357166213333
148.5087489559249	61.32222164144332
66.68506481829019	-20.50146249619138
153.52006375948469	66.33353644500312
105.2310644069824	18.044537092500832
131.63921677870013	44.452689464218565
121.8078128888904	34.62128557440883
32.02751556877257	-55.159011745708995
62.591992939868135	-24.59453437461343
110.41154948371906	23.22502216923749
112.4844851227702	25.29795780828863
85.09710660601769	-2.0894207084638765
74.73948982605572	-12.447037488425849
87.32618037602725	0.1396530615456868
102.59214943356557	15.405622119084
88.64937036542898	1.4628430509474128
65.50368276724686	-21.68284454723471
102.3652242145202	15.17869690003863
75.14351532841312	-12.04301198606845
124.55110060553335	37.364573291051784
69.44753281877121	-17.738994495710358
79.7161204983152	-7.47040681616636
122.40100069990359	35.214473385422025
48.429401583360516	-38.75712573112105
112.46860161039723	25.282074295915663
144.73441399619543	57.54788668171386
94.27439886908024	7.087871554598678
126.26034439254937	39.073817078067805
115.272847897026	28.08632058254443
65.4503844359736	-21.736142878507962
118.72106963811012	31.534542323628557
60.88180794302235	-26.304719371459214
92.07682712287561	4.890299808394047
100.18073097978987	12.994203665308305
57.11910053724051	-30.067426777241053
88.55238391965605	1.3658566051744856
77.32134314219212	-9.865184172289446
69.04295271223447	-18.1435746022471
67.03786932294526	-20.14865799153631
80.34130912726897	-6.845218187212595
107.49292924899993	20.306401934518362
99.37274543600716	12.186218121525599
116.56210600564583	29.375578691164264
76.14635632933852	-11.04017098514305
76.33721341143456	-10.849313903047005
82.59603989801172	-4.590487416469841
76.81599298033899	-10.370534334142576
153.39044200527343	66.20391469079186
110.9269870154115	23.740459700929932
56.50836293107051	-30.67816438341106
51.22870292392537	-35.9578243905562
58.92264736487624	-28.263879949605325
102.14515807842173	14.958630763940164
24.1671231759413	-63.01940413854027
105.18116432013841	17.99463700565684
88.37245408367227	1.1859267691907007
83.33105948461372	-3.855467829867848
56.71864527455392	-30.467882039927645
58.17912732661563	-29.007399987865938
53.49312714101899	-33.69340017346258
44.647925794490504	-42.53860151999106
133.36069029921993	46.17416298473836
77.42922051091074	-9.757306803570827
155.08375350972557	67.897226195244
105.93889422089188	18.752366906410316
83.57199917915779	-3.6145281353237806
89.00634113502957	1.8198138205480063
102.90670406453347	15.720176750051905
28.476324288045646	-58.71020302643592
119.5777447558815	32.39121744139993
64.38797127839854	-22.798556036083028
95.65199612062344	8.465468806141871
96.46934053462093	9.28281322013936
71.78128780093022	-15.40523951355135
130.36334677039332	43.176819455911755
80.68296066485556	-6.503566649626009
120.66416457294173	33.47763725846016
66.84707831895713	-20.339448995524435
49.80570658417338	-37.38082073030819
148.86376136732207	61.677234052840504
82.79286176804663	-4.3936655464349315
49.36890457709006	-37.8176227373915
68.20564303556085	-18.980884278920712
115.31241188850464	28.125884574023075
55.45477407597565	-31.731753238505917
73.01791835771502	-14.168608956766548
38.815456017592	-48.37107129688957
81.63514428891568	-5.551383025565883
45.383031612744446	-41.80349570173712
103.39555319077255	16.20902587629098
64.72973624934303	-22.456791065138532
115.85187989835896	28.665352583877393
124.80183133027668	37.61530401579512
156.25907229197247	69.0725449774909
109.25250415972761	22.06597684524604
52.226458251041834	-34.96006906343973
66.35697594637378	-20.829551368107786
99.39962413643872	12.213096821957151
63.22393095468789	-23.96259635979368
63.9894740665498	-23.197053247931763
77.11309405201092	-10.073433262470644
136.9907963835597	49.804269069078146
111.93392728732061	24.747399972839048
80.50958957014001	-6.676937744341558
72.80141340317124	-14.385113911310327
44.33396392109199	-42.85256339338957
2.487048048499048	-84.69947926598252
95.75916541317048	8.572638098688913
67.54331578994089	-19.643211524540675
159.65670444592462	72.47017713144305
54.23958777463332	-32.946939539848245
85.62731560279127	-1.5592117116902955
103.16035780451995	15.973830490038381
125.38010252996384	38.19357521548227
100.76591965800827	13.579392343526706
61.042540043812835	-26.14398727066873
68.01022681484966	-19.176300499631907
88.37746269777045	1.1909353832888883
157.8697438510447	70.68321653656312
44.945839951937444	-42.24068736254412
130.73055278804014	43.54402547355858
102.18232607883903	14.99579876435746
120.57163198027621	33.38510466579464
60.12645765967528	-27.060069654806284
66.98728893295839	-20.199238381523173
-6.389190070241682	-93.57571738472325
96.9353977242302	9.748870409748633
75.95287512558781	-11.233652188893757
51.02648262921349	-36.160044685268076
155.60714498558292	68.42061767110135
63.462209833249574	-23.724317481231992
137.7247535276859	50.538226213204325
92.55432119808603	5.367793883604463
86.1838473957053	-1.0026799187762663
94.86011860514037	7.6735912906588055
82.6332335381033	-4.553293776378268
76.5518000102332	-10.634727304248372
64.2052040489528	-22.981323265528772
103.45754917925143	16.271021864769864
133.8186752251225	46.632147910640924
95.71222699218407	8.525699677702505
77.92865382471274	-9.257873489768826
104.33899775495439	17.152470440472825
67.93132090596401	-19.25520640851755
112.58262469893299	25.396097384451423
36.85775818463509	-50.32876912984648
43.25403358933028	-43.93249372515129
87.75733522449656	0.5708079100149916
108.55768817088602	21.371160856404458
116.04184771837237	28.8553204038908
91.30707486364037	4.1205475491588
60.44838205323532	-26.738145261246245
82.15347251021223	-5.033054804269341
97.79328900871252	10.606761694230954
65.83505848174019	-21.351468832741375
68.40638476175292	-18.78014255272865
55.95721148832155	-31.22931582616002
30.882593230753912	-56.303934083727654
74.25956058982621	-12.926966724655358
157.07386138983048	69.88733407534892
48.807024238502265	-38.3795030759793
28.328949906195987	-58.85757740828558
62.641434171690264	-24.545093142791302
63.727694870629705	-23.45883244385186
142.2350509576084	55.04852364312683
129.58708205158683	42.40055473710527
47.83636061520002	-39.350166699281544
92.52141282386066	5.334885509379092
53.21306323833625	-33.97346407614532
48.44403425946285	-38.74249305501871
109.99209166015709	22.80556434567552
39.78639918389882	-47.40012813058274
67.09240616730159	-20.094121147179976
87.53448799687823	0.34796068239666056
69.90607599291462	-17.280451321566943
64.41229995974783	-22.77422735473374
85.12648278818443	-2.0600445262971334
171.7551015768425	84.56857426236093
117.69848086990743	30.511953555425862
24.603654635446503	-62.58287267903506
80.23100245862071	-6.955524855860858
79.42556635529246	-7.760960959189106
36.3025330574913	-50.88399425699026
106.51443350702385	19.327906192542287
50.11470211029729	-37.07182520418428
83.66280821099855	-3.5237191034830175
56.23447903740663	-30.952048277074937
82.91061294505408	-4.275914369427483
-11.98962837012158	-99.17615568460315
75.71649500575069	-11.470032308730879
136.2736832997055	49.087155985223944
107.17489621130727	19.988368896825705
72.29035485256674	-14.89617246191483
26.59551581317129	-60.59101150131028
75.03219104922238	-12.15433626525919
76.05244684356359	-11.13408047091798
96.91527595772851	9.728748643246945
62.757613689320635	-24.42891362516093
113.1935664498763	26.007039135394734
0.6162141279658613	-86.5703131865157
101.86298715537333	14.676459840891766
131.8659477398199	44.67942042533832
59.23742366529979	-27.94910364918178
90.32368482150406	3.1371575070224935
85.27866313586338	-1.9078641786181834
72.96008387534158	-14.226443439139985
131.89312195162557	44.70659463714401
76.67282093693422	-10.51370637754735
125.33494052232919	38.148413207847625
103.98011667812744	16.79358936364588
54.97721412687889	-32.209313187602675
90.07060439876142	2.884077084279852
-5.6925748845221165	-92.87910219900368
103.61200698763633	16.42547967315477
111.59052135388112	24.40399403939955
61.32388727998688	-25.86264003449469
124.49556517461525	37.309037860133685
79.74668046427752	-7.439846850204049
48.80884805435409	-38.37767926012748
86.80172318394972	-0.3848041305318475
203.2904646164555	116.10393730197393
136.86056981102075	49.67404249653919
119.84010070885626	32.65357339437469
135.031802280357	47.84527496587543
91.94135652118922	4.7548292067076545
97.71252551938443	10.525998204902862
89.48205032118341	2.295523006701842
139.22146796665248	52.03494065217092
106.0958381600961	18.909310845614527
74.80428960263299	-12.382237711848575
116.25922048825515	29.072693173773587
80.48049685296638	-6.706030461515184
70.76900240547758	-16.417524909003987
141.48138144948672	54.29485413500515
23.666251937948175	-63.52027537653339
53.49493405973982	-33.69159325474175
43.76218207998528	-43.424345234496286
83.84678152669431	-3.339745787787251
51.01514419699589	-36.171383117485675
150.39038499599184	63.20385768151027
82.55981797246415	-4.626709342017421
49.659372079944944	-37.52715523453662
82.9377930178619	-4.248734296619659
100.17958175033192	12.993054435850354
64.24432085138898	-22.94220646309259
41.4493801110969	-45.737147203384666
105.2536672341542	18.067139919672627
161.4221805883738	74.23565327389224
156.82018138517952	69.63365407069796
108.85221885773564	21.66569154325407
118.44331307671592	31.256785762234358
67.46167327485665	-19.724854039624915
51.83897793569696	-35.347549378784606
123.41821372040641	36.23168640592485
86.34560778063525	-0.8409195338463178
88.34805998792791	1.1615326734463451
149.65093544729672	62.46440813281515
125.44354302318453	38.257015708702966
99.35984085222509	12.173313537743525
132.81651362097392	45.629986306492356
109.37279894795421	22.186271633472643
154.52758297095926	67.34105565647769
-7.4100630644804255	-94.59659037896199
58.405520842936596	-28.78100647154497
32.83559498022288	-54.35093233425869
26.787593865711017	-60.39893344877055
81.31414542939666	-5.872381885084906
89.49040740302218	2.303880088540609
107.08231102087512	19.89578370639356
11.083083588923103	-76.10344372555846
113.58196289125982	26.395435576778254
73.31010000876478	-13.876427305716788
71.63047857725388	-15.556048737227684
51.49767066184933	-35.68885665263224
87.85861939343368	0.6720920789521188
50.81350858664001	-36.373018727841554
110.01025409321511	22.823726778733544
124.26222373781121	37.075696423329646
98.63827901770338	11.451751703221817
69.91645751914103	-17.270069795340532
126.24739086335677	39.060863548875204
33.640586327225094	-53.54594098725647
104.6708215372949	17.484294222813332
82.65021098526114	-4.536316329220426
61.067913451728884	-26.11861386275268
80.56351042274247	-6.623016891739098
41.25711097775121	-45.929416336730355
84.73216563294619	-2.4543616815353744
107.5577324773206	20.371205162839033
102.45657338113443	15.270046066652867
63.69743786422106	-23.489089450260508
16.918284682049773	-70.2682426324318
54.108640734021094	-33.07788658046047
124.85580352938479	37.66927621490322
125.09927864757111	37.912751333089545
53.92829821194965	-33.258229102531914
112.8425513918358	25.656024077354232
66.03033752370021	-21.156189790781355
59.030450674052474	-28.15607664042909
76.84253874265625	-10.34398857182532
66.7882549056979	-20.39827240878367
82.775142107161	-4.4113852073205635
89.62302023111471	2.436492916633142
143.18831958499715	56.00179227051558
107.03938036316168	19.852853048680117
94.46832993057825	7.281802616096684
46.36623817641731	-40.820289138064254
87.89122048972268	0.7046931752411183
68.75878341686831	-18.427743897613254
97.11622545946949	9.929698144987924
91.53906182243583	4.35253450795426
63.606227747894366	-23.5802995665872
114.44624787563436	27.25972056115279
76.16910705362017	-11.0174202608614
39.51772308527353	-47.668804229208035
71.2379018716768	-15.948625442804769
71.86051207702468	-15.326015237456886
32.48713328156947	-54.699394032912096
60.89235837888765	-26.294168935593916
63.25769493507897	-23.928832379402593
105.44082476795512	18.254297453473555
33.574629464072416	-53.61189785040915
74.2490485678739	-12.937478746607667
85.84665522232746	-1.3398720921541099
68.13862648318383	-19.04790083129774
77.67124440713297	-9.515282907348592
90.26357602150739	3.077048707025824
96.43724516620779	9.250717851726222
123.02371603399143	35.83718871950987
35.15624949142722	-52.03027782305435
119.29513021336089	32.108602898879326
105.75228912862286	18.565761814141297
108.44325412856625	21.256726814084686
140.77949533445855	53.59296801997698
97.24758801423224	10.06106069975067
73.42827943510412	-13.75824787937745
110.94540482999793	23.75887751551636
79.79136385853263	-7.395163455948932
72.5428790000463	-14.643648314435268
84.33684814813233	-2.849679166349233
143.06645454009623	55.879927225614665
117.97738752429933	30.790860209817765
129.69411465367222	42.50758733919065
101.2406786264931	14.054151312011527
119.8405171353973	32.65398982091574
81.02738734339283	-6.1591399710887345
93.77834426141845	6.591816946936888
69.1541912710257	-18.03233604345587
96.9934909529423	9.80696363846073
89.23024181474676	2.043714500265196
71.94815958081955	-15.238367733662017
129.63267237697647	42.44614506249491
146.34223476820836	59.15570745372679
102.10018677334511	14.913659458863549
73.06475044266182	-14.121776871819748
61.812333872660304	-25.374193441821262
53.33677765308158	-33.84974966139998
98.92888283239364	11.742355517912074
110.79869333814923	23.61216602366767
89.26258349949995	2.0760561850183876
37.350886291142444	-49.83564102333912
40.786934452817434	-46.39959286166413
69.5905961378906	-17.595931176590966
-8.329043672927298	-95.51557098740886
117.61901635716123	30.432489042679663
77.53129994528928	-9.65522736919229
34.60234036918183	-52.584186945299734
80.21830607310613	-6.968221241375431
151.7708328775355	64.58430556305393
118.05947743528151	30.872950120799942
133.7994050233413	46.61287770885974
114.5216605552435	27.335133240761934
116.26163384120656	29.075106526724994
112.82544486297621	25.638917548494646
74.92939124071773	-12.257136073763832
30.79324877241953	-56.393278542062035
87.03452649472666	-0.1520008197549032
119.47994590786612	32.29341859338456
93.71247215997056	6.5259448454889935
87.3794268303339	0.19289951585233212
110.32886936572532	23.14234205124376
159.09762185320352	71.91109453872195
120.03334094476514	32.84681363028358
106.66963141193474	19.48310409745318
96.794215845863	9.607688531381427
81.34977099065355	-5.836756323828013
87.13044351637865	-0.05608379810291808
84.74155170336809	-2.4449756111134775
89.83244185809082	2.6459145436092513
86.93586564749631	-0.25066166698525194
76.44246306967608	-10.744064244805486
158.8920434738705	71.70551615938894
89.64525666924811	2.4587293547665467
83.06472728261934	-4.121800031862222
114.1999037048102	27.01337639032863
74.45392660869612	-12.732600705785444
95.32671936911566	8.140192054634099
109.78152405302018	22.59499673853861
75.64930771531573	-11.537219599165837
45.112304556141964	-42.0742227583396
99.83159167846526	12.645064363983693
113.7061787184669	26.519651403985335
88.93226091464959	1.7457336001680233
116.28212102457684	29.095593710095272
109.89725867180306	22.710731357321492
147.51139854247077	60.324871227989206
132.00213295710483	44.81560564262327
73.75611750652234	-13.430409807959222
148.63820657271054	61.45167925822898
96.89240863145307	9.7058813169715
66.29056392691774	-20.895963387563825
122.01636003222876	34.829832717747195
2.808064579165432	-84.37846273531613
82.06950971420366	-5.117017600277904
50.411320926128894	-36.77520638835267
103.11657565632987	15.930048341848305
134.7255586920822	47.53903137760062
88.37392838235456	1.1874010678729974
89.8200181817977	2.633490867316141
63.41779637598876	-23.76873093849281
81.9979305172622	-5.188596797219361
59.32805333116477	-27.8584739833168
152.1231454347456	64.93661812026403
98.21529902670801	11.028771712226444
86.59217248662236	-0.5943548278592061
57.47526929764928	-29.71125801683229
129.299300261979	42.11277294749743
83.86793097968831	-3.3185963347932557
90.00640230984055	2.819874995358987
133.55890449881764	46.372377184336074
50.08907775563631	-37.097449558845256
136.39259648972285	49.20606917524128
126.66294969590882	39.476422381427255
58.64688803999371	-28.539639274487854
54.40884766093433	-32.77767965354724
150.81790870228934	63.63138138780778
70.54723929138191	-16.639288023099652
79.08888733842679	-8.09763997605478
51.399363521954285	-35.78716379252728
79.31721375783883	-7.869313556642737
131.12538464248274	43.93885732800118
102.9431559646203	15.756628650138737
134.17061273895007	46.9840854244685
118.49031202077668	31.30378470629512
64.46068142054929	-22.725845893932274
57.20875447440113	-29.977772840080434
72.35693809944706	-14.829589215034503
130.59912408181327	43.412596767331706
95.83035261756078	8.643825303079211
