Hf	deltaHf ref=-31.041927046431454
-45.971202964310294	-14.92927591787884
-26.404772665174903	4.6371543812565506
-25.094845898651045	5.947081147780409
-11.149060312496374	19.89286673393508
-50.40672379337565	-19.364796746944194
-33.22164495050464	-2.179717904073186
-56.302971457827596	-25.261044411396142
-54.33119658622098	-23.28926953978953
-31.195341653857838	-0.15341460742638446
-37.0514684329807	-6.009541386549245
-39.8697154532253	-8.827788406793843
-13.437368687793139	17.604558358638315
-42.47415579417219	-11.432228747740737
-29.877134769410702	1.1647922770207515
-32.36945760497264	-1.3275305585411843
-20.720462397786548	10.321464648644906
-32.96343303250404	-1.9215059860725887
-10.30844397069967	20.733483075731783
-39.81097240152093	-8.769045355089474
-70.44826958620769	-39.40634253977623
-15.180270601527525	15.861656444903929
-36.846579186761744	-5.80465214033029
-31.086885833077474	-0.0449587866460206
-44.874389190559384	-13.83246214412793
-10.230697670760208	20.811229375671246
-7.697820846134789	23.344106200296665
-5.277881865911411	25.764045180520043
-64.87916117562935	-33.837234129197896
-19.55230871167231	11.489618334759143
-32.941801529361044	-1.8998744829295902
-38.15500864460563	-7.113081598174176
-14.427480644035029	16.614446402396425
-27.24937635856412	3.792550687867333
-39.62294807693769	-8.581021030506236
-41.68480723498004	-10.642880188548588
-24.20943401934136	6.832493027090095
-31.783587486422846	-0.7416604399913922
-27.694483479933922	3.3474435664975317
-5.992789568974047	25.049137477457407
-37.78953597289882	-6.747608926467365
2.9724681470855217	34.014395193516975
-25.993007075941648	5.048919970489806
-55.48569570906483	-24.443768662633374
-23.385491122242172	7.656435924189282
-25.622903296940137	5.419023749491316
-68.07963669772806	-37.03770965129661
-26.76359910322725	4.278327943204204
-25.067548863762283	5.97437818266917
-31.095375510614474	-0.053448464183020405
-21.27624051380343	9.765686532628024
-33.185637141634004	-2.1437100952025503
-51.82488193597027	-20.782954889538814
-1.5617226868031935	29.48020435962826
-31.163364054254714	-0.1214370078232605
-13.861602800837943	17.18032424559351
-9.089332068045849	21.952594978385605
-2.699523883869631	28.342403162561823
-2.8404903767056453	28.20143666972581
-34.7072112562725	-3.6652842098410474
-5.4100116826427325	25.63191536378872
15.59340021987947	46.635327266310924
-50.20320754809444	-19.161280501662986
-46.532054910623344	-15.49012786419189
-30.893687021654557	0.14824002477689646
-41.87292837214562	-10.831001325714169
-34.333868409432114	-3.29194136300066
-44.95085272584191	-13.908925679410459
-58.279468074991826	-27.237541028560372
-69.21184189220156	-38.16991484577011
-73.60118873406981	-42.559261687638354
-4.687336776461677	26.354590269969776
-16.278002016928156	14.763925029503298
-28.710323601056814	2.3316034453746397
-34.16620570029562	-3.1242786538641667
-65.36868681756977	-34.32675977113831
-37.68676764363562	-6.6448405972041655
-50.78988612256734	-19.747959076135885
-38.802063589942634	-7.76013654351118
-52.710218125792096	-21.668291079360642
4.226939892922303	35.26886693935376
-54.1172880432693	-23.075360996837844
-28.98212491413659	2.0598021322948625
-26.550649601833072	4.491277444598381
-15.831920998925568	15.210006047505885
-11.580314093369168	19.461612953062286
-16.01193424942693	15.029992797004525
-1.920807794694781	29.121119251736673
16.29030513126264	47.332232177694095
-44.28835510324069	-13.246428056809236
-39.74341544793941	-8.701488401507959
-35.906247806369436	-4.864320759937982
-8.655081528236849	22.386845518194605
-75.00794889566686	-43.9660218492354
-26.40165614049846	4.640270905932994
-26.182383448247208	4.859543598184246
-37.11622316710208	-6.074296120670624
-27.643816581692306	3.3981104647391476
-28.89318094363051	2.148746102800942
-38.02699310904217	-6.985066062610713
-21.170232232628848	9.871694813802605
-22.78542229470412	8.256504751727334
-57.7132875539516	-26.67136050752015
-3.373276845695443	27.66865020073601
-40.332214904714135	-9.290287858282682
-14.075807607264949	16.966119439166505
-41.734253549829816	-10.692326503398363
-15.91846161150687	15.123465434924583
-16.677661894207347	14.364265152224107
-51.074529803588746	-20.032602757157292
-18.300880843975108	12.741046202456346
-53.037253369880716	-21.995326323449262
-33.659030532244	-2.6171034858125495
-41.299191344279905	-10.257264297848451
-11.436858215600012	19.605068830831442
-19.570479837156824	11.47144720927463
-43.68436271168838	-12.642435665256926
-46.216429760270046	-15.174502713838592
-48.9125104114334	-17.87058336500195
-44.36036920462874	-13.318442158197286
-32.996755168581956	-1.9548281221505022
-50.92881406306486	-19.88688701663341
-32.19430728530068	-1.1523802388692275
-34.81048598589922	-3.7685589394677663
-21.52774042029131	9.514186626140145
-32.27741548255807	-1.2354884361266159
-5.342590947022188	25.699336099409265
-34.06860706856031	-3.0266800221288577
-28.718396628389826	2.323530418041628
5.831116193223636	36.87304323965509
1.5138559518839543	32.55578299831541
-15.352355283246368	15.689571763185086
-20.222464240925262	10.819462805506191
-41.184247724506065	-10.142320678074611
-51.20863490429264	-20.166707857861184
-5.117079621760865	25.92484742467059
-26.093565264612778	4.948361781818676
-80.13452828339149	-49.092601236960036
-66.73641046028723	-35.69448341385578
-63.10789490102405	-32.0659678545926
-44.8831809516102	-13.841253905178746
-15.800872527308172	15.241054519123281
-52.3346141436902	-21.29268709725875
-45.976176200228736	-14.934249153797282
-29.072654365356073	1.9692726810753811
-35.32078918942506	-4.278862142993603
-39.19720516836759	-8.155278121936135
0.9220275036807948	31.96395455011225
-25.075632949095677	5.966294097335776
-63.069444643447866	-32.02751759701641
-5.821571416917948	25.220355629513506
-57.953395725502276	-26.911468679070822
-22.060080887136507	8.981846159294946
-46.255487830477875	-15.213560784046422
-41.65048999020445	-10.608562943772995
-70.11557293438608	-39.073645887954626
-45.20238106004916	-14.16045401361771
-57.356895376518594	-26.31496833008714
-63.69825918838404	-32.65633214195259
-48.545092111174824	-17.50316506474337
-3.2080611830730845	27.83386586335837
-42.702995222481775	-11.661068176050321
-61.16103270782122	-30.119105661389767
-36.74955088407813	-5.707623837646679
-31.479639015900545	-0.43771196946909185
-40.3285696687214	-9.286642622289946
-27.60065928380726	3.441267762624193
-30.891635456105803	0.15029159032565076
-7.520129488080499	23.521797558350954
-19.14383498683827	11.898092059593182
-29.69167033958155	1.3502567068499047
-22.930737362095613	8.11118968433584
-24.327428162852527	6.714498883578926
-31.223254838446962	-0.18132779201550875
-42.52853876481612	-11.486611718384665
10.933442076568383	41.97536912299984
-14.082966856874634	16.95896018955682
-36.50780055236618	-5.465873505934724
-39.97253365440491	-8.93060660797346
13.838585126535975	44.88051217296743
-37.855595626196816	-6.813668579765363
-10.021317129530587	21.020609916900867
-20.18503058700088	10.856896459430573
-38.69379368360177	-7.651866637170315
-25.525634643212186	5.516292403219268
-32.31613060913304	-1.2742035627015866
-10.478415485527591	20.563511560903862
-20.579134035285904	10.46279301114555
-25.34879704205167	5.693130004379782
-28.54174533973645	2.5001817066950025
-60.09204132958047	-29.050114283149014
1.209204506582239	32.25113155301369
-79.81588581714976	-48.77395877071831
-24.968180730631218	6.073746315800236
-25.516453240850467	5.525473805580987
-11.773815262493088	19.268111783938366
-51.67956816180748	-20.637641115376027
-35.09420471297716	-4.052277666545706
-16.395217086593846	14.646709959837608
-20.176498156562673	10.865428889868781
-31.250966740915544	-0.20903969448409043
-41.283815392145414	-10.24188834571396
-41.82338324752135	-10.781456201089895
-11.444834305015036	19.597092741416418
-26.8050667449549	4.236860301476554
-43.24885815926035	-12.206931112828897
-39.23335484222997	-8.191427795798518
9.422546171628994	40.46447321806045
-33.379426496654276	-2.337499450222822
-38.153803958118885	-7.111876911687432
-34.05866218532691	-3.0167351388954557
-34.61832391377328	-3.5763968673418276
-35.432398786999045	-4.390471740567591
-64.26445249619218	-33.222525449760724
-32.83220526692247	-1.7902782204910181
-47.19171527550287	-16.14978822907142
-19.005812158849665	12.036114887581789
-38.48859395594417	-7.4466669095127145
-27.721028775396633	3.320898271034821
-27.207898887803537	3.834028158627916
-43.80401255552505	-12.762085509093595
-31.744647978497312	-0.7027209320658585
-27.512745818266637	3.5291812281648163
-23.95820372107636	7.083723325355095
3.3934976343319363	34.43542468076339
-75.2195551363381	-44.17762808990665
-37.266293384656535	-6.224366338225082
-28.76883414611592	2.2730929003155325
-21.672297520502696	9.369629525928758
-12.423131813394946	18.618795233036508
-25.18795907651446	5.853967969916994
-16.22975983873556	14.812167207695893
-12.672982172543641	18.368944873887813
-42.27894598737265	-11.237018940941198
-14.50847462743485	16.533452418996603
-16.63938587668025	14.402541169751203
-28.650226425843073	2.391700620588381
-21.619093365557717	9.422833680873737
-6.950867204139001	24.091059842292452
-29.138141679167973	1.903785367263481
-32.791847806683734	-1.7499207602522802
-45.63343480432894	-14.591507757897489
-31.884706396010813	-0.8427793495793594
-54.72500991618807	-23.683082869756618
-31.580220932386226	-0.5382938859547721
-31.76621175226836	-0.724284705836908
-45.1123457433402	-14.070418696908746
7.700605201027713	38.74253224745917
17.419428934679956	48.46135598111141
-57.19053722770849	-26.148610181277036
-8.958667116848744	22.08325992958271
-28.226023088250884	2.81590395818057
-51.51411743870784	-20.47219039227639
-41.46556491756718	-10.423637871135725
3.2006994027345286	34.24262644916598
-14.600280444499447	16.441646601932007
-40.040582911895115	-8.998655865463661
-14.754666362173964	16.28726068425749
21.28182576915634	52.323752815587795
-35.961874187543515	-4.919947141112061
-11.514365425316726	19.527561621114728
-10.89064889863738	20.151278147794073
-35.74632276182609	-4.704395715394639
-52.871031584026866	-21.829104537595413
-2.9742858329533988	28.067641213478055
-23.980157304043757	7.061769742387696
-44.26471431329054	-13.222787266859086
-10.858889623324728	20.183037423106725
-12.23197812765801	18.809948918773443
-35.235291009650325	-4.1933639632188715
-10.631645325583747	20.410281720847706
-80.52295336402102	-49.48102631758957
-21.10861037287185	9.933316673559602
5.552321229699658	36.59424827613111
-27.148504179929375	3.8934228665020783
-14.014967300941578	17.026959745489876
-73.38270761056418	-42.34078056413273
-38.99433740493049	-7.952410358499037
-32.2915913615995	-1.2496643151680473
-53.3727735067784	-22.330846460346947
-3.614966089485904	27.42696095694555
-32.79872840031538	-1.7568013538839296
-15.752983906333327	15.288943140098127
-18.95840181527973	12.083525231151725
-21.7450364442754	9.296890602156054
-43.17539164275303	-12.133464596321573
-13.161146975149393	17.88078007128206
-3.5473998631184145	27.49452718331304
2.60229291225761	33.644219958689064
-7.182799529776901	23.859127516654553
-31.14925727213057	-0.10733022569911554
-66.31386630837886	-35.27193926194741
-0.6615621593643368	30.380364887067117
-20.10999246657383	10.931934579857625
-21.26848818134539	9.773438865086064
-45.317844194212455	-14.275917147781001
-26.078015390534063	4.963911655897391
-29.48210846794035	1.5598185784911038
-30.433876277076422	0.6080507693550317
-8.240623660907374	22.80130338552408
-40.47483718702068	-9.432910140589229
-37.785933171164004	-6.74400612473255
-19.613888947844032	11.428038098587422
-77.96973174987733	-46.92780470344587
3.511657675773961	34.553584722205414
11.032651127405472	42.074578173836926
-48.73174831487785	-17.689821268446394
-33.63442956062289	-2.5925025141914375
-31.776554301189833	-0.7346272547583794
-37.082201653405434	-6.0402746069739806
-18.438651120651855	12.603275925779599
-46.48491878958674	-15.44299174315529
-29.489908649278448	1.552018397153006
-0.2276076272516434	30.81431941917981
-8.639874563797719	22.402052482633735
-52.00121791394275	-20.9592908675113
-21.933852082698365	9.108074963733088
-18.206807115680647	12.835119930750807
-37.21124794563883	-6.169320899207378
-48.90637409378331	-17.86444704735186
19.165187668261126	50.20711471469258
-8.248803296197082	22.793123750234372
-6.151020369373953	24.8909066770575
-32.394761136454406	-1.3528340900229523
-11.212780773492057	19.829146272939397
-46.954856994617955	-15.912929948186502
-31.87423862807708	-0.8323115816456266
-28.823527603961054	2.2183994424703997
-59.792489810248014	-28.75056276381656
-42.84635049497382	-11.804423448542366
-39.75364789142412	-8.71172084499267
-66.1324139029436	-35.09048685651214
-48.54147212413744	-17.49954507770599
-73.31988331340625	-42.2779562669748
-15.952072360783575	15.089854685647879
-53.31852773573854	-22.276600689307088
-15.997811774371883	15.044115272059571
-76.75364022512593	-45.71171317869448
-38.930116456931216	-7.888189410499763
-39.82901871882285	-8.787091672391398
-35.72051429308857	-4.678587246657116
-61.91154727290058	-30.869620226469124
-35.98662173317069	-4.94469468673924
-44.42537202682951	-13.383444980398053
-16.773798265725134	14.26812878070632
-13.33590689426427	17.706020152167184
-60.09793795276863	-29.05601090633718
-45.415125301978776	-14.373198255547322
-44.178103577940135	-13.136176531508681
-29.559412752363357	1.4825142940680962
-46.222902882594724	-15.18097583616327
-29.822624998572508	1.219302047858946
2.564333808523145	33.6062608549546
-37.08248404451086	-6.04055699807941
-17.509364574985455	13.532562471445999
-33.29841275607549	-2.256485709644039
-49.13209180880011	-18.09016476236866
-48.01121162928547	-16.969284582854016
-45.792896573255064	-14.75096952682361
-24.596620098831124	6.445306947600329
-35.863038714289075	-4.821111667857622
-29.028431704687762	2.013495341743692
-33.402043261723236	-2.3601162152917823
-35.42437514893908	-4.382448102507624
-31.252736032647306	-0.2108089862158522
-19.102384839466765	11.939542206964688
-59.88931750650016	-28.84739046006871
-38.54322489710256	-7.501297850671108
-47.44476090591132	-16.40283385947987
-20.958378077482564	10.08354896894889
-37.5071210937146	-6.465194047283148
-27.36341183564008	3.6785152107913746
-32.3393516804187	-1.297424633987248
4.30860688457534	35.350533931006794
3.752584771881004	34.79451181831246
-46.16698810450697	-15.125061058075516
-57.46320111072936	-26.421274064297904
2.092462268747397	33.13438931517885
12.193924699199044	43.2358517456305
-40.145709693982724	-9.10378264755127
-57.171162355194326	-26.129235308762873
-74.06164898977812	-43.01972194334667
-29.552817600486094	1.4891094459453598
-44.77385772269707	-13.73193067626562
-25.063433269866152	5.978493776565301
-54.938914374140666	-23.896987327709212
-40.547797822624204	-9.50587077619275
-9.243271751589134	21.79865529484232
-56.41258097263716	-25.370653926205705
-16.28436394347017	14.757563102961285
-43.98749471462878	-12.945567668197327
-42.439983614223536	-11.398056567792082
-36.53870122032612	-5.496774173894664
-35.425188845065065	-4.383261798633612
-49.43900127135356	-18.397074224922108
-27.30779980723827	3.7341272391931852
-19.121909509207114	11.92001753722434
-44.3727560416134	-13.330828995181946
-30.742692219280514	0.29923482715093996
-43.472276809928815	-12.430349763497361
-47.778777129480375	-16.73685008304892
-20.451609691108104	10.59031735532335
-20.021638392163084	11.02028865426837
-19.300187204962356	11.741739841469098
-21.994518146324197	9.047408900107257
-61.61872288542298	-30.57679583899153
-41.17384758419729	-10.131920537765836
-61.18281633680243	-30.14088929037098
-22.329819515170755	8.712107531260699
-29.02830780908488	2.0136192373465747
-40.93765944499836	-9.895732398566906
7.961654429166003	39.00358147559746
-46.09541594784031	-15.053488901408855
-8.547314512366654	22.4946125340648
-55.98762135323858	-24.945694306807127
-40.25360658803919	-9.211679541607737
-54.0534521798815	-23.01152513345005
-38.984446796732016	-7.942519750300562
-61.407262565100325	-30.36533551866887
-4.498830362279193	26.54309668415226
-14.74726500639889	16.294662040032563
-76.35051311926298	-45.30858607283153
12.670145416794469	43.71207246322592
-50.15807093582197	-19.116143889390514
-66.1131423136664	-35.07121526723495
-46.847151489955365	-15.805224443523912
-42.64298445914545	-11.601057412713999
-8.545627168610451	22.496299877821002
-73.09124232272524	-42.04931527629378
-59.33395701227499	-28.29202996584354
-41.65944793305033	-10.617520886618877
-33.54935162370174	-2.5074245772702852
-59.741975984504904	-28.70004893807345
-23.400031989161732	7.641895057269721
6.193842944894925	37.23576999132638
-43.39985276860324	-12.357925722171785
-27.614867619324002	3.4270594271074515
-62.87809638907282	-31.83616934264137
-24.564799859259153	6.4771271871723
-18.57033603111421	12.471591015317244
-70.1406778775542	-39.09875083112274
-40.81399138716887	-9.772064340737415
-35.00912143609975	-3.9671943896682933
-38.254007355206056	-7.212080308774603
-59.15918482703063	-28.117257780599175
-49.513334240223855	-18.471407193792402
-12.632410317686379	18.409516728745075
-33.73587449392443	-2.693947447492974
-23.25674189753562	7.785185148895835
-44.04936622959002	-13.007439183158567
-69.80657917487923	-38.76465212844778
-45.87338159877771	-14.831454552346258
35.20347964980675	66.2454066962382
-21.199679216600714	9.84224782983074
-76.68905843049077	-45.64713138405932
-52.785307203053605	-21.743380156622152
-13.076558372760417	17.965368673671037
-54.42728338067326	-23.385356334241806
-16.402011610332636	14.639915436098818
-19.48792972154996	11.553997324881493
-18.9443772543288	12.097549792102654
-12.767688747886211	18.274238298545242
-17.58242053587827	13.459506510553183
-16.755878314839435	14.286048731592018
-33.87008041917369	-2.8281533727422357
-50.81519958565849	-19.773272539227037
-5.302463420184438	25.739463626247016
-27.667139638111337	3.374787408320117
-35.63462467337166	-4.5926976269402076
8.71600346945553	39.75793051588698
-45.77767944180022	-14.735752395368763
-17.885284733476226	13.156642312955228
-30.460837411546606	0.5810896348848473
-36.805148340497624	-5.76322129406617
-51.45725566023401	-20.415328613802558
-48.86700832741707	-17.825081280985614
-30.56245852669025	0.47946851974120364
-12.449961902600705	18.59196514383075
-39.649631463440244	-8.60770441700879
-47.529857427709146	-16.487930381277693
-25.324350899287026	5.7175761471444275
-7.282242414553991	23.759684631877462
-29.080231414349043	1.9616956320824102
-42.28659340101666	-11.244666354585206
-36.17714706546184	-5.135220019030385
-15.676591225431991	15.365335820999462
-53.35567112837242	-22.313744081940968
-21.873880145428927	9.168046901002526
-14.341072696782874	16.70085434964858
-56.724551378412514	-25.68262433198106
-25.19008978309074	5.8518372633407125
-29.462597453004207	1.5793295934272464
-34.17975789602286	-3.13783084959141
-20.89951778115727	10.142409265274182
-34.31420392231456	-3.272276875883108
-74.40533719502645	-43.363410148594994
-54.07679102888295	-23.034863982451498
12.111766436925166	43.15369348335662
-11.097009757691637	19.944917288739816
-28.567285521099336	2.4746415253321175
15.051719649842482	46.093646696273936
-6.830544605077819	24.211382441353635
-30.13777119593368	0.9041558504977729
-40.69566462667507	-9.653737580243615
-15.262701967510736	15.779225078920717
-6.51150616991589	24.530420876515564
-28.066598510731353	2.9753285357001005
-29.96903122468001	1.0728958217514446
-22.67386553479963	8.368061511631822
-60.015525104606866	-28.973598058175412
-66.23334602717449	-35.19141898074304
-55.72660192020493	-24.684674873773474
-8.686213038757785	22.35571400767367
-35.38069151490134	-4.33876446846989
-8.862604998442919	22.179322047988535
-17.864548842391457	13.177378204039996
1.1969799017263654	32.23890694815782
-36.11889443163608	-5.076967385204625
-58.31839919206476	-27.276472145633306
-47.43082198909332	-16.388894942661864
-38.132277287293334	-7.090350240861881
-33.87527007149555	-2.833343025064096
-9.274329378092887	21.767597668338567
-37.86648965147987	-6.824562605048413
-41.241374414193785	-10.199447367762332
-21.654074764939367	9.387852281492087
-46.66203328221826	-15.620106235786807
9.942941899224309	40.98486894565576
-16.80823171617311	14.233695330258342
-35.67821860857447	-4.636291562143015
-10.898573982585447	20.143353063846007
-16.638214271440745	14.403712774990709
-13.22042490794928	17.821502138482174
-32.19781203238898	-1.1558849859575275
-69.79046747305046	-38.748540426619
9.444746896131903	40.48667394256336
8.468178124532926	39.51010517096438
-58.07426944369007	-27.032342397258617
-8.535526002784252	22.5064010436472
-11.992576959657242	19.04935008677421
-22.1384494240462	8.903477622385253
-26.11679108519246	4.925135961238993
-22.51633912036567	8.525587926065782
-30.882954220474574	0.15897282595688011
-69.81934852109197	-38.777421474660514
-45.88399231947341	-14.842065273041953
-30.980475078611278	0.06145196782017592
-43.018981333936324	-11.97705428750487
-51.16375138444499	-20.12182433801354
-4.924102087182916	26.117824959248537
-23.496406189469496	7.545520856961957
-71.50896537833404	-40.467038331902586
-10.95387439857376	20.088052647857694
-29.711351692266987	1.3305753541644663
-7.310317923210903	23.73160912322055
-55.73681193578312	-24.69488488935167
4.609668342646103	35.651595389077556
-2.3885442381267126	28.65338280830474
-16.279350974085617	14.762576072345837
-4.356993380509891	26.684933665921562
-48.42583636624994	-17.383909319818486
-69.2771793501285	-38.23525230369705
-34.60728773420641	-3.5653606877749553
-49.61759830334421	-18.575671256912756
-37.558254497691166	-6.516327451259713
9.953708666771774	40.99563571320323
-28.776943330709116	2.2649837157223374
-11.031912059462854	20.0100149869686
-2.102958559114711	28.938968487316743
-31.118045368942774	-0.07611832251132
-38.752007654051056	-7.710080607619602
-34.10514998799562	-3.063222941564163
-37.05775601275462	-6.01582896632317
-48.46785247364977	-17.425925427218317
-51.70232522918167	-20.660398182750214
-31.965740699435344	-0.9238136530038901
-31.817391001529984	-0.7754639550985303
-28.133179688853204	2.9087473575782496
-37.57435097527713	-6.532423928845674
-21.983668548256617	9.058258498174837
-23.798866845039527	7.243060201391927
-44.09485152557107	-13.05292447913962
-30.178791201060164	0.8631358453712892
-37.760500126821796	-6.7185730803903425
-20.17926431339373	10.862662733037723
-38.93441614243574	-7.892489096004283
-37.29681804218643	-6.254890995754977
-23.014543979441157	8.027383066990296
-50.456258437026634	-19.41433139059518
-21.943917267779113	9.09800977865234
-28.732182938399717	2.3097441080317367
-26.126084614921353	4.9158424315101
-26.692367564870153	4.3495594815613
-30.95866032200655	0.08326672442490235
-7.813199371068265	23.22872767536319
-2.388847134874311	28.653079911557143
-35.6892876078179	-4.647360561386449
-44.00284481847274	-12.960917772041284
-48.80199198351846	-17.76006493708701
-11.852920667964725	19.18900637846673
-23.97736978808615	7.064557258345303
-68.39388200476031	-37.35195495832886
-22.979975615713272	8.061951430718182
-18.503600655412527	12.538326391018927
11.332876202012187	42.37480324844364
-17.75668717745947	13.285239868971985
-4.620693749469581	26.421233296961873
-25.359725848871392	5.682201197560062
-42.30716777706192	-11.265240730630467
-26.953872984098496	4.088054062332958
-48.024270786144996	-16.982343739713542
-77.98829091558372	-46.946363869152265
-36.93911595798062	-5.897188911549165
-42.29504880378744	-11.253121757355984
-23.41801975421339	7.623907292218064
-10.552470635591533	20.48945641083992
-61.14909019175474	-30.107163145323284
-68.87499405031639	-37.833067003884935
-27.63231683327257	3.409610213158885
-75.90782175370049	-44.865894707269035
-56.17600113850284	-25.134074092071387
-40.776471161237794	-9.73454411480634
-11.011302359240005	20.030624687191448
-15.926230302806005	15.115696743625449
-34.48249046291829	-3.440563416486839
-38.30341048793133	-7.261483441499877
-13.073938252125743	17.96798879430571
-77.15766410752047	-46.11573706108902
-12.440209180332829	18.601717866098625
17.003181313559537	48.04510835999099
-49.06841178060648	-18.02648473417503
-22.41256712816329	8.629359918268165
-23.310004345575805	7.731922700855648
-50.27949373553355	-19.237566689102096
-25.301491860050817	5.740435186380637
-27.721027422374107	3.320899624057347
-16.343876243828788	14.698050802602665
-19.695138395776382	11.346788650655071
-10.102566114013541	20.939360932417912
-19.96010980987711	11.081817236554343
-25.495314141456845	5.546612904974609
-34.71837569601274	-3.676448649581289
-43.827307534998624	-12.78538048856717
-50.06787935684923	-19.02595231041778
-42.27582539495569	-11.233898348524235
-14.797256094794363	16.24467095163709
-35.1309012434628	-4.088974197031348
6.084411791396917	37.12633883782837
-65.39501783913664	-34.35309079270519
-35.225758988888344	-4.183831942456891
-10.021197535924955	21.0207295105065
-56.72699081759282	-25.685063771161367
-29.3733869062832	1.6685401401482522
-37.066050333740066	-6.024123287308612
-58.37704489876131	-27.33511785232986
-34.86127615286176	-3.819349106430309
-48.10886152712709	-17.066934480695636
-47.700887751821654	-16.6589607053902
-55.55730471240321	-24.515377665971755
-39.008623848798095	-7.966696802366641
-27.22525977385311	3.816667272578343
-27.281225249256465	3.7607017971749883
-10.681402189553125	20.360524856878328
-17.305791550561196	13.736135495870258
-49.129204201509936	-18.087277155078482
-6.453269649731453	24.5886573967
12.614582989803523	43.65651003623498
-47.35185740611422	-16.309930359682767
-47.16629022362548	-16.124363177194027
-55.746559340402825	-24.704632293971372
-54.552761859171085	-23.51083481273963
-25.81521586948446	5.226711176946992
-30.289184952938456	0.7527420934929978
-13.290013671879649	17.751913374551805
-32.6727211082013	-1.6307940617698478
-36.791810602908015	-5.749883556476561
-21.04462873987876	9.997298306552693
-56.0511200750895	-25.009193028658046
4.3143074911952795	35.35623453762673
-44.169655093513654	-13.1277280470822
-61.10973186045675	-30.067804814025294
-16.810487666223423	14.23143938020803
-36.42753550033166	-5.385608453900204
-32.047324765267774	-1.0053977188363206
-67.90347872278443	-36.861551676352974
-22.702957160899757	8.338969885531696
-51.252832067851784	-20.21090502142033
-12.641283005037337	18.400644041394116
4.035539544829874	35.07746659126133
-78.4202346468789	-47.37830760044744
-10.698606820993234	20.34332022543822
-42.50553618848579	-11.463609142054338
-49.955387987514484	-18.91346094108303
-38.028593242108116	-6.986666195676662
1.064319681567497	32.10624672799895
-17.513698854990878	13.528228191440576
-71.33016806759196	-40.2882410211605
-25.635740006791536	5.406187039639917
-21.425688850429367	9.616238196002087
0.9896857388833382	32.03161278531479
-51.37263939308258	-20.330712346651126
-27.71182895256578	3.330098093865672
-33.10446224111155	-2.0625351946800947
-36.15789033670234	-5.115963290270884
-62.59744625934189	-31.55551921291044
-32.45162102640978	-1.4096939799783286
-39.014879684529376	-7.972952638097922
-18.855615892067078	12.186311154364375
-33.99949817139503	-2.9575711249635788
-65.0563147219197	-34.01438767548825
-50.76322665705601	-19.721299610624555
-30.58143395212909	0.4604930943023646
-56.550429488093584	-25.50850244166213
-31.871697627966284	-0.8297705815348309
-20.104385151700342	10.937541894731112
-11.835880388387238	19.206046658044215
-39.87568763394455	-8.833760587513098
-27.868278321225887	3.1736487252055667
-55.19481460077594	-24.15288755434449
-72.96411419810983	-41.92218715167837
-25.02566985603852	6.016257190392935
-42.102980088309494	-11.06105304187804
-47.044328723857404	-16.00240167742595
-33.77714046445698	-2.7352134180255234
-58.777732140324304	-27.73580509389285
-39.04106448055035	-7.999137434118893
-55.1529875107787	-24.111060464347247
-75.96555980978673	-44.92363276335527
-23.916722096107776	7.125204950323678
-46.00853896391135	-14.966611917479895
-15.764308373776373	15.27761867265508
-15.903139795858522	15.138787250572932
-24.298178139169693	6.743748907261761
-35.89731575021659	-4.855388703785138
-37.72856247718818	-6.6866354307567235
-1.2737032779820652	29.76822376844939
-62.339366261161274	-31.29743921472982
-41.77893249795096	-10.737005451519508
-33.723523586287854	-2.6815965398564003
24.750606745847392	55.792533792278846
-35.08152758130535	-4.039600534873898
-28.609818800670553	2.432108245760901
19.93921300453286	50.981140050964314
-18.524886048163978	12.517040998267476
-2.555882581420235	28.48604446501122
-64.15603418498148	-33.114107138550025
-7.239702970471342	23.802224075960112
-48.419304569497115	-17.37737752306566
-39.318254670067915	-8.276327623636462
-30.2761438684808	0.7657831779506523
-34.261844082427785	-3.219917035996332
-19.306197689334738	11.735729357096716
-0.9109887513747594	30.130938295056694
-32.30053640241175	-1.2586093559802976
-36.06546501043857	-5.023537964007119
-82.20198661363764	-51.16005956720619
-59.96285754050558	-28.920930494074128
-31.203875812234116	-0.16194876580266282
-48.25584899050381	-17.213921944072354
-45.16812746252771	-14.126200416096253
4.87440359706153	35.916330643492984
-17.63221621686324	13.409710829568212
-34.36654575167421	-3.324618705242756
-57.56557143683102	-26.523644390399568
-26.00027109253068	5.041655953900772
-28.34542302356357	2.6965040228678845
-54.27370840805605	-23.2317813616246
-46.48007718220259	-15.438150135771139
4.346584084489507	35.38851113092096
-40.085313339279026	-9.043386292847572
-1.7856990837732951	29.25622796265816
-21.52576736626878	9.516159680162673
-31.66762578868446	-0.6256987422530074
-37.78615278278966	-6.744225736358203
-92.7834157433951	-61.74148869696364
-25.286347094862947	5.755579951568507
-14.326837292404605	16.71508975402685
-41.73329593770694	-10.691368891275488
-48.612215589788036	-17.570288543356583
8.433531438555576	39.47545848498703
-45.39989708550064	-14.357970039069187
-14.690592999247826	16.351334047183627
-46.65488313483155	-15.612956088400097
-3.8489635107959543	27.1929635356355
-16.37933402675634	14.662593019675114
-51.99213791399751	-20.950210867566057
-22.45244500537018	8.589482041061274
-27.467422602637896	3.5745044437935576
-70.43859497429884	-39.396667927867384
-14.472548038260072	16.56937900817138
-51.43621861464425	-20.394291568212793
-51.83057344725029	-20.788646400818834
-29.137239065048277	1.9046879813831765
11.372188070121695	42.41411511655315
-39.39215603806741	-8.350228991635959
-25.089660091396297	5.952266955035157
-20.46237711855582	10.579549927875632
-48.05871153750712	-17.01678449107567
-32.47377418775949	-1.431847141328035
-47.12507152522238	-16.083144478790928
-41.21996743578137	-10.178040389349917
-16.178932566208175	14.862994480223279
-68.05859079674491	-37.016663750313455
-30.09572989407542	0.9461971523560351
-33.197689192585756	-2.155762146154302
-54.69546916220651	-23.653542115775053
-40.09393411458376	-9.052007068152307
37.93455482494238	68.97648187137384
-41.40195370085502	-10.360026654423564
-15.758711110798401	15.283215935633052
-6.358448266427956	24.683478780003497
-56.146810908901614	-25.10488386247016
-6.48185420859744	24.560072837834014
-68.72600603161635	-37.6840789851849
-57.78030919079691	-26.73838214436546
6.76755985032861	37.80948689676006
-27.875863913866567	3.1660631325648865
-42.396766014496905	-11.354838968065451
-66.88119503542629	-35.839267988994834
-30.090221784308312	0.9517052621231414
-33.55751249826943	-2.5155854518379783
-26.95678170135733	4.085145345074125
-11.3745813313123	19.667345715119154
-33.443826116502976	-2.401899070071522
-32.37876163824484	-1.3368345918133855
-35.866463746073066	-4.824536699641612
-16.23647864050662	14.805448405924835
-54.182157889879534	-23.14023084344808
-20.111494544309323	10.93043250212213
-37.221358212072744	-6.17943116564129
-50.540484803421066	-19.498557756989612
-54.77045443684409	-23.728527390412637
-5.833978018444839	25.207949027986615
-16.545358889312126	14.496568157119327
-37.52570891832664	-6.483781871895189
-31.60898269213584	-0.5670556457043858
-20.0273227472332	11.014604299198254
-40.33533042373682	-9.293403377305367
-28.015122884445816	3.0268041619856376
-31.466259694568805	-0.4243326481373515
-37.667809248099445	-6.6258822016679915
-27.028170563569518	4.013756482861936
-22.324471579775206	8.717455466656247
-64.60297718652663	-33.561050140095176
7.233213556466865	38.27514060289832
-3.1410251420435884	27.900901904387865
-47.49445086568966	-16.452523819258204
-1.8502487065686068	29.191678339862847
-35.44141919031762	-4.399492143886164
-72.34833033659169	-41.30640329016023
-12.769236350633662	18.27269069579779
-16.709827267926528	14.332099778504926
-9.035511812746051	22.006415233685402
-44.102107306285404	-13.06018025985395
-32.98018489300529	-1.9382578465738334
-38.32661130619607	-7.284684259764617
-19.45279934859508	11.589127697836375
-15.979279991062583	15.06264705536887
-22.59803510905266	8.443891937378794
-57.44840776364225	-26.406480717210798
-8.629097380833343	22.41282966559811
-22.571360479485236	8.470566566946218
-34.79820858420652	-3.7562815377750667
-24.17639834627124	6.865528700160212
-26.4122214615615	4.629705584869953
-27.272833870430702	3.7690931760007516
-39.48588817269564	-8.443961126264185
-4.12544471233349	26.916482334097964
-24.728906738002195	6.313020308429259
-44.5701279490583	-13.52820090262685
-35.583649452555335	-4.541722406123881
-24.711777692367548	6.330149354063906
-25.257961869761573	5.783965176669881
4.850403468024808	35.89233051445626
-77.23790026225987	-46.19597321582842
-31.089133413986644	-0.04720636755519081
-35.2034817069777	-4.161554660546244
-90.4235213357876	-59.381594289356144
-21.053008565808057	9.988918480623397
-50.680850908536456	-19.638923862105003
-41.04746341540675	-10.0055363689753
-17.142285882391377	13.899641164040077
28.48142572367425	59.5233527701057
-48.053641605538076	-17.011714559106622
-57.76251616621238	-26.720589119780925
-46.07575252320174	-15.03382547677029
-23.801916493406395	7.2400105530250585
-38.05165775859285	-7.009730712161399
-55.97137216884374	-24.92944512241229
-10.841154843246557	20.200772203184897
-48.83444113160448	-17.792514085173025
-32.29195741192751	-1.250030365496059
-42.95832105053495	-11.916394004103495
-42.09616341892769	-11.054236372496234
0.41903601384757394	31.460963060279028
-6.894634228925213	24.14729281750624
-41.41158556414092	-10.369658517709468
-49.101320781364564	-18.05939373493311
-39.40426265184732	-8.362335605415865
-52.70431398779118	-21.662386941359728
-42.768181497476405	-11.726254451044952
-42.73148341812856	-11.689556371697108
-50.410400410588124	-19.36847336415667
-52.02962113336042	-20.98769408692897
-16.47437249778676	14.567554548644694
-17.082911151284577	13.959015895146877
-15.59647680877032	15.445450237661134
-44.713999825556755	-13.672072779125301
-13.230098805373643	17.81182824105781
-9.083594301451456	21.958332744979998
-22.486373353616443	8.55555369281501
4.239660283581827	35.28158733001328
-43.89729042938933	-12.855363382957876
-52.61532285419315	-21.5733958077617
-54.65229099671495	-23.6103639502835
-3.009620214184622	28.03230683224683
-35.34254232526081	-4.300615278829355
1.4703062865322067	32.51223333296366
-28.89982941302668	2.1420976334047737
-44.597925515697796	-13.555998469266342
-18.481710290345006	12.560216756086447
-67.27087047944741	-36.22894343301596
-31.040530415555338	0.0013966308761155233
-68.07187634642258	-37.02994929999113
-43.77455273060849	-12.732625684177037
-33.30952131884777	-2.267594272416318
-33.14578671712451	-2.103859670693055
-28.385138202733003	2.6567888436984504
-40.632500833160236	-9.590573786728783
-25.387154461857506	5.654772584573948
-19.555298040269633	11.48662900616182
-33.133188327801406	-2.0912612813699525
-26.40882254844263	4.633104497988825
-54.68714000721019	-23.645212960778736
-46.76915734207222	-15.727230295640766
-17.947502022345077	13.094425024086377
-9.83113297213066	21.210794074300793
-29.543762104379937	1.4981649420515168
-10.446501692507525	20.59542535392393
-36.75579978911054	-5.7138727426790865
-7.534332015476764	23.50759503095469
-40.880363315268994	-9.83843626883754
-5.942574492711799	25.099352553719655
-27.352201441038858	3.6897256053925958
-31.607271602840854	-0.5653445564094
-37.52733772767323	-6.485410681241774
-11.510619894541094	19.53130715189036
-26.246437816456535	4.795489229974919
-73.74496805113239	-42.703041004700935
-34.78175609363615	-3.739829047204694
-4.879168162062058	26.162758884369396
-76.42238371399952	-45.38045666756807
-52.84687352370901	-21.804946477277554
-8.599437652648419	22.442489393783035
-14.151545633530702	16.89038141290075
-41.41590068671002	-10.373973640278564
-23.525299896484	7.516627149947453
-27.579444076165316	3.4624829702661373
11.854306269060828	42.89623331549228
-34.47602497116685	-3.434097924735397
-31.441013257497332	-0.39908621106587816
-12.830665672894327	18.211261373537127
-34.02322881464869	-2.981301768217236
-44.627862118051496	-13.585935071620042
-32.88283866160572	-1.8409116151742637
-52.167339837103725	-21.12541279067227
-1.6575125112119053	29.38441453521955
-28.60301300868531	2.4389140377461445
-42.52631194954819	-11.484384903116734
-12.102400675748584	18.93952637068287
-21.299820767902645	9.742106278528809
-27.562266352526137	3.4796606939053163
-3.1877332701530463	27.854193776278407
-54.49446146897179	-23.45253442254034
-14.716104627351967	16.325822419079486
-36.03607457919651	-4.994147532765055
-21.525140278592232	9.516786767839221
-9.61314473954343	21.428782306888024
13.908912550412708	44.95083959684416
-48.905397531763526	-17.863470485332073
-31.85594549735623	-0.8140184509247774
-20.326142238640102	10.715784807791351
1.057246468614096	32.09917351504555
-10.021621647230575	21.02030539920088
-44.821907599905614	-13.77998055347416
-59.34249980488465	-28.3005727584532
-56.414333673177396	-25.372406626745942
-32.81461135408398	-1.7726843076525256
-41.66249036625749	-10.620563319826033
-28.030180630446637	3.011746415984817
-45.87017537552828	-14.828248329096823
-21.224153757588	9.817773288843455
-63.579227434221764	-32.53730038779031
-60.126722830214646	-29.084795783783193
-17.36629889385739	13.675628152574063
-57.216739785011384	-26.17481273857993
-23.50276099903357	7.5391660473978845
-38.42573468308336	-7.383807636651909
9.553953594879488	40.59588064131094
-25.5947798211252	5.447147225306253
-37.38724602512747	-6.345318978696014
-34.27037050424923	-3.228443457817775
-11.9041754000188	19.137751646412653
-37.60027700967993	-6.5583499632484745
-31.41228101549285	-0.37035396906139795
13.7651645502213	44.807091596652754
-29.82202408170059	1.2199029647308635
-57.40431271277856	-26.36238566634711
-55.82991781020036	-24.787990763768903
-7.461626644375144	23.58030040205631
-29.451054928996825	1.5908721174346283
-8.974103516402181	22.067823530029273
-27.639614321231136	3.402312725200318
-41.9729831374695	-10.931056091038045
27.111385233585963	58.15331228001742
-40.94253606267529	-9.900609016243834
3.1750640282282916	34.216991074659745
-37.42525843404081	-6.38333138760936
-40.26157334210956	-9.219646295678103
-9.38171276208385	21.660214284347603
-59.79475902627536	-28.752831979843904
-19.916471018351956	11.125456028079498
-52.7612993519121	-21.719372305480647
-60.30523043997317	-29.26330339354172
-52.47255937415838	-21.430632327726926
-31.40873525093565	-0.3668082045041956
-72.88818768448044	-41.84626063804899
-76.23117970752145	-45.189252661089995
-48.073933319666764	-17.03200627323531
-42.31845353648322	-11.276526490051765
-1.807502585926784	29.23442446050467
-8.383264356712687	22.658662689718767
-33.44396186593593	-2.402034819504479
-31.325392112774068	-0.2834650663426146
-28.571641190208254	2.4702858562231995
-52.043080743443795	-21.00115369701234
-17.594579398004214	13.44734764842724
-52.59757912601134	-21.555652079579886
-51.75944646182842	-20.717519415396964
-7.746017059119993	23.29590998731146
-66.95946883647201	-35.91754179004056
-47.64891479430452	-16.606987747873063
-81.36766401018912	-50.32573696375766
-44.68510320377908	-13.643176157347625
-3.7402258014460017	27.301701244985452
-23.120768682301502	7.921158364129951
-36.40224983915476	-5.360322792723309
-43.96536090690432	-12.92343386047287
-4.634637949840624	26.40728909659083
4.918381481855533	35.96030852828699
-53.3401605446831	-22.298233498251648
-21.233619896169046	9.808307150262408
-40.66530403331643	-9.623376986884978
-30.245281517008777	0.7966455294226762
-47.32515638522244	-16.28322933879099
-40.922300641306435	-9.880373594874982
-41.56976662743335	-10.5278395810019
-69.07605131395184	-38.03412426752038
-62.64568390951689	-31.603756863085437
-17.109924720016068	13.932002326415386
-26.692384563209714	4.3495424832217395
-34.01077500435139	-2.968847957919934
-40.846060385547105	-9.804133339115651
16.40350175566192	47.445428802093375
-28.147906025272903	2.894021021158551
-19.07081888572219	11.971108160709264
-39.73019928036746	-8.688272233936004
-47.9052392989376	-16.863312252506148
-29.73880075473943	1.303126291692024
-26.29859623740566	4.743330809025792
-32.30476069381774	-1.2628336473862873
-29.999790159561314	1.0421368868701393
-32.25908946379576	-1.2171624173643067
-51.90118632385355	-20.859259277422098
-22.142209084455033	8.899717961976421
-28.01717417548724	3.024752870944212
-13.773695648412911	17.268231398018543
-16.24047802110516	14.801449025326292
-16.981389510443194	14.06053753598826
-31.31083400068536	-0.2689069542539073
-82.05480213602794	-51.01287508959649
-21.880669124436906	9.161257921994547
-63.668674777143394	-32.62674773071194
-49.711410650180994	-18.66948360374954
-37.27057248189311	-6.228645435461658
-44.364157497225904	-13.32223045079445
-41.88005889378627	-10.838131847354816
-22.462036703536512	8.579890342894942
-21.621768189053626	9.420158857377828
-35.43200758268148	-4.390080536250025
-18.46960250321507	12.572324543216382
-40.3719559161961	-9.330028869764647
-24.563742539115708	6.478184507315746
-10.195682608331197	20.846244438100257
-52.56425157081475	-21.522324524383293
-35.10373200505063	-4.061804958619177
-46.693243424100444	-15.65131637766899
-36.71603121408924	-5.674104167657788
-57.58486193971265	-26.5429348932812
-38.81327801472588	-7.771350968294428
-42.55251948247104	-11.510592436039587
-2.8130033659378455	28.228923680493608
-22.26816318198479	8.773763864446664
-41.05280818638647	-10.010881139955018
-17.271260208913816	13.770666837517638
-18.774120335697887	12.267806710733566
-20.7832108278796	10.258716218551854
-11.499408637185923	19.54251840924553
-50.33527837725495	-19.293351330823498
-39.2733731263267	-8.23144607989525
-23.75279655930143	7.2891304871300235
-16.891834109990384	14.15009293644107
-25.446120752237846	5.595806294193608
-20.677905760383226	10.364021286048228
-4.607562237111495	26.43436480931996
-47.55890677022188	-16.516979723790428
-39.74087606473557	-8.69894901830412
-71.62187573258205	-40.5799486861506
-45.83341176091716	-14.791484714485705
-83.4911382124389	-52.449211166007444
-32.51087235973472	-1.4689453133032657
-63.96586687653115	-32.9239398300997
-19.0734857252516	11.968441321179853
-36.34412740389024	-5.302200357458787
-42.01279285114805	-10.970865804716595
-64.96558703011914	-33.923659983687685
-13.34663138267723	17.695295663754223
-18.02745959968678	13.014467446744675
-4.922704571317524	26.11922247511393
-46.645559466849306	-15.603632420417853
3.847434157129385	34.88936120356084
-50.06385638788714	-19.02192934145569
-34.67605018196417	-3.634123135532718
-29.82819830123998	1.2137287451914744
-15.35741319771995	15.684513848711504
-21.72463470336305	9.317292343068402
-63.22628273191884	-32.18435568548739
-14.723648730386856	16.318278316044598
-13.36258142275409	17.679345623677364
-60.59253385964047	-29.550606813209015
-64.54503175160579	-33.50310470517434
4.291002714790295	35.33292976122175
-38.79147056019946	-7.749543513768003
-48.97868331824219	-17.936756271810737
-79.29158513867668	-48.24965809224523
-90.88134348879765	-59.8394164423662
-33.11463921906915	-2.0727121726376936
-46.77740450648497	-15.735477460053517
-19.792018243560676	11.249908802870777
-23.85541474872815	7.1865122977033025
-48.77298253967973	-17.731055493248277
-36.12293520349857	-5.081008157067117
-36.4583497835244	-5.416422737092944
-20.246708286240107	10.795218760191347
-26.948181434808873	4.09374561162258
9.091794874463005	40.13372192089446
-40.45424925339256	-9.412322206961107
20.99841481658433	52.04034186301578
-58.596239656527985	-27.55431261009653
-35.71883999270875	-4.676912946277298
-46.57209739461331	-15.530170348181855
-29.568895257046904	1.4730317893845495
-15.872113819741287	15.169813226690167
-24.138023208431775	6.903903837999678
-24.53493451096955	6.5069925354619045
-16.54334251647896	14.498584529952495
-13.510177707632181	17.531749338799273
-36.419545443522736	-5.3776183970912825
-35.50972298624191	-4.467795939810458
-24.663748273216413	6.378178773215041
1.8077336401350408	32.849660686566494
1.626787435178187	32.66871448160964
-15.70721818321698	15.334708863214473
-59.72871573090168	-28.68678868447023
-47.56842907797335	-16.526502031541895
-13.608800861938732	17.43312618449272
-43.41688312026753	-12.374956073836074
-35.55779931117803	-4.5158722647465765
-26.30207573510205	4.739851311329403
-48.93467249070608	-17.892745444274624
-27.204548736857475	3.837378309573978
-39.64575538830621	-8.60382834187476
-23.5398949564821	7.502032089949353
-19.68732919404073	11.354597852390725
-41.37094421608862	-10.329017169657163
-27.64984373557462	3.392083310856833
-32.2859437802087	-1.2440167337772436
-29.701541441665256	1.3403856047661975
-50.15636610353039	-19.114439057098934
-35.41606267817923	-4.374135631747777
-32.55945528847013	-1.5175282420386793
-34.059495933482765	-3.0175688870513113
-22.146123794560197	8.895803251871257
-40.90047043839667	-9.858543391965213
-13.74628632032335	17.295640726108104
-28.878155861309722	2.163771185121732
-11.844227735096581	19.197699311334873
-41.03667838677728	-9.994751340345829
-12.737146903656765	18.30478014277469
9.787619220094996	40.82954626652645
-71.81847575427463	-40.776548707843176
-52.05033341019379	-21.008406363762333
-20.881648651438525	10.160278394992929
-3.2263221478039554	27.815604898627498
-12.887098281467559	18.154828764963895
-10.15023476037976	20.891692286051693
-18.369484142252702	12.672442904178752
29.715907848165728	60.75783489459718
-55.96568137706862	-24.923754330637166
-21.446605059054207	9.595321987377247
-66.30567827234125	-35.2637512259098
-74.94555331472446	-43.90362626829301
-54.80207239054806	-23.76014534411661
-33.03671779532823	-1.9947907488967758
17.957917444104453	48.99984449053591
-36.20304125683987	-5.161114210408414
-7.42553011057106	23.616396935860394
-52.82034512425679	-21.778418077825336
-3.6917757518364738	27.35015129459498
-55.030836827381506	-23.988909780950053
-18.0913690317372	12.950558014694252
-39.55918240366526	-8.517255357233807
8.393993378706284	39.43592042513774
-36.87485925116715	-5.832932204735698
-63.32563480036123	-32.283707753929775
-13.378220977710669	17.663706068720785
-86.81680140888574	-55.774874362454284
-31.58420874997472	-0.5422817035432672
-40.678205534056985	-9.636278487625532
-42.279370973248376	-11.237443926816923
-15.318843665559768	15.723083380871685
-46.734813529268365	-15.692886482836911
-31.481989646037334	-0.4400625996058807
-56.12868567375489	-25.086758627323434
-33.22842871270922	-2.1865016662777634
-62.17115773146878	-31.129230685037328
-25.539788696127005	5.502138350304449
-46.704247799539814	-15.66232075310836
-41.585299737472894	-10.54337269104144
-58.009772274844806	-26.967845228413353
-26.9208767516663	4.121050294765155
-58.31771949631883	-27.275792449887376
-8.91729933414689	22.124627712284564
-52.711574107901185	-21.669647061469732
-60.66263318249338	-29.620706136061926
-58.2440261572753	-27.202099110843847
-48.40684787770232	-17.364920831270865
-60.02883239724696	-28.986905350815505
0.7931159289021821	31.835042975333636
-49.16931594945862	-18.127388903027168
-46.06926251364138	-15.027335467209923
-19.93886502149479	11.103062024936662
-41.37218602798902	-10.330258981557563
-8.772789629858096	22.269137416573358
-25.611989178241572	5.4299378681898816
-13.818216997269417	17.223710049162037
-49.7997903478078	-18.757863301376346
-29.546825636961955	1.4951014094694983
-47.40230557694821	-16.360378530516755
-37.46784459730924	-6.425917550877784
-26.500154026141615	4.541773020289838
-70.72370148652197	-39.68177444009052
-36.349706791746655	-5.307779745315202
-39.04155255498853	-7.999625508557074
-52.80143855743307	-21.75951151100162
-42.654482283481855	-11.612555237050401
-48.77829002414154	-17.736362977710087
-14.5068350044873	16.535092041944154
-33.83612292189872	-2.794195875467267
-68.14445641104038	-37.10252936460893
-37.236237900504136	-6.194310854072683
-32.62885920432535	-1.586932157893898
-27.9205964168047	3.1213306296267547
-3.2414194832505814	27.800507563180872
-22.675312531920724	8.36661451451073
-33.20607115310639	-2.1641441066749394
-9.353152096152996	21.688774950278457
-25.98659710232249	5.055329944108962
-39.45792196363408	-8.415994917202624
-43.653459936552906	-12.611532890121453
-53.53985002680355	-22.497922980372095
-37.79037195839709	-6.748444911965635
-20.246467708928037	10.795459337503416
-42.31608683393068	-11.27415978749923
-31.938676276969716	-0.896749230538262
-12.53585472408821	18.506072322343243
-26.519538241756607	4.522388804674847
-51.66993051342223	-20.628003466990776
13.851739151463619	44.89366619789507
-94.74784964427607	-63.70592259784462
-25.856768661045578	5.185158385385876
12.314805528122008	43.35673257455346
-53.70508721639425	-22.663160169962794
-37.5211431239274	-6.479216077495948
-35.723714403427664	-4.68178735699621
-36.522889448793364	-5.480962402361911
-33.963964062507955	-2.9220370160765015
-1.8686168075925593	29.173310238838894
-4.197690087455783	26.84423695897567
-53.38469030974164	-22.34276326331019
-47.29261129113519	-16.250684244703734
-32.69323694064013	-1.65130989420868
-22.89591515814908	8.146011888282374
-42.464743609348886	-11.422816562917433
-57.095194639927	-26.053267593495548
-45.929668662936535	-14.887741616505082
-6.762128592946908	24.279798453484545
-25.16667158277204	5.875255463659414
-25.780126508497858	5.2618005379335955
-44.73539463567221	-13.693467589240754
-52.73592048468498	-21.69399343825353
-43.75051294670055	-12.7085859002691
1.6554925798866975	32.69741962631815
-52.796962874939425	-21.75503582850797
-12.6941964465056	18.347730599925853
-22.379077535702606	8.662849510728847
-60.264705556631895	-29.222778510200442
-44.41500868259544	-13.373081636163988
-42.635086373787715	-11.593159327356261
-36.13868076627631	-5.096753719844855
-17.71304325670434	13.328883789727115
-40.20070254477986	-9.158775498348405
-11.962361456766018	19.079565589665435
-39.42026994217093	-8.378342895739479
15.527468520276955	46.56939556670841
-50.674884737874606	-19.632957691443153
-100.07048156526952	-69.02855451883806
-52.10824040560482	-21.066313359173364
-16.58398182346508	14.457945222966373
-57.8023947088347	-26.760467662403244
-36.64800615547364	-5.606079109042184
-31.0497963338982	-0.007869287466746755
-40.68956206644151	-9.647635020010057
-88.98372684699797	-57.941799800566514
-17.92895461739471	13.112972429036745
-48.131142893105505	-17.08921584667405
-66.35588936673383	-35.31396232030238
-48.264162665551055	-17.2222356191196
18.56136035564333	49.603287402074784
-28.68149967108701	2.360427375344443
-42.423127644896965	-11.381200598465512
-5.035753566784194	26.00617347964726
-81.25988832978845	-50.217961283357
-34.233181768895236	-3.191254722463782
-44.958887569182195	-13.916960522750742
-49.70183282311854	-18.659905776687083
-61.13464490456471	-30.092717858133256
-9.99799066778877	21.043936378642684
-29.052637085738468	1.989289960692986
-22.36560443366551	8.676322612765944
-55.04323537724639	-24.001308330814936
-40.62446315093047	-9.582536104499013
-36.65682570141297	-5.614898654981516
-34.080441365554805	-3.038514319123351
10.899688129795607	41.94161517622706
-57.439997561797725	-26.39807051536627
-48.781024078167036	-17.739097031735582
-43.62754092213953	-12.585613875708077
-65.09029507713939	-34.048368030707934
-7.305888780608882	23.73603826582257
22.15116719588906	53.19309424232051
-47.48353800203557	-16.44161095560412
-32.903966912008116	-1.8620398655766621
-48.873134656865375	-17.83120761043392
-28.553533755459	2.4883932909724535
-26.102586062841226	4.9393409835902276
-10.086562188514733	20.95536485791672
-40.30935090426436	-9.26742385783291
-25.475743756467352	5.566183289964101
-19.185682803055613	11.85624424337584
6.576026775381536	37.61795382181299
-15.58074278401699	15.461184262414463
-19.506610802037983	11.53531624439347
-59.86421900614886	-28.822291959717404
-17.814496980381307	13.227430066050147
-26.277859756677287	4.764067289754166
-24.23435905901505	6.807567987416405
-49.280040314506266	-18.238113268074812
-51.85241459109028	-20.810487544658827
-38.66239347256277	-7.6204664261313155
-42.18397490079013	-11.14204785435868
-21.79159938941092	9.250327657020534
-59.48747362446528	-28.445546578033827
-49.77487070938304	-18.732943662951584
-31.77195491007086	-0.7300278636394069
-28.427053838806103	2.614873207625351
-41.0997979540677	-10.057870907636243
-35.166441024468156	-4.124513978036703
-41.730489535022286	-10.688562488590833
-63.84711967580159	-32.80519262937014
-69.5615612953531	-38.51963424892165
-9.211452843648374	21.83047420278308
3.282087584872272	34.324014631303726
-43.95590155466715	-12.913974508235697
-39.28068548856908	-8.238758442137623
-20.162870040699715	10.879057005731738
-28.76357836552569	2.278348680905765
14.883862116710873	45.925789163142326
-1.8455849279250174	29.196342118506436
-37.67553766441205	-6.633610617980594
-40.186277028243865	-9.144349981812411
-46.83498060147184	-15.793053555040387
-55.39984340824384	-24.357916361812386
-53.96314756043802	-22.921220514006563
-5.191786889625007	25.850140156806447
-31.67050600291776	-0.628578956486308
-37.456078868211705	-6.414151821780251
-36.18455289925413	-5.142625852822675
-17.966884827835827	13.075042218595627
-32.569016348597586	-1.5270893021661323
-5.234609668606652	25.807317377824802
-64.06101602926873	-33.019088982837275
-21.345488659889895	9.696438386541558
-18.141201501535477	12.900725544895977
-22.547916167951996	8.494010878479457
-10.70551789749669	20.336409148934763
-18.415890352478243	12.62603669395321
-38.876685514651115	-7.834758468219661
-38.934523482179145	-7.892596435747691
4.117244158204187	35.15917120463564
-31.132736323966753	-0.09080927753529977
-15.906093772687825	15.135833273743629
-38.88004444524785	-7.838117398816394
-18.615736379911766	12.426190666519688
13.114797492135324	44.15672453856678
-4.796300896790569	26.245626149640884
-55.013541263991726	-23.971614217560273
-34.15572719571145	-3.113800149279996
-36.60029848560015	-5.558371439168695
-22.2970926030809	8.744834443350555
-33.57906586841062	-2.5371388219791697
-39.183714223266804	-8.14178717683535
-12.974262548579361	18.067664497852093
-47.25870156026002	-16.216774513828568
-46.20442314976907	-15.162496103337617
-37.979947141980745	-6.938020095549291
-12.882432675918324	18.15949437051313
-28.493055487195022	2.5488715592364315
-48.885193627602064	-17.84326658117061
-13.170833215813843	17.87109383061761
-31.659046041282352	-0.6171189948508982
-22.927433933900545	8.114493112530909
-19.94041897865617	11.101508067775285
-53.78892465753387	-22.746997611102415
-40.91426314813515	-9.872336101703695
-25.504760908280957	5.537166138150496
-51.706159022838335	-20.66423197640688
-22.429447623287786	8.612479423143668
-37.278455583347466	-6.236528536916012
0.8690348177208875	31.91096186415234
-42.59281835378869	-11.550891307357233
-49.37981834009196	-18.337891293660505
-55.10948079899907	-24.06755375256762
8.57379411638459	39.615721162816044
-33.42771577322645	-2.385788726794999
-52.39708626246801	-21.355159216036554
-0.6927193418793536	30.3492077045521
-1.8256212673856567	29.216305779045797
-15.24647896432515	15.795448082106304
-11.682849009242716	19.359078037188738
8.226580522359939	39.26850756879139
-25.101962754617205	5.939964291814249
-22.14824036431463	8.893686682116822
-45.33233653462747	-14.290409488196019
-14.6663349585412	16.375592087890254
-34.772676367979955	-3.730749321548501
-37.404743981429135	-6.3628169349976815
-42.13593699908023	-11.094009952648776
-56.51653408401552	-25.474607037584065
-27.87005058258154	3.1718764638499124
-23.62292603794566	7.419001008485793
-35.8150628064156	-4.773135759984143
-25.9405712273562	5.101355819075252
19.705732054864995	50.74765910129645
-24.162511549495036	6.879415496936417
-21.5313446920606	9.510582354370854
-21.57177459951862	9.470152446912834
-23.250366370628115	7.791560675803339
-41.21232328159175	-10.170396235160297
-12.14822911233722	18.893697934094234
-22.441791484115754	8.6001355623157
-25.86423652867751	5.177690517753945
-49.56574725977924	-18.52382021334779
-92.48775808566796	-61.44583103923651
-17.214689501035252	13.827237545396201
-15.826013284995213	15.21591376143624
-9.021114278116954	22.0208127683145
-47.80690395728533	-16.764976910853875
-55.46744085050676	-24.425513804075308
-30.89157150055479	0.1503555458766641
0.6077312830041706	31.649658329435624
-38.3633694564175	-7.321442409986048
-30.357813322448862	0.6841137239825912
-50.195156842395306	-19.153229795963853
-31.011565404243527	0.03036164218792692
-37.862232142416985	-6.820305095985532
-47.10534345662535	-16.063416410193895
-38.809284300090155	-7.767357253658702
-19.373353118002058	11.668573928429396
-41.49117136127978	-10.449244314848329
-5.78058507875329	25.261341967678163
-8.428396187182159	22.613530859249295
-44.02428030220989	-12.982353255778435
-65.70064473758765	-34.6587176911562
-16.844561559116926	14.197365487314528
-31.726938055244034	-0.6850110088125803
-31.285281116955673	-0.24335407052421942
-31.204466580076485	-0.16253953364503104
-21.01638962224905	10.025537424182403
-47.53404011262836	-16.492113066196907
-44.086095492746324	-13.04416844631487
-28.476779174348565	2.565147872082889
-13.190441263779292	17.851485782652162
-71.69346157095941	-40.65153452452796
-40.16790300624933	-9.125975959817879
-11.664013272614909	19.377913773816545
-29.839811451148933	1.202115595282521
-25.064422837893005	5.977504208538448
-32.880188824723234	-1.8382617782917805
-44.95845855910528	-13.916531512673828
-1.8100362949750775	29.231890751456376
-36.6132599725658	-5.571332926134346
-33.33783538537472	-2.2959083389432635
-29.986241765376406	1.055685281055048
-0.5958137645190504	30.446113281912403
-47.15974501454701	-16.11781796811556
-30.09908927704754	0.9428377693839138
3.205381627313102	34.247308673744556
-7.806139870515551	23.235787175915902
-12.23728804812498	18.804638998306473
-32.14229784853313	-1.1003708021016791
-72.4177890378175	-41.375861991386046
-42.56131404690467	-11.519387000473216
-25.864787996278835	5.177139050152618
12.605112020015724	43.64703906644718
-11.57385000203584	19.468077044395613
-39.09968362681474	-8.057756580383284
-5.586788263242568	25.455138783188886
-58.64749323975201	-27.605566193320556
-39.628828166952815	-8.586901120521361
-35.05997215720498	-4.018045110773528
-63.12301431013992	-32.08108726370847
-18.98291221866174	12.059014827769715
2.2736935275336805	33.315620573965134
-62.53707276623544	-31.495145719803986
-32.87952692081825	-1.8375998743867967
-27.57462288578762	3.4673041606438346
-7.140674747306264	23.90125229912519
-3.435332318911321	27.606594727520132
-24.65344035971583	6.388486686715623
-24.65687112623499	6.385055920196464
-38.76526351214642	-7.723336465714965
-50.451330090681665	-19.40940304425021
7.163332030004597	38.20525907643605
-43.501674019394784	-12.45974697296333
9.444098049034721	40.486025095466175
-16.422536266019677	14.619390780411777
-10.327571525716564	20.71435552071489
-10.07709382260299	20.964833223828464
-47.629129356280544	-16.58720230984909
-39.9045780475696	-8.862651001138147
-16.759661115238202	14.282265931193251
-22.960311559798072	8.081615486633382
-37.27678510796767	-6.234858061536215
-49.20397167211712	-18.162044625685667
-39.2136232926693	-8.171696246237843
-14.39156963836075	16.650357408070704
-23.190260830697014	7.85166621573444
-47.57629697843885	-16.534369932007394
-29.49014821940881	1.5517788270226447
-40.968939598327495	-9.927012551896041
3.0150542424838136	34.05698128891527
-41.45037247074441	-10.408445424312958
-35.86699443982587	-4.82506739339442
-5.310725866465589	25.731201179965865
-46.67043101839744	-15.628503971965984
-16.806875692445544	14.23505135398591
-3.3147897749274193	27.727137271504034
-15.928574337505495	15.113352708925959
-17.95654886845813	13.085378177973325
-25.52486070974345	5.5170663366880035
-41.226696788491324	-10.18476974205987
-17.191524267907596	13.850402778523858
-48.69927416916261	-17.657347122731153
-28.96665121677296	2.0752758296584943
-14.847698692186611	16.194228354244842
-47.742826327650334	-16.70089928121888
-35.411282103040946	-4.369355056609493
-34.259268293897264	-3.2173412474658107
-34.0763297205537	-3.034402674122248
-42.2309184242892	-11.188991377857747
-47.97167421513376	-16.929747168702306
-13.190417617237188	17.851509429194266
-14.305089665982166	16.736837380449288
-14.685472059308893	16.35645498712256
-47.55727482527226	-16.515347778840805
-37.33259209635224	-6.29066504992079
-30.266500248382442	0.7754267980490113
-23.898292743613354	7.1436343028181
7.094020405859112	38.135947452290566
-15.489867479771135	15.552059566660319
-53.819301996581714	-22.77737495015026
-54.97117363931983	-23.929246592888376
-55.260725695026565	-24.21879864859511
-36.931948223614825	-5.890021177183371
-59.427870776880525	-28.38594373044907
-11.520208414743763	19.52171863168769
-41.55985462698817	-10.517927580556716
-21.429243451506125	9.612683594925329
-48.834508882993475	-17.79258183656202
-48.92785193654498	-17.88592489011353
-51.301715977342326	-20.259788930910872
-56.8708926103115	-25.828965563880047
-0.7876830322472301	30.254244014184223
-31.217208355313858	-0.17528130888240412
6.348589788076708	37.39051683450816
-20.637406843581346	10.404520202850108
-26.810544817386187	4.231382229045266
-29.126113845993757	1.9158132004376967
-19.506974074405377	11.534952972026076
-61.76129781595745	-30.719370769525995
-10.847470093181698	20.194456953249755
-52.63338907912629	-21.591462032694835
-31.05330560559895	-0.01137855916749686
-13.793967548202716	17.247959498228738
-25.746393098333726	5.295533948097727
-13.70629091314703	17.335636133284424
-23.822565199354074	7.21936184707738
-14.210708447991863	16.83121859843959
-41.0588655215667	-10.016938475135248
-40.115343790062695	-9.073416743631242
7.183467773315272	38.225394819746725
-33.795933742903514	-2.754006696472061
-43.18113656600843	-12.13920951957698
-53.72968867415119	-22.687761627719738
-29.17704841245512	1.864878633976332
-53.859179664852206	-22.817252618420753
-40.19093316833977	-9.149006121908315
-66.44111149591998	-35.39918444948853
-44.32187941788078	-13.279952371449326
-58.23086229334666	-27.188935246915207
-35.40996803133538	-4.368040984903928
-39.90816407676692	-8.86623703033547
-6.891319083920905	24.15060796251055
-22.42791602668666	8.614011019744794
-17.207221335496513	13.83470571093494
-8.169523017231484	22.87240402919997
-55.14348065599705	-24.1015536095656
-45.12130250583658	-14.079375459405128
-12.911562349586973	18.13036469684448
-42.23511247135838	-11.193185424926924
-36.64585690825851	-5.603929861827055
-25.188837002204025	5.853090044227429
-6.289607575204798	24.752319471226656
-18.5257200076573	12.516207038774155
-33.7478879931129	-2.7059609466814436
-40.83669150485156	-9.794764458420104
-61.223976012477294	-30.18204896604584
-82.24253748899872	-51.20061044256727
-24.04898580687376	6.992941239557695
-65.74463169055315	-34.702704644121695
11.932349597484347	42.9742766439158
-53.26982053482578	-22.22789348839433
-24.054845710151938	6.987081336279516
-17.304790684747502	13.737136361683952
-12.577067413394332	18.464859633037122
-34.44847071492194	-3.4065436684904853
-42.09214714048511	-11.050220094053657
-38.59091763675468	-7.548990590323228
-18.853702707039417	12.188224339392036
11.152637901528863	42.194564947960316
-47.42870106294657	-16.38677401651512
-1.3596306941742	29.682296352257254
-23.62063997442391	7.421287072007544
-21.680763636393465	9.361163410037989
-37.27944337473099	-6.2375163282995345
-46.67158149988762	-15.629654453456169
-75.28388492211315	-44.24195787568169
-23.59022811343101	7.4516989330004435
-38.84556575007235	-7.8036387036409
-45.03683638915908	-13.994909342727624
7.365682446094354	38.40760949252581
-60.31731632898817	-29.275389282556716
-0.00913638743594447	31.03279065899551
-30.17744266487506	0.8644843815563945
-28.6665232716893	2.3754037747421535
-25.890989476754555	5.150937569676898
-40.7814844923393	-9.739557445907849
-26.209791248211047	4.832135798220406
-32.89181170041928	-1.8498846539878286
-23.166057936699588	7.875869109731866
-7.945083952637731	23.096843093793723
-29.022810117281267	2.0191169291501865
-25.463792820706374	5.57813422572508
-27.927515814951846	3.1144112314796075
-56.13301607066904	-25.09108902423759
-7.385747448975678	23.656179597455775
-56.441386748117736	-25.399459701686283
-59.5996622902	-28.557735243768548
-33.62779869796731	-2.5858716515358537
-11.867403093548717	19.174523952882737
-10.145211057633503	20.89671598879795
-34.46645270660309	-3.424525660171639
-48.864919728582834	-17.82299268215138
-31.20578997544152	-0.16386292901006527
-22.77304430461453	8.268882741816924
-40.4340913676985	-9.392164321267046
-48.92182060825661	-17.879893561825156
-45.21252741287543	-14.170600366443978
-64.63163765739381	-33.589710610962356
-34.3548996544975	-3.3129726080660475
10.82207733363822	41.86400438006967
-56.394651741514906	-25.352724695083452
-62.59963494946504	-31.557707903033588
-57.14180832686333	-26.099881280431873
-45.97653724698256	-14.934610200551106
8.202882624160623	39.244809670592076
-2.964197946448337	28.077729099983117
-52.15717761107743	-21.115250564645976
-23.751975988210404	7.28995105822105
-46.68230216379533	-15.640375117363874
-52.9719661832184	-21.930039136786945
-4.02981851029989	27.012108536131564
-57.6936073655358	-26.651680319104344
-32.0491052949198	-1.0071782484883443
-29.255510621731162	1.7864164247002918
-35.99786456142982	-4.955937514998368
-37.56739969421841	-6.525472647786955
-26.779734678666216	4.262192367765238
17.85147209737835	48.8933991438098
-22.375671981482526	8.666255064948928
-60.36097602546005	-29.319048979028594
-41.32268595660361	-10.280758910172153
-26.44417599261004	4.597751053821412
-54.82804091907536	-23.78611387264391
1.2938600917862573	32.33578713821771
-66.17013887854199	-35.12821183211054
-38.43572015408216	-7.393793107650708
-43.828866266396005	-12.786939219964552
-38.57470501090364	-7.532777964472189
-85.00812912525515	-53.9662020788237
-41.41598214751656	-10.374055101085105
7.125138404562961	38.167065450994414
-27.539143981206223	3.5027830652252305
-37.30700378404953	-6.265076737618074
-59.17559852279163	-28.133671476360178
-38.49780683612124	-7.455879789689789
-29.66492886061104	1.376998185820412
-20.253808474384357	10.788118572047097
-46.728241356669685	-15.686314310238231
-3.7093665326953555	27.332560513736098
-82.18831977646704	-51.146392730035586
-28.140872897039742	2.9010541493917117
-16.11709890825813	14.924828138173325
-55.92381200569588	-24.881884959264426
-32.27562637541058	-1.233699328979128
-37.70463787435227	-6.662710827920819
-45.39825226754846	-14.356325221117004
-14.280300343436181	16.761626702995272
-40.78616497268166	-9.744237926250207
-7.322924316247452	23.719002730184002
-26.28802572478679	4.753901321644662
-54.897833399821764	-23.85590635339031
-25.17799554862512	5.863931497806334
-82.73646717898163	-51.69454013255017
-29.748922369659056	1.293004676772398
-4.326903268256217	26.715023778175237
-47.80683327439846	-16.764906227967003
-24.20536676989076	6.836560276540695
-39.20121983781945	-8.159292791387998
-49.31120502236962	-18.269277975938166
-29.202634175888022	1.8392928705434315
42.42431665188843	73.46624369831989
3.1854214461512242	34.22734849258268
-18.53691777452849	12.505009271902964
-15.167563257765948	15.874363788665505
-36.861916959822054	-5.8199899133906
-27.19234627600025	3.849580770431203
-38.31740694197441	-7.275479895542958
4.885046997458915	35.92697404389037
-16.036546384957262	15.005380661474192
-29.01430883639631	2.0276182100351434
-19.648502561014254	11.3934244854172
-34.627976452071096	-3.586049405639642
-40.473581291325615	-9.431654244894162
-12.175553916762226	18.866373129669228
-67.58538279177236	-36.54345574534091
-55.050780494215076	-24.008853447783622
-55.276878602378645	-24.23495155594719
-33.96710298505576	-2.9251759386243066
-44.77332583907781	-13.73139879264636
5.537217684092241	36.579144730523694
-32.603162338795016	-1.5612352923635626
-60.28960133310255	-29.2476742866711
-26.61402710152987	4.427899944901583
-26.592113813979893	4.449813232451561
-43.414005805794375	-12.372078759362921
-58.16885246670944	-27.126925420277985
-35.42510023647418	-4.383173190042726
7.483193909023896	38.52512095545535
12.060992405693753	43.10291945212521
-13.256200440880718	17.785726605550735
-17.84313103035464	13.198796016076813
-48.47679011351801	-17.434863067086553
-44.42025776153395	-13.378330715102493
-3.1273978638034237	27.91452918262803
-29.663180416302282	1.3787466301291715
-24.681972825199125	6.359954221232329
-1.052211409956442	29.98971563647501
-9.199802365981384	21.84212468045007
-18.202150190407053	12.8397768560244
-0.04241163268824266	30.99951541374321
-30.271602867853005	0.7703241785784485
2.4397358069421102	33.481662853373564
-71.26907365547748	-40.22714660904603
-48.32934378288127	-17.287416736449813
-60.79785406270611	-29.755927016274654
-62.34438120729254	-31.30245416086109
-32.93945599313673	-1.897528946705279
-30.767794756333103	0.2741322900983505
-27.1555615094382	3.886365536993253
-86.20970309627381	-55.16777604984236
-2.9965583898862747	28.04536865654518
-39.1898372995326	-8.147910253101145
-36.705901433667975	-5.663974387236522
-48.94565973298239	-17.90373268655094
-29.692607789123656	1.3493192573077977
-50.23971889662579	-19.197791850194335
-8.719161007929586	22.322766038501868
-2.223007016085546	28.818920030345907
-31.820401649759958	-0.7784746033285046
-41.78224776361975	-10.740320717188297
-16.215307170959647	14.826619875471806
-68.67787102790106	-37.63594398146961
-7.4688378758270915	23.573089170604362
-29.319036376325755	1.7228906701056985
-37.14933779253414	-6.107410746102687
-31.608091945059357	-0.5661648986279033
-52.86933885233674	-21.827411805905285
-29.129497096391503	1.9124299500399502
-22.802434602080837	8.239492444350617
-32.42812877689511	-1.3862017304636538
-43.95005008303059	-12.908123036599136
-69.21676430484303	-38.17483725841157
-32.01701684077642	-0.9750897943449672
-6.731100564762244	24.31082648166921
-11.11943107754422	19.922495968887233
-53.688971087916514	-22.64704404148506
-14.14602159411669	16.895905452314764
-50.13385300991439	-19.091925963482936
-48.76578022354596	-17.723853177114506
-39.466834925651426	-8.424907879219973
-34.41966694613592	-3.3777398997044656
-37.53446650266204	-6.492539456230588
-40.40226699822023	-9.360339951788774
-4.925047362657722	26.116879683773732
-23.96905944148392	7.0728676049475325
-17.73622963914903	13.305697407282423
-57.90694584509555	-26.865018798664096
-19.210865963524782	11.831061082906672
-43.31989689804112	-12.277969851609669
-29.1566403376616	1.8852867087698542
-27.1820813731444	3.8598456732870545
-39.12544929250515	-8.083522246073699
-8.717882482885841	22.324044563545613
-36.644323526210144	-5.60239647977869
-51.97805187961575	-20.936124833184294
-45.88650043752358	-14.844573391092126
-37.92576829495164	-6.883841248520184
-80.13161476784234	-49.08968772141088
-59.81240186386066	-28.770474817429204
-40.04178612019831	-8.999859073766856
-26.724703076220692	4.317223970210762
-67.15325815196928	-36.11133110553783
-41.08548575243702	-10.04355870600557
-12.403780051839647	18.638146994591807
-42.10758154085278	-11.065654494421324
-49.612860159044146	-18.570933112612693
-32.78642399642348	-1.7444969499920262
-21.22706935285322	9.814857693578233
-4.8584846004939095	26.183442445937544
-61.45606610290787	-30.414139056476415
-13.666086292125044	17.37584075430641
-19.999695626390974	11.04223142004048
-13.190859974141574	17.85106707228988
3.7727090621795583	34.81463610861101
-39.03893794683762	-7.997010900406167
-41.363100425207165	-10.321173378775711
-29.21878916106442	1.8231378853670321
-25.13524618762102	5.906680858810432
-49.76897330053697	-18.727046254105517
-29.167242420253103	1.8746846261783503
14.009089236702778	45.05101628313423
-17.082528554250246	13.959398492181208
-7.002702557377859	24.039224489053595
-21.945368637634317	9.096558408797137
-14.277511835765551	16.764415210665902
-39.72643181713437	-8.684504770702915
-23.936329060202922	7.105597986228531
-37.62670886624045	-6.584781819808995
-31.083464762426672	-0.041537715995218605
-29.42308240268693	1.6188446437445236
-48.701251334304914	-17.65932428787346
-6.6625750211803165	24.379352025251137
3.007536566076226	34.04946361250768
-18.694236180364612	12.347690866066841
-39.51826987066096	-8.476342824229505
-40.61359220422827	-9.571665157796815
-51.38224031727958	-20.340313270848128
-32.31857542203005	-1.2766483755985973
-20.969797445488155	10.072129600943299
-33.499756034577956	-2.4578289881465025
-50.3313216411313	-19.289394594699843
-61.19377769928332	-30.151850652851863
-43.785241616378414	-12.74331456994696
-90.25251893784815	-59.2105918914167
-20.396044330363736	10.645882716067717
-24.82218759335018	6.219739453081274
-56.182404343269525	-25.14047729683807
-39.50317919978778	-8.461252153356327
10.544188876827604	41.58611592325906
-18.74033330075116	12.301593745680293
-15.803824866741422	15.238102179690031
-25.413701213865068	5.628225832566386
-22.414271296276354	8.6276557501551
-14.788633139292585	16.25329390713887
-39.154916392244274	-8.11298934581282
-54.939220008758355	-23.8972929623269
-29.163622124700566	1.8783049217308871
-18.372376630604492	12.669550415826961
-19.838781262396594	11.20314578403486
-25.95822264300449	5.083704403426964
-23.638490275143056	7.403436771288398
10.850860582288362	41.892787628719816
-4.447763199450208	26.594163846981246
-23.52466484045516	7.517262205976294
-41.99690740855084	-10.954980362119386
-38.17629319145425	-7.1343661450227955
-19.569536681488614	11.47239036494284
-33.16238324330851	-2.1204561968770577
-32.88682704022875	-1.8448999937972985
-39.089198893516084	-8.04727184708463
-37.74218302956223	-6.7002559831307735
7.496892126744854	38.53881917317631
-27.826130418512264	3.2157966279191896
-33.540943485726245	-2.499016439294792
-26.61925122531619	4.422675821115263
-33.27486965275392	-2.2329426063224673
-24.238674217279993	6.803252829151461
-19.99516522187122	11.046761824560235
-39.23644846590258	-8.19452141947113
-48.96678010972181	-17.924853063290357
-24.730199989627806	6.311727056803647
-13.50118168169655	17.540745364734903
-23.25503769186406	7.786889354567393
-2.132183135688763	28.90974391074269
-25.69500728974316	5.346919756688294
0.05055632794602616	31.09248337437748
2.842145994933446	33.8840730413649
-30.949444168201524	0.09248287822993007
5.472066430289772	36.513993476721225
-21.11769798843096	9.924229058000492
-46.548889182564096	-15.506962136132643
-2.5930134794013497	28.448913567030104
-87.58347033180843	-56.541543285376974
-31.302183344783487	-0.2602562983520329
-60.51617118535586	-29.474244138924405
-17.003544239732662	14.038382806698792
-3.118467963487717	27.923459082943737
-30.38270527060166	0.659221775829792
-36.63139139488129	-5.589464348449837
-53.31624884987622	-22.274321803444764
-43.5606848084696	-12.518757762038149
-52.63540134730073	-21.593474300869275
7.841474415125333	38.88340146155679
-22.645806274578433	8.39612077185302
-32.485341451128704	-1.4434144046972506
-35.252551982206285	-4.210624935774831
-15.838156062903806	15.203770983527647
-37.546443950106266	-6.504516903674812
-32.05827091839245	-1.0163438719609985
8.699244570120129	39.74117161655158
-55.3458036952631	-24.303876648831647
6.246456308714471	37.288383355145925
-7.325121294326607	23.716805752104847
-48.11979615720128	-17.077869110769825
-56.03341505722864	-24.991488010797184
5.210708867134883	36.25263591356634
-39.229997238520525	-8.188070192089071
-31.376737215510445	-0.33481016907899175
-54.63047735727531	-23.588550310843857
-47.541108958886696	-16.499181912455242
-16.86353083810326	14.178396208328195
-20.083480681159642	10.958446365271811
-7.394651594395043	23.64727545203641
-14.160321846922386	16.881605199509067
-37.38062268600123	-6.338695639569778
-27.703964431084103	3.337962615347351
-43.53689587130583	-12.494968824874377
-10.567179465271408	20.474747581160045
-23.299874165617155	7.742052880814299
