Hf	deltaHf ref=98.79927029728634
77.74719449173637	-21.052075805549975
94.0366849028963	-4.762585394390044
99.83880998575688	1.0395396884705406
126.17133984339517	27.372069546108833
78.33305023945496	-20.46622005783138
88.75771825146722	-10.041552045819117
71.56326687539905	-27.23600342188729
72.4569019626818	-26.342368334604544
90.53448976081773	-8.264780536468606
100.68919237097936	1.8899220736930147
74.55417436475028	-24.24509593253606
132.99671160518693	34.19744130790059
96.65320460505819	-2.1460656922281487
98.38731158898946	-0.4119587082968792
98.162686656988	-0.6365836402983405
110.47184685328313	11.672576555996784
102.8868609203949	4.087590623108554
120.40895212601964	21.6096818287333
76.80494076002134	-21.994329537265003
45.5968730206244	-53.20239727666194
126.70340817529569	27.90413787800935
95.5916473393466	-3.2076229579397477
102.12565651713732	3.326386219850974
86.77719218466001	-12.022078112626332
119.72193712735526	20.92266683006892
139.22372909938196	40.424458802095614
119.88033191216738	21.081061614881037
47.07342109079974	-51.7258492064866
106.40437061322365	7.605100315937307
92.60132743456262	-6.197942862723721
79.5979392159955	-19.201331081290846
115.5217135759761	16.722443278689752
112.95975008956367	14.160479792277329
95.92325273467787	-2.8760175626084674
88.87029748478591	-9.928972812500433
106.2123313556097	7.413061058323365
105.30186692776834	6.502596630482003
108.75958132726583	9.960311029979493
133.1260050253207	34.32673472803435
96.62828086037399	-2.1709894369123504
137.65839661048295	38.85912631319661
116.82243564544689	18.023165348160546
73.56009329032014	-25.2391770069662
94.81316596426979	-3.9861043330165558
98.67462243819529	-0.12464785909105558
41.21115418231267	-57.58811611497367
94.05267057879456	-4.74659971849178
100.54214268943389	1.7428723921475466
106.56770335918037	7.768433061894029
117.5598503772365	18.76058007995016
94.57651664257202	-4.2227536547143245
77.78898087822228	-21.010289419064065
126.47851548408136	27.679245186795015
96.39861787909678	-2.4006524181895657
124.20290910820978	25.40363881092344
138.44321125954076	39.64394096225442
139.69600264387765	40.89673234659131
135.1914029187049	36.39213262141857
87.89820792521851	-10.901062372067827
135.83071182636405	37.03144152907771
143.43753488928115	44.63826459199481
64.0025387830122	-34.79673151427414
80.77784412143438	-18.021426175851957
101.8366771806489	3.0374068833625643
91.46717847163592	-7.332091825650423
97.82301352691348	-0.9762567703728564
85.38096654632164	-13.418303750964697
64.90247204450344	-33.8967982527829
52.862931279671386	-45.936339017614955
38.00022671782273	-60.799043579463614
129.27654669017858	30.477276392892236
109.58725785496273	10.787987557676388
83.05693953106157	-15.742330766224768
91.67443709323044	-7.1248332040559035
61.46031260369847	-37.33895769358787
86.82242798558065	-11.976842311705695
69.31090007751692	-29.488370219769422
80.32366229230166	-18.47560800498468
72.7340406835595	-26.065229613726842
136.8406796483053	38.041409351018956
72.09055255490449	-26.70871774238185
106.81265156784713	8.013381270560785
104.57818698285183	5.778916685565491
116.97896978529963	18.179699488013284
129.91104721561925	31.111776918332907
120.733242063305	21.933971766018658
132.45480841145246	33.65553811416612
165.84149396716595	67.0422236698796
79.16980699624611	-19.629463301040232
79.41669675948134	-19.382573537805
89.21552769969486	-9.583742597591481
123.77431484917389	24.97504455188755
42.66955539216207	-56.129714905124274
103.40607811074216	4.606807813455816
89.63040336726618	-9.168866930020158
93.72114050135343	-5.0781297959329095
96.88197297603102	-1.9172973212553188
97.73636326220213	-1.0629070350842085
80.48099939327432	-18.318270904012024
113.80812332034321	15.008853023056872
116.54842641866918	17.74915612138284
57.07246644649632	-41.72680385079002
122.82978314356507	24.030512846278725
87.91495119096572	-10.884319106320618
124.3860371093345	25.586766812048154
98.72737756857742	-0.07189272870891728
135.19627146680642	36.39700116952008
120.61410746081884	21.814837163532502
83.56308448506962	-15.236185812216718
121.0305800732479	22.231309775961563
77.58687156457955	-21.212398732706788
80.62993467986445	-18.169335617421893
87.6279026534051	-11.17136764388124
129.11186271631078	30.31259241902444
114.60458434732783	15.805314050041488
68.97742494070764	-29.821845356578706
85.0503876843307	-13.74888261295564
73.59251312831685	-25.20675716896949
81.87928960935307	-16.919980687933275
90.61091358452023	-8.188356712766108
60.63397883864155	-38.16529145864479
109.49914131644101	10.69987101915467
99.57386437666929	0.7745940793829504
96.87978295170097	-1.9194873455853667
108.13262334634993	9.33335304906359
143.96904100617604	45.1697707088897
85.94678417715687	-12.85248612012947
107.47166102245893	8.67239072517259
148.39762584741612	49.59835555012978
141.98995693808166	43.19068664079532
116.56929737638194	17.7700270790956
113.86267894445547	15.063408647169126
91.87066040405108	-6.9286098932352616
85.94601149343572	-12.853258803850622
138.3045045198981	39.50523422261176
103.32068417321926	4.521413875932922
35.771541692173116	-63.027728605113225
52.42081131524384	-46.3784589820425
60.19915229137615	-38.60011800591019
84.30874114480895	-14.490529152477393
121.75059266278032	22.95132236549398
74.59968000668079	-24.199590290605556
79.92419539383474	-18.875074903451605
109.21279568609526	10.413525388808921
103.37785200703576	4.578581709749415
103.07984606876772	4.280575771481381
155.0767960081742	56.27752571088786
84.18516315669905	-14.614107140587294
60.26202399697132	-38.53724630031502
120.71578856582556	21.91651826853922
61.30358698615083	-37.49568331113551
106.06515541552136	7.265885118235019
73.32949242502428	-25.469777872262057
90.38639474689472	-8.412875550391618
52.076436511344866	-46.722833785941475
81.52440897539992	-17.27486132188642
62.83060081917421	-35.96866947811213
76.65804785168649	-22.14122244559985
70.56153838799429	-28.23773190929205
123.52462972871064	24.725359431424295
73.10231631010748	-25.69695398717886
51.82087382972742	-46.97839646755892
91.4018311151761	-7.397439182110247
96.01933680856229	-2.7799334887240548
81.19355994697463	-17.60571035031171
111.78982669642056	12.99055639913422
107.74136673785898	8.94209644057264
149.3734067464996	50.574136449213256
119.71369668463223	20.914426387345884
97.90954754407204	-0.8897227532143006
113.65228306381533	14.853012766528991
103.78009293441056	4.98082263712422
96.10443327740569	-2.6948370198806515
82.19714099218464	-16.6021293051017
154.09982997800608	55.30055968071974
122.37676938531723	23.57749908803089
83.20189156133193	-15.597378735954408
78.75609163246037	-20.043178664825973
162.82128148019757	64.02201118291123
98.9136201008535	0.11434980356716551
120.52554925374199	21.726278956455644
106.7906262324853	7.991355935198953
88.0041437347848	-10.795126562501537
96.80048437926081	-1.9987859180255327
107.29121800346394	8.491947706177598
118.93632078753063	20.13705049024429
124.05128290207568	25.252012604789343
103.63212542806497	4.832855130778626
111.85453457241448	13.055264275128138
65.47371713038802	-33.32555316689832
131.46322188373807	32.66395158645173
52.65419940024941	-46.14507089703693
105.21277455512819	6.413504257841851
106.99153630146094	8.192266004174598
131.7086160490747	32.90934575178835
79.91788354792726	-18.88138674935908
94.38233183860058	-4.416938458685763
122.89729337160162	24.09802307431528
122.22564098175127	23.426370684464928
97.45354599082413	-1.3457243064622162
76.41159755813925	-22.387672739147092
79.55714192036459	-19.242128376921755
116.42082720138052	17.621556904094177
101.82347158386466	3.024201286578318
89.19872345480172	-9.600546842484619
90.2559118107477	-8.543358486538636
146.15329104091717	47.35402074363083
87.26372774370458	-11.535542553581763
94.44808209214744	-4.351188205138897
94.47055183189724	-4.328718465389102
99.73282623759798	0.9335559403116349
96.10917692388676	-2.690093373399577
55.87909109964886	-42.92017919763748
89.48232976117498	-9.31694053611136
77.8818569425951	-20.917413354691234
108.36410229168752	9.564831994401175
86.16482619087247	-12.634444106413866
99.66158882125666	0.8623185239703162
112.3490248403271	13.549754543040763
84.41289514024021	-14.386375157046132
97.97063710603317	-0.828633191253175
98.34020280883334	-0.4590674884530017
126.07784266369919	27.278572366412845
147.75392954478076	48.95465924749442
46.549966198772665	-52.249304098513676
82.61411453974353	-16.185155757542816
102.08978423102445	3.2905139337381115
106.86516700595013	8.065896708663786
134.80186304233422	36.00259274504788
109.64606637138269	10.846796074096346
118.19805686541287	19.398786568126525
123.72495792573528	24.92568762844894
84.1713587356956	-14.627911561590736
133.37622188708548	34.57695158979914
112.78307551543031	13.98380521814397
99.14239761162236	0.34312731433601584
107.77388307388384	8.974612776597496
127.94868089535368	29.149410598067334
117.93832412087278	19.139053823586437
109.38189221224667	10.582621914960328
91.55734588274419	-7.241924414542154
117.15979947893567	18.360529181649326
83.74567745684391	-15.053592840442434
85.97242813972326	-12.826842157563078
115.38198838022282	16.58271808293648
83.47981042620296	-15.319459871083382
149.60151238217287	50.80224208488653
164.90940699941922	66.11013670213288
89.76776446464856	-9.031505832637777
125.3891318031695	26.589861505883164
104.8325231573711	6.033252860084758
71.8460016179327	-26.95326867935364
76.53894065002015	-22.26032964726619
139.83448749222072	41.035217194934376
120.5541350212464	21.754864723960054
80.75434461928882	-18.044925677997526
107.75048338204425	8.95121308475791
168.21266923351715	69.4133989362308
90.90167773237255	-7.8975925649137935
134.43493414142205	35.635663844135706
135.31185704551382	36.51258674822748
88.00628216969409	-10.792988127592253
69.3093426329745	-29.489927664311836
125.72072449517356	26.921454197887215
109.98847663427506	11.189206336988718
77.32086465094682	-21.478405646339525
115.49263561277104	16.693365315484698
119.49213504663413	20.69286474934779
107.4721632872409	8.672892989954562
119.08672716270877	20.287456865422428
27.25134852739785	-71.54792176988849
120.28789306257596	21.48862276528962
140.10389477035125	41.304624473064905
123.63199734140863	24.832727044122294
117.29102815185826	18.491757854571915
56.68164284140431	-42.11762745588203
82.82428719617229	-15.974983101114049
95.6322823912945	-3.1669879059918458
68.74875361603546	-30.050516681250883
136.9786052727307	38.17933497544436
95.75729149958562	-3.0419787977007218
117.7711200251818	18.97184972789546
127.40201893699333	28.602748639706988
114.22537731671974	15.426107019433402
88.00779827324942	-10.79147202403692
123.66833738860652	24.869067091320176
134.46763375008805	35.668363452801714
133.67915116007708	34.87988086279074
142.76916370952887	43.96989341224253
100.06441150697566	1.2651412096893182
54.31521437161638	-44.48405592566996
133.14433127112198	34.34506097383564
111.53717945504678	12.737909157760441
120.34234679871798	21.543076501431642
85.50364237053356	-13.295627926752786
103.01267628565466	4.213405988368322
97.2360132925408	-1.5632570047455374
87.56717340594543	-11.232096891340916
122.62610589291063	23.82683559562429
96.80599946264039	-1.993270834645955
88.17167445445585	-10.627595842830488
127.09859716352577	28.299326866239426
39.78907193166589	-59.010198365620454
136.0594251878668	37.26015489058045
159.57823082960596	60.778960532319616
77.60117700915936	-21.198093288126984
99.23448862045399	0.4352183231676463
100.83858663436177	2.0393163370754337
103.2907693925975	4.4914990953111555
122.11441285956454	23.315142562278197
73.60576700186567	-25.19350329542067
104.08570658999298	5.2864362927066395
145.57459919463355	46.77532889734721
131.3480941496403	32.54882385235396
76.58518884399592	-22.21408145329042
113.61237349851791	14.81310320123157
111.58016715952755	12.780896862241207
76.76912506354194	-22.030145233744406
63.075424931843656	-35.723845365442685
168.50418241342624	69.7049121161399
135.1173824609162	36.31811216362985
129.0127149165367	30.213444619250367
79.75183699857945	-19.047433298706892
115.85747934493912	17.05820904765278
93.41595498696762	-5.3833153103187215
103.65869021839382	4.859419921107474
98.24176245808695	-0.5575078391993884
59.55540021117696	-39.24387008610938
82.00673479559401	-16.792535501692328
94.49557124232734	-4.303699054958997
62.691791432038656	-36.107478865247685
82.00794138229895	-16.79132891498739
39.297449463543956	-59.501820833742386
128.13968899837556	29.34041870108922
72.75535634317413	-26.043913954112213
110.58513934446302	11.785869047176675
27.735455340169494	-71.06381495711685
85.61893702777371	-13.18033326951263
89.35051944150683	-9.448750855779508
92.2361206721128	-6.563149625173537
57.3230379724576	-41.47623232482874
94.72297140179063	-4.076298895495711
78.71731749779639	-20.081952799489954
113.27356577289385	14.474295475607505
131.08630818713783	32.28703788985149
50.62788287025097	-48.17138742703537
74.218774670286	-24.580495627000346
69.24863016559021	-29.550640131696127
95.90956562850835	-2.889704668777995
76.01153510918294	-22.787735188103397
97.20193595624215	-1.5973343410441885
145.40154061620916	46.60227031892282
94.13659863150889	-4.662671665777452
116.17612549301913	17.376855195732787
110.40282181004505	11.603551512758713
72.67460451719154	-26.1246657800948
71.77617347354163	-27.02309682374471
85.42824833830156	-13.371021958984784
93.85733278113395	-4.941937516152393
80.85855642045709	-17.94071387682925
110.39772383801966	11.598453540733317
92.81287507050939	-5.986395226776949
82.90434927551752	-15.894921021768823
102.03252362380073	3.2332533265143866
126.08254403907841	27.283273741792073
54.683778455395725	-44.115491841890616
94.42283093984798	-4.3764393574383575
69.48708648182429	-29.31218381546205
104.42931767867623	5.630047381389886
94.08157992700791	-4.717690370278433
121.45445372605383	22.655183428767486
106.38906325455383	7.589792957267491
148.13116486356222	49.33189456627588
141.87971928919643	43.08044899191009
78.83889918698907	-19.960371110297274
65.02775631391188	-33.77151398337446
134.31565246959718	35.51638217231084
155.2601711879127	56.46090089062636
87.77558730042284	-11.0236829968635
73.11895078950539	-25.68031950778095
42.98934758980096	-55.809922707485384
99.0559862863177	0.2567159890313633
74.76245878610854	-24.036811511177802
111.05372829846084	12.254458001174498
81.02586742493651	-17.773402872349834
82.58728019110487	-16.211990106181474
122.4716653109229	23.67239501363656
77.14949600183382	-21.649774295452517
119.47613075464534	20.676860457359
83.99361453905505	-14.805655758231296
87.30920523376182	-11.490065063524526
81.68164143101814	-17.117628866268205
91.60161983991776	-7.1976504573685816
81.26208113649255	-17.537189160793787
110.61215293014749	11.812882632861147
110.86442151540751	12.065151218121173
61.59192911043857	-37.20734118684777
93.15324017116137	-5.64603012612497
72.08767871868832	-26.711591578598018
71.45536040971848	-27.34390988756786
100.24510234275868	1.4458320454723435
102.90074197223504	4.101471674948698
105.63814228006441	6.838871982778073
101.88483071499132	3.0855604177049827
59.917244773927735	-38.88202552335861
89.47522652169783	-9.324043775588507
65.1872183419203	-33.61205195536604
115.00995224535501	16.210681948068668
105.00194825300633	6.202677955719992
85.14181591235894	-13.657454384927405
147.12949670689915	48.330226409612806
81.56927238083364	-17.229997916452703
140.82436813299347	42.02509783570713
63.61850150455058	-35.18076879273576
95.89678135396599	-2.90248894332035
71.30605810822664	-27.493212189059705
89.19294340859261	-9.60632688869373
59.03880828825851	-39.76046200902783
119.75118065708585	20.951910359799513
114.12250611154224	15.323235814255895
32.63611095029256	-66.16315934699378
141.2246215321814	42.42535123489506
71.3573640230191	-27.44190627426724
52.960180132520975	-45.839090164765366
79.57467832692993	-19.224591970356414
90.4023892886201	-8.396881008666242
124.87634576948977	26.077075472203433
53.34039293631423	-45.45887736097211
64.41796610890225	-34.38130418838409
79.85442740530044	-18.9448428919859
97.97060746370909	-0.8286628335772548
69.21776737267129	-29.58150292461505
111.19543090593862	12.39616060865228
140.28720944255684	41.4879391452705
76.47278576647142	-22.326484530814923
99.45961719926191	0.6603469019755721
67.0767393107256	-31.72253098656074
103.49366162768484	4.694391330398503
115.45159085132974	16.6523205540434
39.79861710946926	-59.00065318781708
89.90287070798723	-8.896399589299108
100.93158916586464	2.1323188685782952
89.75881696719654	-9.040453330089804
50.02301408478735	-48.77625621249899
73.51992858817022	-25.279341709116125
139.82321992115095	41.02394962386461
84.5018295004723	-14.297440796814044
102.41751259092626	3.6182422936399234
83.83075244644925	-14.968517850837088
40.62356672853849	-58.17570356874785
90.44647334094253	-8.35279695634381
173.47181179837418	74.67254150108784
111.6666802315761	12.867409934289753
42.52950832132984	-56.2697619759565
70.98229667438346	-27.81697362290288
118.40930874858378	19.61003845129744
65.64641967210838	-33.15285062517796
124.44811713493465	25.648846837648307
113.0211612227452	14.221890925458865
114.0284664448721	15.229196147585753
112.79243448816334	13.993164190876996
109.6657041394522	10.866433842165861
114.59202610358108	15.792755806294736
92.02534943980783	-6.773920857478515
71.64897376130313	-27.150296535983216
132.22216658861936	33.42289629133302
102.70432991734043	3.9050596200540895
89.95152397231351	-8.847746324972832
151.14114227038436	52.34187197309802
71.26227870295617	-27.536991594330175
123.9546309858145	25.155360688528162
101.23800771622547	2.4387374189391267
94.2866597341511	-4.51261056313524
79.44606592433621	-19.35320437295013
71.94396535586776	-26.85530494141858
101.51144009713818	2.7121697998518357
131.09504100309488	32.295770705808536
88.87288463850774	-9.9263856587786
76.8395178506783	-21.959752446608036
106.5671387918722	7.767868494585855
117.98379526214768	19.18452496486134
110.5148142301353	11.71554393284896
80.29160804992927	-18.507662247357075
99.67591063169158	0.8766403344052378
121.87173115869729	23.072460861410946
71.49934261689697	-27.299927680389374
113.44501414984035	14.645743852554006
125.45866972659343	26.659399429307086
66.37236224992586	-32.426908047360484
104.59506320799329	5.79579291070695
101.14987480049814	2.350604503211798
99.5497810459513	0.7505107486649649
113.73167037115701	14.932400073870667
97.4385499394578	-1.3607203578285407
47.39401402883442	-51.40525626845192
80.8850601973848	-17.91421009990154
160.5699881962376	61.77071789895126
135.42012523037766	36.62085493309132
102.39055557971216	3.5912852824258152
153.9102667841383	55.110996486851946
132.75343324328634	33.954162946
100.53136401227886	1.7320937149925157
97.95038980677992	-0.8488804905064171
114.91619693118474	16.1169266338984
129.89545123784256	31.096180940556224
101.86976779424214	3.070497496955795
100.56080536237488	1.7615350650885375
109.81138920980658	11.012118912520236
58.40701426827792	-40.39225602900842
47.61743697409321	-51.18183332319313
69.18902616678889	-29.61024413049745
117.31331734950282	18.514047052216483
86.79634827823821	-12.002922019048128
128.80712010395865	30.00784980667231
107.83198415386352	9.032713856577175
133.68340049887985	34.88413020159351
101.24019718179107	2.4409268845047336
53.94887871301245	-44.85039158427389
82.55979083897756	-16.23947945830878
96.04749813242444	-2.7517721648619045
93.69987999044162	-5.099390306844725
132.26978689956223	33.47051660227589
84.33861813928735	-14.460652157998993
90.25919246116456	-8.540077836121782
116.37977875455027	17.58050845726393
81.55585804519279	-17.24341225209355
151.06819689757168	52.26892660028534
112.46708571430855	13.667815417022211
94.94864309206815	-3.8506272052181885
122.61062787636394	23.811357579077594
125.80924305775471	27.009972760468372
131.71075934781612	32.91148905052978
99.23473214589677	0.43546184861043
47.6187921523545	-51.18047814493184
149.5732845266778	50.77401422939147
145.36066938929645	46.561399092010106
53.83965801284859	-44.95961228443775
120.42542190541491	21.626151608128566
128.67327285495622	29.874002557669883
107.85515671513195	9.055886417845613
102.74127248845099	3.9420021911646472
111.31236956590357	12.513099268617225
89.72288470351697	-9.076385593769373
38.871191576460035	-59.928078720826306
75.1653051894994	-23.633965107786935
86.57987207688194	-12.2193982204044
88.96071343583964	-9.838556861446705
80.352728127082	-18.44654217020434
129.06438329868462	30.265113001398277
122.63209368086456	23.832823383578216
35.99315297095956	-62.806117326326785
119.07062672032254	20.271356423036195
100.1163456819798	1.317075384693453
128.31616438587872	29.51689408859238
67.04400426274725	-31.75526603453909
155.0599642541659	56.26069395687955
119.81368492871326	21.014414631426916
107.81069317949215	9.011422882205807
150.93124993652083	52.13197963923449
70.37436472345354	-28.424905573832802
48.60192329058401	-50.19734700670233
85.30451654832206	-13.494753748964285
76.8444582913965	-21.954812005889835
75.85512293625135	-22.944147361034993
157.46715086730757	58.667880570021225
98.96026114824264	0.16099085095629562
122.68823865283258	23.88896835554624
133.61664958583634	34.81737928855
89.07172726482014	-9.727543032466201
77.419095418258	-21.380174879028345
84.97310876409966	-13.826161533186678
103.3405102804557	4.541239983169362
72.37241902959278	-26.426851267693564
81.11860599117273	-17.680664306113613
107.11272351574945	8.31345321846311
88.57500347969682	-10.224266817589523
105.35362820337679	6.554357906090445
87.67460676584079	-11.124663531445549
106.81202747677372	8.01275717948738
115.04791752695957	16.248647229673225
80.75935492202035	-18.03991537526599
101.11088359852357	2.31161330123723
97.91933497022757	-0.8799353270587744
113.89347289678909	15.09420259950275
85.95784987324652	-12.841420424039825
92.30266172290641	-6.496608574379934
109.78590246003506	10.98663216274872
64.2938744253791	-34.50539587190724
112.93221165221104	14.132941354924696
102.08849858935201	3.2892282920656726
105.51022796018725	6.71095766290091
103.31106534775091	4.5117950504645705
105.45912292065833	6.6598526233719895
126.23873086097802	27.439460563691682
140.54319422345935	41.74392392617301
103.07700051898638	4.27773022170004
80.30574980165903	-18.49352049562731
81.05067106767302	-17.74859922961332
122.76188359472354	23.9626132974372
105.60457863667608	6.80530833938974
53.160027615247884	-45.63924268203846
104.48646070339811	5.6871904061117675
115.51361107702752	16.71434077974118
145.3675034918145	46.56823319452815
117.8846011600711	19.085330862784758
132.6995755891133	33.90030529182695
115.99347326421622	17.19420296692988
84.81609870978201	-13.98317158750433
108.28409435463465	9.484824057348305
84.28184124788305	-14.51742904940329
49.583989116394434	-49.21528118089191
84.86434577168467	-13.934924525601673
79.26312249398535	-19.53614780330099
111.40680873266166	12.607538435375318
119.29130694931001	20.49203665202367
55.743282083627776	-43.055988213658566
47.362404470174	-51.43686582711234
91.56314188611788	-7.236128411168465
30.604610283453724	-68.19466001383262
67.86656098543818	-30.932709311848157
80.77577279690223	-18.02349750038411
134.532577794804	35.73330749751767
126.35753264760052	27.55826235031418
89.98381670823647	-8.815453589049866
88.02503443180677	-10.774235865479568
122.03367875074247	23.234408453456126
52.10218795901375	-46.697082338272594
117.7842090701036	18.98493877281726
164.01038304782043	65.21111275053408
61.92406406409492	-36.87520623319142
117.92317977934937	19.123909482063027
120.545159124946	21.745888827659655
84.45710756709951	-14.342162730186828
112.90220326539048	14.102932968104142
104.09060754336161	5.291337246075273
110.75999634144165	11.960726044155308
112.3702921600946	13.571021862808266
120.28490146316682	21.485631165880477
112.2283781899626	13.429107892676257
99.1487637484118	0.34949345112545416
103.75179598784808	4.9525256905617425
77.71973162050045	-21.079538676785887
74.28067531241896	-24.518594984867377
82.04380832391536	-16.755461973370984
124.3468261298861	25.547555832599755
93.5894847503244	-5.209785546961939
146.65532486589137	47.85605456860503
57.44605903748226	-41.353211259804084
95.97304701082095	-2.8262232864653924
116.79088609595993	17.991615798673593
63.38272580203403	-35.41654449525231
104.14485205606826	5.345581758781918
97.993302317673	-0.8059679796133423
60.69955666260131	-38.09971363468503
106.99861851288216	8.199348215595819
79.72243158625707	-19.076838711029268
86.36685165355658	-12.432418643729761
64.97115351760505	-33.828116779681295
81.58779335060018	-17.21147694668616
99.79638240790729	0.9971121106209466
92.46789266584011	-6.33137763144623
118.05259202096414	19.2533217236778
111.73853767180327	12.93926737451693
83.49324714909227	-15.306023148194072
139.9627749631348	41.16350466584845
155.79166142032983	56.99239112304349
81.06894941959973	-17.73032087768661
67.17009695201915	-31.62917334526719
66.31879933878582	-32.48047095850052
70.52518531499874	-28.274084982287604
103.28291579030548	4.483645493019139
95.50825527732587	-3.2910150199604686
108.60850098976726	9.809230692480924
96.18217994974322	-2.617090347543126
82.14159986064107	-16.657670436645276
102.90274091810198	4.103470620815642
57.56795591423207	-41.23131438305427
149.6970125015235	50.89774220423715
81.27657432534244	-17.522695971943904
75.38608082093043	-23.41318947635591
120.60676312752395	21.807492830237607
108.34981277674007	9.550542479453725
105.48459953045159	6.685329233165248
47.217191668200314	-51.58207862908603
107.03463205696818	8.235361759681837
71.21037845441816	-27.58889184286818
122.22875800771209	23.429487710425747
151.8555390755958	53.05626877830946
46.9758857517466	-51.82338454553974
122.03573558185809	23.23646528457175
90.2965744502165	-8.502695847069845
77.7283678289844	-21.070902468301938
87.1851856217275	-11.614084675558843
139.70655594417104	40.9072856468847
108.64184442461038	9.842574127324042
50.25586250490079	-48.54340779238555
106.36253517287179	7.563264875585446
111.34215030454135	12.542880007255008
134.54495786533727	35.745687568050926
72.24248459324218	-26.55678570404416
97.87398269327451	-0.9252876040118281
92.42150646588044	-6.3777638314059
89.47896121404693	-9.320309083239408
54.31799055723451	-44.48127974005183
94.46602810293763	-4.333242194348713
90.1184888026931	-8.680781494593248
122.01699619605125	23.21772589876491
109.59634662236414	10.797076325077796
62.017891325509765	-36.781378971776576
76.25991620966153	-22.539354087624815
99.47384011857713	0.6745698212907882
61.85716465673096	-36.94210564055538
101.95785026710865	3.1585799698223127
111.47312365698082	12.673853359694476
108.98872754659016	10.189457249303814
88.71968579400192	-10.079584503284423
109.16570408440231	10.366433787115966
61.3941297310833	-37.405140566203045
50.1812059100651	-48.61806438722124
106.12041861047538	7.321148313189042
86.54636286734814	-12.252907429938205
64.18773541614274	-34.6115348811436
89.75064611714544	-9.048624180140905
62.69126836114657	-36.10800193613977
88.26048567812751	-10.538784619158832
73.68323145815731	-25.116038839129033
44.783595022762086	-54.015675274524256
96.96026825154178	-1.8390020457445644
72.94927528052568	-25.84999501676066
110.90373571080482	12.104465413518483
117.96751571810665	19.168245420820313
106.55614397755045	7.756873680264107
84.35885787911167	-14.440412418174674
92.92172420148773	-5.877546095798607
150.7731184693278	51.97384817204147
62.469947627165595	-36.329322670120746
89.97987612654316	-8.81939417074318
77.27962036889431	-21.519649928392028
178.10415939928708	79.30488910200074
96.10827680198628	-2.690993495300063
108.2788066498054	9.479536352519062
166.46947872331867	67.67020842603233
118.31587938158401	19.51660908429767
132.07702855867893	33.27775826139259
41.03667937690835	-57.76259092037799
140.69894697251067	41.89967667522433
74.39201775982139	-24.407252537464956
103.61611489473063	4.8168445974442875
100.07497287930374	1.2757025820174022
94.14063142349397	-4.65863887379237
112.38139436248667	13.582124065200333
126.34308488802554	27.543814590739203
107.55692642771675	8.757656130430405
90.92023055356032	-7.879039743726025
37.342220200227814	-61.45705009705853
62.78110586444592	-36.01816443284042
104.07439766029921	5.275127363012871
71.31971185462527	-27.479558442661073
74.72427156694386	-24.074998730342486
145.14707483050216	46.34780453321582
103.44262526817539	4.64335497088905
80.71286256841478	-18.086407728871563
67.55741865969532	-31.241851637591026
109.24783264477657	10.448562347490224
87.37213013159845	-11.427140165687888
61.63096824092128	-37.168302056365064
81.00655429242971	-17.79271600485663
157.61747149625654	58.8182011989702
96.21517348720437	-2.5840968100819737
146.72889435534518	47.929624058058835
111.68177635301464	12.8825060557283
88.99930039581005	-9.799969901476288
92.57930615821016	-6.219964139076183
29.941473144094118	-68.85779715319222
118.37519156199625	19.575921264709905
116.19157943042438	17.392309133138042
77.32631225868164	-21.472958038604702
68.41143322948693	-30.38783706779941
155.96031734370837	57.16104704642203
72.50783642952075	-26.29143386776559
118.71953070779483	19.92026041050849
77.96724920727348	-20.83202109001286
126.42720157765353	27.627931280367193
118.5054647254313	19.706194428144954
82.24451733053348	-16.554752966752858
108.5432995234026	9.744029226116254
99.07549214600505	0.2762218487187056
39.00021151980246	-59.79905877748388
115.45121264569963	16.651942348413286
79.12552102077672	-19.673749276509625
79.74586460698839	-19.05340569029795
97.19657417666377	-1.6026961206225678
155.03250065392268	56.23323035663634
85.64631479597512	-13.152955501311226
120.66032804362686	21.86105774634052
122.23760163065373	23.438331333367387
76.12575573030546	-22.673514566980884
89.55742855534692	-9.241841741939425
88.84972346532078	-9.949546831965563
75.61527718554345	-23.183993111742893
122.80432365626831	24.005053358981968
50.28775214562694	-48.5115181516594
109.38029066141672	10.581020364130381
100.68615773457196	1.8868874372856226
67.1351888148368	-31.664081482449546
82.13489546932607	-16.664374827960273
196.2067835066576	97.40751320937125
89.21920254145726	-9.580067755829077
130.1087614287556	31.309491131469258
119.68752050558606	20.888250208299723
70.15756412431284	-28.6417061729735
139.54337167801197	40.744101380725624
35.400687081552235	-63.39858321573411
73.79463224762213	-25.00463804966421
147.70889187624772	48.90962157896138
106.59791480048654	7.798644503200194
75.83676931000292	-22.96250098728342
46.9559717324467	-51.84329856483964
115.46649382313109	16.667223525844747
94.85700839474367	-3.9422619025426684
108.6365982665614	9.837327969275066
121.62289431922756	22.823624021941214
86.28752325529268	-12.511747041993658
103.90219676350745	5.102926466221106
95.96322958466982	-2.836040712616523
122.69514084902977	23.895870551743428
74.14464560989501	-24.654624687391333
122.74054777524935	23.941277477963013
100.03463169226808	1.2353613949817372
84.66649837911456	-14.132771918171784
58.257613956988564	-40.54165634029778
131.5891264020923	32.78985610480595
111.69195570897347	12.892685411687125
99.73030877366756	0.9310384763812181
103.86218021350425	5.0629099162179045
107.11187080660812	8.312600509321783
81.54545745806746	-17.25381283921888
89.4455002945636	-9.35377000272274
90.54403029258748	-8.255240004698862
93.21555450672378	-5.5837157905625645
113.68233715075104	14.883066853464697
120.6724473470261	21.873177049739752
55.392404073313	-43.40686622397334
152.85879239857815	54.059522101291805
135.0114161278637	36.212145830577356
89.8724290325502	-8.92684126473614
141.1188038802523	42.31953358296596
95.99405943887751	-2.8052108584088273
49.134331001189196	-49.664939296097145
123.99367663939694	25.194406342110597
112.87548099432234	14.076210697036004
144.45347506289755	45.65420476561121
73.12849918744388	-25.670771109842462
102.34356301302824	3.5442927157419035
89.58743801451266	-9.211832282773685
108.53394089703426	9.734670599747915
119.9960979593182	21.196827662031865
121.3138127263831	22.514542429096764
77.95646375839925	-20.84280653888709
143.8096332038861	45.01036290659977
115.29739348273353	16.498123185447184
92.61541705884366	-6.18385323844268
107.15928551464668	8.360015217360342
99.86876361610695	1.069493318820605
106.37374817687879	7.57447787959245
98.12687549642789	-0.6723948008584557
135.67526610534907	36.875995808062726
111.41455481091026	12.61528451362392
89.30987332236174	-9.489396974924603
90.49076894807723	-8.30850134920911
108.22769540969085	9.428425112404511
105.42822941632977	6.628959119043429
144.12349223453413	45.324221937247785
33.058730483944885	-65.74053981334146
103.2103271598192	4.41105686253286
91.00272378283472	-7.79654651445162
29.444454492974103	-69.35481580431224
113.22835333124596	14.429083033959614
67.04597808896716	-31.75329220831918
88.78928586385365	-10.009984433432692
117.4006763289238	18.601406031637453
180.5842281120443	81.78495781475795
77.1078947832014	-21.69137551408494
65.98277262322	-32.81649767406634
73.59617112012558	-25.203099177160766
104.70787182092528	5.908601523638936
93.10372952714016	-5.695540770146181
55.949120027087986	-42.850150270198355
127.02114851167636	28.221878214390017
85.32131926904759	-13.47795102823875
91.60054291589978	-7.198727381386561
77.89477780931549	-20.904492487970856
84.64955445892912	-14.149715838357224
141.56647605494283	42.767205757656484
128.33960491619865	29.54033461891231
82.92614933895157	-15.873120958334766
79.00833284322499	-19.79093745406135
70.28157309020963	-28.517697207076708
73.94068451842969	-24.85858577885665
96.0785420757332	-2.720728221553145
93.82090464227286	-4.9783656550134765
72.763768366933	-26.035501930353348
72.28143621696137	-26.517834080324974
112.92004553524231	14.120775237955968
120.00988555661962	21.21061525933328
114.91419686255023	16.114926565263886
77.31065251936008	-21.488617777926265
114.71514165736363	15.91587136007729
122.0818898742603	23.282619576973957
118.79278467703472	19.993514379748376
142.13863005719242	43.339359759906074
86.8692516424656	-11.930018654820742
77.9193535559337	-20.879916741352645
75.31134513598437	-23.487925161301973
126.90886157557753	28.10959127829119
96.16184527549404	-2.6374250217922963
144.25576089952875	45.45649060224241
111.6389088871677	12.83963858988136
87.4568554943856	-11.342414802900748
113.42451774583816	14.625247448551818
57.615180704992156	-41.184089592294185
110.04759097614652	11.248320678860182
55.941525263350115	-42.857745033936226
83.62836359930435	-15.17090669798199
98.23407552838245	-0.5651947689038934
94.95615940910858	-3.843110888177762
102.30473079181894	3.505460494532599
78.98846880767297	-19.810801489613368
109.74421047639254	10.944940179106197
121.69847116110242	22.899200863816077
88.92471614336165	-9.874554153924691
116.59867705365679	17.799406756370445
64.74230480929174	-34.0569654879946
88.76374928046636	-10.035521016819985
108.4158828429957	9.616612545709359
125.53768189517933	26.73841159789299
95.52049509751879	-3.2787751997675514
114.34639689832903	15.547126601042692
86.09784908633657	-12.701421210949775
124.78780106701225	25.988530769725912
75.92542166089908	-22.873848636387265
125.69796529428487	26.89869499699853
93.37048375202204	-5.428786545264302
101.33525872286037	2.5359884255740326
78.97123661646248	-19.828033680823864
137.71180887619477	38.912538578908425
102.6202533832423	3.820983085955959
49.587017201180345	-49.212253096106
101.59730969126605	2.798039393979707
125.98309029103467	27.18381999374833
50.89235686756939	-47.90691342971695
70.2006468976054	-28.598623399680946
136.1673696555975	37.368099358311156
120.18518010608597	21.385909808799624
88.85762272327185	-9.941647574014496
116.33374424012646	17.534473942840123
107.11453377036588	8.31526347307954
157.32827714528167	58.52900684799533
78.37496796144325	-20.424302335843095
100.67429643251154	1.8750261352251982
124.40057522355556	25.601304926269222
95.8752145821075	-2.924055715178838
87.02319362656482	-11.776076670721523
85.51554220650206	-13.28372809078428
67.21912829856075	-31.580141998725594
138.05195110445703	39.25268080717069
98.37011299218494	-0.4291573051013984
86.77631981032238	-12.022950486963964
124.87521588233568	26.07594558504934
101.34365639160598	2.544386094319634
107.79790441593133	8.998634118644986
133.93918368479564	35.139913387509296
67.23685670164042	-31.56241359564592
124.37195390428161	25.57268360699527
88.10689466081595	-10.692375636470388
121.8833736917316	23.084103394445265
117.1526265507876	18.35335625350126
151.4758881562032	52.67661785891687
88.11457942985209	-10.684690867434256
99.0024644456883	0.2031941484019626
117.47168201511005	18.672411717823707
131.9039614675442	33.104691170257865
129.15322741365736	30.35395711637102
65.42993816286827	-33.36933213441807
67.15537226741645	-31.643898029869888
69.80887257770729	-28.99039771957905
91.69338143253327	-7.105888864753069
96.93929124438938	-1.8599790528969606
94.96895699166845	-3.830313305617892
82.20666050803476	-16.592609789251583
114.5589611587805	15.759690861494164
64.76152173362999	-34.03774856365635
64.6457657054728	-34.153504591813544
115.40724615870778	16.607975861421437
75.66902676300589	-23.130243534280453
110.43178312394804	11.632512826661696
89.63070947547595	-9.168560821810388
149.55689957767237	50.75762928038603
118.74345144300815	19.944181145721814
85.42464019831306	-13.374630098973284
99.66636545883586	0.8670951615495142
129.6314635235779	30.832193226291565
96.7124627778415	-2.0868075194448465
92.16183841135563	-6.6374318859307095
156.57750439709554	57.7782340998092
99.73954962802446	0.9402793307381216
57.56881455648028	-41.230455740806065
63.4546386703899	-35.344631626896444
124.55037525369181	25.75110495640547
94.95508509985149	-3.8441851974348538
126.25028603752645	27.45101574024011
100.82046384457709	2.02119354729075
85.75760119679245	-13.041669100493891
173.31696555941227	74.51769526212593
87.76737543758856	-11.031894859697786
129.5812117302142	30.78194143292785
87.41087738893322	-11.388392908353126
92.27888824630855	-6.520382050977787
128.09649169889082	29.297221401604475
69.85411162134761	-28.94515867593873
111.71994119222137	12.920670894935029
67.33262982282241	-31.46664047446393
62.834156249186265	-35.96511404810008
64.38007074315311	-34.41919955413323
94.2799858340316	-4.519284463254735
50.76385042701651	-48.035419870269834
45.0284628719258	-53.770807425360545
71.18410169934424	-27.6151685979421
71.9499944815928	-26.849275815693545
145.86584652675293	47.06657622946659
126.51696340307745	27.717693105791113
97.45876442462242	-1.3405058726639254
97.29040950567497	-1.5088607916113688
114.55375334494084	15.754483047654503
82.44439119110967	-16.354879106176668
112.62941832137795	13.830148024091613
64.49628691206664	-34.302983385219704
74.84334873133258	-23.95592156595376
144.82762888343342	46.02835858614708
48.467859855942436	-50.331410441343905
87.10192183139071	-11.69734846589563
42.4039755792931	-56.39529471799324
84.9459031157624	-13.853367181523936
126.53504730313063	27.735777005844284
120.1832976138997	21.384027316613356
96.81734977045772	-1.9819205268286169
71.77199447779486	-27.02727581949148
138.68801425761404	39.8887439603277
149.60606347149798	50.806793174211634
70.00611781048275	-28.793152486803592
107.23928920070676	8.440018903420423
80.13841674773931	-18.660853549547028
106.04987456777809	7.250604270491749
87.26098176911393	-11.538288528172416
87.25483608905262	-11.544434208233724
90.82721708881064	-7.9720532084757
54.88619525112364	-43.9130750461627
56.149538854794	-42.64973144249234
113.20988830027846	14.410618002992123
101.53404269364756	2.7347723963612225
110.62572407331237	11.826453776026028
85.33374684909569	-13.465523448190652
158.45453642730928	59.65526613002294
102.77127817415959	3.972007876873249
129.2660203679282	30.466750070641865
87.017475464558	-11.781794832728337
72.31881326587092	-26.480457031415426
90.52239514856984	-8.276875148716499
109.53232823498757	10.733057937701233
99.2603501088036	0.4610798115172656
104.67316182056885	5.873891523282509
95.9641445838227	-2.83512571346364
71.63001825138264	-27.169252045903704
121.261464089914	22.46219379262766
110.44927717784805	11.650006880561705
120.34390039112105	21.544630093834712
117.89140396908834	19.092133671802003
113.78856165670942	14.989291359423078
93.02039291932516	-5.77887737796118
19.253898566459895	-79.54537173082645
113.09775886418566	14.298488566899323
55.02393902045361	-43.77533127683273
75.50204373919615	-23.297226558090188
89.22224352730183	-9.577026769984514
82.55397754431971	-16.245292752966634
71.55103878045549	-27.248231516830856
109.62597985439271	10.82670955710637
116.03959570013313	17.240325402846793
92.14446439976956	-6.6548058975167805
117.334765852271	18.535495554984664
87.86447141399759	-10.93479888328875
114.44172641537654	15.642456118090195
126.93701119227836	28.13774089499202
77.39502027171176	-21.404250025574584
98.05634342842887	-0.7429268688574666
78.3327835037365	-20.466486793549848
92.53139040540765	-6.267879891878692
66.30120059976099	-32.49806969752535
81.3981040292586	-17.401166268027737
83.2710613138791	-15.52820898340724
134.72267929528817	35.92340899800183
111.07126219390403	12.271991896617692
84.49137660461048	-14.307893692675862
116.50651667520498	17.707246377918636
104.4359698748761	5.636699577589752
113.4530204308706	14.653750133584253
132.2095882457382	33.41031794845185
93.50619511760516	-5.293075179681182
97.38662315317407	-1.4126471441122703
115.49587666706276	16.69660636977642
110.73966677641357	11.94039647912723
115.99752684059996	17.19825654331362
112.27586572565116	13.476595428364817
139.871508531551	41.07223823426466
81.98005796401623	-16.819212333270116
88.50096125716146	-10.298309040124877
44.27493534355227	-54.52433495373407
86.86717844900187	-11.932091848284472
38.66365348246683	-60.135616814819514
112.23253574944312	13.433265452156775
61.835787387814264	-36.96348290947208
105.70591974335758	6.906649446071242
101.70939635308088	2.910126055794535
77.64772845426552	-21.151541843020823
69.11740580425459	-29.681864493031753
123.86351345741633	25.06424316012999
111.08850065907092	12.289230361784576
134.227762049168	35.428491751881666
72.02059237702844	-26.778677920257905
144.34834045770032	45.549070160413976
67.1066081305492	-31.692662166737136
84.06110611435935	-14.738164182926994
113.46019326515881	14.660922967872466
115.7714088291562	16.97213853186986
108.8680384233906	10.06876812610426
48.922568304102526	-49.876701993183815
120.71824746052363	21.918977163237287
121.24424427080004	22.444973973513697
70.07415409125889	-28.72511620602745
66.64069304395736	-32.158577253328986
149.012466859482	50.21319656219566
83.12926466945129	-15.670005627835053
72.28357231914043	-26.51569797814591
39.53599579275971	-59.263274504526635
19.871191553002348	-78.928078744284
102.33998840366468	3.5407181063783355
69.13196195131087	-29.66730834597547
115.99122571392428	17.19195541663794
104.27851528831735	5.47924499103101
67.20557415993454	-31.5936961373518
95.58864502149146	-3.2106252757948823
83.4488449779331	-15.350425319353235
118.48210193528422	19.68283163799788
102.40285729966337	3.603587002377026
147.02405398518232	48.22478368789598
93.27742718115252	-5.521843116133823
160.9064187011266	62.107148403840256
69.10932080993581	-29.689949487350532
90.22341428823921	-8.57585600904713
84.32643675415812	-14.472833543128218
97.97916916912283	-0.8201011281635147
120.08090026256315	21.281629965276807
111.78534399210395	12.986073694817605
106.49595401727339	7.69668371998705
116.45466797730688	17.655397680020542
111.87520788093599	13.075937583649647
82.29960172137572	-16.49966857591062
87.28870448086155	-11.510565816424787
118.26443305367349	19.465162756387144
139.7046212751032	40.90535097781685
124.79776347999206	25.998493182705715
115.67606329900656	16.876793001720216
61.92895439444902	-36.87031590283732
72.830807148612	-25.968463148674346
118.57520618112386	19.77593588383752
78.70583631645633	-20.093433980830014
104.09569311019942	5.296422812913079
104.9195171148479	6.120246817561565
82.11226863682015	-16.687001660466194
100.06191499851622	1.262644701229874
96.08045239279664	-2.718817904489697
111.01158946671268	12.212319169426337
117.91749487695262	19.118224579666276
89.25786251024903	-9.541407787037315
105.83140592220508	7.0321356249187374
83.76114599323984	-15.038124304046505
99.06994695626992	0.2706766589835752
75.24460680230032	-23.554663494986016
89.4832749801738	-9.315995317112538
109.04406547887112	10.244795181584777
90.86789529075241	-7.931375006533926
112.08526517386991	13.285994876583572
71.52192178838806	-27.277348508898285
124.91656896448904	26.117298667202704
105.83209248262784	7.032822185341502
126.70812277212309	27.90885247483675
94.67698915495049	-4.122281142335851
117.35710390376545	18.557833606479107
141.9967990598837	43.19752876259736
67.13810898724688	-31.66116131003946
78.81216752354732	-19.987102773739025
109.99772901302123	11.198458715734887
130.5381422121739	31.738871914887568
117.5562811808216	18.75701088353526
129.19330806695717	30.39403776967083
110.37700438246458	11.577734085178236
182.16794853408857	83.36867823680223
75.45251514736657	-23.346755149919773
100.37747850406078	1.578208206774434
49.011187083235484	-49.78808321405086
39.84224122674124	-58.957029070545104
68.48306229154906	-30.31620800573728
98.50880690617697	-0.2904633911093697
148.66887605638686	49.86960575910052
87.27519400557713	-11.524076291709207
129.69211516829301	30.892844871006673
61.04689608192922	-37.75237421535712
147.73675189742272	48.93748160013638
62.7957641689448	-36.00350612834154
129.44311394766765	30.643843650381314
87.79172772138764	-11.007542575898697
153.24728861147224	54.4480183141859
88.86901544316999	-9.930254854116356
59.430660413201906	-39.368609884084435
122.92243836043264	24.123168063146295
21.24264420505125	-77.55662609223509
97.55199331927207	-1.2472769780142698
90.25210056136922	-8.547169735917123
80.47853247412633	-18.320737823160016
112.11779007761135	13.318519780325005
80.5606413899971	-18.23862890728924
98.37516292596621	-0.4241073713201331
63.36591119204451	-35.433359105241834
78.95557203641721	-19.843698260869132
63.51407760111243	-35.28519269617391
99.20769739906456	0.40842710177821573
65.71574328775961	-33.08352700952673
87.27826412086353	-11.521006176422816
64.92232515626739	-33.87694514101895
101.65226726499014	2.8529969677038025
59.020598388264546	-39.778671909021796
137.63724085918722	38.837970561900875
65.84756123532344	-32.9517090619629
66.20322765915108	-32.59604263813526
50.299483442419216	-48.499786854867125
83.16177970728523	-15.637490590001107
61.98929315826018	-36.80997713902616
141.17694188803063	42.377671590744285
75.67048346501753	-23.128786832268815
74.79181287592138	-24.00745742136496
113.36709008597455	14.567819788688212
98.0714700370757	-0.7278002602106426
126.74512745643943	27.945857159153093
108.17140657469491	9.372136277408572
118.94433616404632	20.14506586675998
77.00184082772677	-21.797429469559574
106.09925905478514	7.299988757498795
75.51026382795163	-23.28900646933471
92.06370096112579	-6.735569336160552
96.61242112114479	-2.18684917614155
43.926463539103054	-54.87280675818329
88.43363716472442	-10.365633132561925
95.64052030645172	-3.1587499908346217
70.54088526267361	-28.25838503461273
82.76751619795897	-16.031754099327372
79.16413637568104	-19.635133921605302
114.71985292285018	15.920582625563839
82.53510592974118	-16.264164367545163
53.632845562273644	-45.1664247350127
93.51698185534252	-5.28228844194382
88.72229763343267	-10.076972663853667
94.42749177206343	-4.371778525222908
133.5871737197179	34.787903422431555
109.57771272088786	10.778442423601518
89.03290239580593	-9.766367901480407
130.9405717630455	32.14130146575917
114.77816744278454	15.978897145498195
101.36030442769908	2.561034130412736
84.90694232539892	-13.892327971887426
65.39172081633507	-33.407549480951275
94.30133524800686	-4.4979350492794765
116.61134992765648	17.812079630370135
76.21706171888428	-22.58220857840206
95.12379926277418	-3.6754710345121566
120.56145965849493	21.762189361208584
111.66317230268243	12.863902005396085
70.18387744002604	-28.615392857260304
157.3984171958894	58.59914689860307
15.596480176640682	-83.20279012064566
101.8023988424705	3.003128545184154
139.79505326590362	40.99578296861728
71.9907630456749	-26.808507251611445
87.61050639269735	-11.188763904588996
93.53818241530308	-5.261087881983258
102.94073064183095	4.141460344544612
103.45701033505821	4.657740037771873
132.474028859537	33.674758562250645
129.36385205599282	30.56458175870648
77.38345517548652	-21.415815121799824
68.46397047059355	-30.33529982669279
92.9080941589512	-5.89117613833514
104.67118966141635	5.871919364130008
86.14465099714499	-12.654619300141349
65.2983188231031	-33.50095147418324
85.47658006577905	-13.322690231507295
139.95740066857462	41.15813037128828
109.61517999516428	10.815909697877942
107.28553531888093	8.48626502159459
92.65777670729068	-6.141493589995662
71.95419514739689	-26.845075149889453
86.30621784615715	-12.493052451129188
127.56937779566425	28.77010749837791
83.61777863183153	-15.181491665454814
114.6890925912324	15.889822293946054
112.98086698405888	14.181596686772536
61.75801987668302	-37.04125042060332
79.3106455802502	-19.488624717036146
87.63588284873032	-11.163387448556023
90.92629628211063	-7.872974015175714
118.07577741416964	19.276507116883295
83.86025145648665	-14.93901884079969
129.87861862425262	31.079348326966283
88.62450891816326	-10.174761379123083
166.5022030411804	67.70293274389405
77.47878244800296	-21.32048784928338
9.631435020537822	-89.16783527674852
76.91040023009037	-21.888870067195967
121.17825007652783	22.37897977924149
56.07599914746453	-42.72327114982181
88.64389319480898	-10.15537710247736
94.11671979257	-4.682550504716346
77.9511112083149	-20.848159088971443
29.395242846194662	-69.40402745109168
116.24528203219444	17.446011734908097
79.48142342748389	-19.31784686980245
40.67557853640966	-58.12369176087668
74.58338647107513	-24.21588382621121
161.8134044780184	63.01413418073207
106.55373488133984	7.754464584053494
86.86168596563431	-11.937584331652033
134.61962529864314	35.8203550013568
33.4649523965366	-65.33431790074974
102.8677824739737	4.0685121766873635
84.37704163059453	-14.422228666691808
77.14125526424533	-21.65801503304101
67.71765202893795	-31.081618268348393
131.72804356551416	32.928773268227815
101.20886959444243	2.409599297156092
106.44238559880097	7.6431153015146265
66.5494087660357	-32.249861531250644
79.85176758928202	-18.947502708004322
87.43116944075365	-11.368100856532692
88.91010007655342	-9.889170220732922
158.40447514655744	59.605204849271104
67.09321856686648	-31.70605173041986
77.08271202973475	-21.71655826755159
88.61934895071528	-10.179921346571064
57.49795478441439	-41.30131551287195
130.20581640009397	31.406546102807624
177.68611203589745	78.88684173861111
93.71384656727815	-5.085423730008188
93.05146704180726	-5.747803255479084
84.49197559473606	-14.30729470255028
98.21987947257213	-0.5793908247142099
108.23032579854981	9.431055501263472
133.42620280612238	34.626932508836035
78.62545117907786	-20.173819118208485
114.85760147213506	16.058331174848718
122.74111203778222	23.941841740495875
146.81448323783326	48.01521294054692
119.4224183804784	20.623148083192063
98.60450939130016	-0.19476090598618612
68.71535860130308	-30.08391169598326
111.1537889741324	12.354518676846055
117.06957265071316	18.270302353426814
109.56917670188915	10.769906404602807
67.44190030760575	-31.357369989680592
69.10131690534973	-29.697953391936608
91.5421720823818	-7.257098214904545
87.47013466207346	-11.329135635212879
107.09132549879934	8.292055201512994
51.322696497025674	-47.47657380026067
75.43383153385577	-23.365438763430575
93.00151615051647	-5.797754146769876
110.5910857982256	11.791815500939265
79.17537665972696	-19.623893637559377
105.85401172394842	7.054741426662076
66.65858338766185	-32.14068690962449
59.72290140121396	-39.07636889607238
39.42213074540115	-59.37713955188519
122.47580196295377	23.676531665667426
133.93366048934905	35.13439019206271
75.7483417315546	-23.050928565731738
86.41683522453451	-12.382435072751832
111.20560412340484	12.406333826118498
101.12730589400081	2.3280355967144715
151.95633127738466	53.15706098009832
143.39741618615727	44.59814588887093
84.18895419845859	-14.610316098827752
93.34945468521829	-5.4498156120680505
88.25313439962548	-10.54613589766086
77.57511940287287	-21.22415089441347
70.81262260434079	-27.986647692945553
128.26840559288604	29.4691352955997
95.24721414558218	-3.552056151704164
81.75890448842466	-17.04036580886168
96.75266012407002	-2.0466101732163224
120.38921849391983	21.589948196633486
89.15001701425564	-9.649253283030703
127.69352831077623	28.89425801348989
51.82294398220466	-46.97632631508168
115.71577952314902	16.916509225862683
123.63847023672344	24.839199939437094
110.86715467981622	12.067884382529883
121.86884546747234	23.069575170186
116.27886882270315	17.479598525416804
92.768485415307	-6.0307848819793435
77.07914541028941	-21.720124886996928
150.77694692001597	51.97767662272963
92.21171958286351	-6.587550714422832
114.78945093866997	15.990180641383631
87.47104968414561	-11.32822061314073
113.22121930793429	14.42194901064795
163.71520948536846	64.91593918808212
139.06125794298924	40.2619876457029
74.52861445500668	-24.270655842279666
93.93915171538748	-4.86011858189886
85.04956217628416	-13.749708121002186
104.04720845952608	5.247938162239734
85.8697953777758	-12.92947491951054
92.53075471114636	-6.2685155861399835
125.19416694078456	26.394896643498214
84.65880562379817	-14.140464673488168
86.0329684677875	-12.766301829498843
92.46583365281032	-6.3334366444760235
122.36934631732794	23.570076020041597
103.53302377768188	4.733753480395535
74.31769506441407	-24.481575232872274
108.7630209060174	9.963750608731061
102.16854216737767	3.3692718700913247
105.7999766762535	7.000706378967152
123.17947580997344	24.3802055126871
67.44460232112243	-31.35466797616391
93.87040310433287	-4.928867192953476
114.76660601080431	15.967335713517969
70.52301620823192	-28.27625408905442
109.5722032423385	10.772932945052162
108.63985489098042	9.840584593694075
130.65153487467825	31.852264577391907
70.9839380554352	-27.815332241851138
83.86987096176227	-14.929399335524067
67.37309611775191	-31.426174179534428
144.2148612497279	45.41559095244156
92.85457799023635	-5.944692307049991
66.29865283666214	-32.5006174606242
136.5818975316236	37.78262723433727
137.59914047796548	38.799870180679136
115.97350648680214	17.174236189515796
119.78873306667293	20.98946276938659
158.90486199729122	60.10559170000488
107.49116285480187	8.69189255751553
110.71753771773575	11.91826742044941
93.35333258353268	-5.445937713753665
122.4767425613266	23.67747226404026
96.92187704344025	-1.877393253846094
92.88064373885783	-5.918626558428514
78.64005454404315	-20.15921575324319
62.61850664901641	-36.18076364826993
97.68059918139107	-1.1186711158952676
112.4128021747477	13.613531877461355
97.74609523550527	-1.0531750617810758
102.52835300160433	3.729082704317989
173.1791325393154	74.37986224202905
104.20142195630098	5.402151659014635
110.12417529602163	11.324904998735292
111.87392073271832	13.074650435431977
111.38294093134965	12.58367063406331
88.24084501313547	-10.558425284150871
111.81220239891474	13.012932101628394
105.37136242707703	6.57209212979069
102.6146048115209	3.8153345142345643
67.7671140795158	-31.032156217770535
5.548341766234728	-93.25092853105161
116.78301621579368	17.98374591850734
122.32668796368154	23.527417666395195
129.3240149662618	30.524744668975472
91.25316151084763	-7.546108786438708
69.27501818149386	-29.52425211579248
111.62549197701657	12.826221679730224
138.53161126528204	39.7323409679957
87.27922936300666	-11.520040934279677
93.44470492770989	-5.354565369576449
72.16719192412194	-26.632078373164404
100.39533647077252	1.5960661734861787
92.61150664420194	-6.187763653084403
80.3078720249344	-18.491398272351944
89.58826090119175	-9.211009396094596
114.28565965629451	15.486389359008172
87.15734982137138	-11.641920475914958
129.58425332889811	30.784983031611773
116.41608537540225	17.616815078115906
87.73957704463311	-11.059693252653233
52.17679485085165	-46.62247544643469
123.80058964865958	25.00131935137324
101.0666015635091	2.2673312662227545
99.06071313523199	0.26144283794565126
97.35203474090878	-1.4472355563775636
106.94734323160293	8.148072934316588
79.70881805107848	-19.09045224620786
75.75618886988588	-23.043081427400466
102.05152555153683	3.2522552542504855
127.53728185157735	28.738011554291006
52.55251156220248	-46.24675873508386
92.52062021923695	-6.278650078049395
126.01929170025898	27.220021402972634
98.95080282005284	0.15153252276650164
110.22052819890297	11.421257901616627
98.25546921466804	-0.5438010826183017
83.19077020909964	-15.608500088186702
138.31859644930438	39.51932615201804
101.13890164120158	2.3396313439152436
95.83659904779262	-2.9626712494937237
102.3981644945764	3.5988941972900648
133.54745646717703	34.74818616989069
72.86844027938997	-25.93083001789637
97.98756387792156	-0.811706419364782
141.9248988860075	43.125628588721156
132.04873014308606	33.24945984579972
122.53403340986034	23.734763112574
97.30753326446785	-1.4917370328184916
36.53963511104149	-62.25963518624485
87.97978866042314	-10.819481636863202
100.77891530125845	1.9796450039721094
150.65886374330358	51.85959344601724
118.9638275643104	20.164557267024065
105.39947841124587	6.600208113959525
129.16529028723227	30.366019989945926
64.21135832145438	-34.58791197583196
92.34774355849578	-6.451526738790562
88.79910329192563	-10.000167005360709
67.41333209752548	-31.385938199760858
119.98359034906235	21.184320051776012
151.23203076445708	52.43276046717074
69.26162944168237	-29.537640855603968
95.23660397729174	-3.562666319994605
113.27965737464757	14.480387077361229
126.00697115507711	27.20770085779077
126.25568060473807	27.456410307451733
109.7535253149129	10.954255017626565
111.7412699271975	12.941999629911152
94.54772889072984	-4.251541406556498
81.6929552655368	-17.106315031749546
155.67849896093168	56.879228663645335
83.63378057959409	-15.165489717692253
141.760132135549	42.960861838262645
108.75087020342681	9.951599906140473
128.4985511208818	29.699280823595473
123.523784261912	24.724513964625658
81.9621901223457	-16.83708017494064
82.4013266517307	-16.397943645555642
123.61544352519769	24.81617322791135
114.19470317235601	15.395432875069673
94.67899698043976	-4.120273316846578
85.01615611711378	-13.78311418017256
98.49651330700937	-0.30275699027697556
115.85474079556508	17.055470498278737
102.49055454193359	3.6912842446472496
70.48105019817223	-28.318220099114114
103.948999697592	5.1497294003056595
93.9647934162079	-4.834476881078444
143.4232101825931	44.623939885306754
87.22515382722696	-11.57411647005938
91.37953683926236	-7.419733458023984
125.9450855915805	27.145815294294152
67.91648662774452	-30.882783669541823
115.583172920977	16.783902623690665
135.1049208267089	36.305650529422564
121.708305051727	22.909034754440654
131.87400590528188	33.074735607995535
103.89568211010402	5.096411812817678
87.41028263958498	-11.388987657701364
125.02481597331854	26.225545676032198
75.14433525238047	-23.65493504490587
96.62067215056078	-2.1785981467255624
107.11691683148302	8.317646534196683
71.96679174536467	-26.832478551921668
99.14336958289124	0.3440992856048979
93.05995011667466	-5.739320180611685
89.65893162375352	-9.140338673532824
87.045088041474	-11.754182255812339
78.66636897331256	-20.132901323973783
114.84747901458678	16.04820871730044
118.28200327264705	19.482732975360705
117.47697056809767	18.67770027081133
87.95674763621565	-10.842522661070689
79.60851531426516	-19.19075498302118
94.83656128427748	-3.962709013008862
104.21858905170149	5.419318754415144
153.4844528202978	54.68518252301146
107.96685753087723	9.167587233590893
67.04897365426797	-31.750296643018373
71.30719418701693	-27.49207611026941
63.83674853338954	-34.9625217638968
92.96837845062174	-5.830891846664599
62.42344074674685	-36.37582955053949
112.49853967460723	13.699269377320888
92.98327883999656	-5.815991457289783
100.97341894252378	2.1741486452374374
71.53965155026737	-27.259618747018976
73.26842031479674	-25.5308499824896
82.34109094353545	-16.458179353750893
60.78294528312318	-38.01632501416316
141.39573989415868	42.59646959687234
93.21172124732612	-5.5875490499602165
156.11347471019172	57.31420441290538
121.22576542318194	22.4264951258956
101.38520555380302	2.5859352565166773
94.25778586221196	-4.541484435074381
117.01046644531226	18.21119614802592
55.87991042236018	-42.91935987492616
122.95894039793558	24.159670100649237
72.2494369262152	-26.549833371071145
100.63070814292797	1.8314378456416307
117.29482947450225	18.49555917721591
96.78763336356707	-2.0116369337192737
132.56180521844573	33.762534921159386
92.32084394060286	-6.478426356683485
120.96429429947085	22.16502400218451
87.61547097868089	-11.183799318605452
83.91548397513026	-14.883786322156084
156.35443496149884	57.5551646642125
87.87098503206136	-10.928285265224986
76.4677171571987	-22.331553140087635
71.29325535157324	-27.506014945713105
103.64980643149676	4.850536134210415
70.01727836751007	-28.781991929776268
73.42069495664538	-25.378575340640964
62.443617455401466	-36.355652841884876
88.3839013085547	-10.415368988731643
64.29870094220888	-34.50056935507746
97.33341616815807	-1.4658541291282745
80.15733871181357	-18.641931585472776
129.16639508669533	30.36712478940899
116.46124068937416	17.661970392087824
125.44951374393924	26.650243446652894
125.4227147968798	26.62344449959346
80.93590266959137	-17.86336762769497
78.29783809537395	-20.501432201912394
113.76565889750992	14.966388600223581
84.75198247259169	-14.04728782469465
90.82005734836486	-7.979212948921486
106.65888964169636	7.859619344410021
120.72355207437278	21.924281777086435
118.25397577599716	19.45470547871082
102.94380778310216	4.1445374858158175
87.38391788424843	-11.415352413037908
63.59754691066547	-35.20172338662087
30.026645209613264	-68.77262508767308
115.33178111860099	16.532510821314645
64.59802758628422	-34.20124271100212
148.11201848610864	49.3127481888223
66.5668012706031	-32.23246902668325
98.81651394773718	0.017243650450836867
115.58032938979369	16.78105909250735
115.39991343005596	16.60064313276962
102.09123107290571	3.2919607756193727
86.7356395872651	-12.063630710021243
83.77178156266956	-15.027488734616782
103.79988006278501	5.000609765498666
150.06560400597147	51.266333708685124
73.44813835919405	-25.351131938092294
133.06917631920288	34.26990602191654
110.52658879799338	11.727318500707042
123.31307287994633	24.51380258265999
82.39132182873647	-16.407948468549876
78.37044170842483	-20.428828588861506
34.12947113820911	-64.66979915907723
106.37190034480801	7.57263004752167
106.9379828976401	8.138712600353756
70.73897544536368	-28.060294851922663
150.95772938081274	52.158459083526395
70.60320339111996	-28.19606690616638
131.60516647879768	32.80589618151134
100.52431258402277	1.725042286736425
99.99353784881743	1.1942675515310839
106.17352605605475	7.374255758768413
99.15321377499123	0.3539434777048882
94.13605790349749	-4.663212393788854
95.5243193077061	-3.2749509895802476
100.15142376935029	1.3521534720639465
132.5969011909204	33.79763089363405
106.82246522390261	8.02319492661627
96.9331816543002	-1.866088642986142
99.56377829959303	0.7645080023066839
68.44851870117628	-30.350751596110058
123.4250649837216	24.625794686435256
49.36172146137898	-49.437548835907364
66.6490920498639	-32.150178247422446
92.2352038112752	-6.564066486011143
127.0760043354988	28.276734038212453
131.9649794301534	33.16570913286705
105.35835358145624	6.559083284169901
81.1619813774617	-17.63728891982464
100.29498549275951	1.4957151954731671
113.43277224448894	14.633501947202603
84.67076550548	-14.128504791806336
77.90470616829617	-20.89456412899017
80.16646152122331	-18.63280877606303
58.586644777506365	-40.21262551977998
87.57811593744765	-11.221154359838692
146.9835289711503	48.18425867386395
70.35076793829131	-28.44850235899503
52.772037916149486	-46.027232381136855
76.62417223442964	-22.175098062856705
84.58056058148424	-14.218709715802106
147.0584648213865	48.25919452410017
141.11936365897628	42.32009336168994
74.13772084236763	-24.661549454918713
104.39097018218519	5.591699884898844
70.71690580822388	-28.082364489062456
64.35345755859663	-34.44581273868971
114.45337565685833	15.654105359571986
60.53128901693191	-38.267981280354434
95.6873869659633	-3.1118833313230425
115.81123968649109	17.01196938920475
85.17305912944931	-13.626211167837027
87.29682247230295	-11.502447824983392
107.80767195270374	9.008401655417401
151.2848383117692	52.48556801448285
117.84006755359798	19.040797256311635
60.190046121674015	-38.609224175612326
96.08249611525599	-2.716774182030349
98.30553665996041	-0.49373363732593134
70.66401242182684	-28.1352578754595
130.0126578101502	31.213387512863846
69.73054665059527	-29.06872364669107
98.04711827024795	-0.7521520270383917
81.1995185588624	-17.599751738423947
88.21744785884431	-10.581822438442032
18.474680569752593	-80.32458972753375
87.47881714847091	-11.320453148815432
142.92003891377163	44.12076861648529
106.44929537264608	7.650025075359736
92.66757714469196	-6.13169315259438
54.61158541911783	-44.18768487816851
82.26280327505293	-16.53646702223341
101.06886276739743	2.2695924701110926
108.4449042569052	9.645633959618863
81.85250235410268	-16.94676794318366
134.01073750942516	35.211467212138814
31.504610815771514	-67.29465948151483
108.82630873685622	10.027038439569878
123.60743408058107	24.80816378329473
61.171834177747144	-37.6274361195392
96.24650394417614	-2.5527663531102007
100.41939976046189	1.6201294631755445
79.60489529697435	-19.194375000311993
130.86866374443554	32.069393447149196
86.49730319161819	-12.301967105668155
134.533782041983	35.73451174469665
106.8240483977882	8.024778100501862
75.88700419574371	-22.912266101542627
107.19992982587638	8.40065952859004
27.17758883185371	-71.62168146543263
103.3610153079083	4.561745010621962
123.9232029352591	25.123932637972757
91.90321402138426	-6.896056275902083
117.79165990511166	18.992389607825316
78.26336141271378	-20.535908884572564
68.0556803282546	-30.743589969031746
104.37473192985846	5.5754616325721145
190.70363770339674	91.9043674061104
142.25317580864277	43.453905511356425
117.83651485617366	19.037244558887323
124.69909611951363	25.899825822227285
90.11056401216985	-8.688706285116496
92.146259742631	-6.653010554655339
90.63639703311702	-8.16287326416932
135.4116937541133	36.612423456826946
110.95389746206848	12.154627164782141
92.08905927180814	-6.710211025478202
121.1631822733928	22.363911976106465
108.03949536320789	9.24022506592155
90.53741126276356	-8.261859034522786
129.309383619215	30.510113321928657
53.13909287294001	-45.66017742434633
60.2820519284017	-38.51721836888464
68.35843481941475	-30.440835477871587
93.71924177278044	-5.080028524505906
79.219985587248	-19.579284710038337
149.13408468818153	50.33481439089519
94.16922775922495	-4.630042538061389
57.48652011511359	-41.31275018217275
98.85923743390805	0.05996713662170805
111.68533293545107	12.88606263816473
78.31173226666789	-20.487538030618452
57.705967854856056	-41.093302442430286
98.25241547700927	-0.5468548202770762
154.911627094278	56.11235679699166
148.03980045815325	49.24053016086691
109.36863797041798	10.569367673131637
121.15259855202959	22.353328254743246
81.85732116572245	-16.941949131563888
70.30895553805959	-28.49031475922675
117.41904184498918	18.61977154770284
99.37198220264901	0.5727119053626666
107.14280586531305	8.34353556802671
134.9466824815484	36.147412184262066
123.58571468921065	24.786444391924306
116.54654840102222	17.74727810373588
143.7211458093537	44.921875512067345
103.09807661023143	4.298806312945089
146.61920756618412	47.819937268897775
39.71844994387567	-59.08082035341067
73.88178557303246	-24.91748472425388
59.007512865764795	-39.791757431521546
53.85329065652542	-44.945979640760925
96.71273647841218	-2.086533818874159
89.22576952299488	-9.57350077429146
111.66866717644945	12.869396879163105
19.32978103711713	-79.46948926016921
124.78171049092117	25.98244019363483
85.49773163817218	-13.301538659114158
86.81289905452496	-11.986371242761379
68.29940009508783	-30.499870202198508
91.67911391111767	-7.120156386168674
74.88974070703472	-23.909529590251623
127.43019320140803	28.63092290412169
135.20149805632747	36.402227759041125
100.32986817945704	1.5305978821706958
88.14670617153962	-10.652564125746721
133.95326646125096	35.15399616396462
56.051778945535546	-42.747491351750796
124.73587335369876	25.936603056412423
97.4456153971135	-1.3536549001728417
96.25841765248543	-2.540852644800907
91.45629013810168	-7.342980159184663
72.4915434664311	-26.307726830855245
94.31797193567246	-4.481298361613881
106.00014307303564	7.200872775749303
102.026428944477	3.227158647190663
73.55670134393068	-25.242568953355658
54.685955335810206	-44.113314961476135
83.50793318069401	-15.29133711659233
135.56257476902312	36.763304471736774
121.20227079477837	22.40300049749203
68.0128489130314	-30.786421384254936
123.72142812263547	24.92215782534913
74.77211244034908	-24.027157856937265
76.75168445175433	-22.047585845532012
93.93874158554746	-4.86052871173888
86.4604937324496	-12.338776564836735
99.76180503890129	0.9625347416149452
84.84949312298187	-13.949777174304472
142.98128035542533	44.182010058138985
110.77874503933919	11.979474742052844
108.60546960857965	9.806199311293312
55.08179084916111	-43.71747944812523
104.63084804473539	5.831577747449046
92.22650345605717	-6.572766841229168
101.96140164960735	3.162131352321012
108.41617223664281	9.616901939356467
75.54770059863432	-23.25156969865202
126.37040787184588	27.571137574559543
94.9507621863907	-3.8485081108956365
63.45496959416988	-35.34430070311646
88.69394687342202	-10.10532342386432
102.31033474873612	3.5110644514497835
43.39989240680217	-55.399377890484175
67.70404934269237	-31.09522095459397
82.80258572625672	-15.996684571029618
113.17946822793084	14.3801979306445
66.43339487246914	-32.365875424817204
82.29743923948473	-16.50183105780161
113.39718674376701	14.597916446480667
91.52569642375084	-7.273573873535497
86.51265382213961	-12.28661647514673
103.78608006061614	4.986809763329802
101.6547306462183	2.855460348931956
125.8839405491911	27.084670251904754
60.43807196423796	-38.36119833304838
122.71837020442973	23.91909990714339
116.46405583353982	17.664785536253476
125.04235457675742	26.243084279471077
142.72685237808247	43.92758208079613
97.44871628843458	-1.3505540088517591
79.29307949340938	-19.50619080387696
109.125329914112	10.32605961682566
104.84664538587305	6.047375088586705
80.16706694636588	-18.632203350920463
94.30412528010703	-4.495145017179311
147.280088658534	48.48081836124766
115.45804909532518	16.65877879803884
145.1373596846118	46.338089387325454
109.41823030580628	10.618960008519934
123.16575519187819	24.36648489459185
81.83054622267292	-16.96872407461342
115.69018671191799	16.890916414631647
81.58631882127003	-17.212951476016315
102.3459421581959	3.546671860909555
99.0652038921856	0.26593359489925206
82.44010152458424	-16.359168772702105
140.31819844995545	41.518928152669105
140.9712385314072	42.17196823412087
124.80607494036877	26.006804643082432
90.96901151762205	-7.830258779664291
81.88480499957433	-16.914465297712013
81.59281556634443	-17.206454730941914
102.27709890411853	3.4778286068321904
111.95095877509658	13.15168847781024
97.46726269806305	-1.3320075992232887
68.35483359384153	-30.444436703444808
58.946859675214284	-39.85241062207206
87.75456144506671	-11.044708852219628
14.178186392835698	-84.62108390445064
123.31266232619447	24.51339202890813
102.62237129765191	3.8231010003655683
66.65117175008555	-32.14809854720079
100.38771733746609	1.5884470401797444
152.90772714086262	54.10845684357628
118.76615422390961	19.966883926623268
124.87610432494176	26.076834027655423
112.28163157039882	13.482361273112474
113.9607767368455	15.161506439559162
125.41789915485634	26.618628857570002
90.40204986745294	-8.397220429833396
64.24851722250088	-34.55075307478546
102.62133169679356	3.82206139950722
124.9404964321605	26.14122613487416
117.81832414548472	19.019053848198382
106.90925280831499	8.109982511028647
118.56790022608976	19.76862992880342
158.0117314408729	59.21246114358655
128.9582598869186	30.158989589632256
111.00747249057378	12.208202193287434
95.21510026137031	-3.5841700359160313
87.39828056608013	-11.40098973120621
105.45304040909315	6.653770111806807
90.84930268541422	-7.949967611872125
101.4273122316975	2.628041934411158
88.87033892363462	-9.928931373651722
95.21942087960116	-3.579849417685182
152.7181777904937	53.91890749320737
109.69706560763217	10.897795310345828
91.43971199402796	-7.359558303258382
115.57094970403915	16.77167940675281
87.21230591906561	-11.586964378220728
106.84385825258715	8.044587955300813
101.9454381300041	3.146167832717765
77.98043304177037	-20.818837255515973
75.53281066841947	-23.26645962886687
108.65416326155747	9.85489296427113
124.69092881794705	25.891658520660712
98.42769306799374	-0.3715772292925976
125.94524756774109	27.14597727045475
120.67215094236809	21.87288064508175
140.12121675515874	41.3219464578724
131.614829709057	32.815559411770664
99.50091919918697	0.7016489019006258
147.52869963782933	48.72942934054299
108.60238742054418	9.803117123257834
80.74279506586237	-18.056475231423974
128.9840990480464	30.18482875076006
25.031107559001896	-73.76816273828445
97.7240430333789	-1.0752272639074363
61.69795134055522	-37.10131895673112
121.84433024922538	23.045059951939038
131.9840023084128	33.18473201112647
97.23884729977209	-1.5604229975142516
91.26651396065637	-7.532756336629973
76.71068685763959	-22.088583439646754
77.62339532918332	-21.175874968103017
75.46283650228207	-23.336433795004268
154.8554938544715	56.05622355718515
104.6079364434284	5.808666146142059
100.01979774786952	1.2205274505831767
88.36564059792937	-10.43362969935697
128.79049172366132	29.991221426374977
94.71611930545106	-4.083150991835282
95.41593946129643	-3.3833308359899092
138.84443825483532	40.04516795754898
74.12850453687344	-24.670765760412905
141.52152243905795	42.722252141771605
124.24000577601174	25.4407354787254
78.49493210016436	-20.30433819712198
73.87934365979373	-24.91992663749261
138.5428264419191	39.74355614463275
81.35769601435669	-17.44157428292965
92.26032736608096	-6.5389429312053835
70.91395572992252	-27.88531456736382
89.56854065408908	-9.230729643197265
120.89705155670737	22.097781259421026
105.54394922197599	6.7446789246896515
129.90453076503974	31.105260467753396
122.05795421778959	23.258683920503245
83.01695573775424	-15.782314559532097
94.78544847863878	-4.013821818647557
82.98138916302042	-15.817881134265917
127.9631169293155	29.163846632029163
98.59138198768989	-0.20788830959645566
