Hf	deltaHf ref=-38.87224441906227
-55.38691927975532	-16.51467486069305
-25.2541853209529	13.61805909810937
-44.36491129224095	-5.492666873178678
-36.857663947737535	2.0145804713247344
-54.14984067820268	-15.27759625914041
-47.26028685671707	-8.388042437654804
-47.89702465168165	-9.024780232619378
-62.08422981199482	-23.211985392932547
-68.31659928906964	-29.444354870007373
-59.30033135760249	-20.42808693854022
-25.9029701235101	12.969274295552168
-46.08033082834817	-7.208086409285897
-47.42180681104736	-8.549562391985091
-12.832281085136572	26.039963333925698
-41.1229121099438	-2.250667690881528
-38.57395278582197	0.2982916332402965
-58.698762999437974	-19.826518580375705
-55.06469324335711	-16.192448824294843
-41.30308797501283	-2.4308435559505597
-74.21816548345458	-35.345921064392314
-40.057741070309646	-1.1854966512473766
-40.9616061203248	-2.0893617012625327
-34.32244860724103	4.549795811821241
-48.46915226676873	-9.596907847706461
-41.682053070091285	-2.809808651029016
-47.55684306804113	-8.684598648978863
2.108560468799908	40.98080488786218
-0.2855024939178179	38.58674192514445
-45.05631030982266	-6.184065890760394
-36.854642376650816	2.017602042411454
2.55522415598017	41.42746857504244
-60.83808677232963	-21.965842353267362
-45.008712932436254	-6.136468513373984
-28.482549820209613	10.389694598852657
-38.92319111888145	-0.05094669981917832
-50.87942975472623	-12.007185335663962
-47.14121875494101	-8.268974335878738
-23.358592678601497	15.513651740460773
-43.29156178886268	-4.41931736980041
-78.72061285032913	-39.84836843126686
-19.257942398440434	19.614302020621835
-47.98164480924396	-9.10940039018169
-26.03001116987224	12.84223324919003
-48.389422024743624	-9.517177605681354
-38.41889457753649	0.4533498415257782
-25.51618835238122	13.356056066681049
-40.24377264748699	-1.3715282284247223
-21.621232458009843	17.251011961052427
-58.86869084634026	-19.996446427277988
-39.652482270741245	-0.7802378516789759
-32.07420874897588	6.798035670086392
-50.306585047697524	-11.434340628635255
-28.879581195591243	9.992663223471027
-53.43124017468443	-14.558995755622163
-40.47154010257299	-1.599295683510718
-16.449518857157898	22.42272556190437
-44.02494784661184	-5.152703427549568
-16.017527069268624	22.854717349793646
-20.76327527359325	18.10896914546902
-40.819329209288924	-1.9470847902266541
-14.195566565887646	24.676677853174624
-14.631985765123034	24.240258653939236
-57.54899125745368	-18.67674683839141
-61.01963629154278	-22.14739187248051
-53.559016821278135	-14.686772402215865
-22.815507921781034	16.056736497281236
-93.36878233658871	-54.49653791752644
-64.46461408992553	-25.592369670863263
-41.10155742401338	-2.229313004951109
-33.78926270099845	5.08298171806382
-58.64136722279153	-19.76912280372926
-25.590659813793252	13.281584605269018
-23.652581186948453	15.219663232113817
-48.21779135080368	-9.34554693174141
-57.8506063955553	-18.978361976493034
-41.0666260440027	-2.1943816249404335
-31.49274177504202	7.379502644020249
-24.490967668721794	14.381276750340476
-34.47612084644578	4.396123572616489
-30.12779099293192	8.744453426130349
-40.2873274278806	-1.4150830088183284
-61.99716422905993	-23.124919809997664
-60.92117088408639	-22.048926465024124
-33.33872337687143	5.533521042190841
-38.579607372402904	0.2926370466593653
-44.99412943793658	-6.121885018874309
-19.021722867471624	19.850521551590646
-33.346155174918465	5.5260892441438045
-41.12349084662645	-2.2512464275641833
-57.85145088350481	-18.97920646444254
-52.410600463479284	-13.538356044417014
3.9888799893836335	42.8611244084459
-53.24846526935079	-14.376220850288519
-31.22688651566358	7.64535790339869
-21.839047005601685	17.033197413460584
-80.95146877704036	-42.07922435797809
-9.577540425101404	29.294703993960866
-19.226895100842455	19.645349318219814
-26.773993471766232	12.098250947296037
-21.373804233907947	17.498440185154323
-64.26084243296435	-25.388598013902083
-35.134114977785146	3.738129441277124
-32.0140827041011	6.85816171496117
-42.02810980022849	-3.1558653811662225
-16.23113708468526	22.64110733437701
-48.594372705525245	-9.722128286462976
-75.98207561559474	-37.10983119653247
-6.268259627567829	32.60398479149444
-61.63860914909827	-22.766364730036003
-39.07037418715271	-0.19812976809043903
-99.37178057696809	-60.49953615790582
-16.030481502120608	22.84176291694166
-64.59203227222105	-25.719787853158778
-34.4277006383324	4.444543780729873
-40.02711870304273	-1.1548742839804618
-37.773919861106776	1.0983245579554932
-61.30283655153261	-22.430592132470338
-31.486122126063208	7.386122292999062
-47.556278939502306	-8.684034520440036
-49.334396395975716	-10.462151976913447
-40.70181222169566	-1.8295678026333917
-30.22069551926478	8.65154889979749
-56.36102450654806	-17.488780087485793
-30.14622847200161	8.72601594706066
-42.72311344585404	-3.85086902679177
-55.143577026390346	-16.271332607328077
-44.46551278157648	-5.593268362514209
-56.15895004085695	-17.28670562179468
-30.498977411667227	8.373267007395043
-16.465788098297423	22.406456320764846
-32.96990520170738	5.902339217354893
0.468365781942623	39.34061020100489
-63.28225167270074	-24.41000725363847
-54.70665841537783	-15.834413996315561
-22.665829028786618	16.20641539027565
-49.74248969260742	-10.870245273545152
-60.97480448394862	-22.102560064886347
-50.01571291952649	-11.143468500464223
-55.78355938219255	-16.91131496313028
-55.00609377378504	-16.13384935472277
-29.891780509931493	8.980463909130776
-66.01952868900634	-27.147284269944066
-26.636063184121383	12.236181234940886
-44.75996954896044	-5.887725129898172
-67.9136786255819	-29.041434206519625
-47.16462169762025	-8.292377278557979
-48.003253767948706	-9.131009348886437
-12.450320693691253	26.421923725371016
-44.31082625749485	-5.438581838432583
-51.82826277593057	-12.956018356868299
-50.47807957124104	-11.60583515217877
-21.24809594583138	17.62414847323089
-16.685667559182264	22.186576859880006
-13.211700381214257	25.660544037848013
-71.56794842505559	-32.69570400599332
-68.11334301053802	-29.241098591475748
-60.32351961706962	-21.45127519800735
-47.73130813395045	-8.85906371488818
-44.24754960868239	-5.375305189620121
-13.633019676691845	25.239224742370425
-40.01891394551575	-1.1466695264534792
-62.63244597431702	-23.760201555254753
-17.405957823107826	21.466286595954443
-50.155136231039876	-11.282891811977606
-44.0159874347425	-5.143743015680229
-28.46196531099639	10.410279108065879
-47.14645026933948	-8.274205850277212
-33.81559486275154	5.056649556310731
-50.73842599817516	-11.86618157911289
-42.04103834091592	-3.1687939218536485
-26.66454197502543	12.20770244403684
-9.745343815460444	29.126900603601825
-60.52333728658931	-21.65109286752704
-35.75457026372686	3.1176741553354077
-5.651007073827429	33.22123734523484
-40.68290863137889	-1.8106642123166239
-32.31338750195363	6.558856917108642
-24.846301563547684	14.025942855514586
-14.026138853163218	24.84610556589905
-34.637222522954914	4.235021896107355
-21.760939398210837	17.111305020851432
-37.19444864702899	1.677795772033278
-14.23323350769141	24.63901091137086
-1.8401962505428742	37.032048168519395
-31.990254014699246	6.881990404363023
-35.986700309787636	2.8855441092746332
-46.64214717186195	-7.7699027527996805
-36.29090028852596	2.5813441305363085
-42.64581652814894	-3.773572109086672
-52.3143526258479	-13.442108206785633
-6.693485853609388	32.17875856545288
-79.9420631492955	-41.06981873023324
-50.66606399626261	-11.793819577200338
-16.219453579365734	22.652790839696536
-56.30218589288205	-17.42994147381978
-55.69774991847015	-16.825505499407882
-17.08426087205379	21.78798354700848
-30.26999333161592	8.602251087446348
-40.21749814641743	-1.345253727355157
-46.70189657040254	-7.8296521513402695
-39.48880169774719	-0.6165572786849225
-40.421257639185285	-1.5490132201230153
-28.761188956790363	10.111055462271906
-21.092772266650798	17.779472152411472
-28.964152858139357	9.908091560922912
-40.20190401591907	-1.3296595968568
4.271705620182104	43.14395003924437
-43.055891038600464	-4.1836466195381945
-58.77101638911489	-19.89877197005262
-51.70643025077669	-12.834185831714422
-37.02563203409744	1.8466123849648284
-44.316007653147324	-5.443763234085054
-34.72600086411484	4.146243554947432
-47.69457200915866	-8.822327590096393
-39.4749102715993	-0.6026658525370294
-32.66888514802639	6.203359271035879
-46.55477273625519	-7.682528317192919
-38.21867078223812	0.6535736368241487
-47.30906619754177	-8.436821778479498
-43.615875121916986	-4.743630702854716
-40.200724145424545	-1.328479726362275
-28.783758540461065	10.088485878601205
-82.86062597686913	-43.98838155780686
-24.096841839460183	14.775402579602087
-53.10629848252364	-14.234054063461372
-27.161031472669208	11.711212946393061
-58.839519613231175	-19.967275194168906
-13.93338052453845	24.93886389452382
-52.266513220861896	-13.394268801799626
-51.50925306169455	-12.637008642632281
-29.63573423454153	9.23651018452074
-16.680613875779898	22.191630543282372
-72.78436370564822	-33.91211928658595
-45.369437675076995	-6.497193256014725
-5.4548541225646545	33.417390296497615
-18.74880593293136	20.123438486130908
-12.916867724079282	25.955376694982988
-46.064601949690484	-7.192357530628215
-63.63525293225911	-24.763008513196837
-45.61213565720908	-6.739891238146811
-51.242283870580366	-12.370039451518096
-49.62829787908203	-10.756053460019757
-55.89465061975142	-17.022406200689147
-28.258995228430365	10.613249190631905
-37.703826491747975	1.1684179273142945
-56.35994105873186	-17.487696639669593
-19.541228388899697	19.331016030162573
-19.454334236286456	19.417910182775813
-73.56192893304768	-34.68968451398541
-33.50996656846627	5.362277850596001
-46.299943420684656	-7.427699001622386
-44.58682922378438	-5.714584804722108
-10.751471657449372	28.120772761612898
-47.6282188710299	-8.755974451967631
-36.2944760650841	2.577768353978172
-26.884945432769825	11.987298986292444
-24.24869837237719	14.623546046685078
-21.570977430657592	17.301266988404677
-45.572847237997564	-6.700602818935295
-33.29781611104926	5.574428308013012
-20.872653144235016	17.999591274827253
-54.651156242469085	-15.778911823406816
-38.34606733039044	0.5261770886718296
-29.05780115051101	9.814443268551258
-23.182153902159996	15.690090516902274
-22.129100381147225	16.743144037915044
-27.25395643987366	11.618287979188608
-38.204212831767734	0.6680315872945357
-39.22033288425672	-0.3480884651944507
-19.67023166073858	19.20201275832369
-32.45175491290655	6.420489506155718
-49.97639706531271	-11.10415264625044
-53.560432187279446	-14.688187768217176
-64.60149298998084	-25.72924857091857
-30.234733556060462	8.637510863001808
-59.60532246109295	-20.733078042030684
-24.626675698161932	14.245568720900337
-48.343070850763695	-9.470826431701425
-41.8830100629545	-3.0107656438922277
-48.2603677285494	-9.388123309487128
-63.38933323224563	-24.517088813183364
-43.17002813557127	-4.297783716509002
-58.35952462740323	-19.487280208340962
-52.19826877896929	-13.326024359907024
-38.86626741378649	0.005977005275781266
-17.181867127071826	21.690377291990444
-13.816206077810136	25.056038341252133
-9.193854914073825	29.678389504988445
-67.9206312498988	-29.048386830836535
-24.93689916305965	13.93534525600262
-58.3523760393561	-19.480131620293832
-26.018007004340404	12.854237414721865
-12.896483204572803	25.975761214489467
-48.80281124191032	-9.93056682284805
-38.519427663877366	0.35281675518490374
-31.22604601975553	7.646198399306741
-61.47529912245017	-22.603054703387897
-12.516518929694655	26.355725489367615
-17.87066229858982	21.00158212047245
-51.55257201543799	-12.680327596375719
-61.16827721461385	-22.296032795551582
-70.00369825902243	-31.13145383996016
-41.74791852663992	-2.8756741075776517
-26.66603718838968	12.20620723067259
-40.48817606223537	-1.6159316431730986
-44.92915452178357	-6.056910102721304
-27.679732958143802	11.192511460918467
-34.048841094552415	4.823403324509854
-58.451031934933496	-19.578787515871227
-34.2142077510195	4.658036668042769
-29.489352040718302	9.382892378343968
-27.230111743888926	11.642132675173343
-63.62629183845792	-24.754047419395647
-40.746059583206886	-1.8738151641446166
-46.5219455165913	-7.649701097529032
-39.44978074962063	-0.5775363305583596
-47.32421406666771	-8.451969647605438
-34.11394576128595	4.758298657776322
-22.50207653759361	16.37016788146866
-33.08749295750539	5.78475146155688
-25.689365219177205	13.182879199885065
-14.867504409890614	24.004740009171655
0.12547439745895872	38.99771881652123
-31.041845295183236	7.830399123879033
-49.56414851595554	-10.691904096893268
-43.206318507711046	-4.3340740886487765
-59.313266290276886	-20.441021871214616
-40.58278623271116	-1.710541813648888
-54.3606323601104	-15.488387941048131
-43.36713259372999	-4.494888174667722
-84.79577252028474	-45.92352810122247
-38.1504727963017	0.7217716227605706
-52.08219100006471	-13.209946581002441
-54.69224963559617	-15.8200052165339
-61.65763180108996	-22.785387382027693
-27.945471830925896	10.926772588136373
-45.631843263630515	-6.759598844568245
-38.33420137980801	0.5380430392542621
-8.341769575153819	30.53047484390845
-42.851636312623384	-3.9793918935611146
-38.118270327043945	0.7539740920183249
-27.166341787580393	11.705902631481877
-47.21218113452568	-8.33993671546341
-18.637579640822594	20.234664778239676
-67.27287223280081	-28.400627813738538
-41.32749529411166	-2.455250875049387
-22.200936443519538	16.67130797554273
-42.797684700022444	-3.9254402809601743
-66.51408526599488	-27.64184084693261
-41.588864572940736	-2.7166201538784662
-18.723280868374502	20.148963550687768
-11.820415891559321	27.05182852750295
-57.21815479598962	-18.34591037692735
-41.4599963685302	-2.587751949467929
-55.64893917282251	-16.77669475376024
-51.73557095619407	-12.863326537131798
-46.12255796025937	-7.250313541197102
-78.85892782501259	-39.986683405950316
-9.633829305397455	29.238415113664814
-58.23665405757282	-19.36440963851055
-56.22958415391412	-17.35733973485185
-54.24805998358141	-15.375815564519144
-26.98364192023081	11.88860249883146
-60.156468376995406	-21.284223957933136
-34.71926912257703	4.152975296485238
-20.78565315995155	18.08659125911072
-49.44139882207463	-10.569154403012362
-34.9016232007686	3.9706212182936724
-41.73869959020311	-2.866455171140842
-48.42488222192122	-9.552637802858953
-38.20159529453457	0.6706491245276993
-58.21065691228222	-19.33841249321995
-45.70244140323274	-6.83019698417047
-36.73654112856974	2.135703290492529
-30.074460721616276	8.797783697445993
-42.49857944823242	-3.62633502917015
6.044494904332453	44.91673932339472
-28.470355351831756	10.401889067230513
-47.59780706076498	-8.725562641702709
-40.0258084727663	-1.1535640537040308
-58.04467995010572	-19.172435531043448
-43.01169867678044	-4.139454257718171
-35.77525166151253	3.0969927575497422
-40.81700554395292	-1.944761124890647
-62.598171511066255	-23.725927092003985
-40.588866585950825	-1.7166221668885555
-32.58106420172925	6.291180217333022
-54.19956326662003	-15.327318847557763
-47.83343889529141	-8.961194476229139
-37.68910825966822	1.1831361593940528
-37.420912676139494	1.4513317429227754
-58.47613026879634	-19.60388584973407
-43.214009125132804	-4.341764706070535
-49.816603065669995	-10.944358646607725
-65.81239708575384	-26.940152666691574
-44.742224101178806	-5.869979682116536
-40.526816512252196	-1.6545720931899268
-33.34379383297136	5.528450586090912
-42.053329678250236	-3.1810852591879666
-48.83904035007953	-9.96679593101726
-9.96750046268943	28.90474395637284
-55.0248005069422	-16.15255608787993
-45.748110072452334	-6.875865653390065
-24.6489000494891	14.22334436957317
-49.04477802262198	-10.172533603559714
-53.711260173962444	-14.839015754900174
-43.9911110716036	-5.118866652541328
-16.383741786410326	22.488502632651944
-24.768911195771295	14.103333223290974
-66.33943321736086	-27.467188798298594
-32.440487277328145	6.431757141734124
-58.113698423183166	-19.241454004120897
-48.073795769725336	-9.201551350663067
-39.815170943865894	-0.9429265248036245
-52.379974655426565	-13.507730236364296
-17.57751733215781	21.29472708690446
-54.172085335257805	-15.299840916195535
-58.01164164879964	-19.13939722973737
6.43643067122531	45.30867509028758
-20.240763475767096	18.631480943295173
-25.494941670503692	13.377302748558577
-10.707671218855182	28.164573200207087
-38.60375940780585	0.26848501125641633
-32.530521388498244	6.341723030564026
-58.50425028710532	-19.632005868043052
-61.71741574689594	-22.84517132783367
-44.55671636710548	-5.68447194804321
-65.36126066780497	-26.4890162487427
-74.47802372569066	-35.60577930662839
-16.796446797974284	22.075797621087986
-33.6018297834068	5.27041463565547
-67.19865004520187	-28.326405626139604
-21.126238358044873	17.746006061017397
-7.042597908771938	31.82964651029033
-58.08299378813325	-19.21074936907098
-21.858954139109926	17.013290279952344
-81.3879480924349	-42.51570367337263
-39.9852265852366	-1.1129821661743335
-32.41416170177189	6.458082717290381
-31.431734540948753	7.440509878113517
-56.22774402276053	-17.355499603698263
-47.49493938036693	-8.62269496130466
-54.553312529080074	-15.681068110017804
-28.67226059589092	10.199983823171351
-75.08878400684415	-36.21653958778188
-49.41786647191992	-10.545622052857652
-7.009825540573445	31.862418878488825
-35.497372736803015	3.374871682259254
-31.235993573410894	7.636250845651375
-44.720157356319476	-5.847912937257206
-43.284209617702516	-4.411965198640246
5.6243821528499325	44.4966265719122
-26.308364477355724	12.563879941706546
-43.091842061605064	-4.219597642542794
-45.00205065315612	-6.129806234093849
-41.76556333146954	-2.893318912407267
-37.3415462289683	1.5306981900939718
-58.052263235060025	-19.180018815997755
-34.12950090720341	4.742743511858862
-34.838430817848064	4.033813601214206
-19.99458186102646	18.87766255803581
-30.245072031391544	8.627172387670726
-18.534844440696986	20.337399978365283
-28.28611092487489	10.58613349418738
-37.87012166739231	1.0021227516699582
-64.1148774689479	-25.242633049885626
-18.845285037443034	20.026959381619236
-33.40889258897886	5.463351830083411
-6.998320222175323	31.873924196886946
-24.919972525485434	13.952271893576835
-12.625796154983334	26.246448264078936
-46.82499715410603	-7.9527527350437595
-41.48305531708837	-2.6108108980261022
-61.09556043568381	-22.22331601662154
-34.46797429845691	4.404270120605361
-34.7238442893119	4.148400129750371
-41.5088429004806	-2.636598481418332
-29.66463589748099	9.207608521581278
-43.946953406613545	-5.074708987551276
-41.301433314829126	-2.429188895766856
-19.287197777300833	19.585046641761437
-78.43893573140457	-39.5666913123423
-38.875549005095024	-0.0033045860327547416
-66.67886050500755	-27.80661608594528
-39.60949834938009	-0.73725393031782
-62.36238336610921	-23.490138947046944
-39.979507293157155	-1.1072628740948858
-42.16610856723645	-3.2938641481741797
-50.222907080036464	-11.350662660974194
-60.66710760739596	-21.794863188333693
-39.04060772395832	-0.16836330489604734
-61.20496035124023	-22.332715932177962
-29.33610927033959	9.536135148722678
-29.78525503465579	9.086989384406479
-42.318789098642526	-3.4465446795802563
-69.53891804584208	-30.66667362677981
-28.915378527524524	9.956865891537745
-43.89987700761202	-5.02763258854975
-40.728832759732256	-1.8565883406699868
-8.191158360624911	30.68108605843736
-53.997630610361455	-15.125386191299185
-40.08810439164307	-1.2158599725808017
-51.34408286113256	-12.471838442070293
-34.282995298109824	4.589249120952445
-44.024407652350135	-5.152163233287865
-23.738890192105544	15.133354226956726
-24.701686488564235	14.170557930498035
-45.439011055100934	-6.566766636038665
-42.556521526623044	-3.6842771075607743
-34.44441516737942	4.4278292516828515
-64.49671706126327	-25.624472642201
-5.267626581827869	33.6046178372344
-27.701670870182795	11.170573548879474
-23.140925971265176	15.731318447797094
-21.834409062617567	17.037835356444702
-26.684458580084254	12.187785838978016
-48.82652087496325	-9.954276455900981
-45.68665174633287	-6.814407327270601
-49.95677523061539	-11.084530811553122
-24.0265344332999	14.845709985762369
-56.35077461565169	-17.478530196589418
-23.897021304115412	14.975223114946857
-33.13977929969923	5.732465119363042
-49.31764339054433	-10.445398971482064
-30.555382507763795	8.316861911298474
-53.56413748053973	-14.691893061477458
3.1128949973665954	41.985139416428865
-27.61639372736471	11.25585069169756
-30.10403989226114	8.768204526801128
-27.092832736552452	11.779411682509817
-24.363876697357853	14.508367721704417
-47.090687494708334	-8.218443075646064
-27.632801789249868	11.239442629812402
-51.50411787909769	-12.631873460035422
-30.40634438245405	8.465900036608218
-26.237729822414337	12.634514596647932
-38.936594588781816	-0.0643501697195461
-12.288257310877896	26.583987108184374
-28.717190099499646	10.155054319562623
-48.75537989038065	-9.883135471318383
-38.077094990306875	0.7951494287553942
-18.075623986556536	20.796620432505733
-18.334835099534473	20.537409319527796
-59.95697022176836	-21.08472580270609
-46.299438792016815	-7.4271943729545455
-48.52121972675167	-9.648975307689398
-57.103605521084035	-18.231361102021765
-57.38316631593415	-18.510921896871878
-46.859707744673585	-7.987463325611316
-67.84057958841521	-28.96833516935294
-38.778247049018034	0.09399737004423514
-43.98899822000902	-5.1167538009467535
-28.339993968487477	10.532250450574793
-20.22423006422258	18.648014354839688
-42.16130931777087	-3.2890648987086024
-49.59520442328147	-10.722960004219203
-9.133714863489956	29.738529555572313
-57.72855244405008	-18.85630802498781
-29.530418914289555	9.341825504772714
-48.60421822801953	-9.731973808957264
-58.846193468094214	-19.973949049031944
-15.651257098533904	23.220987320528366
-27.392927657388725	11.479316761673545
-13.329289483399123	25.542954935663147
-36.08863359082687	2.783610828235396
-46.89958584955974	-8.027341430497472
-35.84838923468277	3.0238551843794994
-24.693866782994235	14.178377636068035
-25.480185836260432	13.392058582801837
-13.378496143120799	25.49374827594147
-7.047673839258721	31.82457057980355
-35.98483075813937	2.8874136609229026
-44.169131168133106	-5.296886749070836
-84.3146792040622	-45.44243478499993
-54.324886293774114	-15.452641874711844
-3.7192417074963373	35.15300271156593
-55.38310833663644	-16.51086391757417
-13.838268349730868	25.033976069331402
-22.888992587538894	15.983251831523376
-30.391719351942527	8.480525067119743
-34.50337017996725	4.368874239095021
-46.84007658996933	-7.967832170907059
-67.423156569215	-28.550912150152726
-33.644187725699965	5.228056693362305
-41.288179636305074	-2.4159352172428044
-25.532768221977392	13.339476197084878
-38.41762344812531	0.45462097093695775
-50.06732193595752	-11.195077516895253
-53.8497917218171	-14.977547302754829
-41.23930518730566	-2.367060768243391
-7.454364878530839	31.41787954053143
-37.00654310159524	1.8657013174670283
-40.149503051999716	-1.2772586329374462
-24.78969874049443	14.08254567856784
-39.958878863615325	-1.0866344445530558
-58.08902709957118	-19.216782680508913
-56.18865445896307	-17.316410039900802
-66.09668645547725	-27.224442036414985
-41.3627062329594	-2.4904618138971273
-19.07713348981423	19.79511092924804
-75.68748038630082	-36.81523596723855
-28.168807161169468	10.703437257892801
-22.312735508455887	16.559508910606382
-6.557970841413123	32.314273577649146
-67.67589883075351	-28.80365441169124
-27.571029609532786	11.301214809529483
-50.158084449385285	-11.285840030323016
-37.74676407839951	1.1254803406627616
-76.0725897943027	-37.20034537524043
-29.444125425024765	9.428118994037504
-73.3059966189009	-34.433752199838636
-18.434451595688813	20.437792823373456
-62.15503241505729	-23.282787995995022
-37.52828081822162	1.3439636008406524
-32.690341032137155	6.181903386925114
-38.435924121263895	0.43632029779837467
-54.74290686471585	-15.87066244565358
-22.022201150449916	16.850043268612353
-36.91703563922573	1.9552087798365392
-45.11187285563	-6.2396284365677275
-31.7022368049781	7.17000761408417
-41.63194083093339	-2.7596964118711185
-65.30632377671799	-26.43407935765572
-46.014901263840954	-7.142656844778685
-41.60285230159724	-2.7306078825349687
-34.045044316602514	4.827200102459756
-38.70440729918272	0.1678371198795503
-20.882824105936095	17.989420313126175
-23.59284152636036	15.27940289270191
-26.655688045413342	12.216556373648928
-37.39357612801331	1.4786682910489617
-63.0243017898153	-24.152057370753027
-71.94020770083961	-33.06796328177734
-76.3667233169669	-37.49447889790463
-41.63233071210351	-2.7600862930412404
-34.35641783143882	4.515826587623451
-45.126699035461286	-6.254454616399016
-15.566771266426883	23.305473152635386
-13.364493507191298	25.50775091187097
-39.48446904678502	-0.6122246277227532
-59.48183857608609	-20.60959415702382
-39.35029644731338	-0.47805202825111337
-69.99371211860642	-31.121467699544155
-46.18887928408884	-7.316634865026572
-37.03699036329425	1.8352540557680186
-48.47380171612684	-9.601557297064574
-31.904828674245152	6.967415744817117
-46.57065934940846	-7.698414930346189
-22.723820992976187	16.148423426086083
-26.359985896398655	12.512258522663615
-48.313037203419015	-9.440792784356745
-59.05207438999577	-20.179829970933497
-47.01546680742257	-8.1432223883603
-23.123818056248354	15.748426362813916
-63.512826880612636	-24.640582461550366
-30.394201962769955	8.478042456292314
-64.93111870226647	-26.058874283204204
-43.522288324513	-4.65004390545073
-40.576365238679216	-1.7041208196169464
-42.79365325362386	-3.921408834561589
-43.089051131768144	-4.216806712705875
-40.90594878821656	-2.033704369154293
-57.512501147893715	-18.640256728831446
-56.84517181993368	-17.972927400871413
-44.34251754911173	-5.470273130049463
-20.13900090801843	18.73324351104384
-66.16670429483719	-27.29445987577492
-62.36736381385498	-23.49511939479271
-42.12402726644149	-3.251782847379218
-29.363866541401592	9.508377877660678
-35.23678713480848	3.635457284253789
-25.281897047721657	13.590347371340613
-45.761267524879884	-6.889023105817614
-19.257578755799557	19.614665663262713
-34.313325463530134	4.558918955532135
-10.325579390960854	28.546665028101415
-43.25055483044497	-4.378310411382699
-49.45602229698642	-10.583777877924149
-16.80858654499542	22.06365787406685
-78.91963845946674	-40.04739404040447
-34.46643510962684	4.405809309435426
-56.415711500548866	-17.543467081486597
-51.1017999046432	-12.229555485580931
-57.59257979826151	-18.72033537919924
-35.31539284466788	3.5568515743943863
-40.75735854802559	-1.8851141289633233
-12.3758277814174	26.49641663764487
-23.38343740267527	15.488807016387
-60.11166056580049	-21.239416146738222
-12.843400494499008	26.02884392456326
-27.025484965529984	11.846759453532286
-58.69555366961657	-19.823309250554303
-62.78684094837598	-23.914596529313712
-19.910270679594475	18.961973739467794
-17.548443129546	21.32380128951627
-58.9448405047421	-20.072596085679834
-46.755311562459326	-7.8830671433970565
-34.13906589291372	4.733178526148549
-35.38106965219566	3.4911747668666067
-45.860030573499614	-6.9877861544373445
-20.509142897118807	18.363101521943463
-17.80193800119531	21.07030641786696
-6.029181163610417	32.84306325545185
-56.9791094376248	-18.10686501856253
-44.90749859304714	-6.0352541739848675
-61.655368922596324	-22.783124503534054
-31.28659833942737	7.585646079634898
-32.45196920011739	6.42027521894488
-55.22582600355753	-16.35358158449526
-47.353914490709656	-8.481670071647386
-57.38728143441921	-18.51503701535694
-23.05667946769762	15.81556495136465
-39.21263857091043	-0.3403941518481588
-60.759130173186065	-21.886885754123796
-12.441405014191048	26.43083940487122
-27.193587574931087	11.678656844131183
-59.30239561066054	-20.43015119159827
-23.385423788725973	15.486820630336297
-61.82919208673201	-22.956947667669738
-25.150867967442252	13.721376451620017
-57.96188545737613	-19.089641038313857
-31.9395717473505	6.932672671711771
-31.97216272598388	6.900081693078391
-34.69255529048468	4.179689128577593
-43.610377903705455	-4.7381334846431855
-51.44907504493102	-12.576830625868752
-44.338325392190825	-5.466080973128555
-29.533893949437413	9.338350469624856
-42.05192364060866	-3.179679221546394
-20.9944858897922	17.877758529270068
-9.093426603225168	29.7788178158371
-28.15247112413425	10.719773294928018
-51.28847598132933	-12.416231562267058
-61.777973718618966	-22.905729299556697
-28.913177025793345	9.959067393268924
-76.48299462991207	-37.6107502108498
-40.7328153305113	-1.860570911449031
-4.545069481636972	34.3271749374253
-42.31058442459988	-3.4383400055376114
-71.03290279823494	-32.16065837917267
-30.164729937355958	8.707514481706312
-23.558615538726087	15.313628880336182
-22.50223719779541	16.37000722126686
-38.54732806506007	0.3249163540021982
-33.121482344196636	5.750762074865634
-20.52029804010607	18.3519463789562
-49.49934327136515	-10.627098852302879
-81.33221771448524	-42.45997329542297
-27.247353216849376	11.624891202212893
-48.023083774851045	-9.150839355788776
-51.388719820750055	-12.516475401687785
4.891630552201889	43.76387497126416
-37.51190747332083	1.3603369457414374
-41.57262583868368	-2.700381419621408
-73.46265825991367	-34.5904138408514
-59.45338948372017	-20.581145064657903
-41.74170962392026	-2.8694652048579883
-23.408109845038496	15.464134574023774
-23.252879330813528	15.619365088248742
-44.7828374079524	-5.91059298889013
-13.176618533672524	25.695625885389745
-30.353010671604068	8.519233747458202
-44.622017306055284	-5.749772886993014
-46.288886631691355	-7.416642212629085
-11.298212585066437	27.574031833995832
-46.567388982058844	-7.695144562996575
-32.88593745646148	5.986306962600793
-43.132680442705976	-4.260436023643706
-38.12213618837785	0.7501082306844182
-34.761430078431374	4.1108143406308955
-28.767658321708666	10.104586097353604
-45.91746966347063	-7.045225244408357
-8.759568021485109	30.11267639757716
-71.48700541772786	-32.61476099866559
-48.63975943624763	-9.76751501718536
-17.633728478130877	21.238515940931393
-35.31063703745684	3.561607381605427
-22.219363021109245	16.652881397953024
-18.11737616084946	20.75486825821281
-21.7424007152419	17.12984370382037
1.9117948376390927	40.78403925670136
-40.27841898750711	-1.4061745684448397
-2.7473492272235376	36.12489519183873
-27.543924812079865	11.328319606982404
-67.17166393936867	-28.2994195203064
-29.67925935971806	9.19298505934421
-39.49383055271545	-0.6215861336531816
-50.51660518074431	-11.644360761682037
-43.6090823134852	-4.7368378944229335
-50.4470967871145	-11.574852368052234
-66.74242126942926	-27.870176850366988
-31.098499308396356	7.773745110665914
-39.35939503168419	-0.4871506126219174
-31.60563662939029	7.26660778967198
-70.29709323696233	-31.424848817900056
-29.630957251034204	9.241287168028066
-54.676501138104584	-15.804256719042314
-41.872358399295706	-3.0001139802334365
-62.48991419264138	-23.61766977357911
-12.346576436347902	26.525667982714367
-39.5185934582675	-0.6463490392052336
-46.207631427443346	-7.335387008381076
-85.46198515090299	-46.58974073184072
-44.90929869370092	-6.037054274638649
-34.94636970959044	3.9258747094718274
-40.801898883973706	-1.9296544649114367
-29.599300763465806	9.272943655596464
-40.194013439611524	-1.3217690205492545
-73.9262340728871	-35.05398965382483
-26.279770091668695	12.592474327393575
-34.95577590956026	3.9164685095020104
-61.037261532937634	-22.165017113875365
-32.96643288344575	5.905811535616522
-41.93581105263519	-3.0635666335729184
-36.68596970735024	2.1862747117120307
-66.31238625326449	-27.440141834202223
-45.77073312309011	-6.898488704027841
-31.00722556649788	7.86501885256439
-71.362329541718	-32.49008512265573
-43.79432947425602	-4.922085055193747
-47.43709114404709	-8.564846724984818
-42.60135661656176	-3.7291121974994894
-29.48518358201335	9.38706083704892
-34.34102436812617	4.531220050936099
-62.87546190009533	-24.00321748103306
-35.31617381496261	3.5560706040996592
-76.72769598930398	-37.85545157024171
-50.771536169295075	-11.899291750232805
-73.23497124499198	-34.36272682592971
-65.79855538777855	-26.92631096871628
-7.361412488591384	31.510831930470886
-29.484312451384255	9.387931967678014
-31.08631751889851	7.7859269001637585
-45.31133335498242	-6.439088935920154
-59.22477141053031	-20.35252699146804
-9.473697137856732	29.398547281205538
-7.3441363122234975	31.528108106838772
-12.30740145401586	26.56484296504641
-41.478694465460364	-2.606450046398095
-34.46159589430107	4.4106485247612
-48.80024679141724	-9.928002372354968
-66.08407903159758	-27.211834612535313
-25.852129498145302	13.020114920916967
-41.00447430601133	-2.1322298869490623
-30.21662124288349	8.655623176178779
-47.92922277145925	-9.056978352396982
-33.36885631193371	5.503388107128558
-35.875154935010585	2.997089484051685
-37.00047977658477	1.8717646424775012
-41.416592869614476	-2.5443484505522065
-37.78596391017862	1.0862805088836467
-62.90166865508735	-24.02942423602508
-52.28984529014059	-13.41760087107832
-46.38643736950843	-7.514192950446159
-47.687400471882654	-8.815156052820385
-42.807403003431034	-3.9351585843687644
-41.61866572437947	-2.746421305317199
-41.81182628389587	-2.939581864833599
-72.42165138626086	-33.54940696719859
-49.81075115079665	-10.938506731734378
-38.57670329828187	0.29554112078039907
-34.990900491886066	3.8813439271762036
-24.767429429293486	14.104814989768784
-25.49148411104187	13.380760308020399
-48.727058057234615	-9.854813638172345
-37.61506641709792	1.2571780019643484
-15.488733746211153	23.383510672851116
-36.54718243665201	2.3250619824102614
-94.17079810260992	-55.29855368354765
-25.226949029600007	13.645295389462262
-31.472694478810524	7.399549940251745
-37.08218936221755	1.7900550568447215
-40.62798773811454	-1.7557433190522715
-58.387598935512585	-19.515354516450316
-24.147842706397284	14.724401712664985
-37.09921956615079	1.773024852911476
-65.38298439340514	-26.51073997434287
-16.239257781487765	22.632986637574504
-56.39048930810321	-17.518244889040943
-42.69467319507174	-3.822428776009474
-27.37057846227043	11.50166595679184
-8.089326703293125	30.782917715769145
-48.708041612129534	-9.835797193067265
-52.564011301202925	-13.691766882140655
-37.29723751063074	1.5750069084315328
-36.23226316348672	2.639981255575549
-64.92906610252766	-26.056821683465387
-62.365242337616735	-23.492997918554465
-11.422907189318437	27.449337229743833
-51.14218991191382	-12.269945492851548
-42.121689019664416	-3.2494446006021462
-12.203927165477296	26.668317253584974
-47.35777360125002	-8.485529182187747
-24.594870407903443	14.277374011158827
-22.132242139150264	16.740002279912005
-53.95361095410561	-15.081366535043344
-46.521517227838274	-7.649272808776004
-28.06661385092383	10.80563056813844
-36.58473390570515	2.2875105133571196
-65.1699755826682	-26.29773116360593
-38.40887506227381	0.46336935678846203
-60.99144648227747	-22.119202063215198
-38.28356950774986	0.5886749113124097
-27.88165994849777	10.9905844705645
-22.585985657975186	16.286258761087083
-43.27638249839737	-4.404138079335098
-31.386247561151038	7.485996857911232
-34.698191837929414	4.174052581132855
-38.52698861284961	0.3452558062126627
-42.44925979604676	-3.577015376984491
-46.823207049075506	-7.950962630013237
-40.50670394368143	-1.6344595246191602
-35.22467155351268	3.6475728655495914
-56.08681783766741	-17.21457341860514
-20.16784478217386	18.70439963688841
-54.54495425108843	-15.672709832026158
-48.56219981134717	-9.6899553922849
-49.80991805378079	-10.937673634718521
-29.231844923966207	9.640399495096062
-42.3513662948514	-3.479121875789133
-71.85229864121146	-32.98005422214919
-56.51090774145058	-17.63866332238831
-50.3899876067714	-11.51774318770913
-31.943465427246053	6.928778991816216
-38.48027336571039	0.391971053351881
-22.361311930302406	16.510932488759863
-49.49778775576641	-10.62554333670414
-36.087677777800934	2.7845666412613355
-48.14993267362087	-9.277688254558598
-34.50399958323186	4.36824483583041
-16.304816680507145	22.567427738555125
-21.699357264949583	17.172887154112686
-34.40960139900352	4.462643020058749
-50.951362952893476	-12.079118533831206
-35.37919620223482	3.4930482168274466
-38.48732886260922	0.384915556453052
-33.119390710211235	5.752853708851035
-23.08719366873055	15.78505075033172
-11.666957840976181	27.20528657808609
-19.271918129624908	19.600326289437362
-23.093704996628446	15.778539422433823
-0.06137701710184729	38.81086740196042
-23.459529644909423	15.412714774152846
-40.5726550646047	-1.7004106455424335
-20.622956919714568	18.2492874993477
-52.36825495486636	-13.49601053580409
-24.01637930064834	14.85586511841393
-29.63309949301555	9.23914492604672
-43.9534377020006	-5.0811932829383295
-43.01926614169287	-4.147021722630598
-60.919609548187225	-22.047365129124955
-30.355612309574724	8.516632109487546
-40.64640651302551	-1.7741620939632412
-38.407992581674705	0.4642518373875646
-73.86053129202418	-34.98828687296191
-48.95852313855511	-10.086278719492839
-52.65894942170206	-13.786705002639792
-42.38934626948111	-3.5171018504188396
-32.72556552335817	6.146678895704099
-33.83135362749243	5.040890791569836
-58.404059529942685	-19.531815110880416
-51.16368034611304	-12.29143592705077
-47.83418513704754	-8.961940717985271
-42.34223424902092	-3.4699898299586494
-50.874750888744245	-12.002506469681975
-50.57335841639514	-11.701113997332868
-76.6322055524194	-37.75996113335714
-40.80306763440393	-1.9308232153416611
-63.775846707254175	-24.903602288191905
-46.620960143538184	-7.748715724475915
-48.28604709806467	-9.413802679002401
-43.696479330433874	-4.8242349113716045
-52.190048607093274	-13.317804188031005
-28.21983034268277	10.6524140763795
-39.169003133674494	-0.29675871461222414
-64.26225259920255	-25.390008180140285
-46.111559984344865	-7.239315565282595
-25.566712142330005	13.305532276732265
-44.775541514534495	-5.903297095472226
-60.501347334660466	-21.629102915598196
-39.8744102117177	-1.0021657926554326
-3.2812596743439713	35.5909847447183
-39.54331839876039	-0.6710739796981215
-45.057028955006615	-6.184784535944345
-53.69111234719247	-14.818867928130203
-49.044754677377284	-10.172510258315015
-43.70363479709857	-4.8313903780363034
-59.38112340356537	-20.5088789845031
-13.539541983960305	25.332702435101965
-50.677145522740545	-11.804901103678276
-25.752843766674857	13.119400652387412
-57.58583110825356	-18.71358668919129
-69.77939554693666	-30.907151127874386
-17.7620212417948	21.11022317726747
-63.746324890276526	-24.874080471214256
-26.57353890627354	12.298705512788729
-56.92986670594627	-18.057622286883998
-18.530486972592996	20.341757446469273
-49.71213088230951	-10.83988646324724
-49.943075567292624	-11.070831148230354
-51.6442143805304	-12.77196996146813
-50.66360857529588	-11.791364156233612
-79.47321557362528	-40.60097115456301
-25.546390028813846	13.325854390248423
-39.14241110635129	-0.27016668728902005
-30.80957772604387	8.0626666930184
-39.906174502100555	-1.0339300830382854
-36.50027997213846	2.371964446923812
-26.824208087343948	12.048036331718322
-48.261065279655384	-9.388820860593114
-18.06977504433388	20.80246937472839
-19.478031695701873	19.394212723360397
-36.80858333073928	2.063661088322988
-43.54747154765727	-4.675227128594997
-40.971142266220056	-2.0988978471577866
-36.40883054339582	2.463413875666447
-24.340088466471286	14.532155952590983
-33.95728682094858	4.914957598113688
-42.51994007039838	-3.6476956513361074
-68.8722430311297	-29.99999861206743
-39.277030325201565	-0.40478590613929555
-36.846244817713966	2.0259996013483033
-39.62645484434114	-0.7542104252788704
-26.996425097544204	11.875819321518065
-53.770574740961536	-14.898330321899266
-43.91849924581555	-5.046254826753284
-85.42061068271659	-46.548366263654316
-39.936392956862335	-1.0641485378000652
-23.74914654502726	15.123097874035011
-49.55207302787829	-10.679828608816024
-56.03622730658179	-17.163982887519524
-34.07497508590831	4.797269333153963
-23.75460279889893	15.11764162016334
-46.89829078608972	-8.026046367027448
-64.21164822597137	-25.339403806909104
-17.135474770444205	21.736769648618065
-47.48828066856157	-8.616036249499302
-61.12914743959635	-22.256903020534082
-48.07239987559814	-9.200155456535867
-33.54348151030507	5.328762908757199
-60.215180615746874	-21.342936196684605
-77.59366713950084	-38.72142272043857
-47.59946339591778	-8.72721897685551
-29.036784372886984	9.835460046175285
-25.192229543548535	13.680014875513734
-58.459136755567386	-19.586892336505116
-37.119498894256765	1.7527455248055048
-65.09983459075528	-26.22759017169301
-23.525064671832013	15.347179747230257
-56.36633141002466	-17.494086990962387
-24.673736350332263	14.198508068730007
-38.316746353795395	0.5554980652668746
-52.709915280616485	-13.837670861554216
-53.22459721297281	-14.35235279391054
-27.675184585908653	11.197059833153617
-16.151642647919005	22.720601771143265
-77.92400540641182	-39.05176098734955
-52.98512228595581	-14.112877866893541
-47.17568831995385	-8.30344390089158
-42.02050322999793	-3.1482588109356584
-64.04050598056136	-25.168261561499094
-53.22655210054444	-14.354307681482169
-33.48321632883534	5.38902809022693
-21.09809066749375	17.77415375156852
-62.304428065339096	-23.432183646276826
-36.40941229420213	2.4628321248601424
-37.98469334991904	0.8875510691432282
-24.41175867951614	14.46048573954613
-37.16205719411454	1.710187224947731
-15.142940095827441	23.729304323234828
-55.223926227683194	-16.351681808620924
-24.259700401596717	14.612544017465552
-38.7332432201635	0.13900119889876805
-59.91736969006678	-21.04512527100451
-52.76784082263265	-13.89559640357038
-54.94622976588806	-16.073985346825793
-20.286341195662033	18.585903223400237
-31.155376290522042	7.716868128540227
-33.17130029212939	5.700944126932882
-56.057174601473605	-17.184930182411335
-40.251155582429135	-1.3789111633668654
-64.58882090936612	-25.71657649030385
-55.77541138467285	-16.90316696561058
-57.03048473487223	-18.158240315809962
-44.30660176416649	-5.4343573451042175
-21.57850707780534	17.29373734125693
-37.101475447661585	1.7707689714006847
-41.156074361989965	-2.283829942927696
-35.629005804423	3.2432386146392673
-34.86537528928392	4.006869129778352
-61.6749744421665	-22.802730023104232
-50.0460193263404	-11.17377490727813
-26.880550239509546	11.991694179552724
-28.80955484579107	10.0626895732712
-37.727781236373346	1.1444631826889236
-39.78760826181468	-0.9153638427524129
-34.02774779766122	4.844496621401049
-71.45934986813307	-32.587105449070805
-38.28400749750807	0.5882369215541985
-18.426771290030672	20.445473129031598
-25.116715143257977	13.755529275804292
-30.172524987150325	8.699719431911944
-53.13215301229292	-14.259908593230648
-33.85064847927214	5.0215959397901315
-30.47663448298198	8.395609936080291
-19.484311287813114	19.387933131249156
-53.0940989733478	-14.221854554285528
-69.18193337092606	-30.30968895186379
-37.30961298970004	1.5626314293622272
-40.19330158301244	-1.3210571639501723
-27.17691259977954	11.695331819282728
-62.14182064475398	-23.269576225691708
-43.7460780802773	-4.873833661215031
-53.46587960576079	-14.59363518669852
-45.72992318097175	-6.857678761909483
-26.56721262655418	12.305031792508089
-49.51232218749436	-10.640077768432093
-70.74276290293864	-31.870518483876367
-50.59506600805406	-11.722821588991792
-61.84680369356437	-22.9745592745021
-53.73063008278922	-14.85838566372695
-12.710454018944517	26.161790400117752
-45.528026128898716	-6.655781709836447
-42.399215752809766	-3.526971333747497
-85.96948535024211	-47.09724093117984
-17.382374790509573	21.489869628552697
-35.365532432127736	3.5067119869345333
-70.77541729151352	-31.90317287245125
-48.89165504959027	-10.019410630528
-29.200981985047918	9.671262434014352
-40.46196770420437	-1.5897232851420995
-47.40630969191051	-8.534065272848238
-61.93052917081303	-23.05828475175076
-34.23175980239256	4.64048461666971
-20.905082665643647	17.967161753418623
-34.21219270697992	4.66005171208235
-42.42128618225769	-3.5490417631954188
-38.71565577131486	0.15658864774741232
-41.6231365014516	-2.7508920823893277
-75.1654614991109	-36.293217080048635
-24.71741985613852	14.15482456292375
-41.75776783363625	-2.8855234145739814
-47.43844523436354	-8.566200815301272
-42.953493410239105	-4.081248991176835
-50.4982247591376	-11.62598034007533
-43.36612444469728	-4.493880025635008
-18.608859788507914	20.263384630554356
-57.55031694193684	-18.678072522874572
-24.59788362199987	14.2743607970624
-25.22177326082391	13.65047115823836
-20.603297984531025	18.268946434531244
-35.55973501734633	3.3125094017159427
-72.2328680063344	-33.36062358727213
-50.6552912689055	-11.783046849843231
-7.121809305664726	31.750435113397543
-76.92993565955629	-38.05769124049402
-17.052297332234673	21.819947086827597
-32.94499092414998	5.927253494912293
-23.729939724520307	15.142304694541963
-16.188386592851828	22.683857826210442
-35.08694025089579	3.7853041681664763
-38.28860201180004	0.5836424072622322
-31.55576731424452	7.31647710481775
-12.508172972300315	26.364071446761955
-43.31328911396639	-4.441044694904122
10.048120305700934	48.9203647247632
-46.92210621977364	-8.04986180071137
-30.70599425383051	8.166250165231759
-65.11669381009204	-26.244449391029775
-22.647001397822976	16.225243021239294
-13.890394566869588	24.98184985219268
-24.459591064454514	14.412653354607755
-62.37101623233838	-23.498771813276107
-39.53697208048624	-0.6647276614239672
-39.93539232575648	-1.063147906694212
-33.20587106214742	5.666373356914846
-47.89434318459615	-9.022098765533883
-40.48035152785968	-1.6081071087974124
-56.09158584188634	-17.219341422824073
-27.297568372506873	11.574676046555396
-40.71526442840485	-1.843020009342581
-47.373691266211324	-8.501446847149055
-45.51623079522477	-6.643986376162502
-29.190817952605073	9.681426466457197
-45.97934820063318	-7.107103781570913
-11.47044874669308	27.40179567236919
-32.69238182416092	6.179862594901351
-55.89678164988953	-17.024537230827264
-40.14636089338245	-1.2741164743201807
-68.22516135817358	-29.35291693911131
-16.207735792557003	22.664508626505267
-44.72201063735491	-5.849766218292643
-20.826016115953905	18.046228303108364
-33.327528340172364	5.5447160788899055
-31.868753452419412	7.0034909666428575
-23.898994502856738	14.973249916205532
-53.66019609375297	-14.787951674690703
-10.781731999273404	28.090512419788865
-13.752082411867093	25.120162007195177
-88.6743913055231	-49.80214688646083
-48.30020803722226	-9.427963618159993
-33.358976364642956	5.513268054419314
-48.059641070734585	-9.187396651672316
-26.890303640973514	11.981940778088756
-61.803039475996854	-22.930795056934585
-20.076970024934496	18.795274394127773
-43.84400644889473	-4.971762029832462
-71.45687158978916	-32.58462717072689
-11.123754887737675	27.748489531324594
-53.17986941577482	-14.307624996712548
-36.055045851242255	2.8171985678200144
-39.08976604907156	-0.21752163000928704
-26.482297801017637	12.389946618044632
-13.388463703418608	25.48378071564366
-13.745500516566324	25.126743902495946
-45.14071799574384	-6.268473576681572
-80.78797024544991	-41.91572582638764
-31.423216858250896	7.449027560811373
-68.28778595922421	-29.41554154016194
-38.14162880182056	0.7306156172417104
-34.063882868545704	4.808361550516565
-1.83778289943956	37.03446151962271
-44.16016006770741	-5.287915648645139
-67.17741781715966	-28.305173398097395
-32.63503529560484	6.237209123457433
-54.081314068794825	-15.209069649732555
-33.05786782043077	5.8143765986314975
-45.82266620076342	-6.950421781701152
-32.99337710476328	5.8788673142989865
-26.862233864941743	12.010010554120527
-34.522418695616295	4.349825723445974
-35.89210908094327	2.9801353381189983
-33.64683982998912	5.22540458907315
-25.414409587754278	13.457834831307991
-67.19665968666749	-28.324415267605218
-30.587311549488447	8.284932869573822
-48.991684109872665	-10.119439690810395
-42.87213946142373	-3.9998950423614588
-94.12843991818744	-55.25619549912517
-18.22125485622172	20.65098956284055
-33.314682474343215	5.557561944719055
-66.21240682422439	-27.34016240516212
-22.974227156342465	15.898017262719804
-67.12927189603005	-28.257027476967778
-45.486724838786984	-6.614480419724714
-66.0593816438465	-27.187137224784237
-34.98347431220253	3.888770106859738
-21.872461707620175	16.999782711442094
-28.9787301528101	9.893514266252168
-32.68755926668899	6.184685152373277
-41.52948775498743	-2.657243335925159
-46.57507432353822	-7.702829904475948
-38.765677675282575	0.10656674377969466
-44.48477897903439	-5.612534559972119
-45.449714200030655	-6.577469780968386
-36.01821070487284	2.854033714189427
-49.578725621320416	-10.706481202258146
-37.529888165501404	1.3423562535608653
-34.9417873553154	3.9304570637468714
-34.117689799791776	4.754554619270493
-44.78352761146169	-5.911283192399424
-11.957019069302703	26.915225349759567
-39.2547010355899	-0.38245661652763374
-34.90842380138719	3.9638206176750828
-50.45487792421562	-11.582633505153353
-65.64132128622231	-26.769076867160038
-12.32957107084593	26.54267334821634
-18.197279989295282	20.674964429766987
-64.78058993155508	-25.908345512492815
-65.78547563098044	-26.913231211918173
-15.108453300386543	23.763791118675726
-35.4727297151382	3.399514703924069
-36.92224927003343	1.9499951490288367
-33.699991109109476	5.172253309952794
-19.781396029602263	19.090848389460007
-41.58916347491112	-2.716919055848848
-38.68210534918552	0.19013906987675
-50.598968429823515	-11.726724010761245
-33.81823716603475	5.054007253027521
-30.650365725856034	8.221878693206236
-38.888816009593654	-0.016571590531384572
-56.52627489818923	-17.65403047912696
-58.53058660884352	-19.65834218978125
-40.69543104037956	-1.8231866213172907
-27.68452905073144	11.187715368330828
-74.06586667577875	-35.19362225671648
-22.52566666966385	16.34657774939842
-38.20344273977179	0.6688016792904818
-40.936572241682086	-2.0643278226198163
-48.2704149618782	-9.398170542815933
-22.014844644783523	16.857399774278747
-33.48072416656731	5.391520252494956
-54.70880235783778	-15.836557938775513
-42.43012801505182	-3.5578835959895514
-36.89838751427095	1.9738569047913188
-39.470408436127116	-0.5981640170648461
-25.312757740682798	13.559486678379471
-32.41642182363802	6.455822595424252
-68.97821055471803	-30.105966135655763
-17.939215785181375	20.933028633880895
-29.440301761785747	9.431942657276522
-26.769459720145903	12.102784698916366
-45.775954163718495	-6.903709744656226
-49.77462939347396	-10.902384974411689
-41.04777899459958	-2.1755345755373128
-49.73831762299022	-10.866073203927954
-39.039563175929004	-0.16731875686673447
-24.035272730977965	14.836971688084304
-73.78422238342836	-34.91197796436609
-35.72937954692833	3.1428648721339414
-36.94433304418425	1.9279113748780219
-61.374804873177425	-22.502560454115155
-59.02020078243885	-20.14795636337658
-23.378926863135064	15.493317555927206
-50.9401437954927	-12.067899376430432
-56.99960563650319	-18.12736121744092
-30.574835642806363	8.297408776255907
-54.384850744738	-15.512606325675733
-51.75208062806422	-12.879836209001951
-66.28639331552921	-27.41414889646694
-33.799394198720336	5.072850220341934
-40.97669610389647	-2.1044516848342028
-53.21843997898185	-14.346195559919579
-35.54284762899414	3.329396790068131
-57.62075264556705	-18.748508226504782
-62.09698580167395	-23.224741382611683
-61.561992236149024	-22.689747817086754
-28.15151226792449	10.720732151137781
-28.771508771633023	10.100735647429246
-45.16037782668508	-6.288133407622809
-50.24019855982414	-11.367954140761867
-33.46779933720035	5.4044450818619225
-74.20525373203935	-35.33300931297708
-52.56062534008896	-13.688380921026692
-55.5660001036137	-16.693755684551434
-18.64038746572413	20.231856953338138
-20.579927908472825	18.292316510589444
-13.257835737893117	25.614408681169152
-41.08443240567948	-2.2121879866172094
-39.008090748362235	-0.13584632929996587
-26.29636663048376	12.57587778857851
-25.17315587852289	13.699088540539378
-30.515891384462236	8.356353034600033
-37.41059879890025	1.4616456201620167
-45.7571856718111	-6.884941252748831
-33.92519474903901	4.947049670023262
-28.62528383164107	10.2469605874212
-45.88653826361195	-7.014293844549684
-38.94884568333299	-0.076601264270721
-34.18112395352881	4.691120465533459
-39.64693103205144	-0.7746866129891714
-25.167828391434966	13.704416027627303
-27.143958182435824	11.728286236626445
-36.63704551623749	2.235198902824777
-59.20806620562297	-20.3358217865607
-49.43114090917305	-10.558896490110783
-23.894724425639367	14.977519993422902
-74.83781562014855	-35.96557120108628
-43.53906781162158	-4.666823392559309
-38.8925908539365	-0.02034643487422727
-45.80451465004961	-6.932270230987342
-56.68953987698268	-17.81729545792041
-39.239593582778696	-0.3673491637164261
-32.024693565819405	6.847550853242865
-52.57434573724248	-13.702101318180212
-30.007733641961465	8.864510777100804
-40.67770374777109	-1.805459328708821
-41.02653387430263	-2.1542894552403595
-34.6334837959418	4.23876062312047
-61.51909168480569	-22.646847265743418
-15.444355311554034	23.427889107508236
2.3718651405382047	41.244109559600474
-33.276540459466275	5.595703959595994
-39.95062976357957	-1.0783853445173008
-37.200242866570704	1.6720015524915652
-39.62113771313824	-0.7488932940759696
-46.54423186043067	-7.671987441368401
-37.09819080160895	1.774053617453319
-37.09226633564475	1.779978083417518
-68.38647448706405	-29.51423006800178
-32.875170603552476	5.997073815509793
-65.81352631997805	-26.941281900915783
-34.510961920210036	4.361282498852233
-46.11515720617689	-7.242912787114619
-52.83385382480418	-13.96160940574191
-25.55223478466877	13.3200096343935
-49.81991399507177	-10.947669576009503
-21.494586210157365	17.377658208904904
-44.24466997460485	-5.372425555542577
-35.29173976149258	3.5805046575696906
-29.113796427494606	9.758447991567664
-16.610474788596264	22.261769630466006
-46.17324610572331	-7.3010016866610385
-52.61645307318912	-13.74420865412685
-41.43808036262425	-2.5658359435619786
-32.33940297810267	6.532841440959601
-33.47144259455462	5.400801824507653
-53.86118781781778	-14.98894339875551
-7.764746414160697	31.107498004901572
-37.38902079990447	1.4832236191577977
-48.41210400686913	-9.539859587806859
-64.7655295223064	-25.893285103244125
-27.16460157377668	11.70764284528559
-27.468192018799243	11.404052400263026
-38.24281882935401	0.6294255897082621
-30.43426478031114	8.43797963875113
-38.343935999842586	0.5283084192196839
-42.64166608161548	-3.7694216625532135
-35.74360081419371	3.1286436048685573
-26.537371170166523	12.334873248895747
-37.85613396914931	1.0161104499129578
-52.03803059686987	-13.165786177807604
-41.858621470773585	-2.9863770517113153
-36.02950954693159	2.842734872130677
-49.3261167940197	-10.453872374957427
-37.55904268628882	1.3132017327734502
-23.44919508200627	15.423049337056
-9.124069521070567	29.748174897991703
-35.06118105581635	3.811063363245921
-4.123374693370067	34.7488697256922
-30.976866166352636	7.895378252709634
-40.72008538502058	-1.8478409659583122
-20.195648296312072	18.676596122750198
-25.926875323229694	12.945369095832575
-56.309603633546146	-17.437359214483877
-42.48181327069841	-3.6095688516361406
-30.271850148446617	8.600394270615652
-23.41545140306488	15.456793015997391
-42.998882737474275	-4.126638318412006
-33.379255152276244	5.492989266786026
-52.77459833585971	-13.902353916797438
-62.75016671520797	-23.877922296145698
-73.50195968386623	-34.62971526480396
-35.848024794960736	3.0242196241015336
-36.208412158650106	2.663832260412164
-33.795766117456594	5.076478301605675
-32.78762369563418	6.084620723428088
-44.45565820348355	-5.583413784421282
-5.546467457764891	33.32577696129738
-34.809901210637406	4.062343208424863
-23.932632274152354	14.939612144909916
-41.985914094851694	-3.113669675789424
-44.41358012407517	-5.541335705012898
-52.335945249955046	-13.463700830892776
-45.800378647645346	-6.928134228583076
-46.101802583650795	-7.229558164588525
-37.80960289931471	1.062641519747558
-34.139497959678636	4.732746459383634
-5.419955209041007	33.45228921002126
-19.112451027480063	19.759793391582207
-53.10342103586089	-14.23117661679862
-33.02725451031955	5.844989908742718
-4.722297955258625	34.149946463803644
-18.888464703193392	19.983779715868877
-27.80321102691022	11.06903339215205
-33.120357916062574	5.751886502999696
-16.03116355910396	22.84108085995831
-18.941938922054476	19.930305497007794
-16.675765949357526	22.196478469704743
-47.296164658587884	-8.423920239525614
-57.47283179296727	-18.600587373905
-41.200738363125936	-2.3284939440636663
-81.79587648666137	-42.9236320675991
-43.726371257505605	-4.854126838443335
-57.25317877119022	-18.38093435212795
-39.41702363657322	-0.5447792175109498
-47.83854397409385	-8.966299555031583
-60.789053921149105	-21.916809502086835
-44.805971210325595	-5.933726791263325
-37.02852873547607	1.843715683586197
-58.9312466866665	-20.059002267604228
-39.54281731525924	-0.6705728961969726
-26.195837978111456	12.676406440950814
-53.48833238512242	-14.61608796606015
-41.88948940345807	-3.017244984395802
-23.788667101789258	15.083577317273011
-27.768390444163458	11.103853974898811
-36.28845662160683	2.583787797455443
-31.737341337049372	7.134903082012897
-14.1169700154839	24.75527440357837
-55.055629127380314	-16.183384708318044
-36.846994575329234	2.025249843733036
-46.65242020170052	-7.780175782638253
-33.0282000569984	5.844044362063869
-50.44851238332711	-11.576267964264844
-33.87681640301679	4.99542801604548
-46.74711291136708	-7.874868492304813
-57.03038671119219	-18.158142292129924
-40.57866735270153	-1.70642293363926
-32.122706019346595	6.749538399715675
-52.892415735315524	-14.020171316253254
-18.109489876047235	20.762754543015035
-62.36207949500903	-23.489835075946758
-30.86540644962014	8.006837969442131
-36.06271050699951	2.8095339120627614
-28.561841983476995	10.310402435585274
-29.056903353002497	9.815341066059773
-47.33009426688449	-8.457849847822217
-50.82760914313047	-11.955364724068204
-40.18019636678008	-1.307951947717811
-21.109611433710313	17.762632985351956
-39.22461495255783	-0.35237053349555936
-21.201737924156703	17.670506494905567
-17.973788849599885	20.898455569462385
-59.45598361549281	-20.583739196430543
-34.350479899263235	4.521764519799035
-17.46641790689108	21.40582651217119
-23.3561133735181	15.51613104554417
-28.9184490184104	9.95379540065187
-47.11552831463422	-8.243283895571949
-34.04823194847057	4.824012470591697
-39.261908053593004	-0.38966363453073427
-60.14916323566075	-21.27691881659848
-46.11565465497341	-7.243410235911142
-31.681608317796133	7.190636101266136
-39.561249845688224	-0.689005426625954
-43.36450475961982	-4.49226034055755
-21.13870043380092	17.73354398526135
-53.618565756127	-14.746321337064728
-16.75226133908808	22.11998307997419
-27.870970056070007	11.001274362992262
-59.75318241987924	-20.88093800081697
-32.65946303937898	6.2127813796832925
-15.753218343668493	23.119026075393776
-32.61000873913662	6.262235679925652
-3.739268557879484	35.132975861182786
-35.189081634043475	3.6831627850187942
-5.546951814232386	33.32529260482988
-29.15676012150442	9.71548429755785
-9.394751957819324	29.477492461242946
-34.8335851537683	4.038659265293973
-52.854370728584115	-13.982126309521846
-42.34858188900188	-3.476337469939608
-47.20784404623345	-8.335599627171177
-35.32232046006328	3.5499239589989884
-41.519887049214674	-2.6476426301524043
-18.99367130422405	19.87857311483822
-58.701202741050736	-19.828958321988466
-46.15314699032541	-7.280902571263141
-50.76559111958858	-11.893346700526308
-42.569829959245624	-3.697585540183354
-60.851731975066	-21.979487556003733
-45.75134953978494	-6.87910512072267
-28.61869623622414	10.25354818283813
-47.494075084656004	-8.621830665593734
-20.75678068262431	18.11546373643796
-6.148209933465921	32.72403448559635
-24.695023077741723	14.177221341320546
-36.930501481050385	1.9417429380118847
-47.22857588356209	-8.356331464499817
-55.81479161319811	-16.94254719413584
-64.05529934946179	-25.18305493039952
-28.651949785880504	10.220294633181766
-43.0337313607576	-4.16148694169533
-33.867097786916645	5.005146632145625
-39.12027669677417	-0.24803227771189995
-68.2212966055792	-29.34905218651693
-31.448782622972146	7.423461796090123
-18.644651612352106	20.227592806710163
-22.698452286929466	16.173792132132803
-37.440363664468975	1.4318807545932941
-57.030263490099685	-18.158019071037415
-45.68762971984478	-6.815385300782509
-57.168767989785636	-18.296523570723366
-60.5975890008246	-21.72534458176233
-27.285198048046084	11.587046371016186
-30.580222770016633	8.292021649045637
-55.209623961547265	-16.337379542484996
-54.1085644592801	-15.236320040217834
-52.03357799516897	-13.1613335761067
-5.085895499066908	33.78634891999536
-30.15827014071482	8.71397427834745
-42.369884878860546	-3.4976404597982764
-19.95217281221784	18.92007160684443
-31.473887078913037	7.398357340149232
-31.816283955600454	7.055960463461815
-49.27289141532464	-10.400646996262367
-9.88887829701497	28.9833661220473
-58.30365046529704	-19.43140604623477
-58.518589234253966	-19.646344815191696
-34.72487768169748	4.147366737364791
-35.69303579441993	3.1792086246423423
-46.8434165277701	-7.971172108707833
-31.628220536176457	7.244023882885813
-13.308968860464745	25.563275558597525
-38.83159702646452	0.04064739259774797
-43.99108537699584	-5.118840957933571
-27.1376687597637	11.73457565929857
-19.49057838908419	19.381666029978078
-40.517461404275025	-1.6452169852127554
-78.08130410784878	-39.20905968878651
-13.118022492371608	25.75422192669066
-15.764012874305706	23.108231544756563
-35.42988837351521	3.442356045547058
-54.821608236755935	-15.949363817693666
-32.473318859787184	6.398925559275085
-35.69147011343529	3.180774305626983
-4.467407235058715	34.404837184003554
-41.73623321461281	-2.86398879555054
-23.78533391211903	15.08691050694324
-47.33947672441508	-8.467232305352809
-48.17126633645756	-9.299021917395294
-54.271774954305954	-15.399530535243684
-71.66414017126743	-32.791895752205164
-20.181572691156987	18.690671727905283
-15.60633609050791	23.26590832855436
-67.43081784237955	-28.558573423317284
-16.940921846745994	21.931322572316276
-40.386557568095384	-1.5143131490331143
-51.74549634373187	-12.873251924669603
-46.1659195679801	-7.293675148917828
-43.285820931383284	-4.413576512321015
-24.04609282625978	14.82615159280249
-34.257707183727405	4.614537235334865
-38.959292434663155	-0.08704801560088526
-22.80744886304973	16.06479555601254
-23.711613386183387	15.160631032878882
-32.502097468777436	6.370146950284834
-30.93477767225494	7.937466746807331
-33.574414343454634	5.297830075607635
-36.95765184915007	1.9145925699122017
-64.4809157907709	-25.608671371708624
-50.458597038099185	-11.586352619036916
-11.172254749149658	27.69998966991261
1.9227553884578015	40.79499980752007
-61.15990507852774	-22.287660659465473
-15.322204821770072	23.550039597292198
-51.045203792438485	-12.172959373376216
-36.97996735971327	1.8922770593489986
-16.041277602662092	22.830966816400178
-30.554968929774702	8.317275489287567
-46.03469808658491	-7.162453667522641
-20.02553138049342	18.84671303856885
-70.04836638267233	-31.176121963610058
-67.85511527364514	-28.98287085458287
-52.93428706639469	-14.062042647332419
-48.641801680421565	-9.769557261359296
-61.48925033600034	-22.61700591693807
-73.34227077460463	-34.47002635554236
-46.417322127524756	-7.545077708462486
-58.54785002028592	-19.67560560122365
-27.655711781202342	11.216532637859927
-21.920088419455794	16.952155999606475
-66.82974090533179	-27.95749648626952
-108.58578515873313	-69.71354073967086
-2.1775859152091357	36.694658503853134
-48.26873023259185	-9.39648581352958
-42.34209852623252	-3.4698541071702493
0.10152355856763506	38.973767977629905
-28.919890511255005	9.952353907807264
-24.594807072031188	14.277437347031082
-0.18955444177635172	38.68268997728592
-43.33202552812662	-4.459781109064352
-48.13282397841766	-9.260579559355392
-32.68034466940816	6.191899749654112
-39.30864477007498	-0.4364003510127077
-47.037875084320774	-8.165630665258504
-54.994659572473836	-16.122415153411566
-25.978202583921018	12.894041835141252
-88.0119091594076	-49.139664740345324
-38.31688407322298	0.55536034583929
-42.83709170722949	-3.9648472881672205
-23.145860181464457	15.726384237597813
-22.035632510754738	16.836611908307532
-32.63607940252194	6.236165016540326
-63.42339498692098	-24.551150567858713
-21.079536875373094	17.792707543689176
-39.41889214614429	-0.5466477270820178
-5.714074433968278	33.15816998509399
-30.552113718773114	8.320130700289155
-23.93182167947606	14.94042273958621
-31.56554966253833	7.306694756523939
-35.406049613693256	3.466194805369014
-51.38568928694957	-12.513444867887301
-9.883001688807497	28.989242730254773
-50.815232795661075	-11.942988376598805
-26.05785587080544	12.81438854825683
-36.87703511936496	1.9952092996973079
-49.97755884470615	-11.105314425643883
-26.30994239632645	12.562302022735821
-34.42683027955144	4.445414139510831
-83.66934059670683	-44.79709617764456
-35.45007281879742	3.4221716002648463
-43.33972979671461	-4.467485377652338
-33.95775470974121	4.91448970932106
-36.69357034918875	2.178674069873523
-48.76036214706045	-9.888117727998178
-23.62027458149322	15.25196983756905
-16.43269157927506	22.43955283978721
-49.731793621538316	-10.859549202476046
-50.231775048899806	-11.359530629837536
-36.45442546861676	2.4178189504455077
-12.601528538519858	26.27071588054241
-48.61094586702319	-9.73870144796092
-80.40653643474587	-41.534292015683604
-18.52745313742861	20.34479128163366
-32.981386584926156	5.8908578341361135
-51.83057462061487	-12.958330201552599
-52.426481015483375	-13.554236596421106
-19.948926055307027	18.923318363755243
-25.71705738569807	13.1551870333642
-48.4253707716104	-9.553126352548134
-44.00066725318692	-5.128422834124649
-37.49890303260844	1.3733413864538306
-31.900612345428897	6.971632073633373
-41.281536366060834	-2.4092919469985645
-61.98994374829425	-23.117699329231982
-37.32865221178298	1.5435922072792891
-41.928233949596404	-3.0559895305341342
-30.370749087885713	8.501495331176557
-29.65060022480401	9.22164419425826
-44.1552934715707	-5.2830490525084315
-49.530291394372114	-10.658046975309844
-74.38888137839757	-35.5166369593353
-49.76623712785448	-10.893992708792211
-20.592670342053395	18.279574077008874
-19.922144834270227	18.950099584792042
-37.60459637091634	1.2676480481459294
-32.534413135521106	6.337831283541163
-37.04958724406396	1.8226571749983123
-36.10245106418523	2.769793354877038
-2.054507456746876	36.817736962315394
-44.05806840372469	-5.18582398466242
-9.361346953080727	29.510897465981543
-28.40908270209701	10.46316171696526
-44.57168268962204	-5.699438270559767
-20.646716635686687	18.225527783375583
-23.933391559779636	14.938852859282633
-38.74230455103469	0.12993986802757718
-57.54587754659377	-18.673633127531502
-28.255759884892257	10.616484534170013
-53.32901258815917	-14.456768169096904
-16.01153319656231	22.86071122249996
-49.857232193067546	-10.984987774005276
15.85121467127675	54.72345909033902
-73.44768856529635	-34.57544414623408
-50.8736317189593	-12.001387299897033
-31.37674382215272	7.495500596909551
-49.08518421085108	-10.212939791788813
-45.297014274006585	-6.424769854944316
-49.847820008186034	-10.975575589123764
-7.279709525316946	31.592534893745324
-50.245876651720835	-11.373632232658565
-30.51145002536731	8.36079439369496
-23.109229184452204	15.763015234610066
-31.07531941341375	7.796925005648518
-16.471737966608714	22.400506452453556
-32.694488883729434	6.177755535332835
-48.69958644910156	-9.82734203003929
-11.403312651787644	27.468931767274626
-44.30364518079813	-5.431400761735858
-48.798822981434284	-9.926578562372015
-62.69565165819739	-23.823407239135122
-53.022344380134825	-14.150099961072556
-47.44350919202924	-8.57126477296697
-52.867581897165735	-13.995337478103465
-55.42142759621282	-16.549183177150553
-57.12134018302976	-18.24909576396749
-53.64612633317091	-14.773881914108642
-37.34904987369163	1.523194545370643
-40.95244031016563	-2.080195891103358
-48.335371032136834	-9.463126613074564
-25.16220594383566	13.710038475226611
-38.74660066923906	0.1256437498232117
-50.3450243488748	-11.472779929812532
-3.7468272844977832	35.125417134564486
-45.03539117261033	-6.163146753548062
-57.28634928418404	-18.41410486512177
-52.333068172474384	-13.460823753412114
-24.540887379943968	14.331357039118302
-30.49752360312931	8.37472081593296
-11.90936394742829	26.96288047163398
-21.818082387513357	17.054162031548913
-49.64118958319676	-10.768945164134493
-61.9998673001225	-23.127622881060233
-66.32126240174483	-27.449017982682562
-48.176970717786105	-9.304726298723835
-59.50812534315418	-20.635880924091907
-15.201996698682422	23.670247720379848
-35.80179822904546	3.07044619001681
-27.835447416784234	11.036797002278036
-47.91004743179445	-9.037803012732184
-36.13455296445835	2.737691454603919
-42.317829874021925	-3.445585454959655
-64.12650922054098	-25.254264801478712
-39.09373654446762	-0.2214921254053479
-51.931462653939604	-13.059218234877335
-32.41401591140101	6.458228507661261
-41.05162789985269	-2.1793834807904204
-22.75322290480625	16.11902151425602
-37.89105922137759	0.981185197684681
-40.686721427829696	-1.814477008767426
-58.77450550635484	-19.902261087292572
-25.666911528894786	13.205332890167483
-52.217996918987126	-13.345752499924856
-38.37689143301185	0.49535298605042044
-48.335759650288026	-9.463515231225756
-78.57169595105887	-39.6994515319966
-49.51151668333995	-10.639272264277679
-24.031611001728095	14.840633417334175
-8.501381851876147	30.370862567186123
-40.26388812473823	-1.3916437056759605
-44.68504646842274	-5.812802049360471
-31.67925066669494	7.192993752367329
-16.70965998645778	22.16258443260449
-28.04290695901517	10.8293374600471
-28.563074336181387	10.309170082880883
-51.73725235799583	-12.865007938933559
-31.650972716973854	7.221271702088416
-28.43313112236291	10.439113296699361
-14.877798647064708	23.99444577199756
-63.55541646836872	-24.68317204930645
-49.626368230846936	-10.754123811784666
-7.120716136354247	31.751528282708023
-51.929332999394035	-13.057088580331765
-33.90594477888743	4.966299640174839
-29.04539711519982	9.82684730386245
-34.1586567514002	4.713587667662068
-46.62610130727779	-7.753856888215523
-52.76879766532301	-13.896553246260737
-62.68994381885358	-23.81769939979131
-9.596585287652204	29.275659131410066
-25.61612582726019	13.256118591802078
-29.74326947649905	9.128974942563218
-30.740051881742772	8.132192537319497
-45.182760752022375	-6.3105163329601055
-33.175040547049946	5.697203872012324
-12.084388689645209	26.78785572941706
-19.060539725205388	19.811704693856882
-51.8739968429706	-13.001752423908329
-44.8409866777053	-5.968742258643033
-53.84205554591398	-14.96981112685171
-54.65358237112895	-15.781337952066679
3.267611111574581	42.13985553063685
-20.964493478238808	17.907750940823462
-27.010699537609696	11.861544881452573
-30.72478374249266	8.147460676569608
-33.05820057185855	5.81404384720372
-33.073070815922335	5.799173603139934
-48.37310531180782	-9.50086089274555
-63.86788866172509	-24.99564424266282
-34.84483208370301	4.027412335359259
-47.874898952968294	-9.002654533906025
2.0428091294909905	40.91505354855326
-25.857510043771697	13.014734375290573
-41.55074773190216	-2.6785033128398936
-50.586789116785155	-11.714544697722886
-33.56426702989637	5.307977389165899
-63.34778654765768	-24.475542128595407
-46.302962577273945	-7.4307181582116755
-36.88409259120607	1.9881518278561998
-16.599853862686075	22.272390556376195
-47.29480310424486	-8.422558685182594
-60.904182896161444	-22.031938477099175
-46.84898069093259	-7.9767362718703225
-58.072349473380825	-19.200105054318556
-18.043908619450747	20.828335799611523
-56.82417027234413	-17.951925853281864
-11.545747141191612	27.326497277870658
-40.35215397890505	-1.4799095598427812
-56.103617478683816	-17.231373059621546
-31.777036789715282	7.095207629346987
-36.720091998647774	2.1521524204144953
-16.275037546741885	22.597206872320385
-22.7762709564974	16.09597346256487
-29.415447760647737	9.456796658414532
-57.982775769325315	-19.110531350263045
-30.82245528178254	8.049789137279731
-91.24009910602553	-52.367854686963256
-75.00787042795645	-36.13562600889418
-29.507219165066715	9.365025253995555
-44.92306640394753	-6.0508219848852605
-53.08181939286959	-14.209574973807321
-52.32898637561965	-13.45674195655738
3.0747595676678543	41.947003986730124
-30.180805650261107	8.691438768801163
-63.7392605432521	-24.86701612418983
-47.808415568256976	-8.936171149194706
-33.946609415592036	4.925635003470234
-20.99500735403643	17.877237065025838
-39.82385254683112	-0.95160812776885
-41.3817511741924	-2.5095067551301327
-41.11322332154458	-2.2409789024823112
-19.58291854151838	19.289325877543888
-31.07459658619854	7.797647832863731
-64.04029500682162	-25.168050587759353
-49.02982334750203	-10.157578928439762
-45.68384270772884	-6.811598288666573
-7.128962160362505	31.743282258699764
-66.08310982993652	-27.21086541087425
-31.98247397294989	6.889770446112379
-8.341241866275311	30.53100255278696
-54.578275352583375	-15.706030933521106
-43.31250263759074	-4.44025821852847
-26.227663835566716	12.644580583495554
-38.99120627669407	-0.11896185763180256
-38.51336973975202	0.3588746793102473
-35.89498412320762	2.9772602958546486
-39.962745982147396	-1.0905015630851267
-59.563286930728	-20.691042511665728
-46.87278385428152	-8.000539435219252
-63.25905035745899	-24.38680593839672
-37.591201305038055	1.2810431140242144
-42.95454463721916	-4.082300218156888
-32.70545718625152	6.166787232810748
-41.768417137600125	-2.896172718537855
-29.20242650735389	9.669817911708378
-37.206812533038544	1.6654318860237254
-57.23557219674484	-18.36332777768257
-39.2811427021058	-0.40889828304352704
-53.196795685156474	-14.324551266094204
-17.224130694577696	21.648113724484574
-55.31012711234297	-16.4378826932807
-44.48723619547462	-5.614991776412353
-67.85178411034366	-28.97953969128139
-59.678165923598215	-20.805921504535945
-15.197900705648578	23.67434371341369
-19.00033818851597	19.8719062305463
-40.228841305431786	-1.3565968863695161
-23.645957180762423	15.226287238299847
-47.458899337112314	-8.586654918050044
-57.48937429960432	-18.617129880542052
-53.135043259751626	-14.262798840689356
-61.86787392242485	-22.99562950336258
-32.79977149115956	6.072472927902709
-38.03800763298722	0.8342367860750528
-20.959063815387424	17.913180603674846
-33.327157149729544	5.5450872693327256
-48.683668501367436	-9.811424082305166
-12.059232847632018	26.813011571430252
-24.31468057806859	14.55756384099368
-46.5957938748449	-7.723549455782631
-46.353672951021224	-7.481428531958954
-22.789015661777455	16.083228757284814
-43.679285991221775	-4.8070415721595054
-77.07164953782711	-38.199405118764844
-56.27265759501978	-17.40041317595751
-4.7119613156225455	34.160283103439724
-43.931141181192004	-5.058896762129734
-46.412026381670955	-7.539781962608686
-64.34986105243814	-25.477616633375874
-46.870588182731524	-7.998343763669254
-41.431550366525414	-2.5593059474631445
-27.426509221868116	11.445735197194153
-34.110581756203544	4.7616626628587255
-57.54613348189531	-18.67388906283304
-30.234841307055547	8.637403112006723
-46.223324677119024	-7.351080258056754
-43.25849462227569	-4.386250203213422
-42.65452411837549	-3.7822796993132215
-27.159572869347983	11.712671549714287
-32.494913487853125	6.377330931209144
-26.601614366618094	12.270630052444176
-31.86930664613982	7.002937772922451
-6.53410010221495	32.33814431684732
-46.77497475671197	-7.9027303376497
-44.864137117021244	-5.991892697958974
-18.29051179057359	20.58173262848868
-19.115200855316004	19.757043563746265
-38.96464019051717	-0.0923957714549033
-27.29888621087383	11.573358208188438
-55.35202698501024	-16.47978256594797
-15.884589054532341	22.987655364529928
-65.9821775888974	-27.10993316983513
-32.95048853657289	5.921755882489379
-56.701035497329656	-17.828791078267386
-30.25090977058943	8.621334648472839
-25.498533978939747	13.373710440122522
-34.309765895768294	4.562478523293976
-57.61378889738779	-18.741544478325523
-56.207703259436755	-17.335458840374486
-72.6921666857649	-33.81992226670263
-52.5424991412271	-13.670254722164827
-32.9629616151048	5.909282803957467
-36.38581002509244	2.48643439396983
-40.0818999967575	-1.20965557769523
-7.390612958564532	31.481631460497738
-57.44043037367891	-18.568185954616638
-49.510909654809154	-10.638665235746885
-32.92326257400936	5.948981845052913
-12.287760816250454	26.584483602811815
-43.03158194276119	-4.159337523698923
-25.631501609501072	13.240742809561198
-36.32023760572855	2.552006813333719
-29.346508645144866	9.525735773917404
-56.371974261621006	-17.499729842558736
-41.9633916534637	-3.091147234401433
-28.823078855608117	10.049165563454153
-32.61958761400973	6.252656805052538
-42.524431112860555	-3.652186693798285
-60.382772646784076	-21.510528227721807
-56.94335246932832	-18.071108050266048
-26.485087844977613	12.387156574084656
-39.86097152450901	-0.9887271054467419
-43.06910372171632	-4.1968593026540475
-22.582566327442407	16.289678091619862
12.284313788028442	51.15655820709071
-44.8546320481816	-5.98238762911933
-46.93075602089601	-8.058511601833743
-33.016738937467096	5.8555054815951735
