Hf	deltaHf ref=66.21495294635162
51.5128993667916	-14.702053579560015
70.89665256085783	4.681699614506215
67.04804286340578	0.833089917054167
91.45872857065325	25.243775624301634
42.444241371226155	-23.77071157512546
57.12001534045186	-9.094937605899759
41.6482213458533	-24.566731600498315
39.63991974797892	-26.575033198372694
48.86825560804783	-17.346697338303784
40.58734067426332	-25.6276122720883
57.4126792986811	-8.802273647670518
79.977035123304	13.76208217695239
49.33298957041035	-16.881963375941268
82.6888234026722	16.473870456320583
66.22497571012565	0.010022763774031773
74.63375747844321	8.418804532091599
52.952278757819215	-13.2626741885324
71.24857696173632	5.033624015384703
49.63571055082349	-16.579242395528127
15.761523594019593	-50.45342935233202
86.85695226816671	20.641999321815092
55.72527536735498	-10.489677578996634
65.41903322107311	-0.7959197252785088
45.547712836081985	-20.66724011026963
78.23272445630784	12.01777150995622
84.87502865851485	18.660075712163234
102.27259082574375	36.05763787939213
48.389920282820015	-17.8250326635316
71.4056168836708	5.1906639373191865
67.51954269783374	1.3045897514821263
82.67499603257085	16.46004308621923
65.6353602125767	-0.5795927337749163
65.64086715680816	-0.5740857895434601
68.81302897223424	2.5980760258826194
53.357962778233116	-12.8569901681185
60.86245850293409	-5.352494443417527
61.10151259514015	-5.113440351211466
82.2845136611889	16.06956071483728
76.13316793494079	9.91821498858917
39.436770070666455	-26.77818287568516
104.32022790055117	38.10527495419956
67.44736336454145	1.2324104181898292
53.646782073601855	-12.56817087274976
63.534888672891896	-2.6800642734597204
68.60400252581377	2.389049579462153
30.907976220291232	-35.306976726060384
67.64499131040276	1.4300383640511427
80.03434420359764	13.819391257246025
53.13258673741285	-13.082366208938765
77.761967903791	11.547014957439387
66.17662421328924	-0.03832873306237161
48.912585412605324	-17.302367533746292
82.30409804888978	16.08914510253817
58.952686122067746	-7.26226682428387
82.42509116704088	16.21013822068926
93.12544955901313	26.910496612661518
89.09862282593014	22.88366987957852
104.16394598210383	37.94899303575221
69.20538327073365	2.9904303243820323
83.82930641995546	17.614353473603842
115.32559515019449	49.11064220384287
62.48639011071856	-3.7285628356330562
40.636587580478874	-25.57836536587274
57.28929544546037	-8.925657500891248
53.994566896437675	-12.220386049913941
70.21375784751064	3.998804901159019
28.15123427268037	-38.06371867367125
30.08182556872117	-36.133127377630444
34.79316497991596	-31.42178796643566
37.81681657592918	-28.398136370422435
79.34497071424477	13.13001776789315
83.29851927540068	17.083566329049063
68.80417185367179	2.5892189073201735
58.38888346050436	-7.826069485847256
30.4550851732659	-35.759867773085716
57.72875435804809	-8.486198588303523
50.93129266984971	-15.283660276501905
72.49401255880576	6.279059612454148
43.614207213906695	-22.60074573244492
94.57013374433365	28.35518079798203
49.41466290735326	-16.800290038998355
59.49722325364047	-6.717729692711146
52.613555643840584	-13.601397302511032
80.95486223435938	14.739909288007766
87.63120337472566	21.416250428374042
72.12963961926499	5.914686672913376
99.73188536518347	33.51693241883186
106.88530361760269	40.67035067125107
54.829527178301134	-11.385425768050482
45.354476791750415	-20.8604761546012
58.16535497772776	-8.049597968623857
109.10871308017732	42.89376013382571
17.655649157490473	-48.55930378886114
75.3934312118966	9.178478265544982
76.40928229653429	10.19432935018267
45.471396390874645	-20.74355655547697
74.16940797236958	7.954455026017968
80.55651193151635	14.341558985164738
61.276361869519235	-4.938591076832381
84.7357679643049	18.520815017953282
65.4453063315471	-0.7696466148045147
48.03573943747534	-18.179213508876273
86.04712623250299	19.832173286151374
63.786578359317275	-2.428374587034341
100.1090943007751	33.89414135442348
57.403358025594855	-8.811594920756761
70.60776771044976	4.392814764098148
89.06438590740646	22.849432961054845
43.98468181560958	-22.23027113074204
79.2154279628615	13.000475016509881
24.489775198208292	-41.725177748143324
72.46139486342355	6.246441917071934
46.60161237071071	-19.613340575640905
88.42677515628958	22.211822209937964
77.21892216344924	11.00396921709762
56.651451414147516	-9.5635015322041
40.689287523217274	-25.525665423134342
55.79016124308902	-10.4247917032626
53.493163839828696	-12.72178910652292
57.715703590964324	-8.499249355387292
40.34504206270714	-25.86991088364448
73.4998659613214	7.2849130149697885
60.762817437922706	-5.45213550842891
74.0227316753174	7.807778728965786
52.51301385625476	-13.701939090096857
77.47432683003927	11.259373883687658
62.40233842382651	-3.8126145225251094
63.272752655555735	-2.9422002907958813
98.73478735356395	32.51983440721233
106.12242572293536	39.907472776583745
81.66051253999677	15.445559593645157
103.06882783786779	36.85387489151617
49.00820488503297	-17.20674806131865
51.49458641681332	-14.720366529538296
103.63541919866321	37.4204662523116
52.722825413673775	-13.492127532677841
7.9878712181110245	-58.22708172824059
34.80719462144981	-31.407758324901806
31.46020041049843	-34.754752535853186
47.5162278880328	-18.698725058318814
80.70231235002785	14.487359403676237
38.591676100173856	-27.62327684617776
49.70111394135375	-16.513839004997863
64.87018425876369	-1.34476868758793
60.39050538710063	-5.824447559250984
47.48229684197787	-18.732656104373746
85.33912553412875	19.12417258777714
76.09707338668733	9.882120440335711
29.495405657102594	-36.71954728924902
70.440903738376	4.225950792024378
35.922501845942236	-30.29245110040938
80.41289783889289	14.197944892541273
56.30854152784951	-9.906411418502103
65.8577646570505	-0.3571882893011207
15.155624004665071	-51.059328941686545
42.247635736539735	-23.96731720981188
34.831969718858375	-31.38298322749324
36.41272548720218	-29.802227459149435
49.634218195731876	-16.58073475061974
94.3472097942452	28.132256847893586
44.54370506438346	-21.671247881968156
25.94425446407905	-40.270698482272564
71.53990306942643	5.324950123074814
58.555818155599184	-7.659134790752432
62.21515158991889	-3.9998013564327266
68.09383516479494	1.878882218443323
62.08045401332703	-4.134498933024588
87.74011926981831	21.525166323466692
68.42802804603917	2.2130750996875577
65.25016834956688	-0.9647845967847388
83.6942708484442	17.47931790209259
81.65496444626689	15.440011499915272
51.85514293475927	-14.359810011592344
50.430051101941274	-15.784901844410342
119.93070586574532	53.71575291939371
84.97160901852686	18.756656072175247
56.48984850633343	-9.725104440018185
61.87741437183496	-4.337538574516657
120.35430971099623	54.13935676464462
68.2132739496613	1.9983210033096839
86.2584802829245	20.04352733657288
69.94279262425181	3.7278396779001923
75.34504842822417	9.130095481872559
85.09347447328247	18.878521526930854
70.57098410197278	4.356031155621167
85.94215987989656	19.72720693354495
74.75987394583564	8.54492099948402
72.09132445218194	5.8763715058303205
76.70612290014316	10.491169953791541
33.905655345779735	-32.30929760057188
104.78747074723861	38.572517800887
7.125831434985514	-59.0891215113661
58.320416748831406	-7.89453619752021
81.23100450184057	15.016051555488957
71.2675235314403	5.052570585088688
41.91139984355169	-24.303553102799924
75.67884919388081	9.463896247529192
86.43844288267638	20.223489936324768
82.49648944608845	16.28153649973683
60.05730506949686	-6.157647876854753
57.35578565221141	-8.859167294140207
53.68145607593971	-12.53349687041191
78.29289186182933	12.077938915477716
75.4037800476238	9.188827101272182
61.594523446782034	-4.620429499569582
57.07490827335488	-9.140044672996737
117.87429592856125	51.65934298220964
60.67693150547194	-5.538021440879675
50.170185135184795	-16.04476781116682
59.30155794148078	-6.913395004870836
59.60726793203713	-6.607685014314484
60.48810120090121	-5.7268517454504035
44.3045711129692	-21.910381833382417
60.73449270311022	-5.480460243241396
46.62385636045866	-19.591096585892956
79.3892750832768	13.174322136925184
56.21246443181218	-10.002488514539436
74.98358216094704	8.768629214595421
63.74731329549314	-2.467639650858473
54.08745693798329	-12.127496008368325
63.881947019445136	-2.3330059269064805
73.01455962084793	6.799606674496317
57.00292984840263	-9.212023097948986
103.12233310530638	36.907380158954766
23.270946409031524	-42.94400653732009
58.64600494451798	-7.568948001833633
62.06920587792621	-4.145747068425408
82.21579552634131	16.000842579989694
72.99043230236776	6.775479356016149
72.07621820116975	5.861265254818136
76.16802045300057	9.95306750664895
89.18933483076609	22.97438188441447
43.82703344032262	-22.387919506028993
81.44818786352909	15.23323491717747
93.16723880407727	26.952285857725656
71.50840980140703	5.29345685505541
87.71923877339788	21.50428582704626
76.32954751872086	10.114594572369242
61.56318671762921	-4.651766228722408
71.76468319792394	5.549730251572328
54.85038120841119	-11.364571737940423
63.528918456884924	-2.6860344894666923
51.50604447179859	-14.708908474553027
57.732191970326596	-8.48276097602502
84.80258415224881	18.587631205897196
46.55605952127581	-19.658893425075803
116.92406232138666	50.70910937503504
127.4733820384011	61.25842909204948
35.62312553970179	-30.591827406649827
90.53630880019256	24.32135585384094
59.29323163345026	-6.921721312901354
45.04319021442126	-21.171762731930357
64.82564681416471	-1.3893061321869027
87.52594466392685	21.310991717575234
76.276582960609	10.06163001425739
60.573317414297264	-5.641635532054352
71.4630953779145	5.248142431562883
117.8147847311796	51.599831784827984
60.21247161124694	-6.002481335104676
90.9853518326002	24.770398886248586
103.1765576331257	36.96160468677408
54.03235577458901	-12.182597171762609
54.143352521774716	-12.0716004245769
89.58468085585838	23.369727909506764
73.73413166082383	7.519178714472218
60.03012054637867	-6.184832399972947
79.05675754811301	12.841804601761396
76.3006245476011	10.085671601249487
62.93118938256731	-3.283763563784305
88.73039443417139	22.51544148781977
27.583173600071234	-38.63177934628038
67.43873561558058	1.2237826692289673
87.82322225404124	21.608269307689625
67.63720885940921	1.4222559130575974
82.05465399379528	15.839701047443668
24.45854671315675	-41.756406233194866
66.56739130351554	0.35243835716391914
58.23750033186144	-7.977452614490176
44.76234490321286	-21.452608043138753
85.76470853144048	19.54975558508886
54.918595558558366	-11.29635738779325
74.89817760043871	8.683224654087098
59.17127604664921	-7.043676899702405
73.81789488473652	7.602941938384902
53.086305776234724	-13.128647170116892
92.87651879430842	26.66156584795681
103.86530825543952	37.6503553090879
104.2306709905991	38.01571804424748
70.42748991723266	4.212536970881047
73.34524223243562	7.1302892860840075
26.06670388723643	-40.14824905911519
93.41337497561682	27.198422029265203
82.46194401412714	16.246991067775525
75.24977938313015	9.03482643677853
56.536374758145314	-9.678578188206302
73.25535107056413	7.0403981242125155
54.98890671717737	-11.226046229174244
81.65409988058883	15.439146934237215
86.43786770053185	20.222914754180238
58.559718285412885	-7.655234660938731
57.06503783469299	-9.149915111658629
64.88270609957027	-1.332246846781345
29.147677337840207	-37.06727560851141
108.76211633351551	42.54716338716389
101.6779590259269	35.46300607957528
51.58307759247174	-14.631875353879877
67.51169775275258	1.296744806400966
71.99749486912543	5.782541922773817
54.3498218345797	-11.865131111771916
80.51845847220312	14.303505525851506
52.18321941641835	-14.031733529933263
69.97351619725151	3.758563250899897
86.96722512241314	20.752272176061524
77.28994807483315	11.074995128481532
55.126610266847194	-11.088342679504422
77.9940438134384	11.77909086708678
65.76369962691598	-0.4512533194356365
64.43438925364381	-1.7805636927078012
56.891976478802746	-9.32297646754887
112.60506686961372	46.390113923262106
97.36819562960801	31.153242683256394
92.67390364513477	26.458950698783156
78.21592996390456	12.000977017552941
84.60857877895097	18.393625832599355
46.49008102430008	-19.724871922051534
66.4630544380073	0.24810149165568873
63.207924701653894	-3.0070282446977217
42.233488456944826	-23.98146448940679
44.98441858942016	-21.230534356931457
63.054073626555976	-3.16087931979564
20.28336591118051	-45.931587035171106
53.936743533037145	-12.278209413314471
20.743553842972972	-45.471399103378644
79.2059900823536	12.991037136001978
39.24799061569712	-26.966962330654496
73.23498387390492	7.020030927553307
22.570151040361736	-43.64480190598988
53.508850778455155	-12.70610216789646
78.70940803803597	12.494455091684358
62.81501792065893	-3.3999350256926846
37.474557653566364	-28.74039529278525
73.50222464336758	7.287271697015967
54.311578691036914	-11.903374255314702
81.90857171151066	15.693618765159044
72.69581098729606	6.48085804094444
29.101591538596324	-37.11336140775529
50.94711053470593	-15.267842411645688
52.73762790426764	-13.477325042083976
50.25847466560873	-15.956478280742886
56.6943277160338	-9.520625230317819
76.00075420510467	9.785801258753054
106.43462563018176	40.21967268383014
50.11286359242723	-16.102089353924384
79.35468823478942	13.139735288437805
67.04288466925419	0.8279317229025764
37.43091968845903	-28.784033257892588
45.1498616009215	-21.06509134543012
40.86287609039783	-25.352076855953783
81.65066118430906	15.435708237957442
46.23449504071533	-19.980457905636285
58.13731482769282	-8.077638118658797
60.1418493155673	-6.073103630784317
67.37062324352365	1.155670297172037
63.06879473413784	-3.146158212213777
82.60751037646179	16.392557430110173
51.89721996193322	-14.317732984418399
58.131187211855206	-8.08376573449641
57.76364085603774	-8.451312090313877
70.98531854059758	4.770365594245959
59.394989214694135	-6.819963731657481
76.1596202559179	9.944667309566285
61.19384247408226	-5.021110472269356
90.58683617333219	24.37188322698057
104.10771317190876	37.89276022555714
60.439442426041126	-5.77551052031049
46.43550806724153	-19.779444879110088
114.63658968088777	48.42163673453615
103.00869419075235	36.793741244400735
51.15256787036407	-15.06238507598755
40.67438580517984	-25.540567141171778
18.921955962914865	-47.29299698343675
60.854999465229696	-5.35995348112192
52.03567269194383	-14.179280254407786
75.80274910955842	9.587796163206804
37.25780317124946	-28.957149775102152
56.983915871709826	-9.23103707464179
86.68242418926303	20.467471242911415
36.55831823674299	-29.656634709608625
70.86983818994696	4.654885243595345
55.36693742864219	-10.848015517709428
56.51510170058674	-9.699851245764876
51.82989431274683	-14.385058633604785
58.339231075677446	-7.87572187067417
58.27922037072341	-7.935732575628208
49.16785375918181	-17.047099187169806
70.27171799281706	4.0567650464654434
53.13058515635413	-13.084367789997486
62.95385397020647	-3.261098976145149
48.96113878178795	-17.253814164563664
41.85725059407042	-24.357702352281194
86.81941142914212	20.604458482790506
67.23126626138611	1.0163133150344947
70.50692698639097	4.291974040039349
82.48911722708937	16.27416428073775
32.676563561386786	-33.53838938496483
47.17671661250853	-19.038236333843088
46.74909665907245	-19.465856287279166
87.35723463463574	21.14228168828413
76.95167110994436	10.736718163592741
44.38246305029526	-21.83248989605636
104.18803377154319	37.97308082519157
45.63885938574305	-20.57609356060857
83.45460375881731	17.239650812465698
42.31254209461832	-23.902410851733293
51.88763698896429	-14.327315957387327
54.59374179586513	-11.621211150486488
54.196869675857954	-12.018083270493662
22.11558647314297	-44.09936647320865
104.94038505939744	38.72543211304583
84.98115248700407	18.76619954065245
30.800080474453637	-35.41487247189798
112.23507308417385	46.02012013782223
47.83748718448834	-18.377465761863277
29.239337449662628	-36.97561549668899
43.928664898472846	-22.28628804787877
50.81149670298538	-15.403456243366236
78.98768085311377	12.772727906762157
17.13284126480204	-49.08211168154958
22.796322208365666	-43.41863073798595
58.121992719856564	-8.092960226495052
65.20692850048573	-1.0080244458658854
38.41980493164948	-27.795148014702136
77.07130604451442	10.8563530981628
108.32903831938376	42.11408537303214
34.57717762040767	-31.63777532594395
76.1535117783663	9.938558832014678
21.22415274153383	-44.99080020481779
73.84641622838018	7.631463282028562
77.34221151998128	11.12725857362966
36.701945818176966	-29.51300712817465
50.31612377913763	-15.89882916721399
66.12791259266879	-0.08704035368282348
51.54512798703428	-14.669824959317339
33.31697982686666	-32.89797311948496
34.63888327458909	-31.576069671762525
82.62868193534297	16.413728988991352
72.19339117655392	5.9784382302023005
79.15030269198388	12.935349745632266
62.633692136589445	-3.5812608097621705
34.19704024266895	-32.01791270368267
54.35416564445978	-11.860787301891833
138.24998885610177	72.03503590975015
76.36833094968671	10.153378003335092
22.695725068452077	-43.51922787789954
47.12205261308037	-19.092900333271245
81.71419285348594	15.499239907134324
45.29235205377546	-20.922600892576156
72.74420560174832	6.529252655396704
77.550088497623	11.335135551271378
76.64946186206572	10.434508915714105
83.767035815474	17.552082869122387
74.32503066162673	8.11007771527511
86.17305905325549	19.95810610690387
75.20283070177749	8.98787775542587
48.530300548273146	-17.68465239807847
77.3077241252343	11.092771178882685
74.10542785759236	7.890474911240744
60.45525977915014	-5.759693167201476
118.13252410970955	51.917571163357934
60.81908560700168	-5.395867339349934
85.08110839456123	18.86615544820961
55.15722278985987	-11.057730156491743
62.980923168625225	-3.2340297777263913
41.73629683381506	-24.478656112536555
45.44657705826313	-20.768375888088485
77.31154524127697	11.096592294925358
78.0664823781429	11.851529431791278
69.41816885724467	3.20321591089305
48.49710185743089	-17.717851088920725
77.36857509779139	11.153622151439777
91.71726181636251	25.502308870010893
50.77899083384756	-15.435962112504058
61.98766834181362	-4.227284604537999
51.201313148080146	-15.01363979827147
74.67153693689244	8.456583990540821
41.57529691036535	-24.639656035986263
73.96180806559488	7.746855119243264
80.05154150392838	13.83658855757676
41.26660445459339	-24.948348491758225
61.309365475159495	-4.905587471192121
71.58324669211498	5.368293745763367
55.856333215577536	-10.35861973077408
79.63311550108693	13.418162554735318
72.508748139577	6.293795193225378
22.06688767380757	-44.148065272544045
29.287374724243193	-36.92757822210842
107.85268216007017	41.63772921371856
88.24730303681491	22.032350090463297
70.38675575875305	4.171802812401438
123.07656568955491	56.861612743203295
81.02241160797922	14.807458661627606
62.09056884868397	-4.124384097667644
61.14598492054421	-5.068968025807408
80.37247159912869	14.157518652777071
83.31972727936437	17.104774333012756
69.12211804242025	2.9071650960686384
67.01544723408216	0.8004942877305439
67.14224968807167	0.9272967417200562
48.13949612328935	-18.075456823062268
27.914725120326978	-38.30022782602464
34.48895672045393	-31.72599622589769
101.62949269275333	35.414539746401715
61.620097143956	-4.594855802395614
90.86041648646852	24.645463540116907
82.28983281276516	16.07487986641354
100.18180581086409	33.966852864512475
54.88712193454768	-11.327831011803937
33.15880048158789	-33.05615246476373
47.076252992834554	-19.13869995351706
70.02098355467234	3.806030608320725
61.68098015798233	-4.533972788369283
88.71620314679086	22.501250200439245
60.503608462533805	-5.711344483817811
56.636135656606996	-9.57881728974462
74.26357749929804	8.048624552946421
48.425814241172986	-17.78913870517863
118.80221683047631	52.587263884124695
82.2548654627629	16.039912516411277
61.18813049249212	-5.026822453859495
86.9761971430292	20.76124419667758
88.63465466730332	22.419701720951707
81.53527021155088	15.320317265199265
70.55202575357026	4.337072807218647
26.793753942171236	-39.42119900418038
107.5329116503438	41.31795870399219
105.77676370869659	39.561810762344976
35.73920188850235	-30.475751057849266
91.2926417560978	25.077688809746178
86.28853192634625	20.073578979994636
70.32599539206632	4.111042445714702
65.80475932281325	-0.41019362353836186
91.33531943996996	25.12036649361835
75.36012392938056	9.145170983028947
16.3770861630058	-49.83786678334582
42.042157421341756	-24.17279552500986
52.19400393656025	-14.020949009791366
50.68855331454171	-15.526399631809909
52.32824801074668	-13.88670493560494
82.1813101352621	15.966357188910479
59.090663917990526	-7.1242890283610905
29.47905073530484	-36.73590221104678
74.99107713569748	8.776124189345865
76.09118256758876	9.876229621237144
94.61160502872582	28.396652082374203
44.95811889332464	-21.256834053026978
91.92362651812647	25.708673571774852
93.9356891001101	27.72073615375848
65.6699169571969	-0.5450359891547123
113.12095036027523	46.905997413923615
45.13813954161225	-21.07681340473937
17.372512455114986	-48.84244049123663
71.07713493758848	4.8621819912368665
45.86284761807684	-20.352105328274774
64.5802806144514	-1.6346723319002194
109.58983801624191	43.3748850698903
64.36696701025568	-1.847985936095938
84.39000914158743	18.17505619523581
87.16515993414424	20.950206987792626
71.55109511896654	5.336142172614927
63.8741426038344	-2.3408103425172158
77.46235219025613	11.24739924390451
61.39840933821898	-4.816543608132633
52.38872380515596	-13.826229141195654
24.973655033276657	-41.24129791307496
54.22323639306916	-11.991716553282458
79.03522145663948	12.82026851028786
61.34247616489512	-4.872476781456498
71.62165895867139	5.406706012319773
71.62767724952056	5.412724303168943
85.62519881937106	19.41024587301945
63.382513767037665	-2.832439179313951
66.30610682969774	0.09115388334612362
50.77860528107186	-15.436347665279754
83.39756084341417	17.182607897062553
58.60482846465521	-7.610124481696403
68.4569472353781	2.2419942890264792
75.83748196157313	9.622529015221517
46.43280469776283	-19.782148248588783
74.07809482439399	7.86314187804237
68.75677892213781	2.541825975786196
83.21307468749211	16.998121741140494
74.72323394940969	8.508281003058073
63.99142839503685	-2.2235245513147675
98.2440498546078	32.02909690825618
88.19033019257978	21.975377246228163
62.944462592453704	-3.2704903538979124
50.51244853383315	-15.702504412518465
38.01160982324137	-28.203343123110244
82.64917135075876	16.434218404407147
75.94766517450836	9.732712228156743
17.49312298909564	-48.72182995725598
81.45201543244394	15.237062486092327
85.02912221261278	18.81416926626116
113.6837164129268	47.46876346657518
58.48612060572697	-7.728832340624649
89.36540859313601	23.150455646784394
67.17242611841567	0.9574731720640557
52.41212368643238	-13.802829259919235
54.10544465686172	-12.109508289489895
60.282509514889455	-5.932443431462161
14.572917518819224	-51.64203542753239
71.15767105513288	4.942718108781264
48.31676379521588	-17.89818915113574
71.6438580328998	5.428905086548184
81.2912737094178	15.076320763066178
39.1705367952257	-27.044416151125915
30.51618536228699	-35.698767584064626
70.49755244897307	4.282599502621451
23.781485958318	-42.433466988033615
40.229695983713384	-25.985256962638232
52.839826240250034	-13.375126706101582
80.62483317421203	14.409880227860413
64.33369376624097	-1.8812591801106464
66.7077578327465	0.49280488639487885
51.01391289873783	-15.201040047613787
90.19615135183477	23.981198405483156
34.93058106080781	-31.284371885543806
97.3200762046202	31.105123258268577
119.29238143323374	53.07742848688213
52.3224691542876	-13.892483792064013
73.52542984791427	7.310476901562652
64.45810151894904	-1.7568514274025802
31.190880550641225	-35.02407239571039
49.36044675509248	-16.854506191259134
63.598626178080224	-2.616326768271392
77.59166214495991	11.376709198608296
74.53375892991818	8.318805983566563
89.07560531949485	22.86065237314324
85.94969140505629	19.73473845870467
80.74375140136027	14.528798455008655
54.1011217700746	-12.113831176277017
59.05829331498745	-7.156659631364164
44.47240877856012	-21.742544167791493
54.86257632944245	-11.352376616909169
83.4110861072134	17.19613316086179
60.801512505934	-5.413440440417617
100.54461140079576	34.32965845444414
37.578189433452565	-28.63676351289905
72.1596673908519	5.944714444500278
88.87302756226774	22.65807461591612
38.17045539755992	-28.044497548791696
56.73716754297703	-9.477785403374583
57.421922395168	-8.79303055118362
44.46290446321865	-21.752048483132967
60.56150339977677	-5.653449546574848
52.03133031846875	-14.183622627882869
40.13143750553928	-26.083515440812334
34.063670640420526	-32.15128230593109
59.53045396214503	-6.684498984206584
72.53696262049408	6.322009674142464
61.09802680454078	-5.116926141810836
73.86701134788956	7.652058401537943
68.52205236138462	2.307099415033008
42.97081011254551	-23.24414283380611
90.49532077790565	24.28036783155403
102.01288187175152	35.7979289253999
46.60885370054376	-19.606099245807854
37.563619807335556	-28.65133313901606
43.431170065059916	-22.7837828812917
52.30431570959837	-13.910637236753246
80.51830053454825	14.30334758819663
73.93874780569087	7.72379485933925
75.42643583470118	9.211482888349565
79.89823446631118	13.683281519959564
68.36453384810221	2.1495809017505962
80.57758858747758	14.362635641125962
35.87979101886077	-30.335161927490844
94.05288674206741	27.8379337957158
67.27979431156047	1.0648413652088493
33.4126266092083	-32.80232633714331
79.47566439112626	13.260711444774643
60.94054816295312	-5.274404783398495
59.07665107047279	-7.138301875878824
19.997341823067757	-46.21761112328386
71.26940929876793	5.0544563524163095
43.84131700759673	-22.373635938754887
98.5335527737355	32.31859982738388
105.40144380898192	39.18649086263031
17.453942846276107	-48.76101010007551
95.85265245825786	29.63769951190625
64.61758796393616	-1.5973649824154563
41.268047362247955	-24.94690558410366
45.55686251825165	-20.658090428099968
98.51599583421404	32.30104288786242
83.25240854775103	17.037455601399415
26.240175136250684	-39.97477781010093
74.76677284903627	8.551819902684656
70.06021583572357	3.845262889371952
92.00351354708465	25.788560600733035
50.108989084490815	-16.1059638618608
80.83955248640478	14.624599540053168
69.07373066497013	2.858777718618512
72.51929372351361	6.304340777161997
24.509359236575904	-41.70559370977571
54.39430241970905	-11.820650526642567
45.07626159153216	-21.138691354819457
79.21919840519178	13.00424545884016
66.40465507131222	0.18970212496060412
29.636347271285842	-36.57860567506577
38.99195584759792	-27.222997098753694
59.86658233376721	-6.348370612584404
52.10013247045782	-14.114820475893794
59.60363402121794	-6.6113189251336735
66.70706054644171	0.4921076000900939
86.75134911679407	20.53639617044246
61.638722235964735	-4.576230710386881
56.35974762181496	-9.855205324536655
44.71402759032418	-21.500925356027437
25.226394018509666	-40.98855892784195
67.83808297846036	1.6231300321087474
44.4987373539646	-21.716215592387016
58.80104478000641	-7.413908166345209
62.92086037638575	-3.294092569965869
39.89705786208134	-26.317895084270276
52.625915733866634	-13.589037212484982
44.30599372007629	-21.90895922627533
30.376522750275683	-35.83843019607593
68.65822998473806	2.443277038386441
48.041271870317644	-18.173681076033972
90.83581196204096	24.620859015689348
95.12530799607549	28.910355049723876
83.83097475485039	17.616021808498772
55.48882635464753	-10.726126591704087
51.9855877206158	-14.229365225735819
95.74382246198576	29.528869515634142
20.736588570975357	-45.47836437537626
52.76993094280107	-13.445022003550548
73.71462459932292	7.499671652971301
115.06326133049362	48.848308384142
51.05589528581396	-15.159057660537655
74.06809310676391	7.853140160412295
122.41066255849938	56.195709612147766
78.3648656543831	12.14991270803148
82.27956176465005	16.06460881829844
32.333303810666905	-33.88164913568471
98.59126990220312	32.37631695585151
40.93012837575435	-25.284824570597266
39.12439993961226	-27.090553006739356
71.77080866226089	5.555855715909274
57.03679268186016	-9.178160264491453
69.37761720134796	3.1626642549963435
101.77440103558394	35.55944808923232
70.19339521890134	3.978442272549728
61.022685580219616	-5.1922673661320005
5.750259143346113	-60.4646938030055
33.452498007757015	-32.7624549385946
59.007335168777274	-7.207617777574342
61.460065229114036	-4.75488771723758
63.930134437718436	-2.2848185086331796
89.85140813255776	23.63645518620615
86.4514194411625	20.236466494810884
61.64225806297537	-4.5726948833762435
48.81037457828853	-17.404578368063085
64.92321378422122	-1.2917391621303977
84.25385746045714	18.038904514105525
42.28978217643663	-23.925170769914985
54.13790032520984	-12.077052621141775
92.66086053387181	26.445907587520196
59.55257989789453	-6.662373048457084
103.41218207094272	37.197229124591104
86.84474020930276	20.62978726295114
60.285168532196906	-5.92978441415471
74.27693646127801	8.061983514926396
-0.8207974743688169	-67.03575042072043
64.73374408117007	-1.481208865181543
85.63849245151715	19.423539505165536
50.920360090504175	-15.29459285584744
53.14488230267517	-13.070070643676445
114.96824028119073	48.753287334839115
51.99530876986893	-14.219644176482689
101.66279138377496	35.44783843742334
58.51224196357572	-7.702710982775898
110.12379933466065	43.90884638830903
78.19818108361716	11.983228137265542
45.05268308759179	-21.162269858759828
74.2935700366964	8.078617090344778
70.52802127792012	4.313068331568502
27.356812075059054	-38.85814087129256
84.45568981717435	18.24073687082273
39.53050221973018	-26.684450726621435
35.49896741638287	-30.715985529968748
67.80074528229517	1.5857923359435517
101.5646930646929	35.34974011834129
68.2313762720608	2.0164233257091837
61.41098656684545	-4.803966379506164
77.18651583543607	10.971562889084453
39.27594602725213	-26.939006919099484
58.2576247821292	-7.957328164222417
49.06170958315698	-17.153243363194633
71.06619597625314	4.851243029901525
81.02379894627876	14.808845999927144
23.59801279290906	-42.616940153442556
48.49649520304439	-17.718457743307226
62.44198691637058	-3.772966029981035
49.05747520293727	-17.157477743414347
51.09131715863106	-15.12363578772056
133.8463998533428	67.63144690699119
58.36180796854234	-7.853144977809279
66.74692286923738	0.5319699228857644
89.47274734880403	23.25779440245242
53.242430607688505	-12.972522338663111
80.51247987072776	14.297526924376143
33.59298562945543	-32.62196731689619
42.264452280653416	-23.9505006656982
96.09238843035047	29.877435483998852
53.91342785539956	-12.301525090952055
56.7124866842226	-9.502466262129019
40.146429206581445	-26.06852373977017
56.901949331864955	-9.31300361448666
64.9453614961406	-1.26959145021101
72.83433590718988	6.619382960838266
73.09845998704469	6.883507040693075
64.41531029355457	-1.799642652797047
70.97025120601967	4.755298259668052
55.43218343412656	-10.782769512225059
74.14026484005655	7.925311893704929
28.717800504588297	-37.49715244176332
76.54015598877078	10.325203042419162
42.98075517044555	-23.23419777590607
41.834114787476494	-24.38083815887512
57.30738420754125	-8.907568738810369
97.58051102729434	31.36555808094272
83.38204120793881	17.167088261587196
62.9520963087146	-3.2628566376370145
54.93500477574918	-11.279948170602438
87.60792645024986	21.392973503898247
71.1717015310881	4.956748584736488
73.68221309638676	7.467260150035145
63.80552009595186	-2.409432850399753
61.84711248414743	-4.367840462204185
67.82454036147311	1.6095874151214957
61.535296728923925	-4.6796562174276914
50.11708413801017	-16.097868808341445
97.5454205176814	31.33046757132979
96.04654339584732	29.831590449495707
55.975472943481066	-10.23948000287055
89.79795187986957	23.582998933517956
66.29470861837245	0.07975567202083766
38.56816554538301	-27.646787400968606
82.21961216422125	16.00465921786963
83.01617149134319	16.80121854499157
83.28054902833748	17.06559608198586
46.15525391204784	-20.059699034303776
65.29046116501769	-0.9244917813339271
54.082842316800736	-12.13211062955088
73.72231906050212	7.5073661141505
80.63161459210306	14.416661645751446
76.10074377357006	9.885790827218443
42.19400040616375	-24.020952540187864
87.11003395061044	20.895081004258827
82.04342432003097	15.82847137367935
69.1630264994331	2.9480735530814854
78.14177607551602	11.926823129164404
73.13082887974662	6.915875933395
69.74142715923	3.5264742128783837
60.411637853076456	-5.80331509327516
99.94421458036442	33.7292616340128
72.03242343441735	5.817470488065737
28.752258114577046	-37.46269483177457
64.95564014859184	-1.259312797759776
71.48932117439318	5.274368228041567
70.68665230222024	4.471699355868623
91.64564262599953	25.430689679647912
16.27171607545671	-49.94323687089491
81.1099979630547	14.89504501670308
59.86972836106935	-6.345224585282267
8.28190649711388	-57.933046449237736
78.09295730093646	11.878004354584846
36.44317322931812	-29.771779717033496
62.67375563249726	-3.5411973138543544
80.60280380501564	14.387850858664024
134.3373227926516	68.12236984629999
43.75667243136769	-22.458280514983926
49.41870041644353	-16.796252529908088
53.68659536127444	-12.528357585077174
69.92429207421293	3.7093391278613126
43.92758757627081	-22.287365370080806
31.017437044198516	-35.1975159021531
85.52386445584335	19.308911509491736
54.441485622274115	-11.773467324077501
56.71002741529293	-9.504925531058689
64.79476639555861	-1.4201865507930052
54.9718280985565	-11.243124847795116
107.856241484946	41.64128853859438
97.93729601355363	31.72234306720202
42.82052115875041	-23.394431787601206
48.06688442026126	-18.148068526090356
57.94748167212157	-8.267471274230047
51.62206706970966	-14.592885876641958
47.559149807073766	-18.65580313927785
66.5608859773659	0.3459330310142832
40.05690415442433	-26.158048791927285
45.94451248481556	-20.270440461536054
88.50759379656148	22.292640850209864
90.20294325537026	23.98799030901864
65.21284570486961	-1.0021072414820082
56.91585284934473	-9.299100097006885
82.23892094289687	16.023967996545252
94.9564369453895	28.741483999037882
70.70541554330185	4.490462596950238
88.71529639329157	22.50034344693995
61.787077480638175	-4.427875465713441
54.079028796581326	-12.13592414977029
36.77720354069817	-29.43774940565345
99.80911592922558	33.59416298287397
54.6368745592211	-11.578078387130518
98.99294988246612	32.777996936114505
65.02388973978151	-1.1910632065701066
58.70130221374194	-7.513650732609676
79.5032356625473	13.288282716195681
24.525700440006688	-41.68925250634493
63.19064242921223	-3.0243105171393836
25.681629457222073	-40.53332348912954
59.377419771861526	-6.8375331744900905
68.99456116420544	2.77960821785382
67.55660020600982	1.3416472596582025
61.91182411807159	-4.303128828280023
56.66678594213073	-9.548167004220886
65.59915736127215	-0.6157955850794679
80.19706573093055	13.98211278457893
79.29074806903583	13.075795122684212
78.39882130468533	12.183868358333712
49.525621111797875	-16.68933183455374
55.52558706754854	-10.689365878803073
76.47680474285363	10.261851796502015
91.29194524001133	25.076992293659714
67.33397945595999	1.119026509608375
82.9740939981005	16.759141051748884
71.16690697880614	4.951954032454523
94.51820874128526	28.303255794933648
61.12635757036543	-5.088595375986188
106.61552693782352	40.4005739914719
74.72813766289829	8.513184716546675
63.37941616913514	-2.8355367772164755
67.5553776271866	1.3404246808349853
80.16717589559477	13.95222294924315
84.39235310392024	18.177400157568627
42.13517040568905	-24.079782540662563
55.01593441711367	-11.199018529237946
90.8659292664982	24.650976320146583
20.17474496783899	-46.040207978512626
50.84065403598862	-15.374298910362995
87.57505498963502	21.360102043283405
83.05403975679866	16.839086810447043
40.41951296296821	-25.795439983383403
76.46830880176486	10.253355855413247
67.06299613113725	0.848043184785638
94.18657514787839	27.97162220152677
67.62511844857573	1.4101655022241175
69.0494236615362	2.8344707151845796
80.33031100523868	14.115358058887068
60.88820605928987	-5.326746887061745
55.645216785504374	-10.569736160847242
55.5262708265239	-10.688682119827718
39.69764448896086	-26.517308457390754
88.22757145474526	22.012618508393643
55.69345258191089	-10.521500364440726
55.508582852128086	-10.70637009422353
75.12974163856626	8.914788692214643
70.15412907097408	3.9391761246224632
64.8078353824697	-1.4071175638819113
92.7274152488265	26.512462302474887
48.026012733959135	-18.18894021239248
83.6002023734639	17.385249427112285
60.17235661999649	-6.042596326355124
69.13029169236171	2.915338746010093
88.13934511783219	21.924392171480577
106.12351467063337	39.90856172428175
50.12817646078685	-16.08677648556477
61.506629631318276	-4.70832331503334
68.91085204277107	2.6958990964194527
108.18453720922327	41.96958426287165
89.7622314291678	23.547278482816182
46.54057650502574	-19.674376441325876
41.02313228955819	-25.191820656793425
45.78120259010967	-20.433750356241944
64.74027753510956	-1.4746754112420604
49.10221555247182	-17.112737393879797
71.69388625287894	5.478933306527324
51.105219484381735	-15.109733461969881
78.05519278298226	11.840239836630644
39.11936931895826	-27.095583627393353
21.62242113532767	-44.592531811023946
82.17052542937955	15.955572483027936
36.39894421762648	-29.816008728725137
76.89888438569534	10.683931439343723
55.39292254377716	-10.822030402574455
108.17960108013568	41.96464813378407
71.16126215270407	4.946309206352453
51.01089839883417	-15.204054547517444
50.77196755410324	-15.442985392248374
78.21270582151402	11.997752875162405
42.13978510044609	-24.075167845905526
68.1132115409003	1.898258594548679
95.61804178712401	29.403088840772398
71.8285186469023	5.61356570055068
38.10791704274226	-28.107035903609358
46.909587294520236	-19.30536565183138
90.4257364243843	24.21078347803268
62.2192064987633	-3.995746447588317
96.49361705922848	30.278664112876868
75.62749749428104	9.412544547929429
54.69289605249861	-11.522056893853005
110.5589136107613	44.34396066440968
68.28174024902029	2.066787302668672
94.03151184412337	27.816558897771756
65.23470540471527	-0.980247541636345
58.43240920690215	-7.782543739449466
84.0403740281202	17.82542108176858
30.67144570638112	-35.543507239970495
80.50105401977117	14.286101073419559
45.27663844569389	-20.938314500657725
48.440954281615916	-17.7739986647357
49.51426164400101	-16.700691302350606
54.219209598495866	-11.99574334785575
33.10219584369253	-33.11275710265909
3.098588242357721	-63.116364703993895
43.51785987474642	-22.697093071605195
63.154013543275425	-3.0609394030761905
97.85253518494056	31.637582238588948
77.18407178535045	10.969118838998838
75.64350239958941	9.428549453237792
80.83837851818163	14.623425571830012
69.00898472382897	2.7940317774773575
38.67155110459345	-27.54340184175817
83.33129254046281	17.116339594111196
30.71305462275842	-35.501898323593196
31.439320477513604	-34.77563246883801
84.14357080515975	17.92861785880814
34.11290141703131	-32.102051529320306
38.28197280796513	-27.932980138386483
2.6534970543164604	-63.561455892035156
47.12279158490338	-19.092161361448234
93.67351091446682	27.4585579681152
85.94328734165384	19.728334395302227
56.97479571029754	-9.240157236054074
56.87297409307422	-9.341978853277396
70.36442500553886	4.1494720591872465
110.31204321929755	44.097090272945934
41.72571052266204	-24.489242423689575
78.64854885131564	12.433595904964022
57.54212144180411	-8.672831504547503
63.430420645078186	-2.7845323012734298
36.58609381862544	-29.628859127726173
65.81764387630602	-0.3973090700455941
63.58986517619843	-2.6250877701531863
18.35340050928272	-47.861552437068895
34.00848187996809	-32.20647106638353
76.55136430880731	10.336411362455692
73.78062928485662	7.565676338505
55.83086991605734	-10.384083030294278
46.507251033939895	-19.70770191241172
105.13024847126718	38.915295524915564
77.13386304177612	10.918910095424508
73.28940710469243	7.074454158340814
60.213144284500515	-6.001808661851101
52.510007299484926	-13.70494564686669
70.29103740494094	4.076084458589321
72.71667533685314	6.501722390501527
75.51152800837218	9.296575062020565
67.15742185940536	0.9424689130537445
76.30000426486578	10.08505131851416
42.77482274254936	-23.440130203802255
65.98257881986711	-0.23237412648450118
57.54384704817704	-8.671105898174574
78.51825376530388	12.303300818952266
84.5704315481583	18.35547860180668
73.34816060681106	7.133207660459448
68.05707586290583	1.8421229165542172
7.551474711394178	-58.66347823495744
68.8111127018804	2.596159755528788
31.106213604218567	-35.10873934213305
40.300974852276624	-25.91397809407499
55.27854632750888	-10.936406618842739
61.30636245077977	-4.908590495571843
60.468448272122544	-5.746504674229072
70.2327814802432	4.0178285338915884
72.89679446311703	6.681841516765417
66.4836919886896	0.26873904233798385
78.11665269699216	11.901699750640546
49.489725262016066	-16.72522768433555
69.9179126189868	3.7029596726351883
87.92538534775878	21.71043240140716
53.675324783808094	-12.539628162543522
65.09973556519464	-1.115217381156981
51.42356658478303	-14.791386361568584
67.35258358916536	1.1376306428137468
28.12577866210114	-38.089174284250475
56.17292730235414	-10.042025643997476
64.64090226133914	-1.5740506850124802
104.25768690830074	38.042733961949125
82.92889200136625	16.713939055014635
51.52537485363638	-14.689578092715237
74.19567780243443	7.980724856082816
75.70009983587289	9.485146889521275
80.0077938149646	13.792840868612984
74.67174914757408	8.45679620122246
41.372522569874775	-24.84243037647684
64.26354979044328	-1.9514031559083378
68.22009550157446	2.0051425552228466
89.00135393443844	22.786400988086825
59.40841281578679	-6.8065401305648265
74.61645893039741	8.401505984045798
91.12893944171293	24.913986495361314
50.475034096367665	-15.739918849983951
65.76409351722606	-0.45085942912555765
26.073160924572505	-40.14179202177911
39.68676567793801	-26.528187268413603
19.504943340960665	-46.71000960539095
59.65501103981143	-6.559941906540189
35.76214116276452	-30.452811783587094
84.18671418664081	17.971761240289197
63.929920902157676	-2.2850320441939402
54.81294040817221	-11.402012538179406
15.95759290181951	-50.257360044532106
91.22125890376839	25.00630595741677
80.80920223830827	14.594249291956658
72.21653258668294	6.001579640331329
45.87176714890148	-20.343185797450133
105.56606789826975	39.351114951918134
53.55594962611423	-12.659003320237389
59.8130227890818	-6.401930157269817
64.10786103214406	-2.107091914207558
79.30228803787242	13.0873350915208
82.73937068495644	16.524417738604825
40.047991654546706	-26.16696129180491
74.48888050420129	8.273927557849674
81.91156896369858	15.696616017346969
44.55769263651956	-21.657260309832054
29.25847834804364	-36.95647459830798
100.48283823744197	34.26788529109035
57.51605948530988	-8.698893461041735
50.21658698166931	-15.998365964682307
29.28573742634245	-36.929215520009166
16.892832773521434	-49.32212017283018
65.9487361049417	-0.2662168414099142
61.89105668963958	-4.3238962567120325
67.7179047898556	1.502951843503979
77.59253206795466	11.377579121603048
52.70650881335524	-13.508444132996374
73.26932101916674	7.054368072815123
62.082217167512056	-4.13273577883956
58.68790182726144	-7.527051119090174
64.92177252537141	-1.2931804209802067
111.88384226331465	45.66888931696303
43.800159471213476	-22.41479347513814
112.38108845266316	46.16613550631155
48.50832097200538	-17.706631974346237
67.02711093711179	0.8121579907601699
68.11400616541715	1.8990532190655358
71.87467366553238	5.659720719180768
82.12602556911799	15.911072622766369
82.12324104870123	15.908288102349616
83.48386851183233	17.26891556548071
83.66841858560139	17.45346563924977
112.23481014523924	46.01985719888762
50.34521018548031	-15.869742760871304
71.64267310408678	5.427720157735166
66.0965300485862	-0.11842289776541293
102.86756553506922	36.6526125887176
104.91711201137724	38.702159065025626
86.11114710009343	19.896194153741817
30.869790354672944	-35.34516259167867
41.816789929757135	-24.39816301659448
87.21654214342044	21.001589197068824
58.79880190458999	-7.416151041761623
56.39232140610903	-9.822631540242583
68.64957352094854	2.43462057459692
49.60417489613093	-16.610778050220688
77.96725952084154	11.752306574489921
62.055616408122944	-4.159336538228672
78.05305076824362	11.838097821892006
63.75852211704688	-2.456430829304736
58.07174115703884	-8.143211789312772
64.3260134850155	-1.888939461336122
80.94486079726113	14.729907850909512
66.96414480061713	0.7491918542655185
41.97660688942625	-24.238346056925366
58.415866416910205	-7.799086529441411
52.90041429001059	-13.314538656341028
73.41606250392425	7.201109557572636
68.74343493049884	2.52848198414722
56.25040689578083	-9.964546050570789
81.04057899600804	14.825626049656421
64.03569938588981	-2.1792535604618024
82.49224825561606	16.277295309264446
52.76059034660494	-13.454362599746673
94.13475218705054	27.91979924069892
117.44872912951024	51.233776183158625
5.320919698761202	-60.894033247590414
48.83291614086403	-17.382036805487587
72.14315474115057	5.928201794798952
91.36800079439337	25.15304784804175
91.59088030568302	25.3759273593314
79.45971007492545	13.244757128573838
82.13233217518638	15.917379228834761
119.78199215112755	53.56703920477594
26.960794632121463	-39.25415831423015
87.96481488392084	21.74986193756922
36.52069859793329	-29.694254348418326
31.083915378114682	-35.131037568236934
46.37856011874311	-19.836392827608506
66.81819762240258	0.6032446760509629
115.69727222591092	49.482319279559306
73.57709075373924	7.362137807387626
76.63555111261877	10.420598166267155
23.955534549403012	-42.259418396948604
100.89418565707666	34.679232710725046
30.509737864808187	-35.70521508154343
75.53216526769603	9.317212321344414
63.403854342121406	-2.81109860423021
115.1033244515732	48.888371505221585
50.58475612095418	-15.630196825397434
25.99351263744967	-40.22144030890195
87.37712380058866	21.162170854237047
1.360857871712426	-64.85409507463919
66.74303644821549	0.5280835018638754
55.49452828691784	-10.720424659433775
55.21458416209708	-11.000368784254533
80.74916282759142	14.534209881239804
50.64636370240106	-15.568589243950555
72.15995747439075	5.945004528039135
43.53406623931579	-22.680886707035825
69.33430005736801	3.1193471110163955
27.35244228804578	-38.86251065830584
69.9408825681042	3.7259296217525844
53.50081843433355	-12.714134512018063
53.39319023517811	-12.821762711173506
8.745009343869526	-57.46994360248209
75.05984811204172	8.844895165690104
45.42962093698071	-20.785332009370904
69.55358267929324	3.3386297329416266
50.97431680510846	-15.240636141243158
32.59315330347664	-33.621799642874976
38.993176621183295	-27.22177632516832
45.70401354292909	-20.510939403422526
43.61846523097694	-22.59648771537468
106.16470823450283	39.94975528815121
59.010775655131795	-7.204177291219821
52.56389007556055	-13.651062870791066
85.06885842171533	18.853905475363717
59.69805728591956	-6.516895660432056
82.36135010911886	16.146397162767244
62.580910853563466	-3.6340420927881496
72.2147716255152	5.999818679163582
58.11844914884051	-8.096503797511104
63.527144718131524	-2.687808228220092
54.4208882637343	-11.794064682617318
65.16094499895036	-1.05400794740126
66.41728234262183	0.2023293962702155
25.630370808607324	-40.58458213774429
67.52369501401182	1.308742067660205
63.83038769272599	-2.384565253625624
49.172192750049646	-17.04276019630197
61.97220256101201	-4.242750385339605
37.261817270775566	-28.95313567557605
95.58526884933445	29.37031590298284
71.00157267670357	4.786619730351958
25.761705634855673	-40.45324731149594
47.374403131953216	-18.8405498143984
77.71750825914415	11.502555312792538
63.111378204312416	-3.1035747420392
98.0535455604134	31.83859261406178
78.52737906035537	12.312426114003756
69.78918405639917	3.574231110047549
97.25457749527624	31.03962454892462
77.03355839457282	10.818605448221206
54.8218547138552	-11.393098232496413
59.27273885888491	-6.942214087466709
47.14361954436964	-19.071333401981974
60.37615855387622	-5.838794392475393
66.34220911623771	0.12725616988609545
46.269010240577984	-19.945942705773632
58.539291797411636	-7.67566114893998
89.2829905852289	23.068037638877286
56.27044761614735	-9.944505330204265
60.02732634969499	-6.187626596656628
103.58759146003496	37.37263851368334
16.629630318728516	-49.5853226276231
59.22034152517364	-6.994611421177979
100.8079528491674	34.59299990281579
48.75572719256371	-17.459225753787905
50.22857865649195	-15.986374289859668
65.96765322276252	-0.24729972358909436
69.88931378117042	3.674360834818799
64.05440766108433	-2.1605452852672897
94.47209813134606	28.257145184994442
96.36196959475848	30.14701664840686
40.932559904775474	-25.282393041576142
65.21861777690566	-0.9963351694459561
65.58290681139835	-0.6320461349532707
70.87468916172139	4.659736215369776
61.478138488908655	-4.736814457442961
38.0614325904192	-28.153520355932415
51.02540429881111	-15.189548647540505
84.08561447121821	17.87066152486659
68.73496080814431	2.520007861792692
80.4095948895577	14.19464194320608
46.99845096332348	-19.216501983028138
48.11331384298893	-18.101639103362686
59.26279641284992	-6.952156533501693
76.9638044446204	10.748851498268778
49.71132673043968	-16.503626215911936
85.58628577861447	19.37133283226285
69.34925762878476	3.1343046824331395
34.467419397830156	-31.74753354852146
59.759711843146135	-6.455241103205481
51.621485068101094	-14.593467878250522
60.14372762019258	-6.071225326159038
58.90391572653817	-7.311037219813443
58.56497685935966	-7.6499760869919555
69.97274127422344	3.757788327871822
48.86276872616355	-17.352184220188065
109.97123381780904	43.75628087145742
39.7925832332715	-26.422369713080116
-5.577763457271146	-71.79271640362276
40.24217936904671	-25.972773577304906
88.47127901361301	22.256326067261398
49.330504612781	-16.884448333570617
60.91392092468078	-5.301032021670835
57.55204686672579	-8.662906079625827
59.42372752820876	-6.791225418142858
2.8478122027466384	-63.36714074360498
67.47519904254506	1.2602460961934412
42.16896804305935	-24.045984903292265
37.847543282640174	-28.36740966371144
60.91891262834753	-5.2960403180040885
112.55150440725475	46.33655146090314
62.27342759455706	-3.941525351794553
52.16352103537275	-14.051431910978863
94.18891865386314	27.973965707511525
26.731321542278522	-39.483631404073094
73.7670353633751	7.552082417023485
57.2878431831071	-8.927109763244516
58.44060254875723	-7.7743503975943895
49.88660165535322	-16.3283512909984
96.50578004869959	30.290827102347976
67.02156955706806	0.8066166107164463
66.60092135195947	0.38596840560785495
44.575539103871336	-21.63941384248028
54.68208908783191	-11.532863858519704
75.94896953302879	9.734016586677171
60.70069822429133	-5.514254722060286
112.49045203394991	46.27549908759829
39.05270273931302	-27.162250207038596
48.779666734599516	-17.4352862117521
51.85207156988537	-14.362881376466248
16.827077350741376	-49.38787559561024
81.79924114678789	15.584288200436276
117.97913428828389	51.76418134193227
54.15110793683772	-12.063845009513898
50.37865802558582	-15.836294920765795
60.16765710799001	-6.047295838361606
71.43936665334542	5.224413706993801
69.11143557519455	2.896482628842932
92.26973652636144	26.054783580009826
51.94863397236833	-14.266318973983289
78.37209620249843	12.15714325614681
80.09399888698164	13.879045940630022
86.2429937501168	20.02804080376518
94.83062251639996	28.61566957004834
93.63046953208897	27.41551658573735
46.84010060504289	-19.374852341308724
79.56054071210593	13.345587765754317
83.01825395789848	16.803301011546864
72.2871670392363	6.072214092884678
45.050432229329374	-21.164520717022242
49.27815959803621	-16.936793348315405
65.89427747630026	-0.32067547005135566
37.299926391295514	-28.9150265550561
78.82754098971992	12.612588043368305
25.633798157158083	-40.58115478919353
49.12648113737151	-17.088471808980103
62.95290119835619	-3.2620517479954287
62.71427755074029	-3.5006753956113243
65.68487083424617	-0.5300821121054469
59.06184475757101	-7.153108188780607
70.3633237874622	4.148370841110591
43.95203954554955	-22.262913400802063
32.49989937100537	-33.715053575346246
95.66782583852392	29.45287289217231
102.34864951475384	36.13369656840223
43.8222012455829	-22.392751700768713
53.04034992636508	-13.174603019986534
69.62349869443489	3.40854574808327
67.69347868583492	1.4785257394833025
107.8954820198581	41.68052907350648
83.96271017300234	17.74775722665072
80.2802356146588	14.06528266830719
52.363673929054414	-13.851279017297202
46.71372394819838	-19.501228998153238
43.218781666381176	-22.99617127997044
58.9749250762855	-7.240027870066115
85.94518199871737	19.730229052365758
66.24927688895178	0.034323942600167356
59.35891616731743	-6.856036779034184
61.13561483596487	-5.079338110386743
77.07356656469557	10.858613618343952
62.58274880421442	-3.6322041421371978
88.37030974263536	22.15535679628374
47.34062810376264	-18.874324842588976
70.65847338005761	4.443520433705999
78.97624150122493	12.761288554873317
75.59006386103493	9.375110914683319
78.83859205048276	12.623639104131144
77.6334660857413	11.418513139389688
79.43551824281377	13.220565296462155
72.75369161709597	6.538738670744351
95.05952810895025	28.84457516259863
80.1261275200107	13.911174573659082
82.36294217016467	16.147989223813056
52.465040631739896	-13.74991231461172
79.38474910737051	13.169796161018894
118.2842951459773	52.06934219962568
81.87414368859237	15.659190742240753
55.44056538725482	-10.774387559096795
68.79503366800992	2.5800807216583053
58.63698035583576	-7.577972590515856
60.145592188901276	-6.06936075745034
65.8380766792564	-0.3768762670952128
49.0839640822399	-17.130988864111714
72.47397805194697	6.259025105595356
42.144432502626216	-24.0705204437254
58.91581582492137	-7.299137121430249
71.10500142755546	4.8900484812038485
81.6581718781984	15.443218931846786
77.15578491040134	10.940831964049721
42.39391885297874	-23.821034093372873
91.40135435690382	25.186401410552207
67.89228758731252	1.6773346409609076
83.01534125597601	16.800388309624395
76.71850059417403	10.503547647822415
48.02966365890671	-18.185289287444903
55.07991063939909	-11.135042306952528
70.47916790624942	4.264214959897799
41.54814418664529	-24.666808759706328
82.03794357707585	15.822990630724235
72.54298655878148	6.328033612429863
103.05633094748401	36.8413780011324
59.20851067034738	-7.006442276004236
48.76989738151525	-17.445055564836366
50.19271102472186	-16.022241921629757
118.58144239068707	52.36648944433546
69.16952546453314	2.9545725181815214
44.776073128219934	-21.43887981813168
93.30159182691051	27.086638880558894
101.11850339400036	34.90355044764874
82.18748161501054	15.972528668658924
86.32609135964805	20.11113841329643
95.8378162750617	29.622863328710082
60.52539542864753	-5.689557517704088
68.85666104483454	2.6417080984829227
37.71258713596245	-28.502365810389165
78.19367901815195	11.978726071800338
59.2364157170835	-6.978537229268113
61.64369349472901	-4.571259451622609
57.36004850888486	-8.854904437466757
31.215321077472538	-34.99963186887908
55.67144508332632	-10.543507863025297
74.97765028830537	8.762697341953753
55.1387898172855	-11.076163129066117
66.0011633697307	-0.21378957662091125
118.78469748780691	52.56974454145529
66.1221455786602	-0.09280736769142095
72.75560374294793	6.54065079659631
78.32051079216973	12.105557845818112
78.64076118593431	12.425808239582693
58.63809300618806	-7.576859940163558
78.56704213707627	12.352089190724655
83.6658779662269	17.450925019875285
64.4528547947578	-1.7620981515938183
52.930215032176704	-13.284737914174912
7.412516861617689	-58.80243608473393
86.96960122842785	20.754648282076232
69.86984876237904	3.6548958160274196
83.05482648732351	16.839873540971894
54.366906725905494	-11.848046220446122
44.841260187853834	-21.373692758497782
65.06408571337153	-1.1508672329800902
92.6351142677616	26.420161321409978
58.5226920555163	-7.692260890835314
76.7328304485439	10.517877502192277
42.28432942189312	-23.930623524458497
68.29051287262911	2.075559926277492
62.94768621650502	-3.2672667298465967
59.678113979042166	-6.53683896730945
69.47123868715636	3.256285740804742
68.39958588600194	2.184632939650328
58.23294788472623	-7.982005061625387
84.91044332250232	18.6954903761507
87.5870969300907	21.37214398373908
52.6125279218125	-13.602425024539116
44.60991761971883	-21.605035326632787
86.74568215295068	20.530729206599062
52.049124314102585	-14.165828632249031
73.56640404940327	7.351451103051659
74.4010292080805	8.186076261728886
86.17210161044414	19.95714866409253
63.46173894719897	-2.753213999152649
51.93503604510835	-14.279916901243269
68.16349215404108	1.948539207689464
85.80847426696192	19.593521320610307
19.22611173607794	-46.98884121027368
54.97218629700575	-11.242766649345867
88.65215100487904	22.43719805852743
69.78731424419885	3.5723612978472374
64.8521652003131	-1.3627877460385207
71.56621201138688	5.351259065035265
47.463878220429535	-18.75107472592208
103.22710428305646	37.01215133670485
70.84400730437693	4.629054358025314
56.36581102115662	-9.849141925195
70.47753550851695	4.262582562165335
106.55317948918884	40.33822654283722
57.883354649604655	-8.33159829674696
89.66446855191526	23.449515605563647
98.2390554874458	32.02410254109418
101.72076760328702	35.5058146569354
89.52215253039532	23.3071995840437
74.80577265523817	8.590819708886556
28.580243770486334	-37.63470917586528
57.33671354450263	-8.878239401848987
74.57517711026804	8.360224163916428
99.31599750751258	33.10104456116096
87.35892729844119	21.14397435208957
62.67541505463515	-3.5395378917164635
90.4152643642613	24.20031141790969
36.31272269386892	-29.902230252482696
51.26988095141343	-14.94507199493819
67.93912171808398	1.7241687717323657
30.52558161155531	-35.689371334796306
73.58665634831624	7.3717034019646235
92.92912322606054	26.714170279708924
52.13609394092265	-14.078859005428967
60.17303334156378	-6.041919604787836
73.4278285340427	7.212875587691087
108.52593447290047	42.31098152654886
88.62030793898367	22.405354992632056
74.3605107406932	8.145557794341585
66.38218488430931	0.16723193795769475
40.88200640736824	-25.33294653898338
41.33344925679768	-24.881503689553938
103.38118023408089	37.16622728772927
53.31186063528213	-12.903092311069486
102.01010248922313	35.79514954287151
80.84964695108857	14.634694004736957
70.41000828192256	4.195055335570942
87.25952137475753	21.04456842840591
70.41242687539699	4.197473929045373
68.8306674931685	2.615714546816889
82.99294780241536	16.777994856063742
62.622809799550225	-3.5921431468013907
60.010934283318704	-6.204018663032912
37.69192041152775	-28.52303253482387
60.768540620878696	-5.44641232547292
96.81796773363232	30.6030147872807
75.3405050678287	9.125552121477085
35.58498261049891	-30.629970335852704
57.52375304406661	-8.691199902285007
61.20530946957507	-5.009643476776546
112.73495213108464	46.519999184733024
58.38925665038033	-7.825696295971284
63.86121945156111	-2.3537334947905038
88.01570811250923	21.800755166157614
51.66209722258128	-14.552855723770335
82.33970423625061	16.124751289898995
79.9368215546877	13.72186860833608
97.4942231635817	31.279270217230078
72.45097856338754	6.236025617035921
55.01642975972419	-11.198523186627426
57.016783551155015	-9.1981693951966
77.81819699633553	11.603244049983914
42.09990516130557	-24.115047785046045
62.51887670842035	-3.6960762379312655
87.4639327191274	21.248979772775783
45.78185612711451	-20.433096819237107
54.9019546401708	-11.312998306180816
67.92968822010363	1.7147352737520123
71.08373884356325	4.868785897211637
58.643202071924236	-7.57175087442738
39.69674933320704	-26.51820361314458
87.1539528373126	20.938999890960986
98.15391705330904	31.938964106957428
78.75807806545555	12.543125119103934
45.311513372364345	-20.90343957398727
57.03909798321757	-9.175854963134043
70.10542032234872	3.8904673759971047
87.00129992420472	20.7863469778531
99.42654514506495	33.21159219871333
80.48431696626568	14.269364019914065
44.502799365467865	-21.71215358088375
47.74175452170522	-18.473198424646398
37.67372873859341	-28.541224207758205
41.34414139250504	-24.87081155384658
45.7889556173198	-20.425997329031816
88.02070618038334	21.805753234031727
50.47378034856439	-15.741172597787227
83.10303926601983	16.88808631966822
50.01230965352653	-16.202643292825087
49.4962413397173	-16.718711606634315
57.51921680584411	-8.695736140507506
38.40494208419324	-27.81001086215838
97.8242078202041	31.60925487385248
65.74255433713762	-0.4723986092139967
101.08176376193506	34.86681081558345
75.74321999134764	9.528267044996028
82.06708608693071	15.852133140579099
66.17697117568088	-0.037981770670739934
84.4109656183303	18.19601267197868
45.932141563377	-20.282811382974614
83.95223028618994	17.73727733983833
37.54906757071359	-28.665885375638027
60.41291009431217	-5.802042852039449
91.51441618483142	25.299463238479802
86.12172204365407	19.90676909730246
78.83711913474173	12.62216618839011
78.83093321182452	12.6159802654729
75.0962303194413	8.881277373089688
64.1512843403055	-2.0636686060461216
78.44769188433048	12.232738937978866
101.91764364909824	35.70269070274662
53.463713410414414	-12.751239535937202
61.16472449639906	-5.050228449952556
29.01625069981884	-37.198702246532775
47.62024271737238	-18.59471022897924
42.34936195194524	-23.865590994406375
45.24894839484688	-20.96600455150474
28.316691661051948	-37.89826128529967
40.036061002627605	-26.17889194372401
34.10788000007079	-32.10707294628082
49.471549952637645	-16.74340299371397
60.720998510458514	-5.493954435893102
94.55352349305969	28.33857054670807
59.024371282185086	-7.19058166416653
45.36997595546046	-20.844976990891155
95.15434191959713	28.939388973245514
43.597644882948146	-22.61730806340347
44.92893830884924	-21.286014637502376
94.47649556031894	28.261542613967322
57.40039394251863	-8.814559003832983
66.3755891782078	0.1606362318561878
83.09852040262405	16.88356745627243
74.04022186431604	7.825268917964422
74.64739172911715	8.43243878276553
57.7181442437016	-8.496808702650014
54.101805069907925	-12.11314787644369
38.2116489297062	-28.003304016645416
12.314047666428735	-53.90090527992288
73.67417393846182	7.459220992110204
8.70227282715706	-57.512680119194556
97.98659109827923	31.77163815192762
40.455170518517036	-25.75978242783458
82.52814147914097	16.313188532789354
86.65037228001376	20.43541933366214
78.47405729347003	12.25910434711841
55.079688150947106	-11.13526479540451
62.34633068116301	-3.8686222651886055
58.69271812855942	-7.522234817792196
91.28480579907983	25.069852852728218
103.68349018208602	37.4685372357344
64.33683841928934	-1.87811452706228
93.98859186700639	27.773638920654776
72.90052997117374	6.685577024822123
73.06464660479315	6.849693658441538
70.67115350916202	4.456200562810409
42.643775648759686	-23.57117729759193
37.838959364149844	-28.375993582201772
73.86692487160536	7.651971925253747
60.52590249591077	-5.6890504504408455
53.97080517217029	-12.244147774181329
96.38545506510337	30.170502118751756
24.39430118550291	-41.820651760848705
96.33048154291674	30.115528596565127
62.72213192783448	-3.492821018517134
66.35996804248344	0.1450150961318286
78.01783345459472	11.802880508243106
51.62038847037394	-14.594564475977677
74.11704243206106	7.902089485709439
81.44034587417474	15.225392927823123
67.87705697133998	1.6621040249883663
79.2550551303305	13.040102183978888
63.94228892686289	-2.2726640194887295
78.47381073491334	12.258857788561727
61.38950848306041	-4.8254444632912055
28.45359961097921	-37.761353335372405
89.68908899885929	23.474136052507674
41.241130363183686	-24.97382258316793
40.82015262426495	-25.394800322086667
59.076075599472745	-7.138877346878871
92.43096570315748	26.216012756805867
97.80141725215282	31.5864643058012
58.29045427963348	-7.9244986667181365
50.92291615998175	-15.292036786369863
72.23638646342653	6.021433517074911
78.7936100273676	12.57865708101599
59.79528132738989	-6.419671618961729
44.19277046871349	-22.022182477638125
58.13312890757726	-8.081824038774357
35.738991452048424	-30.475961494303192
68.41857952405036	2.203626577698742
104.74345656455472	38.5285036182031
41.21164307670762	-25.003309869644
32.91738375614142	-33.2975691902102
31.406919558025322	-34.808033388326294
50.47430648954679	-15.740646456804825
101.51564684410033	35.300693897748715
94.13788460407733	27.922931657725712
50.395685644065736	-15.81926730228588
76.35942041391019	10.14446746755857
55.771159371479655	-10.443793574871961
43.165470571783146	-23.04948237456847
98.12202301841381	31.907070072062197
41.315010117543636	-24.89994282880798
76.10306353034895	9.888110583997332
80.00519566142094	13.790242715069326
67.49386416161934	1.2789112152677262
72.70469358693146	6.489740640579839
81.33841503401555	15.123462087663938
101.21042062614498	34.995467679793364
64.31317190954206	-1.9017810368095525
50.951279617848115	-15.2636733285035
52.043470442646424	-14.171482503705192
78.55770060747665	12.342747661125031
52.689499751855976	-13.52545319449564
124.5708100413488	58.35585709499719
24.01509560106416	-42.199857345287455
54.823680846954005	-11.39127209939761
60.39912883869175	-5.815824107659864
46.999793776618674	-19.215159169732942
16.617017494720415	-49.5979354516312
54.71148543262308	-11.503467513728538
109.10904417444755	42.89409122809593
54.79719582034369	-11.417757126007928
61.05037316394947	-5.164579782402143
49.39834803514742	-16.816604911204195
55.366644907541115	-10.8483080388105
82.23788337444631	16.022930428094696
84.18780041650672	17.972847470155102
52.789552812815884	-13.425400133535732
106.6538451959371	40.43889224958548
23.650222617873	-42.56473032847862
64.68838994072786	-1.526563005623757
63.79881738560135	-2.416135560750263
34.48582195860428	-31.72913098774734
59.69375233438251	-6.521200611969107
59.74318744571275	-6.471765500638867
48.393804225912675	-17.82114872043894
74.27035923858267	8.055406292231055
55.59883031646524	-10.616122629886377
90.72467296538736	24.50972001903574
66.79439244131419	0.5794394949625712
41.1328399773941	-25.082112968957517
76.34238048545586	10.127427539104247
24.60899674512831	-41.60595620122331
57.871158257841955	-8.34379468850966
99.8109203655934	33.59596741924179
59.97234121736466	-6.242611728986958
62.73138797088387	-3.4835649754677434
48.079920042599326	-18.13503290375229
49.60140962120414	-16.613543325147475
75.80957710219292	9.594624155841302
134.05823185271794	67.84327890636632
102.49373610485264	36.27878315850103
68.26128488168098	2.0463319353293628
70.04785932039005	3.83290637403843
53.376297980010634	-12.838654966340982
59.367631128772985	-6.8473218175786315
46.39783782062506	-19.81711512572656
107.07307193556545	40.858118989213835
80.10242274585681	13.887469799505197
75.70233682907048	9.48738388271886
70.18917415781681	3.974221211465192
70.64659014616547	4.431637199813849
60.52301724296041	-5.691935703391209
68.11263931654895	1.8976863701973343
33.70101514963818	-32.513937796713435
29.061560060379918	-37.1533928859717
48.995514199561796	-17.21943874678982
58.46105947050302	-7.753893475848599
70.3223087778336	4.107355831481982
101.10628855973692	34.89133561338531
60.349113444028546	-5.86583950232307
30.342285909095438	-35.87266703725618
76.40398341046449	10.189030464112875
69.31100804485533	3.0960550985037116
50.44625231152378	-15.768700634827837
33.83028163426417	-32.38467131208745
47.906780556501246	-18.30817238985037
94.56993697324862	28.354984026897
104.76230502961181	38.54735208326019
83.75227487021976	17.53732192386815
76.42995624765382	10.215003301302204
46.98944454812073	-19.225508398230886
58.327562198583394	-7.887390747768222
95.56850735968538	29.353554413333768
67.95103243194382	1.7360794855921995
82.51805424574042	16.3031012993888
82.09752822801448	15.882575281662866
88.07226459971781	21.857311653366196
80.92270228064655	14.707749334294931
107.13394376650314	40.91899082015152
55.50452119975154	-10.71043174660008
96.55965600854171	30.344703062190092
52.635717476138154	-13.579235470213462
46.30938593097591	-19.90556701537571
37.18872393986595	-29.026229006485664
44.57274440520479	-21.64220854114683
62.57443137500587	-3.6405215713457437
58.39887493278576	-7.816078013565857
59.422491897932844	-6.792461048418772
-3.4886835525664424	-69.70363649891806
101.10021217979585	34.88525923344423
55.03881140028744	-11.176141546064173
64.51283489451663	-1.7021180518349865
42.358017103210216	-23.8569358431414
57.028623813008664	-9.186329133342952
48.59415241581365	-17.620800530537963
99.54280632324145	33.327853376889834
104.08656483868464	37.87161189233302
66.54256907494192	0.3276161285903072
54.29720125670639	-11.917751689645229
82.39086708941824	16.17591414306662
30.953939577624908	-35.26101336872671
102.41607130695985	36.201118360608234
77.71749693468365	11.502543988332036
72.07801316515753	5.863060218805913
73.0383791232037	6.823426176852081
54.25605020208087	-11.958902744270745
69.60767442688149	3.3927214805298718
69.74130352467392	3.526350578322308
49.724745849324165	-16.49020709702745
55.38939238614904	-10.825560560202575
32.237990435156746	-33.97696251119487
79.30935103664734	13.094398090295726
93.49675122840773	27.281798282056116
76.58707904159593	10.372126095244312
45.221639841214994	-20.99331310513662
82.84154281317234	16.626589866820723
40.24888335260249	-25.966069593749125
40.525307619931766	-25.68964532641985
64.86706370061648	-1.3478892457351321
74.17815855125292	7.9632056049013045
64.67358425498452	-1.5413686913670972
43.50252869315074	-22.71242425320088
94.10363509276277	27.888682146411156
68.68533721169143	2.470384265339817
89.21843338420359	23.003480437851977
30.76316289046582	-35.451790055885795
97.08021885501722	30.865265908665606
59.20518548153842	-7.009767464813194
63.166985852762366	-3.04796709358925
77.38422262508749	11.169269678735873
56.913119532024496	-9.30183341432712
89.9873129738574	23.772360027505783
61.245434472077534	-4.969518474274082
49.04461633303646	-17.170336613315158
53.69262659851148	-12.522326347840135
69.3249863445547	3.110033398203086
2.0326047978472275	-64.18234814850439
18.540691290867755	-47.67426165548386
59.77458432231134	-6.440368624040275
64.72049694236404	-1.4944560039875796
35.93795833770338	-30.276994608648238
45.80400537350425	-20.410947572847363
100.31990200154752	34.1049490551959
68.83821147689224	2.6232585305406246
40.812234877581716	-25.4027180687699
63.647039137448076	-2.5679138089035405
78.86979408831604	12.654841141964425
91.88008895813465	25.665136011783034
37.41037556417206	-28.80457738217956
74.388100081824	8.17314713547239
83.00646261374851	16.791509667396895
87.33234336156085	21.11739041520923
105.17324406453037	38.95829111817875
49.893498944062515	-16.3214540022891
53.70199615428493	-12.512956792066689
58.69493880786678	-7.520014138484839
74.28385549021397	8.06890254386235
38.14060752622237	-28.074345420129248
65.53011294699019	-0.6848399993614294
113.21616882606969	47.001215879718075
77.27061657572841	11.055663629376795
92.84011887676235	26.62516593041073
79.41980917255779	13.204856226206175
76.26724733345537	10.052294387103757
49.64271330801631	-16.572239638335304
85.61787736325851	19.4029244169069
61.978507666705184	-4.236445279646432
59.84307977720374	-6.371873169147875
71.99659688885941	5.781643942507799
38.67398876065482	-27.540964185696794
95.14951005598624	28.934557109634625
94.12741654944176	27.912463603090146
89.52588685733127	23.310933910979657
53.71511016390497	-12.499842782446649
59.521326001211776	-6.69362694513984
52.766088925784345	-13.448864020567271
64.72466777010624	-1.4902851762453793
72.87592859749776	6.6609756511461455
55.451105695103536	-10.76384725124808
55.957366355435	-10.257586590916617
25.382758039721296	-40.83219490663032
54.10337898372592	-12.111573962625698
0.7521919897574776	-65.46276095659414
73.27457756393625	7.059624617584632
87.66353725068831	21.44858430433669
47.53714476130182	-18.6778081850498
61.27564350536187	-4.939309440989746
113.43299440034235	47.218041453990736
68.67354197360902	2.4585890272574034
73.51141549405503	7.296462547703413
68.58105234059832	2.366099394246703
67.18136325357983	0.966410307228216
85.16002984209837	18.94507689574675
56.55420621337754	-9.660746732974076
58.88566785553331	-7.329285090818303
74.86450638005255	8.64955343370093
71.15740938991286	4.942456443561241
95.20256130898116	28.987608362629544
73.42091065598862	7.205957709637005
70.46053943723592	4.245586490884307
106.95960279702769	40.74464985067607
94.75093072420196	28.53597777785035
72.92450707519521	6.7095541288435925
42.243544463797946	-23.97140848255367
58.5018896265413	-7.713063319810317
89.50850736050262	23.293554414151004
62.91246049119428	-3.302492455157335
69.24881270923862	3.0338597628870048
50.4597338748884	-15.755219071463216
67.98567274221779	1.770719795866171
101.78658831352578	35.57163536717417
75.5578395962387	9.342886649887078
60.591489809523694	-5.623463136827922
55.34724963066611	-10.867703315685503
64.55500116729155	-1.6599517790600657
77.42916788775102	11.214214941399405
65.12304384958617	-1.0919090967654483
46.615816214065774	-19.599136732285842
63.75193303970656	-2.4630199066450587
70.22213664208749	4.0071836957358755
86.11537051474653	19.900417568394914
72.4445070433888	6.22955409703718
101.97879664486601	35.76384369851439
78.68233956118848	12.467386614836869
95.99555085206731	29.780597905715695
97.653514780732	31.43856183438038
78.74913205862896	12.534179112277343
95.19558843030455	28.980635483952938
78.57895443143417	12.364001485082554
48.860470138434096	-17.35448280791752
101.58738888890576	35.37243594255415
7.998331589320799	-58.21662135703082
66.80332563090116	0.5883726845495403
26.820994788724704	-39.39395815762691
85.30606994923647	19.091117002884857
95.6992317892603	29.48427884290868
63.70859768305883	-2.5063552632927895
54.20872608199926	-12.006226864352357
43.77669459497184	-22.438258351379773
40.158309913300684	-26.056643033050932
45.359979628005306	-20.85497331834631
108.70468272394129	42.48972977758967
79.55901405288233	13.344061106530717
65.86905378196599	-0.34589916438562796
76.3501257057963	10.135172759444686
72.8103577310415	6.59540478468989
60.80840312344873	-5.406549822902889
63.6796128058798	-2.535340140471817
116.63819516090945	50.42324221455783
40.69532526051836	-25.519627685833257
106.14824090754183	39.93328796119022
89.15804317259091	22.943090226239292
55.34508044240857	-10.869872503943043
38.70111007942097	-27.513842866930645
94.65535743844731	28.440404492095695
63.471558460589506	-2.74339448576211
66.07522790045397	-0.13972504589764867
41.951167639725384	-24.263785306626232
42.028307877017426	-24.18664506933419
65.13372689375166	-1.081226052599959
71.91433617951617	5.6993832331645535
82.76002296543658	16.54507001908496
81.68654011158134	15.471587165229721
64.4117185761009	-1.8032343702507205
93.26679030408769	27.051837357736076
49.85970300421678	-16.355249942134833
79.01305254402024	12.798099597668624
71.78010734770425	5.565154401352629
