Hf	deltaHf ref=-288.99180326068654
-273.0572106325335	15.934592628153041
-284.02571657517456	4.966086685511982
-291.7528908121958	-2.761087551509263
-264.68669266142297	24.30511059926357
-308.0402113670634	-19.048408106376883
-301.63381584663057	-12.64201258594403
-281.277612710247	7.714190550439525
-298.6175558884488	-9.625752627762267
-324.3514646937465	-35.359661433059955
-350.6981810600473	-61.70637779936078
-284.6169422994926	4.374860961193917
-310.187316728282	-21.195513467595447
-319.33127310385225	-30.339469843165716
-240.25644443785768	48.73535882282886
-290.3534916312992	-1.3616883706126828
-290.2518855785811	-1.2600823178945575
-319.0444663416629	-30.052663080976345
-319.49254340692187	-30.50074014623533
-316.54776140941885	-27.555958148732316
-313.0659975997323	-24.07419433904579
-279.98725685974114	9.0045464009454
-313.9434824107948	-24.951679150108248
-299.65500211220115	-10.663198851514608
-315.12897690649606	-26.137173645809526
-304.59170693757824	-15.5999036768917
-297.88303121251283	-8.891227951826295
-259.3378176241158	29.653985636570724
-246.42432878753516	42.56747447315138
-291.2707323967106	-2.2789291360240895
-263.13292754091435	25.858875719772186
-231.27973460862177	57.71206865206477
-328.76006926804894	-39.7682660073624
-295.4962980557093	-6.504494795022765
-267.2992391471262	21.692564113560366
-302.5719354833045	-13.580132222617976
-322.2111457619094	-33.219342501222854
-309.7643933351128	-20.77259007442626
-258.8817241640563	30.110079096630216
-330.9421522388211	-41.95034897813457
-330.89338622791456	-41.90158296722802
-267.8410240178264	21.150779242860153
-308.0526637546345	-19.060860493947985
-262.0849305734946	26.906872687191935
-297.32419602770005	-8.332392767013516
-291.2067456255236	-2.214942364837043
-291.93700897931467	-2.945205718628131
-294.012552153893	-5.020748893206473
-270.63093889986976	18.360864360816777
-329.76944820771223	-40.77764494702569
-280.451130876193	8.540672384493519
-276.909969630643	12.081833630043548
-281.4640051093802	7.527798151306342
-321.3809025785222	-32.389099317835644
-297.6513511197618	-8.659547859075246
-291.92848754498755	-2.936684284301009
-294.8775974463997	-5.885794185713166
-310.55434279241945	-21.56253953173291
-255.95700713586757	33.03479612481897
-273.65584346982996	15.335959790856577
-307.9836971580726	-18.991893897386035
-269.6999363159912	19.291866944695357
-249.79124075726486	39.20056250342168
-314.25031926374413	-25.258516003057593
-309.0671399640478	-20.075336703361245
-291.6991905839159	-2.707387323229341
-281.7509179947874	7.240885265899124
-345.55394763303684	-56.5621443723503
-316.64355907393383	-27.65175581324729
-278.10746468661	10.884338574076537
-248.3452273697103	40.64657589097624
-305.19980300339284	-16.207999742706306
-282.2367028774088	6.75510038327775
-279.60767491070783	9.38412834997871
-303.26686434356725	-14.275061082880711
-307.89966511082366	-18.907861850137124
-293.4118690778769	-4.420065817190334
-271.7202562976081	17.271546963078436
-246.85663314852627	42.13517011216027
-291.06995496557556	-2.0781517048890237
-299.7649955190345	-10.77319225834799
-278.1161295884731	10.875673672213452
-313.8389316495659	-24.847128388879355
-340.409192838727	-51.417389578040456
-290.04836103848993	-1.0565577778033912
-279.22679305116526	9.765010209521279
-310.21400077515045	-21.222197514463915
-273.30838212617437	15.683421134512173
-307.5918134612939	-18.600010200607358
-275.7981125235883	13.193690737098223
-310.4129424535704	-21.421139192883857
-294.34337887097263	-5.3515756102860905
-239.74818771875925	49.243615541927284
-307.7573734614625	-18.765570200775983
-279.79526264443757	9.196540616248967
-262.29312616032894	26.6986771003576
-323.29544073997295	-34.30363747928641
-281.8668514180672	7.124951842619339
-260.9420777803962	28.049725480290363
-282.9057335558382	6.086069704848342
-269.3113822529767	19.68042100770981
-312.2878996571153	-23.296096396428766
-258.6258403926249	30.365962868061615
-310.649513133415	-21.657709872728446
-292.2470574548561	-3.255254194169538
-237.37400605575294	51.617797204933595
-300.749004165692	-11.757200905005448
-324.99670970692296	-36.00490644623642
-275.588749606678	13.403053654008545
-298.8539803589438	-9.862177098257234
-284.8324690216896	4.159334238996962
-324.7147620909882	-35.72295883030165
-256.5250843485037	32.46671891218284
-311.1478698033525	-22.15606654266594
-275.866932881755	13.124870378931519
-288.412331851162	0.5794714095245581
-271.0467701177322	17.945033142954344
-321.2354335775808	-32.24363031689427
-268.3012902905675	20.690512970119016
-289.6141155022988	-0.6223122416122351
-315.0371447611751	-26.045341500488576
-294.83718471743396	-5.845381456747418
-268.27169602459526	20.72010723609128
-290.3255346073338	-1.3337313466472551
-278.0293708074814	10.96243245320511
-336.7247151976253	-47.73291193693876
-328.53257570769983	-39.540772447013296
-282.67181046806854	6.319992792617995
-303.5808219552191	-14.58901869453257
-300.4054627476062	-11.413659486919641
-270.3741126805753	18.61769058011123
-290.9959433146205	-2.004140053933952
-223.6453306009853	65.34647265970125
-307.63876250271915	-18.646959242032608
-280.54923625432184	8.442567006364698
-259.9124158448458	29.079387415840756
-344.9612565426132	-55.96945328192669
-323.0236447588459	-34.03184149815934
-288.8966935487906	0.09510971189592965
-307.0534218842431	-18.06161862355657
-307.83052702314217	-18.83872376245563
-289.015533193181	-0.023729932494461536
-294.5590935755963	-5.567290314909769
-306.2583359074115	-17.266532646724954
-305.77450607541596	-16.78270281472942
-297.06832901527287	-8.076525754586328
-337.8001414574892	-48.80833819680265
-330.5319241823954	-41.540120921708876
-276.1935071113321	12.798296149354428
-315.45703205337395	-26.465228792687412
-343.8818116116663	-54.89000835097977
-300.45028161029677	-11.458478349610232
-273.79064954574915	15.20115371493739
-281.9031699447287	7.08863331595785
-270.9163292559888	18.075474004697753
-333.05148398357323	-44.0596807228867
-311.1724286110757	-22.180625350389164
-306.3519095289439	-17.36010626825737
-304.82569267742565	-15.833889416739112
-280.53031129933424	8.461491961352294
-288.33169627078223	0.6601069899043068
-318.98899427529886	-29.997191014612326
-319.6859802976169	-30.69417703693034
-271.4806707814778	17.511132479208754
-302.917493649692	-13.925690389005467
-263.7793003349425	25.212502925744047
-308.04485832392584	-19.0530550632393
-310.3596519252087	-21.36784866452217
-301.5807755366177	-12.588972275931155
-320.64877073137086	-31.65696747068432
-287.80202511665175	1.1897781440347899
-258.60174063860086	30.39006262208568
-280.36393218748617	8.627871073200367
-317.544616292339	-28.552813031652477
-313.09282748100577	-24.101024220319232
-260.37328466920644	28.618518591480097
-283.71881503174427	5.272988228942268
-293.1211787777929	-4.129375517106382
-276.73061907290594	12.2611841877806
-282.60639332798655	6.385409932699986
-265.14805706135576	23.84374619933078
-286.1935958666354	2.7982073940511327
-310.2245488172839	-21.232745556597365
-251.37871790880217	37.613085351884365
-271.1764301447174	17.815373115969123
-283.12125119848406	5.870552062202478
-276.2547758938081	12.737027366878465
-306.4748433366103	-17.483040075923782
-295.8606167191965	-6.868813458509976
-273.53373507921697	15.45806818146957
-290.36577431615206	-1.3739710554655176
-272.5338986591878	16.45790460149874
-329.00797106994196	-40.01616780925542
-327.375508730961	-38.383705470274435
-270.75444835813596	18.237354902550578
-336.10330004098705	-47.11149678030051
-319.4732766885345	-30.48147342784796
-260.8217146124143	28.170088648272213
-266.1572447913268	22.834558469359763
-277.6392115033732	11.352591757313348
-293.17224013822033	-4.1804368775337934
-284.2076475588756	4.78415570181096
-295.133514592183	-6.141711331496481
-297.80253403601	-8.810730775323464
-273.79357597297985	15.198227287706686
-279.5334478299401	9.458355430746451
-292.376166915833	-3.384363655146444
-262.6255813698144	26.36622189087211
-288.70768120948105	0.28412205120548606
-314.0745770932326	-25.08277383254608
-298.99562235396934	-10.0038190932828
-304.9311803086521	-15.939377047965536
-284.06402396491376	4.92777929577278
-252.30309218129605	36.68871107939049
-286.67782706271737	2.3139761979691684
-301.7157693426043	-12.723966081917752
-278.1529897916398	10.838813469046727
-289.44314501136887	-0.4513417506823316
-276.988008283769	12.003794976917561
-312.4789326810196	-23.487129420333076
-284.0198883605108	4.971914900175761
-293.0573742192273	-4.065570958540775
-277.6393045472714	11.352498713415116
-344.6165030653856	-55.62469980469905
-281.33483078702466	7.656972473661881
-283.6008970437606	5.390906216925941
-288.35510101206364	0.6367022486228961
-307.03037725705417	-18.03857399636763
-270.5230881000962	18.468715160590364
-321.36202525596946	-32.37022199528292
-280.48739866073356	8.504404599952977
-296.632422253394	-7.640618992707459
-281.8789323807787	7.1128708799078595
-322.920900136166	-33.929096875479445
-289.2714784316695	-0.279675170982955
-250.32302362890096	38.66877963178558
-286.0646985767735	2.9271046839130577
-266.73414617030994	22.257657090376597
-319.1823679087893	-30.190564648102736
-311.16003516088585	-22.168231900199316
-273.9062884877703	15.085514772916213
-291.1883277590596	-2.196524498373037
-315.7920811508293	-26.800277890142752
-262.7200941218971	26.271709138789447
-308.1558715446945	-19.164068284007953
-255.46540514355638	33.52639811713016
-308.48515587770726	-19.49335261702072
-254.70085353502418	34.29094972566236
-259.4629914670577	29.528811793628847
-318.44437928208845	-29.45257602140191
-282.2619517213525	6.7298515393340494
-327.702270539673	-38.71046727898647
-283.5727832634502	5.419019997236319
-273.1584112006449	15.83339206004166
-314.3084616168262	-25.31665835613967
-314.47989268381843	-25.488089423131896
-282.58221494047666	6.409588320209878
-312.38400688242746	-23.39220362174092
-284.1169614516757	4.874841809010832
-286.04384542037496	2.947957840311574
-272.46752043553624	16.524282825150294
-249.82261985882997	39.16918340185657
-297.86671828611634	-8.8749150254298
-265.2689253865019	23.722877874184633
-297.1167920297803	-8.124988769093761
-289.57510861043465	-0.583305349748116
-287.55899882202266	1.4328044386638794
-305.80937281616843	-16.817569555481896
-308.4978694316733	-19.506066170986742
-302.82112807619615	-13.829324815509608
-281.88204134534226	7.109761915344279
-266.5573811758868	22.434422084799735
-318.6628727576963	-29.67106949700974
-323.17590017959355	-34.18409691890702
-298.44071887455993	-9.448915613873396
-292.230633196471	-3.2388299357844517
-300.6711896292027	-11.679386368516134
-270.34236512603	18.64943813465652
-303.24423874066906	-14.252435479982523
-289.8146292634983	-0.8228260028117802
-307.93215488857004	-18.9403516278835
-314.63164973188304	-25.639846471196506
-308.3618078524805	-19.370004591793986
-352.00884593454884	-63.017042673862306
-300.5217406896618	-11.529937428975245
-302.30765408212665	-13.315850821440108
-265.1604223571694	23.83138090351713
-258.7135045437817	30.27829871690483
-269.15434977879977	19.83745348188677
-337.83693080944704	-48.8451275487605
-268.13292209325937	20.85888116742717
-310.9745847542572	-21.982781493570656
-297.0439787232526	-8.052175462566083
-282.4997893050231	6.492013955663424
-301.504023431472	-12.51222017078544
-278.12610853328715	10.865694727399386
-282.1555866972112	6.836216563475318
-324.9621696306194	-35.97036636993289
-247.39739966988327	41.59440359080327
-297.43335412130455	-8.441550860618008
-289.0057761168782	-0.013972856191685423
-297.21159272180284	-8.219789461116306
-328.22893184867917	-39.23712858799263
-274.61620562461667	14.37559763606987
-259.66735162358145	29.324451637105085
-315.37351123100143	-26.381707970314892
-275.29871610335886	13.693087157327682
-277.4351699258468	11.556633334839717
-279.52304694143004	9.4687563192565
-310.03704255475077	-21.04523929406423
-293.42583242284945	-4.434029162162915
-291.1133167986036	-2.1215135379170533
-296.4065553286846	-7.414752067998052
-317.45803427122064	-28.466231010534102
-315.10185146089407	-26.11004820020753
-270.3018814251909	18.689921835495625
-271.9869397826178	17.004863478068728
-313.4553015647607	-24.463498304074164
-283.2819358390034	5.709867421683157
-263.82942720955816	25.162376051128376
-293.40845151841404	-4.416648257727502
-272.6355963420856	16.356206918600947
-291.4624345722468	-2.4706313115602825
-250.48788604983474	38.503917210851796
-282.7872294964536	6.204573764232919
-317.8071792533656	-28.815375992679037
-288.5711295285355	0.42067373215104453
-291.33274148287364	-2.3409382221871056
-279.4370750600856	9.554728200600948
-315.1251988777867	-26.133395617100177
-268.13781705553174	20.853986205154797
-315.5544959414028	-26.56269268071628
-270.8656863392016	18.126116921484936
-299.82580546367444	-10.834002202987904
-303.39461955136267	-14.402816290676128
-305.4282835573749	-16.436480296688387
-319.27910437920127	-30.287301118514733
-276.2189193366421	12.772883924044436
-304.2444187869469	-15.252615526260342
-239.39616446813216	49.59563879255438
-284.20559799594685	4.786205264739692
-277.891456606877	11.100346653809538
-254.06103628634355	34.93076697434299
-287.6396895120479	1.3521137486386579
-291.49722122141156	-2.505417960725026
-311.1965995792625	-22.204796318575973
-301.1758948528359	-12.184091592149343
-305.34395160510667	-16.35214834442013
-275.0889491506887	13.902854109997861
-337.83969769454325	-48.84789443385671
-273.76261685345435	15.229186407232191
-271.0070551216404	17.984748139046133
-279.66833889538884	9.323464365297696
-312.5463232776592	-23.554520016972674
-280.7579096083855	8.233893652301049
-275.2688206273515	13.72298263333505
-321.3608594776224	-32.36905621693586
-295.39945215169337	-6.407648891006829
-311.25597760924484	-22.2641743485583
-256.65384637810985	32.33795688257669
-318.0931174871721	-29.101314226485556
-322.090498061144	-33.09869480045745
-286.9211852569633	2.0706180037232116
-263.8545740253385	25.13722923534806
-286.47018384784224	2.521619412844302
-278.04111747888146	10.950685781805078
-253.98048130523875	35.011321955447784
-297.40106784825093	-8.409264587564394
-262.5667429692903	26.42506029139622
-297.2918031468498	-8.299999886163278
-294.2071806875965	-5.215377426909981
-289.83169170436213	-0.8398884436755907
-293.6487018559337	-4.656898595247185
-315.0447112658794	-26.052908005192876
-276.2153628584556	12.776440402230946
-268.62850565459576	20.363297606090782
-273.7860700969968	15.205733163689729
-256.2988019421964	32.69300131849013
-299.69216166825845	-10.700358407571912
-305.1098153826233	-16.118012121936772
-306.1567634143785	-17.164960153691936
-306.96561463863236	-17.97381137794582
-309.59032292235406	-20.598519661667524
-274.6224022334127	14.369401027273852
-265.0211379347811	23.97066532590543
-310.61292490906544	-21.621121648378903
-287.1661294469295	1.825673813757021
-287.1739956235315	1.817807637155056
-303.4815334262885	-14.48973016560194
-325.050100311134	-36.058297050447436
-291.04341816985743	-2.051614909170894
-288.8405951127561	0.151208147930447
-304.6738175142882	-15.682014253601665
-294.0149009789666	-5.023097718280042
-268.07144429382515	20.920358966861386
-346.40693479111997	-57.41513153043343
-302.29664155761475	-13.30483829692821
-281.48534958811706	7.506453672569478
-293.1346607428195	-4.142857482132968
-296.66934198859144	-7.677538727904903
-305.42923093379704	-16.437427673110506
-257.1006665234954	31.89113673719112
-304.5530443430389	-15.561241082352353
-311.4882163506618	-22.49641308997525
-263.9162285811535	25.07557467953302
-286.15348594634906	2.8383173143374734
-312.9164440648083	-23.924640804121736
-262.3373000401398	26.654503220546758
-259.80716893428234	29.184634326404193
-269.11039615302343	19.881407107663108
-307.3172905080346	-18.325487247348065
-278.074849251213	10.916954009473557
-308.59719782988304	-19.605394569196505
-307.51614478060856	-18.524341519922018
-285.5774451318639	3.4143581288226414
-298.35468288786706	-9.362879627180519
-274.845547956028	14.146255304658553
-290.1808693010162	-1.1890660403296351
-340.34854548589556	-51.35674222520902
-247.40317181668706	41.588631443999475
-271.65932139514825	17.332481865538284
-269.97275145546064	19.0190518052259
-269.39049535383583	19.601307906850707
-289.8385989550361	-0.8467956943495665
-298.25725162857907	-9.265448367892532
-305.12685243257783	-16.135049171891296
-294.6618835096515	-5.67008024896495
-308.9346380791603	-19.942834818473784
-320.8435974348895	-31.85179417420295
-339.28466358334754	-50.292860322661
-278.4338602082489	10.557943052437622
-285.5374140550766	3.454389205609914
-282.601534751876	6.39026850881055
-297.9315310745651	-8.939727813878562
-286.5001604422787	2.491642818407854
-339.6289988216222	-50.63719556093565
-270.65920607628414	18.332597184402402
-334.91371724843975	-45.921913987753214
-289.7076511855912	-0.715847924904665
-295.88134363650806	-6.889540375821525
-267.9811176180583	21.010685642628232
-310.37775910723485	-21.385955846548313
-289.7956553141039	-0.8038520534173585
-310.08462375346335	-21.09282049277681
-311.21451759145475	-22.222714330768213
-316.3006471292383	-27.308843868551776
-302.1973539730161	-13.205550712329568
-260.7789180764148	28.212885184271727
-264.4397972232173	24.552006037469255
-266.4877044008963	22.504098859790247
-261.62913591073357	27.36266734995297
-285.5692841941118	3.4225190665747505
-270.5905134682462	18.401289792440366
-282.4648976773815	6.5269055833050516
-296.1337198285537	-7.141916567867156
-277.8991875149286	11.09261574575794
-284.4595285977912	4.532274662895361
-281.7074318828445	7.284371377842035
-308.8363875250134	-19.84458426432684
-292.1255293088825	-3.1337260481959675
-287.9257685583352	1.0660347023513168
-288.59036268790715	0.4014405727793928
-297.11159760512874	-8.119794344442198
-271.5217047959659	17.47009846472065
-256.3198570535378	32.67194620714872
-287.1686352613824	1.8231679993041325
-331.5237452327774	-42.53194197209086
-282.4932587329449	6.498544527741615
-296.55029090848166	-7.558487647795118
-247.13783258812964	41.8539706725569
-256.92360769112474	32.068195569561794
-288.84004134232873	0.15176191835780628
-333.7227141072717	-44.730910846585175
-278.39225251660446	10.59955074408208
-311.4036838040256	-22.411880543339066
-302.0634350917744	-13.07163183108787
-263.89210764012296	25.09969562056358
-306.14398301228994	-17.1521797516034
-254.86493753574086	34.126865724945674
-284.3762076733901	4.615595587296411
-279.59466878233707	9.397134478349471
-285.13278015771994	3.859023102966603
-320.7263612559391	-31.734557995252544
-264.369017471784	24.622785788902547
-309.25349256538084	-20.2616893046943
-299.3601536776905	-10.368350417003967
-300.7928100747731	-11.801006814086577
-294.85858837968317	-5.866785118996631
-288.11966582989317	0.8721374307933729
-285.18968406732074	3.8021191933657974
-330.0372432359063	-41.04543997521978
-281.7724774237349	7.219325836951612
-309.60709502043665	-20.615291759750107
-289.48573657872385	-0.4939333180373069
-263.3313339770166	25.660469283669954
-296.706979377449	-7.71517611676245
-346.46127943091324	-57.4694761702267
-301.9387414487928	-12.946938188106287
-286.6081693026854	2.3836339580011554
-281.5266979325597	7.4651053281268105
-263.49315360851233	25.49864965217421
-303.16160054509874	-14.169797284412198
-300.2118529165955	-11.220049655908952
-284.49721386489455	4.494589395791991
-291.14829710116373	-2.1564938404771965
-302.0633563355286	-13.071553074842086
-287.193390158026	1.798413102660561
-296.3231818113627	-7.331378550676163
-308.57937795248927	-19.58757469180273
-268.343042894724	20.648760365962517
-311.7707167857361	-22.778913525049575
-309.00932661710885	-20.017523356422316
-238.7526524824998	50.23915077818674
-289.47554035114354	-0.483737090456998
-278.11632962617205	10.875473634514492
-274.21654797912106	14.775255281565478
-284.3993808247824	4.5924224359041546
-312.9214009260968	-23.929597665410256
-302.90653892570754	-13.914735665020999
-298.08589762957763	-9.094094368891092
-263.6830069823691	25.30879627831746
-284.691414439053	4.300388821633533
-293.3241532260645	-4.332349965377944
-281.3986598948168	7.593143365869764
-294.5538528308889	-5.562049570202362
-311.73030465066313	-22.73850138997659
-289.49661107799966	-0.5048078173131216
-273.928244703121	15.063558557565557
-288.60248936054177	0.38931390014477074
-295.61748592013373	-6.625682659447193
-287.0633367004548	1.9284665602317546
-274.4634313704073	14.528371890279232
-294.07218451965946	-5.0803812589729205
-283.38484123310536	5.606962027581176
-299.4554094245168	-10.463606163830264
-284.0798154632421	4.9119877974444535
-288.03381024009195	0.9579930205945857
-294.0615687670279	-5.069765506341355
-273.6198739738238	15.371929286862724
-289.77989483431793	-0.7880915736313909
-291.64083814474634	-2.6490348840598017
-300.6307173613668	-11.638914100680267
-246.39286492895098	42.59893833173555
-265.0805263941502	23.911276866536355
-316.7080086382257	-27.716205377539154
-321.4182485250558	-32.42644526436925
-317.22386522133365	-28.232061960647115
-307.1406730656954	-18.14886980500887
-278.74145461341595	10.250348647270584
-306.16429825356227	-17.172494992875727
-332.29045983720334	-43.298656576516805
-281.83781669290966	7.153986567776883
-317.83340116897944	-28.841597908292897
-258.80674017286856	30.18506308781798
-274.80152879677826	14.190274463908281
-284.23998029584527	4.751822964841267
-318.8018480456876	-29.810044785001082
-278.0467127445363	10.94509051615023
-318.0676813237578	-29.075878063071286
-239.41433244043492	49.57747082025162
-292.97684329456297	-3.9850400338764302
-318.75426430536663	-29.762461044680094
-263.9491505988617	25.04265266182483
-296.0752469880599	-7.083443727373378
-265.08832031673865	23.903482943947893
-284.7322930475557	4.259510213130852
-308.6954336773697	-19.703630416683154
-299.1251211796689	-10.133317918982357
-316.6593021879298	-27.667498927243287
-278.5028632456588	10.488940015027765
-268.7740793367475	20.217723923939047
-256.3891747767839	32.60262848390266
-294.8747910980228	-5.882987837336259
-271.40164212296713	17.590161137719406
-354.88922515304057	-65.89742189235403
-337.19473307709904	-48.20292981641251
-254.4147983590874	34.57700490159914
-319.6670289793901	-30.675225718703587
-261.24109966568994	27.750703594996594
-302.00468903467754	-13.012885773991002
-268.1785656885104	20.81323757217615
-270.25957195346473	18.73223130722181
-292.81017196375524	-3.8183687030686997
-318.9194147876906	-29.927611527004046
-272.27026240780015	16.721540852886392
-295.6483869524882	-6.656583691801643
-267.5307736780878	21.461029582598712
-275.12581222471545	13.865991035971092
-279.3569698681449	9.634833392541623
-288.286441722149	0.7053615385375451
-288.9412861936644	0.05051706702215597
-264.5928821087791	24.398921151907416
-271.6557651483372	17.336038112349343
-304.19264179898073	-15.200838538294192
-247.31998313502754	41.671820125658996
-307.2722783468407	-18.280475086154183
-286.59494057651955	2.39686268416699
-303.39189995937977	-14.400096698693233
-315.2375067449384	-26.245703484251862
-280.80959445394456	8.182208806741983
-288.39800658320655	0.5937966774799861
-319.9300557882734	-30.938252527586883
-261.09059116519984	27.9012120954867
-270.052866862904	18.938936397782527
-262.41520617031256	26.57659709037398
-339.63771218197417	-50.64590892128763
-291.4624153338	-2.4706120731134433
-303.8950544005411	-14.903251139854547
-288.79717890309166	0.19462435759487562
-324.487772327112	-35.49596906642546
-269.6935127658862	19.298290494800312
-316.0868571433739	-27.095053882687353
-251.3889920813299	37.60281117935665
-309.24293682071493	-20.251133560028393
-296.82500076342603	-7.833197502739495
-297.51940036628275	-8.527597105596215
-280.605862875228	8.385940385458525
-282.38656506238385	6.605238198302686
-292.97277181297886	-3.9809685522923246
-284.733421982869	4.258381277817534
-302.85150845729277	-13.859705196606228
-299.65000208221954	-10.658198821533006
-316.99233112919956	-28.000527868513018
-337.01655824961836	-48.02475498893182
-270.70164776857473	18.290155492111808
-312.07761937876694	-23.085816118080402
-266.5656136534735	22.42618960721302
-256.47487413064573	32.51692913004081
-249.1719078613014	39.81989539938513
-265.628258162752	23.363545097934548
-267.5443086563819	21.447494604304666
-294.6377153664571	-5.645912105770549
-323.93071871447955	-34.938915453793015
-336.58546342865793	-47.59366016797139
-347.0258770370774	-58.03407377639087
-311.0481439891364	-22.056340728449868
-291.7873066533566	-2.7955033926700708
-300.21546787761963	-11.223664616933092
-277.47773241367304	11.5140708470135
-262.5527342594787	26.439069001207827
-258.19031072200505	30.801492538681487
-312.9616959759069	-23.96989271522034
-273.89138293943597	15.100420321250567
-290.8929344696435	-1.90113120895694
-287.3251263339689	1.6666769267176278
-293.38129125787873	-4.389487997192191
-296.1152308312803	-7.123427570593776
-297.99431526019816	-9.002511999511626
-283.62040166719	5.371401593496557
-273.6979900204378	15.29381324024871
-271.3479391450737	17.643864115612814
-293.16368579205937	-4.17188253137283
-316.23493456211054	-27.243131301424
-306.09397238791917	-17.102169127232628
-277.9061957343283	11.085607526358217
-284.69649860497793	4.295304655708605
-280.045951940926	8.94585131976055
-315.7782748802774	-26.786471619590884
-308.1157601122022	-19.123956851515686
-278.1964490025921	10.795354258094449
-275.18182448096104	13.809978779725498
-319.7898966080602	-30.79809334737365
-315.69726428196645	-26.705461021279916
-317.8077607494406	-28.815957488754066
-306.1716961498814	-17.17989288919489
-287.2232789077307	1.7685243529558647
-303.96308699028214	-14.971283729595598
-290.7608701803174	-1.769066919630859
-312.41891439185474	-23.427111131168203
-291.0621673639025	-2.0703641032159794
-267.5984443118132	21.393358948873356
-261.2811636994802	27.710639561206335
-262.0312702894653	26.960532971221255
-287.5935920553957	1.3982112052908633
-244.45349420094044	44.5383090597461
-254.6236478240089	34.368155436677625
-278.5988403578149	10.392962902871659
-291.7532953103573	-2.761492049670778
-307.09193974595746	-18.100136485270923
-246.9698373694764	42.02196589121013
-299.9449653264228	-10.953162065736251
-287.04349994321	1.9483033174765296
-296.0452850944339	-7.053481833747355
-323.4144559641345	-34.422652703447966
-315.9330701544159	-26.941266893729335
-294.994840479535	-6.003037218848476
-300.9711949613329	-11.979391700646374
-244.12979252036075	44.862010740325786
-277.89710179674785	11.09470146393869
-299.7527771560044	-10.760973895317875
-275.52222015704956	13.469583103636978
-273.66813181011	15.323671450576512
-296.446471161521	-7.454667900834465
-320.276855568015	-31.285052307328442
-296.7742988498567	-7.782495589170139
-273.0445863112318	15.947216949454742
-295.2545182972308	-6.26271503654425
-270.5633140244963	18.428489236190217
-308.5405996364343	-19.54879637574777
-308.0851959595957	-19.093392698909156
-271.0195275449287	17.97227571575786
-251.32126384521598	37.67053941547056
-276.9302257234149	12.06157753727166
-260.420371069099	28.57143219158752
-316.5906313629739	-27.59882810228737
-317.0631143883429	-28.071311127656372
-323.8882168874761	-34.89641362678958
-295.85953613040965	-6.867732869723113
-291.93828720159127	-2.946483940904727
-301.2537326037045	-12.261929343017982
-316.14671276526406	-27.154909504577518
-301.0727992032398	-12.080995942553272
-258.0040719084709	30.987731352215633
-309.99372836285966	-21.001925102173118
-308.1274430261319	-19.135639765445376
-284.8206861249846	4.171117135701934
-293.8975056735426	-4.905702412856044
-327.19117490995905	-38.19937164927251
-286.0631895637407	2.928613696945831
-298.50908492370854	-9.517281663022004
-318.22486299444336	-29.233059733756818
-312.9558522492507	-23.964048988564173
-250.23197484731554	38.759828413371
-289.30730384380786	-0.31550058312132023
-287.29953444693	1.6922688137565274
-309.0410219594114	-20.04921869872487
-285.30268081704617	3.689122443640372
-270.9893016802589	18.002501580427634
-286.7209287750511	2.2708744856354315
-284.1455055612523	4.846297699434217
-256.0837697449815	32.90803351570503
-250.97643056100696	38.015372699679574
-253.36514640039877	35.62665686028777
-304.9046169301646	-15.912813669478055
-313.4516738143202	-24.459870553633664
-301.44110613135035	-12.449302870663814
-329.9767590867041	-40.98495582601754
-301.66259044597155	-12.670787185285008
-268.4676674392167	20.524135821469827
-299.87634231396714	-10.884539053280605
-313.7072682718199	-24.715465011133347
-278.43533387494153	10.556469385745004
-266.0925650580821	22.899238202604465
-288.80117015350606	0.19063310718047433
-313.91688462977527	-24.92508136908873
-289.6320560411468	-0.6402527804602869
-260.6182879218168	28.373515338869765
-307.71769890517226	-18.725895644485718
-357.8577002458833	-68.86589698519674
-275.9723712393816	13.019432021304965
-305.5467534790432	-16.55495021835668
-311.46999173176937	-22.47818847108283
-273.0556899017456	15.93611335894093
-277.38800035817894	11.603802902507596
-288.3188297501101	0.6729735105764121
-319.24252718281696	-30.25072392213042
-301.9859656354156	-12.994162374729058
-305.7605334238533	-16.768730163166765
-255.51217712571724	33.479626134969294
-244.25056765265526	44.741235608031275
-331.7572918429132	-42.76548858222668
-270.9096568892046	18.08214637148194
-279.2406749215652	9.751128339121351
-270.34756806625865	18.644235194427893
-313.7095178853697	-24.71771462468314
-234.88107406734252	54.110729193344014
-294.39835771827256	-5.406554457586026
-291.59421506732815	-2.602411806641612
-313.45134949677504	-24.4595462360885
-294.49766196196197	-5.505858701275429
-269.35376689649183	19.638036364194704
-251.82554459166477	37.16625866902177
-288.8076855366444	0.18411772404215299
-264.8784662845346	24.113336976151913
-315.1675217062211	-26.175718445534585
-316.38806268836834	-27.396259427681798
-291.01567862633146	-2.023875365644926
-305.1296846692776	-16.137881408591056
-280.3591346386738	8.632668622012716
-252.27523177005696	36.716571490629576
-285.30299486900094	3.6888083916855976
-247.1394809469557	41.85232231373084
-266.2235809020558	22.768222358630737
-232.11164530685983	56.88015795382671
-300.3061332173738	-11.314329956687288
-295.5877142644231	-6.595911003736546
-293.7465998393227	-4.75479657863616
-281.96897476366485	7.022828497021692
-277.90802882162734	11.083774439059198
-263.73482419805714	25.256979062629398
-306.33804794647494	-17.346244685788406
-322.3951371036155	-33.40333384292899
-286.04237563095285	2.949427629733691
-301.16391870279676	-12.172115442110226
-255.32851442449373	33.663288836192805
-318.1538832942233	-29.162080033536768
-296.05681967449254	-7.065016413806006
-323.6480976454832	-34.65629438479664
-303.9588178491895	-14.967014588502934
-299.0469914037012	-10.055188143014675
-256.66478537083367	32.32701788985287
-283.1647725682624	5.8270306924241595
-315.2825864409888	-26.290783180302242
-330.08557287500935	-41.09376961432281
-303.3577694196638	-14.365966158977244
-271.16251373662726	17.829289524059277
-300.8952403221256	-11.903437061439035
-288.51251482977295	0.4792884309135843
-279.84749633951924	9.1443069211673
-323.703924267661	-34.712121006974485
-281.81529396975293	7.176509290933609
-259.08757037234955	29.904232888336992
-319.6817456208728	-30.68994236018625
-285.44534647845194	3.5464567822346
-301.41666466878723	-12.424861408100696
-319.9965080324537	-31.004704771767138
-334.57704279367226	-45.585239532985725
-275.66260013178453	13.329203128902009
-263.91339734824487	25.078405912441667
-318.42533392059613	-29.433530659909593
-276.53562830233477	12.456174958351767
-286.6200565083627	2.3717467523238156
-324.2682953590038	-35.27649209831725
-290.7995787334721	-1.807775472785579
-288.3540912382514	0.6377120224351529
-306.9341573523334	-17.94235409164685
-314.42101149912105	-25.429208238434512
-330.5552969290502	-41.56349366836366
-292.79460818776624	-3.8028049270797055
-341.8950027348392	-52.90319947415264
-312.452616858317	-23.460813597630477
-248.8438093569921	40.14799390369444
-268.2030627986451	20.78874046204146
-278.169852086422	10.821951174264541
-286.0827795643336	2.9090236963529605
-324.1803252026648	-35.18852194197825
-261.1729549393558	27.818848321330734
-262.17536969365665	26.81643356702989
-267.2766193766938	21.715183883992722
-285.82487385108016	3.1669294096063823
-288.21425565634036	0.7775476043461822
-295.9310494247102	-6.939246164023643
-325.7745654965611	-36.78276223587454
-239.21341749134353	49.778385769343004
-306.16516104633683	-17.173357785650296
-277.2530763598252	11.738726900861366
-281.7050783003424	7.286724960344145
-299.1103589789045	-10.118555718217976
-277.0183610065351	11.97344225415145
-262.32057312945017	26.67123013123637
-296.7746560762089	-7.782852815522347
-270.93515518816184	18.056648072524695
-302.4981704899319	-13.50636722924537
-302.5489077815355	-13.557104520848952
-288.99178115059385	2.2110092686489224e-05
-304.0446179608616	-15.052814700175077
-282.45299428636554	6.538808974321
-289.4699252310302	-0.47812197034363635
-291.59815214334867	-2.6063488826621324
-279.6311028203263	9.360700440360233
-297.3824107683822	-8.390607507695677
-270.8920077333378	18.09979552734876
-268.81522166137347	20.176581599313067
-271.74584814611353	17.245955114573007
-281.75079258772075	7.2410106729657855
-296.94631847854816	-7.954515217861626
-294.18452531345883	-5.192722052772297
-264.76303360694783	24.22876965373871
-303.1261841799633	-14.134380919276737
-355.07698727721345	-66.08518401652691
-267.1630708249495	21.828732435737038
-294.19478867030466	-5.2029854096181225
-289.00231209076355	-0.010508830077014863
-310.81984663477397	-21.82804337408743
-297.9680641551595	-8.976260894472944
-249.92449755104371	39.067305709642824
-284.5988988725503	4.39290438813623
-289.71936715128595	-0.7275638905994128
-299.78416692377414	-10.792363663087599
-307.2451792661659	-18.253376005479367
-268.25168976082114	20.7401134998654
-279.6507364739873	9.34106678669923
-264.1492138617241	24.842589398962446
-311.42216877545343	-22.43036551476689
-258.65531656445	30.336486696236534
-283.8712911112152	5.120512149471324
-296.0582000880013	-7.0663968273147475
-317.6228774916881	-28.63107423100155
-308.961072373545	-19.969269112858456
-302.42885063782796	-13.437047377141425
-270.2665989478328	18.725204312853748
-302.86574429927623	-13.873941038589692
-275.1857415928016	13.806061667884933
-284.4625826725596	4.529220588126918
-250.7246145605668	38.26718870011973
-262.3769622191239	26.614841041562613
-327.03276907462623	-38.04096581393969
-286.3227470263	2.6690562343865167
-274.3493561448331	14.642447115853429
-276.24359462423945	12.748208636447089
-321.2787882880575	-32.286985027370974
-269.43385380409654	19.557949456589995
-311.5921162502118	-22.600312989525264
-293.3686870838783	-4.376883823191747
-259.8159208856732	29.175882375013316
-266.17638507516585	22.815418185520684
-328.5640346406353	-39.57223137994879
-271.72467841608795	17.267124844598584
-282.57435070544943	6.417452555237105
-264.90634533386674	24.0854579268198
-316.6431308252713	-27.65132756458479
-314.7678144706215	-25.77601120993495
-266.3501966961403	22.641606564546237
-277.39287732398134	11.5989259367052
-306.05718389490266	-17.065380634216126
-267.0785382554668	21.913265005219728
-309.77880455101604	-20.7870012903295
-276.8982584330579	12.093544827628648
-305.6973094514897	-16.705506190803135
-283.51862650395833	5.473176756728208
-290.0669789671583	-1.0751757064717822
-304.30659887647835	-15.314795615791809
-305.89656677573566	-16.904763515049126
-308.6767136293265	-19.684910368639976
-268.40397967144145	20.58782358924509
-278.61191265118305	10.37989060950349
-282.5066118492605	6.485191411426058
-308.93076477734485	-19.93896151665831
-283.5042447844962	5.487558476190316
-303.94621793555325	-14.954414674866712
-286.8554728172812	2.1363304434053134
-252.32929564915594	36.6625076115306
-273.50362563146973	15.488177629216807
-274.3330802670889	14.658722993597621
-280.99240576902866	7.999397491657874
-283.1673255186388	5.824477742047748
-272.1544963477272	16.83730691295932
-288.88203962801254	0.10976363267400302
-296.37204403895066	-7.380240778264124
-268.978493087131	20.01331017355551
-286.26219545673575	2.7296078039507847
-278.63094355133126	10.360859709355282
-241.27967335923222	47.71212990145432
-268.93299506085805	20.05880819982849
-296.9660944052366	-7.9742911445500795
-255.31777878730554	33.674024473380996
-303.2419281360844	-14.250124875397887
-256.35413279840486	32.637670462281676
-253.2186661818041	35.77313707888243
-318.2911584604508	-29.29935519976425
-278.017414644818	10.97438861586852
-302.34578488961324	-13.353981628926704
-271.89845264399537	17.09335061669117
-306.1135031152726	-17.12169985458604
-282.0801166595402	6.911686601146357
-335.16229528167514	-46.170492020988604
-268.3753102874243	20.61649297326221
-293.9880336029082	-4.996230342221679
-328.1414084142516	-39.14960515356506
-276.8218322804232	12.169970980263315
-284.3640560953563	4.62774716533022
-285.66416372611184	3.3276395345747005
-294.3345559395302	-5.342752678843681
-285.7775772653031	3.214225995383458
-298.5537048892793	-9.56190162859275
-289.19070359440866	-0.198900333722122
-300.32289239370493	-11.331089133018395
-300.3260797765315	-11.334276515844977
-288.0653169456846	0.9264863150019664
-303.6802462381229	-14.688442977436353
-300.02273412464183	-11.030930863955291
-297.75930329571474	-8.767500035028206
-289.7095074709132	-0.7177042102266569
-267.66321146595055	21.328591794735985
-283.58526235352383	5.406540907162707
-278.36140112249177	10.630402138194768
-304.5517763051239	-15.559973044437356
-268.7684237242129	20.223379536473658
-291.75915747335875	-2.767354212672217
-297.0392227950715	-8.047419534384971
-290.70371139395047	-1.7119081332639325
-311.9821587468823	-22.990355486195767
-254.55149159893972	34.44031166174682
-281.15544485931514	7.836358401371399
-300.9372848289704	-11.945481568283867
-278.5461258952773	10.44567736540921
-280.98044132594714	8.011361934739398
-284.17823176411093	4.813571496575605
-305.75183896597355	-16.76003570528701
-274.5606582481623	14.431145012524212
-285.05516132187677	3.936641938809771
-287.7123412154824	1.2794620452041272
-278.8449641672114	10.146839093475137
-327.33256645968413	-38.34076319899759
-295.00569797754633	-6.013894716859795
-308.21057336203285	-19.21877010134631
-279.88437004971547	9.107433210971067
-281.2413914697745	7.75041179091204
-277.2055425941571	11.786260666529415
-293.3473158962943	-4.355512635607738
-309.5750842790212	-20.583281018334674
-331.67075481186384	-42.678951551177306
-301.51060082899403	-12.518797568307491
-330.9791023025673	-41.98729904188076
-285.13015290581734	3.861650354869198
-324.4660114529752	-35.47420819228864
-274.2617484413413	14.730054819345241
-296.05743881774015	-7.065635557053611
-276.3400888896931	12.651714370993432
-280.985579431107	8.00622382957954
-307.5283210624393	-18.53651780175278
-266.98968151696954	22.002121743716998
-270.79420963153007	18.197593629156472
-292.86667887306885	-3.8748756123823114
-320.0679025697091	-31.07609930902254
-261.37331695027297	27.618486310413573
-291.9382901033887	-2.946486842702143
-276.89069060206293	12.101112658623606
-301.51187255127934	-12.5200692905928
-296.91270705171974	-7.920903791033197
-313.8423650360992	-24.850561775412643
-265.51567106786297	23.47613219282357
-288.7636767824797	0.22812647820683196
-259.1714468232158	29.820356437470764
-282.33205441733935	6.659748843347188
-318.87903805882434	-29.887234798137797
-277.6979359907482	11.293867269938346
-344.7047967160679	-55.712993455381365
-306.05555902781543	-17.063755767128896
-263.08467975001895	25.90712351066759
-273.5973709264281	15.394432334258454
-315.8204164985136	-26.828613237827085
-267.3221385415445	21.66966471914202
-249.58793148595487	39.40387177473167
-297.87446452923814	-8.882661268551601
-316.24982918504156	-27.258025924355024
-274.4835500546533	14.50825320603326
-327.91000654661093	-38.91820328592439
-335.2953592508193	-46.303555990132736
-311.2168710194155	-22.225067758728983
-278.549185185685	10.44261807500152
-328.0584224196127	-39.06661915892619
-320.7918457205442	-31.80004245985765
-308.03431978064236	-19.042516519955825
-283.8170421392342	5.17476112145232
-255.79837255260554	33.193430708080996
-300.08661445433154	-11.094811193645
-274.59579489620864	14.396008364477893
-346.9082092329254	-57.91640597223886
-263.44892787804474	25.542875382641796
-298.96829960407103	-9.976496343384497
-269.0823698321974	19.909433428489137
-274.2396286032954	14.752174657391151
-297.1662906103802	-8.174487349693663
-334.0764178686868	-45.084614608000265
-263.88880398560195	25.102999275084585
-292.0220660964469	-3.030262835760368
-324.9117893820139	-35.91998612132738
-284.3200267709535	4.67177648973302
-291.44453984995835	-2.452736589271808
-264.83682707157914	24.1549761891074
-313.30883079818796	-24.317027537501417
-310.9831549879955	-21.99135172730894
-312.69368966269303	-23.701886402006494
-271.3127964315563	17.67900682913023
-303.85985445102324	-14.8680511903367
-299.7428313974442	-10.751028136757668
-274.7610255770769	14.230777683609631
-289.32760218620297	-0.3357989255164284
-291.79717097084267	-2.8053677101561334
-267.6385138023097	21.35328945837682
-285.8877559634484	3.1040472972381394
-255.88292306177664	33.1088801989099
-300.19662990097186	-11.204826640285319
-329.17673352205657	-40.18493026137003
-317.8344805488223	-28.842677288135746
-297.7600682069233	-8.76826494623674
-278.21076383563104	10.781039425055496
-303.82453811735377	-14.83273485666723
-279.73749838075946	9.254304879927076
-304.5275628156296	-15.53575955494307
-302.4781812520732	-13.48637799138669
-293.690814028515	-4.69901076782844
-312.6238762631465	-23.632073002459947
-295.2330121090845	-6.241208848397946
-255.95962390916884	33.0321793515177
-274.50048872222305	14.491314538463484
-311.50451324506776	-22.512709984381218
-302.563398303485	-13.571595042798435
-282.116017698826	6.875785561860539
-285.0128514642338	3.9789517964527477
-301.2178726492193	-12.226069388532778
-290.6708388189936	-1.6790355583070777
-281.8637780319177	7.12802522876882
-272.26553995947233	16.726263301214203
-278.7084224492637	10.28338081142283
-291.73929743101235	-2.7474941703258082
-281.0291296731657	7.96267358752084
-311.8748749730794	-22.883071712392848
-298.2600178298226	-9.268214569136035
-270.4572026327869	18.534600627899636
-259.4146544093592	29.577148851327365
-269.5383213668456	19.453481893840944
-295.54813295342956	-6.55632969274302
-306.14328994889274	-17.151486688206205
-286.7987388211104	2.193064439576119
-278.391377998566	10.600425262120552
-321.73876494392516	-32.746961683238624
-321.6383456583344	-32.64654239764786
-268.03220188375326	20.95960137693328
-314.75170868154146	-25.75990542085492
-261.7886202315485	27.203183029138017
-330.09056221623086	-41.09875895554433
-296.83270784111573	-7.840904580429196
-279.9167712508852	9.075032009801362
-291.45964393306986	-2.4678406723833177
-268.17270704107705	20.81909621960949
-279.90004178403524	9.0917614766513
-324.327065978453	-35.335262717766454
-293.7217839154391	-4.7299806547525804
-308.7602636127476	-19.768460352061084
-284.97936761011715	4.012435650569387
-273.87617716922887	15.11562609145767
-281.8185379707638	7.1732652899227105
-285.61193735011966	3.3798659105668776
-334.452426306284	-45.46062304559746
-279.28353065548345	9.708272605203092
-276.8834649095288	12.108338351157727
-345.3179041199537	-56.32610085926717
-290.58611833204395	-1.5943150713574141
-255.6250251401425	33.36677812054404
-276.95500551119676	12.036797749489779
-286.5667482050985	2.425055055588018
-306.5482187536463	-17.556415492959786
-290.0863744505541	-1.0945711898675654
-272.4106365890975	16.581166671589017
-271.5110082794481	17.480794981238432
-307.62058303981667	-18.628779779130127
-287.7548032082477	1.237000052438816
-282.48407690459044	6.5077263560961
-302.4816288955253	-13.48982563483878
-290.47485462825625	-1.4830513675697148
-281.9315884472662	7.060214813420316
-279.69716824305124	9.2946350176353
-261.1666449562972	27.825158304389333
-264.6252280562976	24.366575204388937
-293.152944679975	-4.1611414192884695
-247.90648518047874	41.0853180802078
-314.5822350300068	-25.590431769320276
-272.94050124359546	16.051302017091075
-276.3348656408116	12.656937619874952
-258.9688125601597	30.02299070052686
-276.92309109819234	12.068712162494194
-336.3075751568458	-47.315771896159276
-302.2885840534791	-13.29678079279256
-268.1815372009796	20.81026605970692
-320.1495576403604	-31.15775437967386
-309.44634060080625	-20.454537340119714
-278.22213639914753	10.769666861539008
-279.6238550557673	9.36794820491923
-241.97564918599437	47.01615407469217
-262.62719147328517	26.364611787401373
-281.4863582349708	7.505445025715744
-266.95094283023263	22.040860430453904
-271.913596061574	17.078207199112512
-276.968222619259	12.023580641427543
-199.2253918418346	89.76641141885193
-311.6872892001911	-22.69548593950458
-256.0759563354868	32.91584692519973
-301.62818747883193	-12.636384218145395
-272.8509735130565	16.14082974763005
-258.9514583749906	30.04034488569596
-272.42214355939996	16.569659701286582
-312.33016240613415	-23.338359145447612
-313.88278636908854	-24.890983108401997
-269.5773144734185	19.414488787268056
-276.1163780121924	12.875425248494139
-310.56667950943574	-21.574876248749206
-295.6806228173582	-6.68881955667166
-279.64195957240645	9.349843688280089
-271.88538629950835	17.106416961178184
-279.4575965347676	9.53420672591892
-278.44156682638913	10.550236434297403
-333.85280021605195	-44.86099695536541
-295.2137189001287	-6.221915639442159
-296.7173831869359	-7.725579926249338
-237.88298382850826	51.10881943217828
-282.780832927986	6.210970332700526
-313.983504494091	-24.991701233404456
-292.6051878197677	-3.613384559081169
-325.97550620498714	-36.9837029443006
-268.16093079925395	20.83087246143259
-298.3201296219695	-9.328326361282961
-283.24299891792816	5.748804342758376
-298.72845578029865	-9.736652519612107
-302.4342424364504	-13.442439175763866
-304.4444428679917	-15.452639607305173
-299.03533565429734	-10.043532393610803
-263.48929182907796	25.502511431608582
-242.54371829434876	46.448084966337774
-359.78377776923935	-70.79197450855281
-282.8536757171596	6.1381275435269345
-295.78930982911606	-6.797506568429526
-285.24547444990367	3.7463288107828703
-253.79424079486398	35.19756246582256
-307.22111624248555	-18.229312981799012
-294.0530296880088	-5.061226427322254
-308.67396792850104	-19.682164667814504
-335.1334422938153	-46.14163903312874
-262.5597686598694	26.432034600817133
-262.386910361899	26.60489289878751
-272.03470168835247	16.957101572334068
-284.30144126403957	4.6903619966469705
-291.1033201891614	-2.1115169284748845
-271.8917492119863	17.100054048700258
-261.2120913232711	27.779711937415414
-320.01103465790857	-31.01923139722203
-330.8736799633689	-41.88187670268235
-281.6498629472544	7.341940313432133
-329.3675729672459	-40.37576970655937
-306.717453385666	-17.72565012497944
-277.363958954541	11.627844306145562
-277.33704649132324	11.654756769363303
-314.4869217769219	-25.49511851623538
-303.17035453460176	-14.178551273915218
-282.05888660184337	6.932916658843169
-307.74031763709263	-18.748514376406092
-286.30285245438336	2.6889508063031826
-289.2495593892154	-0.2577561285288539
-293.1303400430688	-4.138536782382289
-275.8728389364469	13.118964324239641
-290.8811241446447	-1.8893208839581348
-274.6815917926933	14.310211467993213
-281.6243496911402	7.367453569546342
-259.0521782136266	29.939625047059963
-310.283541617383	-21.29173835669644
-296.0191533510142	-7.027350090327673
-258.29554700335484	30.696256257331697
-290.65715340678344	-1.6653501460968982
-383.06835450050767	-94.07655123982113
-269.8872777191782	19.104525541508337
-268.9846317198744	20.007171540812124
-347.137638704814	-58.14583544412744
-285.6625441980932	3.329259062593337
-299.4265222436434	-10.434718982956838
-282.28677495440115	6.705028306285385
-300.03348641021057	-11.041683149524033
-273.58328532461655	15.408517936069984
-259.95191830870226	29.039884951984277
-265.2874502159748	23.704353044711752
-273.75860250222377	15.233200758462772
-253.20451653456894	35.7872867261176
-286.9863458935497	2.0054573671368416
-302.02081321298374	-13.029009952297201
-303.3250031876005	-14.333199926913949
-317.1687524954532	-28.176949234766653
-255.41389999770672	33.57790326297982
-294.0687296186434	-5.076926357956836
-273.6038225912407	15.387980669445824
-282.9969980172091	5.994805243477458
-294.44725033867053	-5.45544707798399
-292.32914756712034	-3.337344306433806
-287.4659217220242	1.525881538662361
-281.2722128982632	7.719590362423332
-279.29210855182373	9.699694708862808
-251.7362341990438	37.255569061642746
-308.9741257966007	-19.982322535914136
-238.74560810848834	50.2461951521982
-266.79802665867373	22.193776602012804
-304.0763929775776	-15.08458971689106
-318.05328686793564	-29.0614836072491
-248.74351434973414	40.2482889109524
-301.1688825489464	-12.177079288259847
-265.00544297659417	23.98636028409237
-283.4589381851465	5.53286507554003
-269.64018179423056	19.35162146645598
-257.3089689642575	31.682834296429064
-280.0790068692795	8.912796391407028
-304.73770491030064	-15.745901649614098
-276.06676265980695	12.925040600879584
-290.1217099912965	-1.129906730609946
-277.4190233369218	11.572779923764756
-310.75143730723994	-21.7596340465534
-301.4450767527369	-12.453273492050357
-301.9359568593709	-12.944153598684352
-261.3007242277881	27.691079032898415
-320.4968537525774	-31.50505049189087
-246.24197608968007	42.74982717100647
-297.3193751505669	-8.327571889880346
-259.6427198944648	29.34908336622175
-326.51085244930346	-37.51904918861692
-296.4527643719548	-7.4609611112682614
-275.5946878141467	13.397115446539829
-295.683920550734	-6.692117290047463
-277.94835151696225	11.04345174372429
-272.62237900535456	16.369424255331978
-289.9528203029977	-0.9610170423111413
-291.4429215899645	-2.4511183292779606
-284.41379194897945	4.578011311707087
-288.9270838360744	0.06471942461212166
-252.25750972571313	36.7342935349734
-286.68055775824814	2.311245502438396
-284.79099950225554	4.200803758430993
-276.07097937878916	12.920823881897377
-300.344595825175	-11.352792564488482
-302.52609924566696	-13.534295984980417
-305.87662740091673	-16.884824140230194
-300.70200141480655	-11.710198154120008
-267.85814815185495	21.13365510883159
-304.5909383764001	-15.59913511571358
-290.046283497496	-1.054480236809468
-281.0051416125416	7.9866616481449455
-327.2602436897496	-38.26844042906305
-287.58325214121487	1.4085511194716673
-283.8557743568299	5.136028903856641
-296.79326105600103	-7.801457795314491
-305.72735074470165	-16.735547484015115
-275.39490544591445	13.596897814772092
-289.29182056945046	-0.30001730876392685
-293.25686195195067	-4.26505869126413
-338.64323023999805	-49.65142697931151
-278.1907421242713	10.801061136415228
-340.33297847911945	-51.34117521843291
-310.94555302961726	-21.95374976893072
-294.4416198608151	-5.449816600128543
-319.41624810915437	-30.42444484846783
-289.48100031966806	-0.48919705898151733
-297.0167397284449	-8.02493646775838
-265.74190171961436	23.249901541072177
-253.48086694862923	35.51093631205731
-278.87062775534923	10.121175505337305
-312.13224689874096	-23.14044363805442
-274.8165832512814	14.175220009405166
-314.2596495769021	-25.267846316215582
-321.6269069708569	-32.63510371017037
-306.12844825226694	-17.136644991580397
-282.59593407500415	6.395869185682386
-263.5109460539452	25.480857206741348
-300.68514816310835	-11.693344902421813
-313.1583310980268	-24.166527837340254
-308.701297470855	-19.709494210168486
-288.9295812494447	0.06222201124182902
-269.2187525666004	19.773050694086123
-268.53640950007593	20.455393760610605
-289.1509837291296	-0.15918046844308265
-255.62094773089393	33.37085552979261
-254.041829820947	34.94997343973955
-260.07986676866767	28.911936492018867
-285.51150662378404	3.4802966369024944
-304.51162102619764	-15.519817765511107
-297.65717135732757	-8.665368096641032
-285.2853555448446	3.7064477158419322
-244.72773258262077	44.264070678065764
-294.9591298188525	-5.967326558165951
-268.880095656953	20.11170760373352
-290.5089024815161	-1.5170992208295502
-289.71087212175826	-0.7190688610717189
-315.9002213634003	-26.908418102713767
-326.9437231779948	-37.95191991730826
-307.0520650588651	-18.060261798178544
-289.4096250755165	-0.4178218148299493
-290.7150623353873	-1.7232590747007634
-331.96636274418324	-42.974559483496705
-261.8173034207639	27.174499839922646
-266.783182920065	22.208620340621565
-296.1454032242682	-7.153599963581655
-282.0310317099711	6.960771550715435
-296.69965186923855	-7.707848608552013
-266.8906447591935	22.101158501493046
-286.05946347716144	2.9323397835250944
-329.0180636496725	-40.026260388985975
-245.08496924873089	43.90683401195565
-233.76760650204142	55.22419675864512
-276.8540150037943	12.137788256892236
-281.64972563194806	7.34207762873848
-256.5243000193359	32.46750324135064
-291.1018903877912	-2.1100871271046344
-285.2260269713506	3.7657762893359177
-276.6636635916284	12.328139669058146
-279.9438964405772	9.047906820109347
-329.8468651805515	-40.855061919864966
-270.9959603655361	17.995842895150417
-312.4193335636728	-23.42753030298627
-287.6213962689717	1.3704069917148445
-287.6476825539348	1.3441207067517098
-314.65567371571433	-25.66387045502779
-264.93655753993426	24.055245720752282
-302.30405839828654	-13.312255137600005
-235.09626809451493	53.89553516617161
-280.9721725880727	8.019630672613857
-280.28789795186367	8.703905308822868
-259.0797727475792	29.91203051310731
-281.0481367765087	7.943666484177811
-315.3499279036396	-26.358124642953044
-293.0313507933379	-4.039547532651341
-317.04278633195554	-28.050983071269002
-285.99648829647685	2.9953149642096832
-286.9329076239874	2.0588956366991624
-318.3764281680551	-29.38462490736856
-229.936931878844	59.05487138184253
-310.82852927184194	-21.836726011155406
-298.5832140223856	-9.59141076169908
-293.1544938260258	-4.16269056533929
-244.99579543075288	43.99600782993366
-302.0822179494926	-13.09041468880605
-278.1940985644387	10.79770469624782
-292.68657246781277	-3.694769207126228
-298.59282759253165	-9.60102433184511
-294.66667543374115	-5.6748721730546094
-284.79815857306585	4.19364468762069
-298.65874231917314	-9.666939058486605
-240.6736407147464	48.31816254594014
-302.6900815065519	-13.698278245865367
-285.8909826532099	3.100820607476635
-288.45721029582546	0.5345929648610763
-288.88982043091437	0.10198282977216877
-284.0912119171908	4.900591343495762
-229.28358670815123	59.708216552535305
-248.81686809955045	40.17493516113609
-315.55873054154563	-26.56692728085909
-253.1654099263169	35.82639333436964
-287.1740236860269	1.817779574659653
-305.47266371221394	-16.480860451527406
-289.2945536016405	-0.30275034095393494
-261.4564003979822	27.53540286270436
-307.8254668272775	-18.833663566590985
-269.2921795011125	19.699623759574024
-286.29235200268795	2.6994512579985894
-289.8192330010561	-0.8274297403695527
-333.5686849568656	-44.57688169617904
-286.1753042935952	2.81649896709132
-323.97014053185467	-34.97833727116813
-310.50445113120713	-21.512647870520595
-307.5427499388379	-18.550946678151377
-281.9137108723726	7.078092388313962
-254.6205476933601	34.37125556732644
-295.8466112057131	-6.85480794502655
-260.45864991176404	28.533153348922497
-309.10621062342307	-20.11440736273653
-266.21209370326596	22.779709557420574
-291.18573871737226	-2.193935456685722
-250.28481832046873	38.70698494021781
-296.7022754936397	-7.71047223295318
-268.6583298323885	20.33347342829802
-283.6703986162238	5.321404644462746
-301.75899356078935	-12.767190300102811
-299.27805572366105	-10.286252462974517
-252.62265067284807	36.36915258783847
-263.10576795276484	25.886035307921702
-279.0323659593623	9.959437301324215
-266.4926442181668	22.49915904251975
-296.41420501065204	-7.422401749965502
-271.19217963291794	17.799623627768597
-251.85139941522266	37.14040384546388
-281.1726116441632	7.819191616523312
-291.15742602876617	-2.165622768079629
-295.6281326869421	-6.636329426255543
-274.10592521193666	14.885878048749873
-288.4958931731153	0.49591008757124655
-296.05034218672427	-7.058538926037727
-323.58793746685024	-34.5961342061637
-318.29133506904236	-29.299531808355823
-297.9640003212471	-8.972197060560575
-337.7483701314404	-48.756566870753886
-302.53144753700235	-13.539644276315812
-305.9148509395518	-16.92304767886526
-283.35907901988594	5.632724240800599
-277.7657621155586	11.226041145127965
-311.61623382817834	-22.6244305674918
-320.74017306934456	-31.748369808658026
-277.19153205336534	11.800271207321202
-312.42495284441156	-23.433149583725026
-301.10518210709324	-12.113378846406704
-281.480252072236	7.5115511884505395
-302.5841391483473	-13.592335887660738
-290.071342174625	-1.0795389139384497
-274.3362046846805	14.655598576006014
-282.2960059978859	6.695797262800625
-291.4638535086333	-2.472050247946754
-306.45789672299634	-17.4660934623098
-270.4162590740225	18.575544186664047
-299.6262190079642	-10.634415747277671
-279.7452444959117	9.246558764774818
-279.52615943032197	9.46564383036457
-265.5329139235755	23.45888933711103
-318.59818343648567	-29.60638017579913
-306.7252071450266	-17.733403884340078
-282.3448027088516	6.647000551834935
-275.1016120610211	13.890191199665423
-308.679064939256	-19.687261678569485
-303.64820110212077	-14.656397841434227
-283.4091147563222	5.5826885043643415
-268.9613534884038	20.030449772282736
-294.6460034583788	-5.654200197692262
-280.68654714442437	8.305256116262171
-261.6309411338507	27.360862126835855
-273.0951497341075	15.89665352657903
-261.17347675994733	27.818326500739204
-318.6405686795688	-29.64876541888225
-271.2814191825373	17.710384078149218
-316.62380192238834	-27.6319986617018
-285.835636372728	3.156166887958534
-303.65591621526164	-14.664112954575103
-250.35905802575053	38.63274523493601
-276.8102842325088	12.181519028177718
-327.52555451200806	-38.53375125132152
-260.2167923872976	28.775010873388965
-261.56269840464574	27.429104856040794
-260.023575326798	28.968227933888556
-257.9146541677392	31.077149092947366
-290.6412692642107	-1.6494660035241395
-300.2477607019746	-11.255957441288047
-283.7088140601909	5.282989200495649
-306.3203140241885	-17.32851076350198
-305.26776402809537	-16.275960767408833
-289.71161888405095	-0.7198156233644113
-282.5595995770045	6.432203683682019
-311.04637276671474	-22.0545695060282
-270.30797344154325	18.683829819143284
-305.36268890837437	-16.370885647687828
-268.1302383822831	20.861564878403442
-276.72023916534727	12.271564095339272
-310.95619972613986	-21.96439646545332
-280.5168667160533	8.474936544633238
-267.18497240539637	21.806830855290173
-264.02749659035817	24.96430667032837
-230.53258970541992	58.459213555266615
-295.1295804254978	-6.1377771648112684
-263.9207862317189	25.071017028967617
-273.8847294745419	15.10707378614461
-275.5328109120228	13.458992348663742
-278.5213318078522	10.470471452834317
-281.7967522655008	7.195050995185738
-283.4639823888929	5.527820871793665
-304.56157966830415	-15.56977640761761
-277.61737460118366	11.374428659502883
-285.1227378086396	3.869065452046925
-292.0186675307841	-3.026864270097576
-300.81871724750727	-11.826913986820728
-294.5148701305943	-5.52306686990778
-257.41389005834117	31.57791320234537
-306.04992171815593	-17.05811845746939
-295.61836806317206	-6.626564802485518
-316.49976812267323	-27.507964861986693
-253.97733169260664	35.0144715680799
-296.1058395289501	-7.11403626826359
-286.0328188786725	2.958984382014023
-245.30194318133636	43.68986007935018
-303.8581903659715	-14.866387105284957
-293.4177836952649	-4.425980434578378
-300.7209511589235	-11.729147898236988
-341.725384179902	-52.733580919215456
-318.2311941870348	-29.23939092634828
-285.6281862801907	3.3636169804958627
-293.4256713281129	-4.433868067426374
-282.9799308513384	6.011872409348143
-277.95319649759676	11.038606763089774
-306.5573142646381	-17.565511003951542
-284.471836715521	4.519966545165516
-235.17110792901713	53.82069533166941
-272.69097023642735	16.30083302425919
-275.77827741682177	13.213525843864772
-322.82471429811903	-33.832911037432496
-289.2047347701364	-0.21293150944984518
-321.08224534236706	-32.09044208168052
-278.458506040296	10.533297220390523
-253.1643575006956	35.82744575999095
-270.494478923988	18.49732433669851
-324.96460866953475	-35.97280540884822
-320.57096566596647	-31.57916240527993
-279.4910047656076	9.500798495078925
-259.6930027624685	29.298800498218043
-293.0461998018354	-4.05439654114889
-278.5811252073827	10.410678053303855
-296.77161860779506	-7.779815347108524
-277.8829925173404	11.108810743346112
-291.52432042813507	-2.532517167448532
-321.8503736339544	-32.85857037326787
-252.61940117229005	36.372402088396484
-321.3114855513768	-32.31968229069025
-328.8184666254301	-39.82666336474358
-284.709567074161	4.282236186525552
-302.98777260397674	-13.995969343290199
-307.63414612641554	-18.642342865729006
-305.17485800966733	-16.183054748980794
-273.1350375280226	15.856765732663916
-298.70403529306986	-9.712232032383326
-306.71071451849184	-17.718911257805303
-269.6719468130241	19.31985644766246
-273.4441931965912	15.547610064095352
-283.8586100030434	5.133193257643143
-303.8125165286974	-14.820713268010877
-286.4107770341716	2.5810262265149504
-230.96649926579903	58.02530399488751
-297.9412449862202	-8.949441725533688
-305.15710763414154	-16.165304373455
-297.569805584636	-8.578002323949477
-274.4589124864933	14.53289077419322
-253.33533588551563	35.656467375170905
-292.28497124098703	-3.2931679803004954
-292.6505689271353	-3.658765666448744
-299.413487810255	-10.421684549568454
-273.9761949842132	15.015608276473358
-304.05914444315476	-15.067341182468226
-334.56437620615816	-45.57257294547162
-272.77179782106305	16.220005439623492
-272.13387042143495	16.85793283925159
-304.7574371811852	-15.765633920498658
-259.889802814977	29.102000445709564
-288.83816753693736	0.15363572374917567
-289.4613296649104	-0.4695264042238705
-267.01919647995146	21.972606780735077
-298.5348162542423	-9.543012993555749
-288.131144427628	0.860658833058551
-281.60732782858304	7.3844754321035
-290.9881237805157	-1.996320519829169
-294.999068689699	-6.007265429012477
-258.9711462132318	30.020657047454733
-289.72527614869523	-0.7334728880086914
-276.0297848156397	12.962018445046851
-267.40839204825807	21.583411212428473
-287.35419343341255	1.637609827273991
-302.869366900376	-13.87756363968947
-302.9218100476346	-13.93000678694807
-266.86432493724624	22.1274783234403
-254.3256786327902	34.66612462789635
-298.47837907776466	-9.48657581707812
-254.19351647441272	34.79828678627382
-302.57752570599314	-13.585722445306601
-268.6894979499839	20.30230531070265
-223.06483993413622	65.92696332655032
-296.6952565596066	-7.703453298920067
-313.08368155598055	-24.09187829529401
-268.79537495783643	20.19642830285011
-320.3712057155708	-31.379402454884257
-341.13449259476965	-52.142689334083116
-295.53872327275803	-6.546920012071496
-308.7607217800023	-19.768918519315775
-302.18921993567255	-13.197416674986016
-313.82067142530923	-24.82886816462269
-308.1652329112321	-19.173429650545586
-338.7914154835662	-49.79961222287966
-266.7115463814034	22.280256879283115
-274.63095417632485	14.36084908436169
-330.4924850523157	-41.50068179162918
-365.037978731204	-76.04617547051748
-268.6148075166193	20.376995744067244
-297.0164657419291	-8.024662481242558
-298.90842287163014	-9.916619610943599
-276.5058971246972	12.485906135989353
-277.5288020785292	11.463001182157313
-267.5457946014567	21.446008659229847
-266.96704534900255	22.02475791168399
-330.80097933863635	-41.809176077949814
-299.3156611418153	-10.323857881128788
-311.70129000141515	-22.709486740728607
-304.3781589000055	-15.386355639318936
-297.6872236549598	-8.695420394273242
-296.021455374771	-7.029652114084456
-296.02714826570354	-7.035345005017007
-354.4189855444047	-65.42718228371814
-315.4405899581534	-26.448786697466858
-302.25176686752	-13.25996360683348
-248.7508131377026	40.24099012298393
-266.47336674207236	22.51843651861418
-304.3526662531285	-15.36086299244198
-315.8962823334941	-26.90447907280759
-280.82629607011677	8.16550719056977
-271.4812474604905	17.510555800196016
-252.1011178455874	36.89068541509914
-297.1096200720558	-8.117816811369266
-251.90303700061395	37.08876626007259
-283.2668542581878	5.724949002498761
-295.6517392617743	-6.659936001087772
-307.5158236549678	-18.52402039428125
-261.6541986043949	27.33760465629166
-312.9331087541277	-23.941305493441178
-237.23907190316004	51.7527313575265
-281.72207277072357	7.269730489962967
-286.8487549709016	2.143048289784929
-279.81819426741913	9.173608993267408
-313.1584124368301	-24.166609176143538
-324.26665553065595	-35.274852269969415
-272.62852204427236	16.36328121641418
-295.92915138560693	-6.9373481249203905
-293.122245141908	-4.130441881221486
-273.69648896998024	15.295314290706301
-311.4788828096853	-22.487079548998736
-283.5394727702869	5.452330490399618
-256.1256515478517	32.866151712834835
-293.9342209994711	-4.94241773878457
-301.0574584894266	-12.06565522874007
-307.0765687849989	-18.084765524312388
-276.5810543350153	12.410748925671214
-302.99528029644625	-14.003477035759715
-312.4218716286623	-23.430068367975764
-283.092670564386	5.899132696300512
-295.0822388971201	-6.09043563643354
-279.5691326277365	9.42267063295003
-293.5819939701387	-4.590190709452145
-269.1177993109659	19.874003949720645
-261.88977554716166	27.102027713524876
-309.5402361704246	-20.54843290973804
-281.0374067913717	7.9543964693148155
-269.64922910374935	19.34257415693719
-279.0410892706341	9.950713990052463
-274.90005763342833	14.091745627258206
-294.96952723224877	-5.977723971562227
-274.03411346958364	14.957689791102894
-277.45426847799445	11.537534782692092
-260.4662772472284	28.525526013458148
-288.0931420972838	0.8986611634027213
-291.0866358318808	-2.0948325711942744
-285.37841867343286	3.6133845872536767
-318.96386489384804	-29.972061633161502
-286.4130584614968	2.578744799189735
-288.88614714328196	0.10565611740457825
-296.9663493286853	-7.9745460679987445
-283.8712005818006	5.120602678885916
-275.76088765690565	13.230915603780886
-267.1127982798416	21.87900498084491
-287.9559435116744	1.035859749012161
-260.9157665066514	28.076036754035158
-287.18340709830863	1.8083961623779032
-262.5529114621668	26.438891798519762
-265.4335698862187	23.558233374467818
-266.7122985320957	22.279504728590837
-262.1758272868674	26.81597597381915
-271.89523997247215	17.096563288214384
-323.29689985795176	-34.30509659726522
-319.2276268459309	-30.23582358524436
-251.7364801889844	37.25532307170215
-301.208164288043	-12.21636102735647
-260.4881352938455	28.50366796684102
-248.72424751044946	40.26755575023708
-214.49551002304997	74.49629323763656
-320.38832555355384	-31.396522292867303
-313.27353348212546	-24.28173022143892
-272.4281588459189	16.563644414767623
-323.70179924772583	-34.70999598703929
-276.3030675435357	12.688735717150848
-295.08026396790865	-6.0884607072221115
-279.32933934529774	9.662463915388798
-343.362236351727	-54.37043309104047
-294.80260461876514	-5.810801358078606
-253.1748375501984	35.81696571048815
-297.622941157947	-8.631137897260487
-244.40507531159437	44.586727949092165
-263.74816417565216	25.243639085034374
-281.05641790568825	7.935385354998289
-256.6728225031029	32.31898075758363
-270.9757084598741	18.016094800812425
-310.4621571589005	-21.470353898213943
-340.14383886977794	-51.1520356090914
-315.31309618450814	-26.321292923821602
-300.85586375323237	-11.864060492545832
-286.19512633608883	2.796676924597705
-292.9802600685134	-3.9884568078268785
-314.35235032516994	-25.3605470644834
-293.96682702635644	-4.975023765669903
-290.6370922410197	-1.6452889803331345
-309.33145202477226	-20.339648764085723
-304.24939408606497	-15.25759082537843
-278.9251167252287	10.066686535457848
-262.5168426728842	26.474960587802343
-319.370033082806	-30.378229822119465
-267.3543935691914	21.637409691495122
-271.8163869074697	17.17541635321686
-322.3064730844553	-33.31466982376878
-307.814572495633	-18.822769234946463
-290.7907810668321	-1.7989778061455581
-267.9614019704377	21.030401290248847
-289.1342801243218	-0.14247686363523826
-277.3012823323288	11.690520928357728
-310.38787514625346	-21.396071885566926
-315.4958110842481	-26.50400782356155
-300.3005899490299	-11.308786688343389
-313.8832633708871	-24.89146011020057
-320.19577588888114	-31.203972628194606
-270.4014687417575	18.590334518929012
-278.41304150371343	10.578761756973108
-258.28529007010275	30.70651319058379
-312.44700548997844	-23.4552022292919
-274.4433583159325	14.54844494475401
-274.41961340448233	14.572189856204204
-337.1290938492666	-48.13729058858007
-269.5322316196607	19.459571641025832
-330.9043910642422	-41.91258780355565
-281.68089632686224	7.310906933824299
-300.9616837129788	-11.969880452292273
-248.67690851413408	40.314894746552454
-295.3901426859875	-6.3983394253009465
-303.16276645316157	-14.170963192475028
-298.7047296528972	-9.712926392210647
-276.04176004294186	12.950043217744678
-285.4427423065272	3.5490609541593585
-294.8376995690551	-5.845896308368538
-292.02275377173555	-3.0309505110490136
-327.6916268183477	-38.69982355766115
-312.6036325232917	-23.61182926260517
-289.3558394458878	-0.36403618520125747
-281.1859304562595	7.805872804427054
-311.9511176219012	-22.959314361214638
-288.581053897381	0.4107493633055128
-259.19124296772407	29.800560292962473
-277.3329753029602	11.658827957726317
-294.29578956672685	-5.303986306040315
-264.79845479639243	24.193348464294104
-314.28830270570234	-25.296499445015797
-282.5199439574126	6.471859303273959
-286.1570588402892	2.834744420397328
-266.4150773215142	22.57672593917232
-327.78020884031775	-38.78840557963122
-292.3138183137553	-3.3220150530687533
-221.3537896234693	67.63801363721723
-283.2743195668363	5.717483693850227
-292.3402603014174	-3.348457040730864
-265.64802190899263	23.343781351693906
-291.09036686451054	-2.0985636038240045
-303.92720323744925	-14.93539997676271
-317.8475324337114	-28.855729173024883
-326.87043473103313	-37.87863147034659
-265.67958857810936	23.312214682577178
-307.74088445008147	-18.74908118939493
-277.1040594701981	11.887743790488457
-306.8088115945493	-17.81700833386276
-311.3276703292713	-22.335867068584776
-278.5767849342874	10.41501832639915
-253.12724094298665	35.86456231769989
-265.6815756391361	23.31022762155044
-277.4371035460126	11.554699714673916
-296.68634123607535	-7.694537975388812
-287.72731438519895	1.2644888754875865
-290.62856135638776	-1.636758095701225
-258.49698452834036	30.494818732346175
-266.078567846379	22.913235414307564
-262.5325362388894	26.45926702179713
-271.74039745434766	17.25140580633888
-268.8660655335616	20.125737727124942
-291.3916291956766	-2.3998259349900763
-303.747291564031	-14.755488303344464
-337.49703191697245	-48.50522865628591
-282.2387505565921	6.7530527040944435
-285.22650429058467	3.765298970101867
-254.2806021756469	34.71120108503965
-273.8022440679697	15.189559192716843
-303.2870223481941	-14.295219087507576
-287.47490653083423	1.5168967298523057
-292.28682419325105	-3.295020932564512
-294.33182621519427	-5.340022954507731
-312.6198180880956	-23.62801482740906
-266.94137100534044	22.050432255346095
-257.8295661304355	31.162237130251015
-275.458247945141	13.533555315545527
-322.1331719974032	-33.141368736716686
-284.4994771779957	4.492326082690852
-291.42309377426045	-2.431290513573913
-251.40210345741707	37.58969980326947
-300.4305942262208	-11.438790965534281
-223.28504739418622	65.70675586650032
-282.707224113713	6.284579146973556
-294.9343371556233	-5.942533894936787
-263.1752083763922	25.816594884294318
-283.6050285716692	5.386774689017329
-290.4167386168474	-1.4249353561608586
-301.86928764377717	-12.877484383090632
-276.204846455038	12.786956805648515
-286.63704157040684	2.3547616902797017
-272.3689530333713	16.62285022731521
-335.01273362800475	-46.020930367318215
-343.2652440838492	-54.27344082316267
-288.9699849281378	0.0218183325487189
-314.6401315473695	-25.648328286682954
-289.54198761673524	-0.5501843560487032
-315.2274532840156	-26.23565002332907
-249.55440286100838	39.437400399678154
-261.260988988789	27.730814271897543
-320.623462251554	-31.631658990867436
-297.6406256579421	-8.648822397255572
-270.81645423632926	18.175349024357274
-280.79827197398754	8.193531286698999
-292.9656130167341	-3.973809756047558
-310.05576117431974	-21.063957913633203
-275.29356496128366	13.698238299402874
-275.5567046593851	13.435098601301434
-280.4535165448242	8.538286715862341
-321.57745418088507	-32.58565092019853
-290.22250214689757	-1.2306988862110302
-333.3119931726169	-44.320189911930356
-290.9933853839675	-2.0015821232809685
-320.2890103191812	-31.297207058494678
-293.53094020749904	-4.539136946812505
-273.2142653883702	15.777537872316316
-280.9464802693901	8.045322991296416
-287.9507906739227	1.0410125867638271
-280.2677153567993	8.724087903887266
-303.00778930269644	-14.0159860420099
-317.2530484290246	-28.261245168338064
-257.5401174910867	31.451685769599862
-270.724725313622	18.267077947064536
-303.3568003359751	-14.364997075288557
-266.75700215476445	22.234801105922088
-320.9544536160456	-31.962650355359074
-271.2566349513572	17.73516830932931
-292.35025329322434	-3.358450032537803
-252.44765158087012	36.54415167981642
-307.4680844778986	-18.47628121721209
-278.5808781295118	10.410925131174736
-285.69978426442594	3.2920189962605946
-293.53879807839166	-4.5469948177051265
-297.22888937335574	-8.237086112669203
-306.05730431997563	-17.06550105928909
-265.2231575875403	23.76864567314624
-324.308905919278	-35.317102658591466
-289.81106906945115	-0.8192658087646123
-300.1393620585941	-11.14755879790755
-305.0200988993083	-16.028295638621785
-244.90108812876042	44.09071513192612
-272.31509387276947	16.67670938791707
-287.24067216912863	1.7511310915579088
-270.1274369316734	18.864366329013137
-315.9572580793674	-26.965454818680882
-322.6259948128927	-33.634191552206175
-307.09335905868556	-18.101555797999026
-317.244084388446	-28.25228112775949
-286.08835270863256	2.9034505520539824
-295.20373519445184	-6.2119319337653
-241.87174693209	47.12005632859655
-264.5046133058122	24.48718995487434
-322.6073465544823	-33.61554329379578
-248.13573249064848	40.85607077003806
-291.0416017714806	-2.049798510794062
-299.22066463232386	-10.228861371637322
-274.2527935729513	14.739009687735233
-274.47125822403814	14.5205450366484
-295.275815576947	-6.284012316260487
-326.2946090976975	-37.302805837010965
-285.86889068213986	3.122912578546675
-251.14203744517636	37.84976581551018
-292.94004642988784	-3.948243169201305
-281.90739049793683	7.084412762749707
-302.02317311616844	-13.031369855481898
-263.1928318817436	25.79897137894295
-294.7982883054856	-5.806485044799047
-284.7963146636239	4.195488597062649
-295.9658440668636	-6.974040806177072
-336.37379833231444	-47.3819950716279
-284.7150903673237	4.2767128933628555
-262.59115948306044	26.4006437776261
-311.7184214895742	-22.726618228887673
-322.2099401471123	-33.21813688642578
-250.9054419876984	38.08636127298814
-298.8194697244535	-9.827666463766946
-286.7055943538935	2.2862089067930356
-276.815386144116	12.17641711657052
-269.8772692072589	19.114534053427633
-278.57062680919535	10.421176451491192
-288.0439474920486	0.9478557686379645
-279.37620434638575	9.61559891430079
-258.82052196805944	30.1712812926271
-301.21663105091193	-12.22482779022539
-286.3524605656776	2.6393426950089633
-290.99110525324704	-1.999301992560504
-265.2538184428913	23.737984817795223
-292.29125730267606	-3.29945404198952
-294.1473420705215	-5.1555388098349795
-306.11460648834236	-17.122803227655822
-284.45791543553696	4.533887825149577
-290.4493810128979	-1.457577752211364
-297.11530052794024	-8.123497267253697
-300.5917352534516	-11.59993199276505
-298.0891468256805	-9.097343564993935
-320.57970376160574	-31.587900500919204
-290.04164378969926	-1.0498405290127266
-270.3810584842786	18.610744776407955
-277.7789467465109	11.212856514175655
-289.2246749530523	-0.2328716923657339
-256.5880512679496	32.40375199273694
-323.63648523331267	-34.64468197262613
-285.9828132291359	3.0089900315506384
-296.94655953439997	-7.9547562737134285
-242.47233119306384	46.5194720676227
-303.94648558808603	-14.954682327399496
-273.3308893519197	15.660913908766815
-291.76908789687786	-2.7772846361913253
-285.49902318239674	3.4927800782897975
-294.9040551732387	-5.912251912552165
-290.9097100541612	-1.9179067934746854
-274.3720426102145	14.619760650472017
-280.8134988866432	8.178304374043364
-302.20865666033114	-13.216853399644606
-315.0247010564408	-26.032897795754252
-331.7140920139709	-42.722288753284374
-296.83579261387695	-7.843989353190409
-309.3026715007354	-20.310868240048876
-292.37687694947	-3.38507368878345
-261.3086877799278	27.683115480758715
-229.68936473398117	59.30243852670537
-300.53266617879035	-11.540862918103812
-309.76852511008383	-20.77672184939729
-294.700740442865	-5.708937182178488
