Hf	deltaHf ref=-227.11735541352675
-223.69914431627979	3.4182110972469673
-218.0318744362986	9.085480977228144
-226.95686138412123	0.16049402940552682
-223.23072916012745	3.8866262533992995
-237.12676459940405	-10.009409185877303
-230.60443375733587	-3.4870783438091166
-221.5662313741733	5.5511240393534536
-230.43519911268515	-3.317843699158402
-247.2018519555087	-20.084496541981935
-263.9643869080711	-36.84703149454435
-218.32050902090407	8.796846392622683
-245.32204899988858	-18.204693586361827
-242.8300856564848	-15.71273024295806
-201.30481316266662	25.812542250860133
-230.39502464784448	-3.2776692343177274
-223.40801072291936	3.709344690607395
-243.99683319741882	-16.87947778389207
-249.28209479865757	-22.164739385130815
-226.3046415156815	0.8127138978452422
-242.01501712893798	-14.897661715411232
-229.70102153394976	-2.583666120423004
-245.60513179812835	-18.487776384601602
-229.31389733716344	-2.196541923636687
-239.15347580830996	-12.036120394783211
-241.29647299211786	-14.179117578591104
-241.66940459176396	-14.552049178237212
-201.30829460793314	25.809060805593617
-197.91536567612923	29.201989737397525
-226.98519410394795	0.13216130957880523
-220.34008903713686	6.777266376389889
-179.80228140893007	47.31507400459668
-250.27555855016828	-23.158203136641532
-236.29951376287056	-9.182158349343808
-216.87582213530106	10.241533278225688
-231.48328749803034	-4.365932084503584
-244.93950798990693	-17.822152576380176
-245.34448932436783	-18.227133910841076
-210.78518643731798	16.332168976208777
-247.76658251294714	-20.649227099420386
-259.34913515671644	-32.23177974318969
-216.76176251105346	10.35559290247329
-238.00503466603834	-10.887679252511589
-211.94797111583023	15.169384297696524
-228.37670425646786	-1.2593488429411082
-222.0846529757356	5.0327024377911584
-211.00584412311866	16.11151129040809
-227.1305381396188	-0.013182726092054509
-211.35898162817023	15.758373785356525
-256.3435325580896	-29.226177144562826
-229.53205990670097	-2.414704493174213
-226.3791474162382	0.7382079972885549
-229.1847471767352	-2.067391763208434
-238.5245597403947	-11.40720432686794
-232.8116631502445	-5.694307736717747
-235.27191047879307	-8.154555065266322
-229.2221160844448	-2.10476067091804
-243.75001429572433	-16.632658882197575
-213.05044371973338	14.066911693793372
-215.18542248566075	11.931932927866
-242.2076973817267	-15.090341968199937
-208.12003632477274	18.99731908875401
-197.4332859429952	29.68406947053154
-241.34816918373247	-14.230813770205714
-244.02593597309453	-16.90858055956778
-230.65048202753962	-3.533126614012872
-219.14096478512067	7.9763906284060795
-260.21829761316906	-33.100942199642304
-245.98252605669688	-18.86517064317013
-216.92433009256922	10.193025320957531
-197.26212590778152	29.85522950574523
-246.5765352221889	-19.459179808662157
-217.51475387425592	9.602601539270836
-212.48548968508396	14.63186572844279
-233.24915801529562	-6.131802601768868
-238.3353732548086	-11.218017841281835
-225.8921405427492	1.2252148707775632
-218.22883413164084	8.888521281885915
-199.78037303634767	27.336982377179083
-223.38865591708884	3.728699496437912
-229.94345486643863	-2.826099452911876
-223.25191673478832	3.8654386787384283
-246.3492930049207	-19.231937591393944
-253.543451101311	-26.426095687784255
-232.16766594392095	-5.050310530394199
-227.74720953699864	-0.6298541234718869
-237.57510472704155	-10.457749313514796
-216.75866859193331	10.358686821593437
-242.81012075070896	-15.692765337182209
-218.93351838715455	8.183837026372203
-234.86774878072458	-7.75039336719783
-233.1060802505482	-5.9887248370214365
-196.6839888757778	30.433366537748952
-234.49777167332206	-7.380416259795311
-215.959790616772	11.157564796754741
-207.20934599233	19.908009421196766
-253.6489474232177	-26.53159200969094
-216.36557647556322	10.751778937963536
-203.3206707397286	23.796684673798154
-220.86509655277325	6.2522588607535
-210.70272048573963	16.41463492778712
-250.03077437323657	-22.913418959709816
-203.14807929533265	23.969276118194102
-230.97639351211103	-3.8590380985842785
-224.1818940015611	2.9354614119656617
-205.83240598589612	21.284949427630636
-235.31457265953497	-8.197217246008222
-254.97797641176578	-27.86062099823903
-213.41703091590455	13.700324497622205
-240.07415799445437	-12.956802580927615
-228.356663654714	-1.2393082411872456
-263.1794055205638	-36.06205010703707
-203.5515391633918	23.565816250134958
-246.70100162508163	-19.58364621155488
-227.520277379018	-0.40292196549125947
-230.0994096494352	-2.9820542359084357
-213.17148281460243	13.945872598924325
-247.14603173752687	-20.028676324000116
-212.75511261743225	14.362242796094506
-229.9434069497612	-2.826051536234445
-236.93414434062572	-9.816788927098969
-227.3068066869556	-0.18945127342885826
-223.29488248624978	3.8224729272769764
-235.27540233659522	-8.158046923068468
-214.50344828853406	12.613907124992693
-251.34459880817587	-24.227243394649122
-256.0020785578773	-28.884723144350573
-218.1664662063223	8.950889207204455
-238.55899273878742	-11.441637325260672
-236.94410618749237	-9.826750773965614
-218.0599229277242	9.057432485802565
-223.97104735200548	3.1463080615212675
-187.98281149663228	39.13454391689447
-237.69019660795595	-10.572841194429202
-228.25297553962002	-1.1356201260932721
-219.94843265352677	7.168922759999987
-255.28802048941282	-28.170665075886063
-235.92384086065715	-8.806485447130399
-219.6401990681435	7.477156345383264
-236.37781935244413	-9.260463938917383
-236.00097031512553	-8.883614901598776
-223.89659066283923	3.220764750687522
-238.62773437061253	-11.510378957085777
-235.1032456361237	-7.985890222596936
-238.08374879210453	-10.966393378577777
-241.88675001765216	-14.76939460412541
-259.1479173408253	-32.03056192729855
-250.9897375158281	-23.872382102301344
-206.24276569021015	20.874589723316603
-238.63693302623426	-11.519577612707508
-250.9235079786405	-23.806152565113734
-228.91662421203648	-1.799268798509729
-218.61661370498325	8.5007417085435
-217.95846240887033	9.15889300465642
-210.9010863993709	16.21626901415584
-251.96062604689644	-24.843270633369684
-240.8864297165229	-13.76907430299616
-229.53601592215557	-2.418660508628818
-237.41786956905992	-10.300514155533165
-218.15343478599527	8.96392062753148
-211.57960239158558	15.537753021941171
-235.55127428523986	-8.433918871713104
-240.27112751389643	-13.153772100369679
-213.70784157800801	13.409513835518737
-238.37444139802676	-11.257085984500009
-216.76970822183205	10.347647191694705
-233.419168767413	-6.301813353886246
-237.84806991257494	-10.73071449904819
-242.80769081951723	-15.690335405990481
-244.18583464664255	-17.068479233115795
-228.59860314784885	-1.4812477343220962
-210.0808716974526	17.036483716074144
-210.97961340560425	16.137742007922498
-241.9179277829345	-14.800572369407746
-230.75465554113464	-3.6373001276078867
-209.28174929103545	17.8356061224913
-225.39426475128414	1.7230906622426119
-224.9347471463799	2.182608267146861
-214.44485973039548	12.672495683131274
-220.78124558113188	6.336109832394868
-219.21528346974367	7.902071943783085
-223.0186675858232	4.098687827703543
-236.02850078879703	-8.91114537527028
-200.40800377982225	26.7093516337045
-205.05654755745047	22.06080785607628
-221.416912009062	5.70044340446475
-219.53082998035381	7.5865254331729375
-241.447989052681	-14.330633639154257
-225.13525659444997	1.982098819076782
-230.8060339062896	-3.688678492762847
-226.3415775914283	0.7757778220984619
-208.7243341659879	18.393021247538854
-252.04206199293105	-24.9247065794043
-246.93731973741808	-19.819964323891327
-212.91538786272133	14.20196755080542
-257.7064400030314	-30.589084589504637
-236.10331525842332	-8.98595984489657
-208.48364123157364	18.63371418195311
-213.14420299826736	13.973152415259392
-226.4344829725552	0.6828724409715505
-236.4886490077289	-9.371293594202143
-215.6695627702676	11.447792643259163
-231.16496040588675	-4.047604992359993
-229.85964871327008	-2.7422932997433236
-219.5361007917628	7.5812546217639465
-220.835580836104	6.281774577422766
-225.96321410352095	1.154141310005798
-208.31601013949978	18.80134527402697
-226.70725928390596	0.410096129620797
-238.36829959426098	-11.250944180734223
-233.53893396032356	-6.421578546796809
-233.72840514289703	-6.611049729370279
-227.74490675942354	-0.6275513458967907
-205.34787038000206	21.76948503352469
-229.63514428530027	-2.5177888717735186
-232.73049993234883	-5.613144518822082
-220.88400467347958	6.233350740047172
-231.15898561058123	-4.041630197054474
-223.74703427453198	3.3703211389947683
-244.2050621250629	-17.087706711536157
-222.66448526035958	4.452870153167169
-229.7954882390287	-2.6781328255019616
-217.54056454274826	9.576790870778495
-270.8536693902089	-43.73631397668214
-221.65005882024263	5.467296593284118
-226.23374431888362	0.883611094643129
-220.1818913240378	6.93546408948896
-239.55693550130957	-12.439580087782815
-213.7580533713582	13.359302042168565
-248.75451523194636	-21.637159818419605
-230.83582672684418	-3.7184713133174228
-238.19685192856844	-11.079496515041683
-222.70945659689744	4.407898816629313
-246.20112217463168	-19.083766761104926
-235.76844738391367	-8.651091970386915
-204.39749257669166	22.71986283683509
-224.00367245249356	3.1136829610331915
-209.01945031978096	18.097905093745794
-249.0832617537045	-21.965906340177753
-251.2662339933405	-24.148878579813754
-229.0148149917178	-1.8974595781910466
-232.6557211001301	-5.538365686603356
-247.08237576914973	-19.965020355622983
-224.29920354476337	2.8181518687633798
-222.6209848813843	4.496370532142464
-215.2874645997464	11.829890813780366
-235.34168289614456	-8.22432748261781
-210.32289032521214	16.79446508831461
-218.54882066594575	8.568534747580998
-253.43839950138783	-26.321044087861083
-219.75963723207963	7.357718181447126
-242.9302609457328	-15.81290553220606
-225.54222784649312	1.5751275670336327
-205.8606404984704	21.256714915056364
-240.64381318282824	-13.526457769301487
-241.2720087325389	-14.15465331901214
-219.87718599591892	7.240169417607831
-224.14589127065403	2.971464142872719
-230.7381435162489	-3.6207881027221447
-229.00885272646985	-1.8914973129431019
-222.84900933361052	4.268346079916228
-211.45880511642747	15.658550297099282
-232.12243055668216	-5.005075143155409
-208.81190050609723	18.30545490742952
-226.9971274352239	0.12022797830286436
-226.28940472928946	0.8279506842372939
-210.07620969639822	17.04114571712853
-230.26058839189784	-3.1432329783710884
-238.8985302540051	-11.781174840478343
-233.53563882864103	-6.418283415114274
-220.10930003545502	7.008055378071731
-207.30054681890317	19.81680859462358
-247.96535285307175	-20.847997439544997
-247.30757553950673	-20.190220125979977
-247.8495253303364	-20.732169916809653
-227.82201498353527	-0.7046595700085163
-236.02358115845266	-8.906225744925905
-208.5887857211302	18.52856969239656
-236.07007282590632	-8.95271741237957
-227.76292167370696	-0.6455662601802032
-238.4195171641287	-11.302161750601954
-246.4733716716829	-19.35601625815616
-233.28203509204752	-6.16467967852077
-267.3766449414644	-40.25928952793765
-234.19723683670884	-7.079881423182087
-221.97374633924767	5.143609074279084
-210.56799508585675	16.54936032767
-210.57717549171787	16.540179921808885
-216.76701755600072	10.350337857526029
-265.3289944656964	-38.21163905216963
-216.40747952379309	10.709875889733667
-235.70347080823115	-8.586115394704393
-225.0904753803144	2.0268800332123647
-216.92333297400467	10.194022439522087
-238.35900000360118	-11.24164459007443
-220.61683575222116	6.500519661305589
-217.817961416392	9.299393997134757
-249.35518967610108	-22.237834262574324
-198.8530144130592	28.26434100046754
-225.9604854569144	1.1568699566123541
-231.37723640536854	-4.259880991841783
-230.38076165449013	-3.263406240963377
-262.1359288655468	-35.018573452020064
-214.96795074086833	12.14940467265842
-211.45143408342403	15.66592133010272
-246.960412332871	-19.843056919344235
-221.65873659992496	5.458618813601788
-217.81330122272914	9.304054190797615
-221.0152130467278	6.102142366798944
-245.2690909621407	-18.151735548613942
-232.29080672707198	-5.173451313545229
-219.79438426535773	7.322971148169017
-221.74624843506456	5.371106978462194
-245.89989204378355	-18.7825366302568
-244.19617236703482	-17.078816953508067
-215.07156917778332	12.045786235743435
-225.73887494783696	1.3784804656897904
-241.546251343908	-14.428895930381259
-212.39395301678007	14.723402396746678
-200.66398380783642	26.453371605690336
-227.30870073397375	-0.1913453204469988
-218.36818324203625	8.7491721714905
-223.3487165595535	3.7686388539732434
-188.5843877403487	38.532967673178064
-218.53018774603981	8.587167667486938
-246.23047506130672	-19.113119647779968
-227.81119017721642	-0.6938347636896651
-235.7471015188013	-8.629746105274535
-217.86784953558083	9.249505877945921
-237.31031909741716	-10.192963683890412
-224.53103716737962	2.5863182461471297
-253.6244418514499	-26.507086437923135
-220.86175611288775	6.255599300639005
-225.02521963645552	2.0921357770712348
-240.117264023119	-12.99990860959224
-237.95227536418963	-10.83491995066288
-233.73573822046012	-6.618382806933369
-214.77408656462933	12.343268848897424
-234.68955979060695	-7.5722043770801974
-194.2044984776104	32.91285693591635
-224.53555014148435	2.581805272042402
-221.33575722042144	5.78159819310531
-203.69656922664865	23.420786186878104
-222.88544017326342	4.2319152402633335
-222.13117812663688	4.98617728688987
-247.1034871520343	-19.986131738507538
-221.6547002249091	5.462655188617646
-223.71267374979936	3.404681663727388
-216.03344078907242	11.083914624454337
-252.35841217884	-25.24105676531326
-218.73034041640778	8.387014997118968
-213.86865210001554	13.248703313511214
-216.40603665011724	10.711318763409508
-243.82930279196728	-16.711947378440527
-228.58026643713958	-1.4629110236128327
-234.94864711374532	-7.831291700218571
-237.67106972055183	-10.553714307025075
-230.42501526623812	-3.3076598527113674
-247.973167635918	-20.85581222239125
-201.86842645806166	25.24892895546509
-237.90772190838027	-10.790366494853515
-247.16974221932026	-20.052386805793503
-230.6807005268157	-3.5633451132889604
-213.13788705708714	13.979468356439611
-238.02950372223415	-10.912148308707401
-222.83840779090963	4.278947622617125
-202.8601515024012	24.257203911125544
-233.2325880003583	-6.115232586831553
-208.737217299985	18.38013811354176
-228.6245119217739	-1.5071565082471352
-230.1470934009077	-3.0297379873809405
-233.50328280624956	-6.385927392722806
-239.0992355567097	-11.981880143182934
-248.21895985556614	-21.10160444203939
-225.70990117603935	1.4074542374874
-211.77033459089137	15.347020822635386
-216.80879463183658	10.308560781690176
-198.05152770684356	29.065827706683194
-235.04541664180135	-7.928061228274601
-238.4766946300325	-11.35933921650576
-223.8127822664202	3.3045731471065665
-232.67745853623921	-5.560103122712462
-229.30221106427337	-2.184855650746613
-219.13192281194927	7.985432601577486
-222.22862145819374	4.888733955333009
-241.72909769616228	-14.611742282635532
-226.73458210048113	0.3827733130456181
-222.59552131390512	4.521834099621628
-239.0713041896189	-11.953948776092147
-247.7098081054238	-20.59245269189705
-226.19370567195722	0.9236497415695339
-224.41854402639285	2.698811387133901
-237.5950363919211	-10.477680978394346
-237.64507278121448	-10.527717367687728
-224.7144391801222	2.4029162334045395
-262.46471188620046	-35.34735647267371
-230.85705352418438	-3.7396981106576277
-214.2631803594369	12.854175054089865
-228.59533625181496	-1.4779808382882038
-226.82971735625608	0.2876380572706694
-231.88639937378605	-4.769043960259296
-207.79562389965133	19.32173151387542
-236.39459978900697	-9.277244375480223
-230.24800544489256	-3.1306500313658034
-212.29409064807544	14.823264765451313
-227.8549790295757	-0.7376236160489498
-245.40683973906118	-18.28948432553443
-215.08311563968448	12.034239773842273
-214.90300153981218	12.214353873714572
-216.83463446421513	10.282720949311624
-240.72488217456987	-13.607526761043118
-222.89122981880348	4.226125594723271
-235.5359300109659	-8.418574597439147
-245.27473395374102	-18.157378540214268
-221.5871422198062	5.530213193720556
-239.962584351185	-12.845228937658248
-212.7415529851088	14.375802428417956
-229.31832771455367	-2.2009723010269227
-243.97486310540546	-16.85750769187871
-191.5193220073662	35.59803340616054
-217.26226039445748	9.855095019069267
-207.07197955785807	20.04537585566868
-212.8370465164727	14.280308897054056
-223.63502058093866	3.4823348325880943
-222.78510829082654	4.33224712270021
-234.58795336214382	-7.470597948617069
-237.70308711153768	-10.585731698010932
-232.5523281885645	-5.43497277503775
-250.8906759267221	-23.773320513195358
-254.94892893664212	-27.831573523115367
-216.6668898601448	10.450465553381946
-231.5513003216139	-4.433944908087142
-233.3430057384786	-6.225650324951857
-225.96423142954438	1.1531239839823684
-213.88884758289635	13.228507830630406
-248.7358440354102	-21.618488621883444
-217.0584339535518	10.058921459974954
-254.34907213801773	-27.23171672449098
-220.22907839434185	6.888277019184898
-232.58296433725184	-5.465608923725085
-208.02471057849027	19.09264483503648
-242.79072435786213	-15.67336894433538
-230.97066593892953	-3.853310525402776
-239.68889674861123	-12.571541335084476
-225.6658510838853	1.451504329641466
-246.19681126287753	-19.07945584935078
-243.73306443848844	-16.61570902496169
-201.7063939515166	25.410961462010164
-211.80691730547835	15.310438108048402
-216.28200560847029	10.835349805056467
-205.57053714045753	21.54681827306922
-229.70832582987634	-2.5909704163495917
-215.9678757168541	11.149479696672643
-230.3544428645065	-3.237087450979743
-224.18232223901862	2.935033174508135
-227.32779519038297	-0.2104397768562194
-226.79837720150965	0.3189782120171003
-219.1625683839476	7.954787029579165
-243.7569054002189	-16.639549986692145
-230.96512887021083	-3.847773456684081
-223.8842940853748	3.233061328151962
-224.39969690035934	2.7176585131674074
-230.673058135838	-3.5557027223112527
-212.74269418253527	14.374661230991478
-206.3221766838061	20.795178729720647
-222.39621418379386	4.721141229732893
-256.09621510272984	-28.97885968920309
-215.55767185968136	11.559683553845389
-224.85904967189265	2.2583057416341035
-205.87852436098467	21.238831052542082
-205.10869127387843	22.008664139648317
-219.54407181958516	7.573283593941596
-243.1868561281109	-16.069500714584137
-224.4207603167407	2.696595096786041
-239.29612169635504	-12.178766282828292
-228.34299587644193	-1.2256404629151803
-211.18496759964466	15.932387813882087
-241.44260490141016	-14.325249487883411
-209.14502961060055	17.972325802926207
-221.1571818841286	5.960173529398162
-218.6872947202893	8.430060693237465
-218.90157246840965	8.215782945117098
-257.75987047630326	-30.64251506277651
-214.89219176074687	12.225163652779884
-251.4198144873909	-24.302459073864156
-240.25784395083167	-13.140488537304918
-237.30683124919153	-10.18947583566478
-236.09534996079594	-8.97799454726919
-231.3068644666156	-4.189509053088841
-225.21068144902085	1.9066739645058988
-243.76032491487706	-16.642969501350308
-225.06383216712413	2.0535232464026194
-243.9326909202747	-16.815335506747942
-222.0996886080203	5.017666805506451
-216.55266928756748	10.56468612595927
-229.68505180539353	-2.5676963918667752
-259.7164553218273	-32.59909990830056
-232.69118882951	-5.573833415983245
-233.35109269630186	-6.23373728277511
-227.81179991074453	-0.6944444972177735
-216.34349136023513	10.773864053291618
-242.40653376276452	-15.289178349237773
-236.24213676004285	-9.124781346516102
-231.1919851009544	-4.0746296874276595
-227.87790951018826	-0.7605540966615081
-237.80311690500378	-10.685761491477024
-220.59230545137973	6.525049962147023
-223.24082413364806	3.876531279878691
-241.43312001434526	-14.315764600818511
-211.228290147522	15.889065266004764
-227.08071721114823	0.03663820237852633
-237.03044373179284	-9.913088318266091
-196.92719735903222	30.190158054494532
-220.10577483835652	7.011580575170228
-222.48043951633292	4.6369158971938305
-218.09364298930006	9.023712424226687
-219.51049605938454	7.606859354142216
-240.9848651179592	-13.86750970443245
-233.2969657849127	-6.179610371385934
-238.15425036231602	-11.036894948789268
-214.50980479600105	12.607550617525703
-232.93949966135108	-5.822144247824326
-228.144215064308	-1.0268596507812617
-213.73494886113178	13.382406552394968
-231.8606619067242	-4.743306493197451
-235.44659243605122	-8.329237022524467
-227.50068881788604	-0.3833334043592913
-208.05232270941917	19.06503270410758
-220.1757661389521	6.941589274574653
-223.99797721390053	3.119378199626226
-225.99927692846825	1.1180784850585042
-225.15419376735656	1.9631616461701924
-238.2642181772054	-11.146862763678655
-217.3370986976762	9.780256715850555
-229.06573999355453	-1.9483845800277777
-229.92440680837456	-2.8070513948478037
-225.87377351139287	1.243581902133883
-223.72726531097862	3.390090102548129
-217.261264714699	9.856090698827757
-230.13961907704208	-3.022263663515332
-232.42025235874019	-5.302896945213433
-230.4636561227336	-3.3463007092068437
-203.55070118521246	23.56665422831429
-207.5572277072307	19.560127706296043
-234.47309568570483	-7.355740272178082
-238.7979468785444	-11.680591465017642
-237.18920254455145	-10.071847131024697
-232.0070382156074	-4.889682802080642
-231.0933977999331	-3.976042386406334
-244.60608083645195	-17.4887254229252
-257.667809880989	-30.55045446746226
-212.65768102288268	14.459674390644068
-240.69153518460655	-13.574179771079798
-213.72902178314246	13.388333630384295
-218.59365634165727	8.523699071869487
-221.52126444852468	5.596090965002077
-251.93925613112071	-24.821900717593962
-213.31847622421185	13.798879189314903
-240.87374268524138	-13.75638727171463
-214.95899487573035	12.158360537796398
-229.86000459544732	-2.7426491819205694
-239.5134629870546	-12.396107573527843
-209.6224388646325	17.494916548894253
-223.08143635568115	4.035919057845604
-203.95958193271792	23.157773480808828
-228.6360110283523	-1.5186556148255477
-237.58419036496628	-10.466834951439523
-229.01257848017406	-1.8952230666473042
-241.26832463856692	-14.150969225040171
-213.38672230661462	13.730633106912137
-214.1038416845796	13.013513728947146
-197.31052225964515	29.8068331538816
-234.89705762741062	-7.779702213883866
-213.75558304285653	13.361772370670224
-267.7566859792961	-40.63933056576934
-250.45482381409522	-23.33746840056847
-200.36439174180407	26.752963671722682
-240.9017803292619	-13.784424915735144
-206.02375123717786	21.09360417634889
-226.8015082342273	0.3158471792994533
-213.80020196985708	13.317153443669667
-216.40593746720253	10.711417946324218
-227.79850861482112	-0.6811532012943644
-254.4698017629663	-27.35244634943956
-219.12433301066187	7.993022402864881
-226.40447071457595	0.712884698950802
-213.36084651069098	13.756508902835776
-224.101406237368	3.015949176158756
-222.2162731659438	4.901082247582963
-233.36864596340013	-6.251290549873374
-229.4531082246059	-2.3357528110791463
-210.23470126329187	16.882654150234885
-222.547915714934	4.56943969859276
-231.14648764900187	-4.029132235475117
-215.42955576774978	11.687799645776977
-243.24220083571993	-16.124845422193175
-238.23291969867853	-11.115564285151777
-230.00985070527088	-2.892495291744126
-245.32316109029773	-18.20580567677098
-228.24566681193676	-1.1283113984100055
-223.60840745007874	3.5089479634480085
-247.31351337964145	-20.196157966114697
-210.61010170452494	16.507253709001816
-217.94829859703452	9.16905681649223
-212.7677077000509	14.34964771347586
-263.14883751539594	-36.03148210186919
-227.83892596665385	-0.7215705531270942
-243.93497214631782	-16.817616732791066
-229.02304082104376	-1.9056854075170122
-256.9320979608557	-29.814742547328933
-216.51141859837946	10.605936815147288
-242.91928730447682	-15.801931890950073
-199.73859568916225	27.3787597243645
-232.69512379809305	-5.577768384566298
-230.94008701400446	-3.8227316004777094
-226.165112783866	0.9522426296607591
-215.22714742882374	11.89020798470301
-219.54842208057664	7.56893333295011
-217.14181730955454	9.975538103972212
-217.50518180052597	9.612173613000778
-227.08102368906395	0.036331724462797865
-227.53880740774468	-0.4214519942179322
-244.45828012383856	-17.34092471031181
-261.85572122876613	-34.738365815239376
-220.4819889466263	6.63536646690045
-238.14952413978892	-11.03216872626217
-218.56389698656415	8.553458426962607
-214.89970484120852	12.217650572318234
-213.45922088810323	13.65813452542352
-227.31736696831206	-0.20001155478530563
-207.00986899586417	20.107486417662585
-235.4338801327059	-8.316524719179142
-256.37674135349073	-29.259385939963977
-255.31503245973283	-28.19767704620608
-264.82134518722444	-37.703989773697685
-239.0147553374801	-11.897399923953344
-227.00914718645356	0.10820822707319167
-231.68086724642046	-4.56351183289371
-217.81038919437117	9.306966219155584
-212.63440049335907	14.482954920167685
-214.3251080860747	12.79224732745206
-249.46028315054275	-22.342927737015998
-214.25359958999172	12.86375582353503
-234.76646743036247	-7.649112016835716
-229.25557258548645	-2.1382171719596954
-232.13502462589088	-5.017669212364126
-231.16033903148048	-4.042983617953723
-234.17379205493046	-7.056436641403707
-225.00088503752625	2.116470376000507
-217.01357447115436	10.103780942372396
-217.2797121874711	9.837643226055661
-231.84433666095276	-4.726981247426011
-244.01453961686195	-16.8971842033352
-234.28037241228878	-7.163016998762032
-215.74179516674042	11.375560246786335
-237.93602804565592	-10.818672632129164
-229.02516844878403	-1.907813035257277
-244.9672063993304	-17.84985098580364
-231.83846175542124	-4.721106341894483
-218.03080465214873	9.086550761378021
-224.6973660043251	2.419989409201662
-237.2073682963338	-10.09001288280706
-239.9601800269985	-12.842824613471748
-243.07793676713038	-15.96058135360363
-240.39429120232955	-13.276935788802803
-235.73154011793224	-8.614184704405488
-237.09068391103494	-9.973328497508192
-235.7196719008599	-8.602316487333155
-240.92833763792726	-13.810982224400504
-229.71584333256317	-2.5984879190364154
-207.877337062043	19.24001835148374
-214.87226983326684	12.24508558025991
-211.22232304223428	15.895032371292473
-226.652510612049	0.46484480147773866
-204.83622300414856	22.281132409378188
-212.22385946785937	14.893495945667382
-210.6929403582427	16.424415055284044
-225.57785771604824	1.5394976974785095
-240.94611752406774	-13.828762110540993
-204.31339242067327	22.803962992853485
-240.57791526478388	-13.46055985125713
-228.19022071228676	-1.0728652987600071
-239.24135665522329	-12.124001241696533
-248.40892047412774	-21.291565060600988
-236.76719120380142	-9.649835790274665
-228.10303443268197	-0.9856790191552136
-230.61979603608336	-3.5024406225566054
-203.9848970504055	23.13245836312126
-222.13529984751506	4.982055566011695
-236.30483811835722	-9.187482704830472
-211.66136645627114	15.455988957255613
-215.33252513587206	11.784830277654692
-236.55990119723276	-9.44254578370601
-240.51412160141183	-13.396766187885078
-226.0824812113816	1.0348742021451471
-206.31243012316838	20.80492529035837
-227.94025161313323	-0.8228961996064754
-223.66122207915316	3.4561333343735896
-239.44130624162347	-12.323950828096713
-235.24569585798156	-8.128340444454807
-217.6472534653832	9.470101948143565
-209.40876696690532	17.708588446621434
-215.87662052543158	11.240734888095176
-205.82596432735875	21.291391086168005
-237.81347902740083	-10.696123613874079
-235.96882276543613	-8.851467351909378
-248.45297036027034	-21.33561494674359
-231.97701791836437	-4.859662504837615
-226.10594539192527	1.0114100216014776
-237.10939987147424	-9.992044457947486
-235.755488324775	-8.638132911248249
-239.21945525305193	-12.10209983952518
-207.01654401729604	20.10081139623071
-235.51436209608357	-8.397006682556821
-242.21059443547995	-15.093239021953195
-213.14597671725926	13.971378696267493
-224.01848404980694	3.098871363719809
-248.57536199420713	-21.458006580680376
-216.77334996523416	10.344005448292592
-236.47362891668593	-9.356273503159173
-232.22956761181842	-5.112212198291672
-246.02686298996116	-18.909507576434407
-203.35131444653518	23.766040966991568
-223.12949311740078	3.987862296125968
-220.7788051212657	6.338550292261061
-233.11924878577258	-6.001893372245831
-226.26013967061147	0.8572157429152867
-213.05044563808326	14.066909775443492
-222.97884473132865	4.138510682198103
-223.38640517345186	3.7309502400748897
-208.15531736723926	18.96203804628749
-205.59226659516128	21.525088818365475
-212.06511997192422	15.052235441602534
-232.0452891756387	-4.927933762111934
-245.07230590049141	-17.954950486964663
-237.86874430822638	-10.75138889469963
-249.14966938658756	-22.03231397306081
-226.41909413929818	0.698261274228571
-196.24947608069772	30.867879332829034
-243.55913417468685	-16.441778761160094
-251.68876374473177	-24.57140833120502
-228.03461952109785	-0.9172641075710999
-223.1120832100961	4.00527220343065
-224.93332758312602	2.184027830400737
-243.13730134770879	-16.019945934182033
-216.93639512480433	10.180960288722417
-217.64170841795124	9.475646995575516
-234.74895002673577	-7.6315946132090176
-266.9428139180774	-39.825458504550625
-220.07828679283114	7.039068620695616
-236.3897305527745	-9.272375139247742
-236.68114465273823	-9.563789239211474
-203.08662596492934	24.030729448597413
-224.2934108182045	2.8239445953222457
-221.62206831374635	5.495287099780398
-240.1424673338871	-13.02511192036036
-230.79086688110976	-3.673511467583012
-237.66862048823816	-10.55126507471141
-206.3476628642485	20.76969254927826
-208.5242511257485	18.59310428777826
-250.4209975393852	-23.30364212585846
-211.4375938777331	15.67976153579366
-216.97771778789604	10.139637625630712
-216.31592826309054	10.801427150436211
-239.36623947420878	-12.24888406068203
-194.28977542097994	32.827579992546816
-226.00988695385888	1.1074684596678708
-225.82030456524365	1.2970508482831065
-251.28095649976888	-24.163601086242124
-231.15246290798962	-4.0351074944628635
-224.80361563356848	2.3137397799582686
-213.26351815036753	13.853837263159221
-223.13788973593466	3.9794656775920885
-206.0930195535576	21.024335859969142
-242.68622275402151	-15.568867340494762
-243.78351733905868	-16.666161925531924
-219.63357559268036	7.483779820846394
-230.43898248232574	-3.321627068798989
-210.4886231465017	16.628732267025043
-217.33858874957798	9.778766663948772
-222.77260857827343	4.344746835253318
-198.06431241875828	29.053042994768475
-212.74135206819767	14.376003345329082
-191.86111408938734	35.25624132413941
-226.4598694592088	0.6574859543179628
-236.31842258511017	-9.201067171583418
-226.60111062404314	0.5162447894836077
-230.98910954071755	-3.8717541271907976
-221.34046339471672	5.776892018810031
-220.4709914015649	6.64636401196185
-239.43089376855198	-12.31353835502523
-249.24647220572945	-22.129116792202694
-226.58032431669847	0.5370310968282865
-242.42131098794482	-15.303955574418069
-208.13088967927172	18.986465734255034
-257.4216153959088	-30.304259982382064
-232.96967880261502	-5.852323389088269
-247.22850415479763	-20.11114874127088
-231.88291444016352	-4.765559026636765
-242.53100042277504	-15.413645009248285
-206.27413557383545	20.8432198396913
-227.75338673920044	-0.6360313256736845
-232.68738864879845	-5.570033235271694
-257.4275184276586	-30.31016301413183
-231.4708679928109	-4.353512579284143
-214.88959422836626	12.227761185160489
-230.2771001756147	-3.1597447620879393
-235.0248401976961	-7.907484784169355
-222.61977466610108	4.497580747425673
-260.64341007000905	-33.5260546564823
-223.13172538119682	3.9856300323299365
-210.5681459351864	16.549209478340345
-249.41238658599752	-22.29503117247077
-208.48307897500774	18.63427643851901
-224.6776009520646	2.439754461462144
-236.20369125552963	-9.086335842002882
-255.05736091135907	-27.940005497832317
-218.3454399102003	8.771915503326454
-200.69275645821028	26.42459895531647
-256.6522650596845	-29.534909646157757
-223.6725344994294	3.444820914097363
-234.47010116035665	-7.352745746829896
-244.34045996394264	-17.223104550415883
-223.7003797591998	3.4169756543269614
-224.79607869738095	2.321276716145803
-241.36745634529063	-14.250100931763882
-240.8095076276178	-13.692152214091038
-255.7316201163295	-28.614264702802757
-239.70470441309874	-12.587348999571986
-259.4486678225031	-32.33131240897637
-245.10723362917918	-17.989878215652425
-192.19217810596012	34.92517730756663
-222.41872637766494	4.6986290358618135
-219.30097667412622	7.816378739400534
-230.1366439145596	-3.019288501032861
-243.84888007763504	-16.731524664108292
-207.97826423777872	19.139091175748035
-202.92189753989362	24.19545787363313
-211.620584530344	15.496770883182762
-226.54798625308752	0.569369160439237
-226.53042586633376	0.5869295471929945
-236.6804838589552	-9.563128445428447
-255.5919754294838	-28.474620015957044
-199.19396271579456	27.923392697732197
-236.83907011770782	-9.721714704181068
-216.63743303571675	10.479922377809999
-232.96641091128834	-5.849055497761583
-238.0863248046909	-10.968969391164137
-223.3114034736892	3.8059519398375414
-212.2630764981833	14.854278915343457
-235.77194236915523	-8.654586955628474
-226.0589661918449	1.058389221681864
-247.51280648467502	-20.395451071148273
-235.8975135190077	-8.78015810548095
-229.37205802654637	-2.2547026130196173
-237.17432077959086	-10.056965366064105
-231.39959798519988	-4.282242571673123
-238.37570008233445	-11.258344668807695
-230.7617499252766	-3.6443945117498515
-234.25801236377004	-7.140656950243283
-239.58442066458076	-12.46706525105401
-223.98841475000802	3.1289406635187333
-219.06136304819222	8.055992365334532
-219.24926603292545	7.868089380601305
-220.98219806064583	6.135157352880924
-236.081903948255	-8.964548534728237
-236.26510192387934	-9.14774651035259
-211.58959207380678	15.527763339719968
-236.2791593878602	-9.161803974333452
-279.5292840431604	-52.41192862963362
-216.83133274313434	10.286022670392413
-225.76569465810746	1.3516607554192888
-222.7077901168915	4.4095652966352645
-244.8960193602353	-17.778663946708548
-226.5214601548024	0.5958952587243402
-212.9231966177714	14.194158795755357
-230.70880072401917	-3.5914453104924178
-232.60474668337986	-5.487391269853106
-223.27900378554034	3.8383516279864125
-228.74946620562253	-1.632110792095773
-221.9087484590956	5.208606954431161
-221.09703574529988	6.020319668226875
-219.476119424765	7.641235988761764
-238.18753352188935	-11.070178108362597
-213.91217139944922	13.205184014077531
-220.59675114832783	6.520604265198926
-229.46036441347235	-2.343008999945596
-247.48016956829372	-20.362814154766966
-236.52914298392272	-9.411787570395973
-227.82283386629854	-0.7054784527717857
-227.3175288455924	-0.20017343206563964
-233.78029874476044	-6.662943331233691
-205.70222181175916	21.415133601767593
-231.82603212414972	-4.708676710622967
-216.41662907425336	10.700726339273388
-208.0218959771547	19.09545943637204
-246.53987277170665	-19.422517358179903
-226.96949325907474	0.14786215445201378
-211.45184799287665	15.665507420650101
-222.35957750625232	4.757777907274431
-246.7218940668928	-19.604538653366035
-215.78461693330166	11.332738480225089
-238.48100075815012	-11.363645344623365
-225.59966992810507	1.51768548542168
-214.4980408158109	12.619314597715857
-214.1248780584384	12.99247735508834
-243.8585492554804	-16.741193841953645
-217.8977743410752	9.219581072451547
-220.9085713630585	6.208784050468239
-215.47412970914877	11.643225704377983
-243.26036928906535	-16.1430138755386
-242.4757824798245	-15.358427066297736
-216.5495417015146	10.56781371201214
-218.5195501183872	8.597805295139551
-235.53548489055095	-8.418129477024195
-216.71709275870955	10.400262654817197
-235.09321373705018	-7.9758583235234255
-237.34812764860828	-10.230772235081531
-245.57181950886581	-18.454464095339063
-219.6609212448194	7.4564341687073465
-228.82381149801506	-1.706456084488309
-236.78812036616284	-9.670764952636091
-247.13132535684701	-20.013969943320262
-236.73280978187825	-9.615454368351493
-214.38175750299263	12.735597910534125
-226.28896621446904	0.8283891990577104
-217.46945695313764	9.647898460389115
-236.0143118475345	-8.896956434007734
-223.30753540143917	3.8098200120875845
-236.5393214684692	-9.421966054942459
-229.77675279927928	-2.659397385752527
-201.5200542740596	25.597301139467163
-223.64321338495495	3.474142028571805
-212.56169575199158	14.555659661535174
-231.53699523099488	-4.4196398174681235
-224.89577851024944	2.2215769032773096
-221.75786704655468	5.359488366972073
-222.24913434491748	4.868221068609273
-220.8213125394933	6.296042874033446
-214.74583746474957	12.371517948777182
-216.69231315748323	10.425042256043525
-212.47034259624627	14.647012817280483
-195.28113041827885	31.836224995247903
-213.6465421341519	13.470813279374852
-232.595876910632	-5.478521497105248
-201.8687233105985	25.24863210292824
-251.58491698455612	-24.467561571029364
-207.38433817334146	19.73301724018529
-202.37351700015563	24.743838413371122
-245.03994167042686	-17.922586256900104
-220.22867673824214	6.888678675284609
-237.6302656472791	-10.512910233752336
-213.7233840636428	13.393971349883941
-236.87249981547495	-9.7551444019482
-229.09979279165702	-1.982437378130271
-254.20991237679402	-27.09255696326727
-229.58813466369895	-2.4707792501721997
-237.40016750232746	-10.28281208880071
-249.02922524806775	-21.911869834540994
-211.8839886801535	15.23336673337326
-229.05288949337694	-1.9355340798501857
-233.39725221113906	-6.2798967976123095
-234.5335063137128	-7.4161509001860395
-229.45452101657713	-2.33716560305038
-227.06419339403067	0.05316201949608512
-229.8064172028054	-2.6890617892786395
-242.35002335182355	-15.2326679382968
-242.965114390866	-15.847758977339254
-227.7668697860746	-0.6495143725478556
-246.79230300317715	-19.6749475896504
-230.2017221356756	-3.084366722148843
-235.91092345361096	-8.79356804008421
-234.45745735810044	-7.340101944573689
-220.34268625278048	6.774669160746271
-227.0908430037481	0.026512409778661095
-220.97783986107527	6.139515552451485
-244.3617272985531	-17.24437188502634
-218.25720183194346	8.86015358158329
-230.21024676275113	-3.0928913492243737
-237.41977442748168	-10.302419013954932
-231.8326319994477	-4.715276585920947
-238.46961827156622	-11.352262858039467
-205.2121290179449	21.90522639558185
-229.1575733990568	-2.0402179855300346
-221.0097682199513	6.107587193575455
-226.54224847972648	0.5751069338002708
-226.68633695112214	0.4310184624046087
-231.61178097141521	-4.494425557888462
-244.47992288622038	-17.362567472693627
-210.8601512496781	16.257204163848655
-234.85455930312594	-7.737203889599186
-222.5470264205461	4.570328992980649
-228.29548650733625	-1.1781310938094975
-247.86158250136498	-20.744227087838226
-226.41945050278002	0.697904910746729
-239.52020929088314	-12.402853877356392
-217.60774400330695	9.509611410219804
-230.69367848916875	-3.5763230756419944
-218.2031896866057	8.914165726921055
-242.3595472089902	-15.242191795463441
-237.0619508784249	-9.944595464898157
-245.25422234992868	-18.13686693640193
-245.61149766775918	-18.49414225423243
-261.5897059973896	-34.47235058386286
-222.17481412666814	4.942541286858614
-246.9780683396922	-19.860712926165434
-217.6699981908124	9.447357222714345
-222.73636794722836	4.380987466298393
-216.71075997805303	10.406595435473719
-225.92045502908434	1.196900384442415
-234.59727769647282	-7.479922282946063
-214.4088529773245	12.708502436202252
-212.09472624382317	15.022629169703578
-227.5333938544892	-0.41603844096243847
-247.1048970345829	-19.987541621056153
-213.40622494014235	13.7111304733844
-227.52749628535378	-0.41014087182702497
-221.43260596759058	5.684749445936177
-233.04236991596838	-5.925014502441627
-239.02477006140828	-11.907414647881524
-247.85605539386881	-20.738699980342062
-221.8136480539207	5.303707359606051
-223.33267021805943	3.7846851954673184
-212.28074418425524	14.836611229271512
-215.0472522981828	12.070103115343954
-244.56434137372264	-17.44698596019589
-219.00946393177867	8.107891481748084
-256.0544736997791	-28.93711828625237
-229.9866324782589	-2.8692770647321595
-205.89849749503912	21.21885791848763
-234.80961410603334	-7.692258692506584
-244.49887164422682	-17.381516230700072
-210.57698555451782	16.540369859008933
-207.9778120423099	19.13954337121686
-237.14389109763863	-10.026535684111877
-241.45825018906464	-14.34089477553789
-210.18985188248473	16.92750353104202
-238.614271544585	-11.496916131058242
-254.92688379749154	-27.80952838396479
-249.53613172663165	-22.4187763131049
-216.77606309920805	10.341292314318707
-248.30609445475704	-21.188739041230292
-252.73808590306282	-25.620730489536072
-239.93802240820798	-12.820666994681233
-221.93950063960358	5.177854773923173
-216.513825418103	10.603529995423742
-238.92257380611693	-11.805218392590177
-216.04335292856115	11.074002484965604
-263.36205270759376	-36.24469729406701
-218.7564229797673	8.360932433759444
-235.99599056745785	-8.8786351539311
-215.60408775509416	11.513267658432596
-216.81806427065305	10.299291142873699
-244.1347356626021	-17.01738024907536
-249.66134743255236	-22.54399201902561
-213.31942692068253	13.797928492844221
-216.01560115938912	11.101754254137632
-247.2102721163784	-20.092916702851653
-225.80545076151168	1.3119046520150732
-230.32404402151144	-3.206688607984688
-215.68886833474528	11.428487078781473
-245.55912875523347	-18.44177334170672
-242.32518407208693	-15.207828658560175
-234.51476670332625	-7.397411289799493
-211.9260978738704	15.191257539656362
-247.64866009196987	-20.53130467844312
-226.9897606719561	0.12759474157064687
-217.7970788088088	9.320276604717947
-218.35810134300402	8.75925407052273
-232.39650126234767	-5.279145848820917
-214.87897283510677	12.238382578419987
-231.39361360208852	-4.276258188561769
-210.4899978724235	16.627357541103265
-226.85123021943866	0.2661251940880902
-249.77729509009362	-22.659939676566864
-247.63898787802748	-20.521632464500726
-237.649714669412	-10.53235925588524
-222.8747813334877	4.242574080039049
-231.20733804374606	-4.0899826302193105
-212.5749799872384	14.542375426288345
-230.3304250195025	-3.213069605975761
-235.01282898617058	-7.895473572643823
-231.99645297435484	-4.879097560828086
-239.59408815529162	-12.476732741764863
-236.58842313750495	-9.471067723978194
-217.23902156635734	9.878333847169415
-206.4440724977859	20.673282915740856
-235.14492712147614	-8.027571707949392
-232.80517120260185	-5.687815789075103
-219.91617611053073	7.2011793029960245
-229.12207796751602	-2.004722553989268
-241.86739290169055	-14.750037488163798
-235.1166064860837	-7.999251072556945
-223.71533417411695	3.4020212394098053
-216.91450939820345	10.202846015323303
-221.57825301689002	5.539102396636736
-223.11978303931676	3.9975723742099945
-220.12796693032863	6.989388483198127
-245.80644244815187	-18.689087034625118
-226.07553449790714	1.0418209156196099
-211.8389160194448	15.278439394081943
-213.66277358891523	13.454581824611523
-220.13312651653098	6.9842288969957735
-233.52683454975624	-6.409479136229493
-238.2750203040879	-11.157664890561136
-220.27687468766374	6.840480725863017
-225.78247785749693	1.3348775560298236
-247.9348406092132	-20.81748519568646
-254.0183572588677	-26.901001845340943
-218.6330691544091	8.484286259117653
-239.35610991806163	-12.238754504534882
-207.73931701854883	19.37803839497792
-258.17947131304675	-31.062115899519995
-235.73263788604083	-8.615282472514082
-232.3701311632277	-5.252775749700959
-222.94055947218578	4.17679594134097
-212.4805869580406	14.636768455486163
-221.4065665532354	5.710788860291359
-245.11675847268918	-17.999403059162432
-223.02659617753955	4.090759235987207
-248.3877485125514	-21.27039309902466
-229.52684080507163	-2.4094853915448766
-207.38940105434006	19.727954359186697
-232.84214882386289	-5.724793410336133
-224.2608263796675	2.8565290338592604
-265.0976722188308	-37.98031680530403
-221.10535211710805	6.012003296418698
-224.86340208566537	2.2539533278613817
-261.07381198562064	-33.956456572093884
-227.9660068495533	-0.8486514360265573
-217.16326265901	9.95409275451675
-222.4132345810459	4.7041208324808395
-226.78451746682833	0.3328379466984188
-240.92156414225894	-13.804208728732192
-223.6239082899366	3.4934471235901583
-216.40153190327248	10.715823510254268
-209.2048128786074	17.91254253491934
-241.77248227274242	-14.65512685921567
-229.64714922679843	-2.529793813271681
-217.02831378276016	10.089041630766587
-239.11587148415413	-11.998516070627375
-229.63157823573704	-2.514222822210286
-224.29880377313668	2.8185516403900692
-225.89221559026475	1.2251398232619977
-209.5808819364712	17.53647347705555
-209.64579779213375	17.471557621393004
-229.2855610640355	-2.168205650508753
-200.53938930146535	26.577966112061404
-245.66460173655207	-18.54724632302532
-213.3000177821624	13.817337631364353
-210.6030975636196	16.514257849907153
-206.43157148125022	20.685783932276536
-215.51002372469077	11.607331688835984
-257.1553645943451	-30.038009180818335
-233.5816730452308	-6.464317631704034
-212.94800613881227	14.169349274714477
-251.16637707814073	-24.049021664613974
-237.16908672374404	-10.051731310217292
-218.96606642945983	8.151288984066923
-213.481513422371	13.635841991155758
-202.1955476957329	24.921807717793854
-217.25154272822977	9.865812685296987
-229.31453185010025	-2.1971764365735
-219.32319540643505	7.794160007091705
-214.33073955912107	12.786615854405682
-225.4941701523304	1.6231852611963404
-182.57850404700287	44.538851366523886
-238.3125523531154	-11.19519693958864
-211.4817676219783	15.63558779154846
-244.63101772736547	-17.513662313838722
-212.9564803653294	14.16087504819734
-200.41962925686232	26.69772615666443
-211.57815716287143	15.539198250655318
-234.70233440499135	-7.584978991464595
-231.3206274903597	-4.2032720768329455
-220.40731925816647	6.710036155360285
-220.04078250540908	7.076572908117669
-239.93238151230173	-12.815026098774979
-231.82561835499212	-4.708262941465364
-222.94940665103343	4.1679487624933245
-213.87991009518294	13.237445318343816
-226.90578026513242	0.21157514839433134
-224.38780089870409	2.7295545148226665
-247.25897835283388	-20.141622939307126
-221.5814696105473	5.535885802979465
-235.85563682612985	-8.7382814126031
-192.7495302770359	34.367825136490865
-230.92286868123767	-3.8055132677109214
-242.40286816632863	-15.285512752801878
-226.55877164969127	0.558583763835486
-256.8283421769112	-29.710986763384426
-206.66124824195424	20.456107171572512
-235.63446567678614	-8.517110263259383
-215.54721445764437	11.57014095588238
-235.75021017339452	-8.632854759867769
-231.9931847072686	-4.875829293741845
-231.74521544324955	-4.627860029722797
-230.47056955031724	-3.353214136790484
-206.85063485730927	20.26672055621748
-205.57493790427827	21.54241750924848
-271.6132029482352	-44.495847534708446
-229.1671111428251	-2.04975572929834
-231.90210169858904	-4.784746285062283
-225.9060722980022	1.2112831155245658
-211.88980461538733	15.227550798139418
-246.05627436849602	-18.938918954969267
-221.2681864337311	5.84916897979565
-244.61290220643707	-17.495546792910318
-255.13707990616524	-28.01972449263849
-202.3699828617638	24.747372551762965
-215.47243854378314	11.64491686974361
-210.84691523121285	16.270440182313905
-220.2533529953754	6.864002418151358
-227.96865808369614	-0.8513026701693889
-221.4571775323958	5.660177881130949
-199.92401458731467	27.19334082621208
-244.6846484988156	-17.56729308528884
-250.74885178492252	-23.63149637139577
-229.32122834330505	-2.2038729297782993
-241.41271295432955	-14.295357540802797
-246.15825954023887	-19.04090412671212
-226.11253568718814	1.00481972633861
-223.29205875169566	3.8252966618310893
-237.42946977343956	-10.312114359912812
-242.8977182617774	-15.780362848250661
-226.29094551270384	0.8264099008229095
-231.6845086180066	-4.567153204479837
-226.0270869338084	1.090268479718361
-228.3374553514542	-1.2200999379274435
-224.24236360397038	2.874991809556377
-221.93102705500053	5.186328358526225
-228.12346663040364	-1.0061112168768886
-216.5187956774854	10.598559736041352
-220.56719533632997	6.550160077196779
-201.49047284408437	25.626882569442387
-245.67908545684907	-18.561730043322314
-224.28916339178534	2.8281920217414154
-209.84678314203768	17.270572271489073
-232.3245071666562	-5.207151753129438
-278.24166517046535	-51.1243097569386
-213.12785441678272	13.989500996744027
-213.2174464305964	13.899908982930356
-265.8545689416452	-38.737213528118446
-216.60212014072306	10.515235272803693
-237.88857848498003	-10.771223071453278
-218.45912861745012	8.658226796076633
-239.5169558247245	-12.399600411197753
-219.0607658593609	8.05658955416584
-217.02604416213137	10.091311251395382
-215.87793349637207	11.239421917154687
-219.18759296315977	7.9297624503669795
-220.1445016320605	6.972853781466256
-233.15847339467575	-6.041117981149
-233.88915744210965	-6.771802028582897
-235.98935935113252	-8.872003937605768
-244.48716763178084	-17.369812218254083
-212.60704237916354	14.510313034363207
-233.00534451762644	-5.887989104099688
-218.18653536229533	8.930820051231422
-225.3534705560843	1.7638848574424628
-230.31036817399865	-3.193012760471902
-226.00538571232312	1.111969701203634
-211.60330176757554	15.514053645951208
-225.50048542880825	1.6168699847185053
-217.53303392265946	9.584321490867296
-221.14186275144596	5.975492662080796
-242.13585543649526	-15.01850002296851
-205.05830870066268	22.059046712864074
-207.04063151662842	20.07672389689833
-229.39808953337626	-2.2807341198495124
-246.49353655251173	-19.376181138984975
-200.48084803999075	26.636507373536006
-225.77300784232932	1.3443475711974315
-225.04002479953772	2.0773306139890337
-220.0424298289828	7.074925584543962
-211.98013201965216	15.137223393874592
-216.81697859287226	10.300376820654492
-227.06742561334534	0.049929800181416795
-239.02964101047394	-11.912285596947186
-221.83473298330057	5.2826224302261835
-224.5714386971332	2.545916716393549
-227.17649746792006	-0.05914205439330544
-238.96189492212864	-11.844539508601883
-235.07529403156798	-7.957938618041226
-233.69414102377334	-6.5767856102465885
-217.02387728263705	10.093478130889707
-260.0622955268874	-32.944940113360644
-202.64877286680996	24.46858254671679
-234.38813346223753	-7.270778048710781
-202.67458529777207	24.442770115754684
-242.64508418633625	-15.527728772809496
-225.1401347421007	1.9772206714260392
-223.60295138992217	3.514404023604584
-234.97258194346352	-7.855226529936772
-218.46992531633725	8.647430097189499
-220.83849784587358	6.278857567653176
-234.69006241841555	-7.572707004888798
-227.0181358477522	0.09921956577454694
-226.19802186991285	0.9193335436139023
-243.13603798299584	-16.018682569469092
-193.42439074451534	33.69296466901142
-218.24978438547544	8.867571028051316
-222.6669015633771	4.450453850149643
-217.62431123773706	9.493044175789692
-230.84800410427408	-3.73064869074733
-230.2238744144371	-3.106519000910339
-244.6792126548636	-17.56185724133684
-234.33102640347636	-7.213670989949605
-214.5369819953586	12.580373418168165
-244.21796633608312	-17.10061092255637
-217.71706571908283	9.400289694443927
-222.73356947389686	4.383785939629888
-244.84633413796394	-17.728978724437184
-231.17648760365694	-4.059132190130185
-213.5610259295164	13.556329484010348
-238.81004951410716	-11.692694100580411
-235.50436559412185	-8.387010180595098
-212.48248540925408	14.63487000427267
-235.488362438041	-8.371007024514256
-225.4235757768139	1.6937796367128612
-263.5607553608962	-36.44339994736947
-216.11230015316244	11.005055260364315
-259.8437208212082	-32.72636540768144
-242.81800670970836	-15.700651296181604
-237.53090088428428	-10.413545470757526
-244.39082663243892	-17.273471218912164
-225.16235568417608	1.954999729350675
-239.99787528485024	-12.880519871323486
-218.30926419479795	8.808091218728805
-205.25878570781344	21.858569705713307
-218.93504552181832	8.182309891708428
-237.19271121835766	-10.075355804830906
-216.55846420838054	10.55889120514621
-236.55317328379454	-9.435817870267783
-251.37417947877395	-24.2568240652472
-239.51593986787623	-12.398584454349475
-207.76282439112686	19.354531022399897
-207.4827172299366	19.63463818359014
-227.39003090647304	-0.27267549294629134
-240.1705331739314	-13.053177760404651
-237.64284748902276	-10.525492075496004
-227.73324660778883	-0.6158911942620762
-208.93292301322356	18.184432400303194
-215.04536338339233	12.071992030134425
-223.37628846498694	3.7410669485398103
-213.71427782407693	13.403077589449822
-210.23389722003333	16.883458193493425
-222.2193958717936	4.897959541733144
-229.03136198551067	-1.9140065719839185
-235.0793782326756	-7.962022819148842
-224.59768294699745	2.5196724665293004
-223.13676775728084	3.980587656245916
-211.46845465532817	15.648900758198579
-228.0390469533114	-0.9216915397846606
-231.13067996484017	-4.013324551313417
-229.05072667683555	-1.9333712633087998
-228.89697427613567	-1.7796188626089133
-233.3907997338348	-6.2734443203080446
-248.5188429656074	-21.401487552080653
-238.27638763302377	-11.159032219497021
-235.12562807953066	-8.008272666003904
-230.61233209183695	-3.494976678310195
-250.29455549656552	-23.17720008303877
-218.98339657275494	8.133958840771811
-219.0202076652887	8.097147748238058
-236.35393572615715	-9.236580312630394
-227.7428356588017	-0.6254802452749573
-228.53350243517627	-1.4161470216495218
-219.42606871958844	7.691286693938309
-230.88126095236942	-3.763905538842664
-258.1214478729481	-31.004092459421372
-205.42724172502778	21.69011368849897
-187.16867676187678	39.94867865164997
-221.87906349903926	5.23829191448749
-226.1062521935629	1.011103219963843
-218.0900824042866	9.027273009240162
-225.0722899701169	2.0450654434098396
-226.90907824120507	0.20827717232168652
-207.09195177914364	20.02540363438311
-222.1305582636952	4.9867971498315455
-257.7755681302616	-30.65821271673485
-219.87293458706256	7.244420826464193
-240.33455631995014	-13.217200906423386
-221.0545155182582	6.062839895268553
-227.27870969651406	-0.16135428298730403
-249.45039407256547	-22.33303865903872
-210.61650238431605	16.500853029210703
-238.34666250526345	-11.2293070917367
-192.5670051702865	34.550350243240246
-222.08527270046318	5.0320827130635735
-213.5221043679004	13.595251045626355
-216.35413457931566	10.763220834211097
-216.14691583570232	10.970439577824436
-238.52361007255524	-11.406254659028491
-231.60244541329587	-4.485089999769116
-235.37559954466553	-8.258244131138781
-217.83328354317484	9.284071870351909
-226.5063395790595	0.6110158344672527
-248.19160513083182	-21.074249717305065
-191.2857509969864	35.83160441654036
-238.3973067594735	-11.279951345946756
-238.2806301083575	-11.163274694830761
-239.98140253168378	-12.864047118157032
-199.36921802407153	27.748137389455223
-232.60452062202523	-5.487165208498482
-226.59480397699656	0.5225514365301933
-222.1344172537748	4.982938159751939
-230.47011026752728	-3.3527548540005228
-235.92675630629958	-8.809400892772828
-224.43281921317532	2.684536200351431
-224.68075497746315	2.4366004360635998
-198.4802133155564	28.637142097970354
-245.75783938308734	-18.64048396956059
-230.17630426723474	-3.0589488537079887
-231.7585383692741	-4.641182955747354
-230.3277491797154	-3.210393766188645
-226.82145985350792	0.29589556001883466
-198.60328645939728	28.51406895412947
-195.07780426182865	32.039551151698106
-241.02506622472276	-13.907710811196011
-199.70382137120316	27.41353404232359
-227.94635835206566	-0.8290029385389062
-234.81167750572342	-7.694322092196671
-218.0321833689478	9.08517204457894
-224.26833718549017	2.8490182280365843
-248.2253346044264	-21.10797919089964
-214.34578932748548	12.771566086041275
-220.74236989600024	6.374985517526511
-222.0341255359191	5.083229877607664
-244.97381660372332	-17.85646119019657
-220.1384361743941	6.978919239132665
-245.5623829465868	-18.445027533060056
-249.74205464554973	-22.624699232022977
-243.99571500508603	-16.878359591559274
-221.3285252898305	5.788830123696243
-215.9869616781317	11.130393735395046
-231.88949127766966	-4.772135864142911
-213.78501374435575	13.332341669171
-232.12744185993063	-5.010086446403875
-203.43829908604232	23.67905632748443
-225.6452029417079	1.4721524718188448
-210.0214738470196	17.09588156650716
-236.16330899764864	-9.04595358412189
-223.02767551346471	4.089679900062038
-236.15198257128498	-9.034627157758223
-238.89904102748108	-11.781685613954323
-230.3964801013891	-3.2791246878623497
-216.90400426706321	10.213351146463538
-223.46407651224138	3.6532789012853755
-213.96959263710153	13.147762776425225
-210.48186414193617	16.63549127159058
-237.43387547040322	-10.31652005687647
-212.50278211585385	14.614573297672905
-202.36513391794426	24.75222149558249
-223.23650362797628	3.880851785550476
-221.45849098931205	5.658864424214698
-227.58141050477127	-0.4640550912445178
-218.66163535808585	8.455720055440906
-223.55186354921454	3.5654918643122073
-225.62120979098393	1.4961456225428265
-249.88428501554438	-22.766929602017626
-247.6134549718073	-20.496099558280548
-231.5111796323573	-4.393824218830559
-263.19832595021137	-36.08097053668462
-232.5882313247813	-5.470875911254552
-235.6795811711737	-8.562225757646956
-225.24936269587045	1.867992717656307
-220.26816532096848	6.849190092558274
-240.16089238809502	-13.04353697456827
-241.10843146158288	-13.99107604805613
-229.8607584260127	-2.743403012485942
-243.44003017575153	-16.32267476222478
-228.3648893832243	-1.2475339696975425
-228.6863542309103	-1.5689988173835445
-238.36444365369528	-11.247088240168523
-232.9019194927779	-5.78456407925114
-221.4300106750553	5.687344738471438
-223.73172233967773	3.3856330738490215
-223.20321804073603	3.9141373727907194
-231.52396090389368	-4.406605490366928
-209.592705666607	17.52464974691975
-238.58402848838443	-11.466673074857681
-217.02222155750053	10.095133856026223
-209.15815421490254	17.959201198624214
-216.4670480493179	10.650307364208857
-245.99796619808615	-18.880610784559394
-235.8759894651986	-8.758634051671834
-229.73199090745322	-2.614635493926471
-221.7118803678269	5.405475045699859
-237.48769971586728	-10.370344302340527
-231.79235939343482	-4.67500397990807
-226.53919961473287	0.5781557987938868
-207.99783024329656	19.11952517023019
-235.91073915751906	-8.793383743992308
-221.74882856965553	5.368526843871223
-221.09963817031087	6.017717243215884
-214.3557737000766	12.761581713450141
-210.8965429049814	16.22081250854535
-245.67957721002597	-18.562221796499216
-229.14984193176053	-2.0324865182337817
-233.52347433400712	-6.406118920480367
-216.6253711267592	10.491984286767547
-227.45233920582825	-0.3349837923015002
-203.43632392609572	23.681031487431028
-222.32791722203103	4.789438191495719
-253.30080402966553	-26.183448616138776
-217.13227542128436	9.98507999224239
-211.54112991172144	15.576225501805311
-208.82466171984117	18.292693693685578
-211.98807536849483	15.12928004503192
-228.1503950921134	-1.033039678586647
-230.90410068514313	-3.7867452716163825
-228.64708501418784	-1.529729600661085
-232.5727070043023	-5.455351590775535
-232.63336980777524	-5.5160143942484865
-224.37596499203494	2.7413904214918148
-223.28386212288308	3.8334932906436734
-235.8279830529019	-8.710627639375161
-214.29829751628415	12.819057897242601
-233.71053895330544	-6.593183539778693
-217.11461570753738	10.00273970598937
-216.98105886815313	10.136296545373625
-240.85206350356304	-13.734708090036293
-228.44451039691478	-1.3271549833880272
-215.00134065342274	12.116014760104008
-205.59346494951308	21.523890464013675
-199.55632530852301	27.561030105003738
-228.78561933883896	-1.6682639253122034
-213.69213888384832	13.425216529678437
-217.89675247693515	9.220602936591604
-210.46613392979918	16.651221483727568
-215.8448890817191	11.272466331807664
-230.84231549204117	-3.724960078514414
-225.03926546830473	2.0780899452220183
-238.2583144241463	-11.140959010619554
-220.8260891025085	6.291266311018262
-229.30447639892657	-2.1871209853998153
-227.3346435309751	-0.21728811744833365
-231.9648222041534	-4.84746679062664
-234.28840238872647	-7.171046975199715
-219.17860739101445	7.9387480225123
-236.77113649996602	-9.653781086439267
-238.62636898621997	-11.50901357269322
-251.16267551459453	-24.045320101067773
-206.70852564533845	20.408829768188298
-235.4071155010853	-8.289760087558534
-224.22268585449922	2.894669559027534
-195.4222493787339	31.695106034792843
-228.98477485730393	-1.8674194437771803
-232.410325551372	-5.292970137845259
-239.07548148839408	-11.958126074867323
-254.98517363563144	-27.867818222104688
-244.96921605450473	-17.851860640977975
-229.58491126189904	-2.4675558483722853
-225.85182367733353	1.2655317361932248
-227.7348443536713	-0.6174889401445398
-218.2964661428806	8.820889270646148
-244.065570750313	-16.948215336786234
-229.27584505301922	-2.1584896394924726
-187.86783740671956	39.24951800680719
-211.97474587583122	15.142609537695535
-227.35327193050318	-0.235916516976431
-245.88547851689066	-18.768123103363905
-233.29940272976376	-6.1820473162370035
-250.38247482769214	-23.265119414165383
-234.3120854694672	-7.194730055940454
-207.44526709551712	19.672088318009628
-214.84635220914345	12.271003204383305
-238.71619786473013	-11.598842451203382
-244.7913744753124	-17.674019061785657
-226.0432608757793	1.0740945377474418
-205.41317437764803	21.70418103587872
-228.0818706151723	-0.964515201645554
-225.0091861406937	2.108169272833038
-225.64492471002006	1.4724307035066886
-212.96739059511594	14.149964818410808
-228.74041646702528	-1.6230610534985317
-246.21181752305267	-19.09446210952592
-203.62245999103027	23.494895422496484
-249.79017708044114	-22.672821666914388
-252.77571664991694	-25.658361236390192
-222.50162995984567	4.61572545368108
-239.59993051584308	-12.482575102316332
-233.15953939617168	-6.042183982644929
-234.60743321265466	-7.490077799127903
-210.4674966534468	16.64985876007995
-227.98689991412823	-0.8695445006014779
-240.48120568530715	-13.363850271780393
-220.48790930125244	6.629446112274309
-209.76838647086254	17.348968942664214
-223.60333809727592	3.514017316250829
-244.78076216495094	-17.66340675142419
-219.76964568839605	7.347709725130699
-205.74691976719907	21.370435646327678
-233.67662920249415	-6.559273788967403
-245.28366688977542	-18.166311476248666
-226.69783309880142	0.4195223147253273
-217.25637044228927	9.860984971237485
-201.84211533166956	25.27524008185719
-234.8912431693126	-7.773887755785836
-226.79974344506184	0.31761196846491657
-232.21295622786704	-5.095600814340287
-225.20517649968235	1.9121789138444
-236.96953750981913	-9.852182096292381
-258.20468420942336	-31.08732879589661
-209.88845701230014	17.228898401226616
-214.1174457852859	12.999909628240857
-244.25266829068562	-17.135312877158867
-204.3279943306071	22.78936108291964
-223.3741582306494	3.7431971828773385
-223.9187828251262	3.198572588400566
-219.5428181981216	7.574537215405144
-226.74360442318277	0.37375099034397863
-225.75391837718337	1.3634370363433845
-218.27901338391086	8.838342029615887
-237.07640609736984	-9.959050683843088
-235.4856783640381	-8.368322950511356
-209.0048727753557	18.11248263817106
-228.35446305808284	-1.2371076445560902
-222.5055927870227	4.61176262650406
-211.99632147380464	15.12103393972211
-228.0661962230762	-0.9488408095494378
-239.34640919448714	-12.229053780960385
-239.34318584201822	-12.225830428491463
-208.39486873520502	18.72248667832173
-199.92184778792864	27.19550762559811
-241.46572594364545	-14.3483705301187
-204.32058046326995	22.796774950256804
-235.93602124123856	-8.818665827711811
-218.2412447424823	8.876110671044444
-192.1950165365953	34.92233887693146
-231.84766931952174	-4.73031390599499
-231.81081735778855	-4.693461944261799
-206.71615601298538	20.401199400541373
-248.27725627806933	-21.15990086454258
-260.0459207995983	-32.92856538607157
-229.64994566117377	-2.532590247647022
-230.2518880456438	-3.1345326321170432
-234.68126373653206	-7.5639083230053075
-246.77023382094478	-19.65287840741803
-232.34053442319703	-5.223179009670275
-257.5437552720351	-30.426399858508375
-216.02761738489346	11.089738028633292
-217.15294484400795	9.964410569518805
-258.03785698281274	-30.92050156928599
-283.88605442260007	-56.768699009073316
-215.89487330083932	11.22248211268743
-231.5887667778835	-4.471411364356754
-234.58464963393192	-7.467294220405165
-209.10319118087784	18.01416423264891
-223.42271697043464	3.694638443092117
-211.315989163758	15.801366249768762
-206.19237055838596	20.924984855140792
-245.84078506486105	-18.7234296513343
-231.76595209199434	-4.648596678467584
-233.68005754850594	-6.56270213497919
-229.83260792106296	-2.7152525075362064
-231.096832391234	-3.979476977707236
-225.57866197028045	1.5386934432463022
-228.67828064769412	-1.560925234167371
-271.54952797252474	-44.43217255899799
-237.45499249784473	-10.337637084317976
-231.80167060551605	-4.684315191989299
-208.79146628739102	18.325889126135735
-218.9984203810119	8.118935032514855
-238.50252396646385	-11.385168552937103
-248.04384027522894	-20.926484861702193
-219.4376607846017	7.679694628925063
-217.4735177219801	9.64383769154665
-202.8127347937508	24.30462061977596
-233.2504745545549	-6.133119141028146
-203.5504788849022	23.56687652862456
-223.81570700277655	3.3016484107502038
-231.26634233878133	-4.148986925254576
-246.40261066398955	-19.285255250462797
-206.04943564709822	21.06791976642853
-235.45195825041003	-8.334602836883278
-195.58545928990782	31.531896123618935
-223.83307606284063	3.28427935068612
-227.97495488251582	-0.8575994689890649
-213.57137490747402	13.545980506052729
-239.80359904813952	-12.686243634612765
-254.04986517606733	-26.932509762540576
-225.7961854382694	1.3211699752573622
-233.0416046500569	-5.924249236530159
-225.56616257447888	1.5511928390478715
-221.6216901137915	5.495665299735265
-242.39313516309915	-15.275779749572393
-209.64771827660581	17.469637136920937
-201.09603790925314	26.02131750427361
-229.48183312768663	-2.364477714159875
-240.58404595644527	-13.466690542918514
-237.14276200967572	-10.025406596148969
-208.72153761879156	18.395817794735194
-242.2087590769471	-15.091403663420351
-249.70404572366817	-22.58669031014142
-216.1432289210453	10.974126492481446
-217.78844286767264	9.32891254585411
-225.97633215816597	1.1410232553607784
-231.09064201417925	-3.9732866006525
-218.44842646634345	8.668928947183304
-218.65426405398023	8.463091359546524
-240.30980351782193	-13.192448104295181
-227.75547650314832	-0.6381210896215634
-219.76340443893707	7.353950974589679
-222.98664610991102	4.130709303615731
-218.8637547184145	8.253600695112254
-237.49403111764252	-10.376675704115769
-215.62965380691014	11.48770160661661
-223.54261621614125	3.5747391973854974
-215.0575587032755	12.059796710251248
-230.12508819245988	-3.007732778933132
-230.49972013130457	-3.3823647177778184
-218.6322457673915	8.485109646135243
-248.43066446409932	-21.31330905057257
-227.445097201252	-0.32774178772524465
-224.0819043708135	3.035451042713248
-229.06348073615948	-1.9461253226327244
-221.0114183881043	6.105937025422463
-219.53549209514597	7.581863318380783
-213.94390418724936	13.173451226277393
-224.7784239234271	2.3389314900996396
-205.1278819784594	21.98947343506734
-221.37084818978758	5.746507223739172
-205.96588666688615	21.151468746640603
-220.82752966774126	6.2898257457854925
-210.21484693511877	16.90250847840798
-209.08569903848831	18.031656375038438
-215.16047083744627	11.956884576080483
-240.17020854791474	-13.052853134387988
-250.89076110730377	-23.773405693777022
-206.08146604238857	21.035889371138182
-239.33632362357014	-12.218968210043386
-210.39018060065712	16.727174812869634
-206.33949607712123	20.777859336405527
-182.70341795088746	44.413937462639296
-248.91400696057383	-21.796651547047077
-238.80349607250093	-11.686140658974182
-212.47294959263957	14.644405820887187
-243.56370225683634	-16.446346843309584
-211.09850982250202	16.01884559102473
-231.4926373226582	-4.375281909131445
-217.13638470692524	9.98097070660151
-251.6853195987161	-24.56796418518934
-225.03312716590438	2.0842282476223772
-207.03253016974043	20.084825243786327
-229.6371108818522	-2.5197554683254566
-207.68242142532392	19.43493398820283
-212.44084019278955	14.676515220737201
-225.2843509457117	1.8330044678150443
-204.57507400129828	22.542281412228476
-217.1448936059561	9.972461807570653
-241.08345778731302	-13.96610237378627
-256.19446216251083	-29.07710674898408
-241.49833226181647	-14.38097684828972
-234.28375748179235	-7.166402068265597
-234.78089184959674	-7.66353643606999
-234.9676834569501	-7.85032804342336
-248.694775842475	-21.577420428948244
-230.08301167797902	-2.9656562644522637
-228.0352612836242	-0.9179058700974565
-239.6675177401586	-12.550162326631835
-235.70108266369346	-8.583727250166703
-221.45919447714834	5.658160936378408
-209.8203933133874	17.296962100139353
-247.15513984499114	-20.037784431464388
-208.4165043912027	18.70085102232406
-223.84694121391942	3.2704141996073304
-258.3047249166076	-31.187369503080845
-234.50272015247458	-7.385364738947828
-219.0466285574322	8.070726856094552
-220.108091176745	7.009264236781746
-232.24469085945304	-5.127335445926292
-221.84477435865404	5.272581054872717
-244.8510373737182	-17.73368196019146
-253.37048129087918	-26.25312587735243
-239.22390695841307	-12.106551544886315
-234.156117184447	-7.038761770920246
-246.0190169172812	-18.90166150375444
-216.9983696385126	10.118985775014153
-221.4863978336026	5.630957579924143
-206.63068715125985	20.486668262266903
-241.84612249390477	-14.72876708037802
-223.44922091241017	3.668134501116583
-222.7140862766056	4.403269136921153
-258.1551359463439	-31.037780532817123
-219.4750354382369	7.642319975289865
-240.50935321728605	-13.391997803759295
-220.51352841543405	6.6038269980927
-233.2021756985879	-6.0848202850611415
-203.54758566116936	23.569769752357388
-231.30817763947846	-4.190822225951706
-227.51233667964254	-0.3949812661157921
-237.68710048780042	-10.56974507427367
-213.20472964210342	13.912625771423336
-232.90548439527186	-5.788128981745103
-226.50670470071339	0.6106507128133671
-225.89178686086518	1.2255685526615707
-255.04927957485336	-27.931924161326606
-243.5696578332819	-16.452302419755142
-231.57540373698714	-4.458048323460389
-222.9381024366113	4.17925297691545
-240.10934696111792	-12.99199154759117
-235.32228278717514	-8.204927373648388
-208.26190276816044	18.855452645366313
-217.43145102954725	9.685904383979505
-226.06994193650746	1.0474134770192904
-213.52972482266625	13.587630590860499
-245.7226687406029	-18.605313327076146
-229.82603654187835	-2.7086811283516
-219.38850250467215	7.728852908854606
-219.60529628814686	7.512059125379892
-252.2684534876563	-25.15109807412955
-240.35142737548006	-13.234071961953305
-183.70078934786864	43.41656606565812
-225.2915322633445	1.8258231501822593
-221.78180359639657	5.335551817130181
-211.7404540540839	15.376901359442854
-228.69217032526933	-1.5748149117425783
-231.7215877427617	-4.6042323292349465
-246.0540982840131	-18.93674287048634
-245.46422138035553	-18.346865966828773
-206.41673114463185	20.7006242688949
-230.50071173965546	-3.3833563261287054
-218.91024202090478	8.207113392621977
-225.10910385103045	2.008251562496298
-230.30402782490557	-3.1866724113788223
-222.57679507313435	4.540560340392403
-209.99040362481458	17.126951788712176
-213.513137661702	13.604217751824763
-234.55620448573166	-7.438849072204903
-228.94714127725013	-1.829785863723373
-240.2660988605595	-13.148743447032757
-232.0898970730733	-4.97254165954655
-204.98985326132527	22.127502152201487
-214.68337093547882	12.433984478047932
-206.62731186057056	20.490043552956195
-215.9193576877543	11.197997725772439
-212.27951842156028	14.83783699196647
-220.6054088137854	6.51194659974135
-234.25021411748742	-7.132858703960665
-252.53800459092156	-25.420649177394807
-221.06138547407602	6.055969939450733
-216.18409387030545	10.933261543221306
-191.15635616326028	35.96099925026647
-225.82995497725926	1.2874004362674896
-238.4795960844159	-11.36224067088915
-226.1776597373056	0.939695676221163
-229.08454579588863	-1.9671903823618777
-237.50888600755854	-10.391530594031792
-231.36427222015766	-4.246916806630907
-224.08792545663448	3.0294299568922725
-207.88722866773162	19.230126745795133
-228.25563684796646	-1.1382814344397048
-249.94691378771233	-22.82955837418558
-238.75829200687724	-11.640936593350489
-235.43035784920642	-8.313002435679664
-206.11758747651322	20.99976793701353
-229.0916360588409	-1.9742806453141384
-197.0303532787467	30.08700213478005
-226.4480035248663	0.6693518886604579
-231.72234483091881	-4.604989417392062
-221.70422989740757	5.41312551611918
-216.85777676575083	10.259578647775925
-222.70203368621435	4.415321727312403
-229.90000448576313	-2.7826490722363815
-212.2471665467557	14.870188866771059
-232.0202447467119	-4.902889333185158
-220.790154056299	6.32720135722775
-256.99344833264615	-29.8760929191194
-255.5550702345455	-28.437714821018744
-217.44770882917067	9.669646584356087
-242.443724155116	-15.326368741589249
-229.34331384769314	-2.2259584341663867
-235.15670369208522	-8.039348278558464
-190.29048230674664	36.82687310678011
-219.17428722320903	7.943068190317717
-250.68594534119904	-23.568589927672292
-234.20648117758822	-7.089125764061464
-216.3665871225195	10.750768291007262
-223.27179297411487	3.8455624394118786
-223.7723073976914	3.3450480158353457
-237.1418964230644	-10.024541009537643
-223.56899995017295	3.5483554633538006
-220.37794096441496	6.739414449111791
-222.66453594743064	4.452819466096116
-252.16817882697353	-25.05082341344678
-225.1589212719947	1.9584341415320523
-255.86556603161	-28.74821061808325
-215.0454293742324	12.07192603929434
-245.081307028183	-17.963951614656253
-223.9993712553361	3.1179841581906658
-212.70790843033603	14.409446983190719
-232.9020190038383	-5.784663590311538
-230.14093378668906	-3.0235783731623087
-225.1935059190538	1.923849494472961
-238.11621609578572	-10.998860682258965
-240.04144136346724	-12.92408594994049
-215.16076717600947	11.95658823751728
-214.25341497867623	12.86394043485052
-238.48328986168337	-11.365934448156622
-220.95022951959538	6.16712589393137
-243.45411719829565	-16.336761784768896
-227.649654248332	-0.5322988348052604
-232.94201499096664	-5.824659577439888
-216.93363766849063	10.18371774503612
-230.2297104699784	-3.1123550564516336
-216.55896357605081	10.558391837475938
-223.98430310139804	3.1330523121287115
-238.0064536517849	-10.889098238258157
-235.22754123259358	-8.110185819066828
-235.95805802360258	-8.840702610075823
-206.13537573793576	20.981979675590992
-236.46342861899313	-9.346073205466382
-229.3539762954416	-2.2366208819148596
-225.85128047992032	1.2660749336064328
-240.3524702912356	-13.235114877708838
-199.98756300301022	27.12979241051653
-212.91939023152656	14.197965182000189
-234.14210232425387	-7.024746910727117
-221.96366243810473	5.153692975422018
-244.0024355618035	-16.885080148276757
-252.03730126239964	-24.919945848872885
-243.52743144987755	-16.4100760363508
-245.11830571657185	-18.0009503030451
-227.39684220497577	-0.2794867914490169
-229.26314790514436	-2.1457924916176125
-201.33490730582992	25.782448107696837
-218.49338193377037	8.623973479756387
-246.03550005558202	-18.918144642055267
-209.05539237518235	18.061963038344402
-220.89860011823032	6.2187552952964325
-240.29610801924275	-13.178752605716
-230.43090307017985	-3.3135476566530997
-216.6241526695186	10.493202744008158
-234.48959536518225	-7.3722399516555015
-256.7597448027765	-29.64238938924973
-227.60049237006308	-0.4831369565363275
-204.99590425338386	22.121451160142897
-228.2540427313462	-1.136687317819451
-226.95958631984388	0.15776909368287306
-240.33124425241397	-13.213888838887215
-220.72996590639661	6.387389507130138
-237.8719426365525	-10.754587223025737
-223.1858066510132	3.9315487625135574
-228.96372851007175	-1.846373096544994
-256.6188262298775	-29.501470816350775
-217.42257051179615	9.6947849017306
-217.2472789630948	9.870076450431952
-238.2741365962239	-11.15678118269716
-236.7905280582446	-9.673172644717852
-205.61409504929463	21.50326036423212
-232.76456350777437	-5.647208094247617
-226.21908064929733	0.8982747642294271
-216.76451941995322	10.352835993573535
-208.46651733920874	18.650838074318017
-236.11411887393763	-8.996763460410875
-236.9202603773839	-9.802904963857145
-220.45779950185818	6.659555911668576
-209.10640296199847	18.010952451528283
-234.3620971049487	-7.24474169142195
-220.48580491274618	6.631550500780577
-229.78032333698786	-2.6629679234611103
-213.34451130653463	13.772844106992125
-229.3637541238378	-2.246398710311041
-223.43390463462413	3.6834507789026247
-240.83099473262985	-13.713639319103095
-219.74102416022936	7.376331253297394
-230.49671561755088	-3.379360204024124
-229.84641699978522	-2.7290615862584673
-238.86831643370817	-11.750961020181421
-238.37294318053603	-11.255587767009274
-245.06801624457432	-17.95066083104757
-231.8429599945913	-4.725604581064545
-227.84682239593087	-0.7294669824041193
-218.6295428263212	8.487812587205553
-228.22466627574897	-1.1073108622222207
-200.49313251666456	26.624222896862193
-248.14503227514354	-21.027676861616783
-231.83279677347593	-4.715441359949182
-232.92636767858778	-5.809012265061028
-202.64425121398665	24.473104199540103
-232.54030364269704	-5.422948229170288
-215.9027507386446	11.214604674882139
-226.6131188292594	0.5042365842673462
-224.47263165871402	2.6447237548127305
-234.6657605468164	-7.548405133289634
-233.03722250421845	-5.919867090691696
-220.44061419249476	6.676741221031989
-220.305722291184	6.811633122342755
-231.53401872905226	-4.416663315525511
-250.37484968181082	-23.257494268284063
-255.34908603652286	-28.23173062299611
-229.89132033884664	-2.7739649253198877
-240.19226332753453	-13.074907914007781
-230.52927618803653	-3.411920774509781
-213.54561245758225	13.5717429559445
-183.717649104433	43.399706309093744
-234.11959002910146	-7.002234615574707
-240.82876535225216	-13.71140993872541
-225.18606481642485	1.9312905971019063
