Hf	deltaHf ref=-4.964712860233249
-6.6227091279024535	-1.6579962676692048
-3.6850412621588475	1.2796715980744011
-4.127480041528543	0.837232818704706
-4.307248607085512	0.6574642531477366
-5.526309757825402	-0.5615968975921533
-2.6995791707686294	2.2651336894646192
3.006868071917779	7.971580932151028
-4.365193856299356	0.5995190039338922
-3.2959158144908542	1.6687970457423944
-12.587185944074008	-7.6224730838407595
-7.894691417298418	-2.9299785570651693
-10.452290331531913	-5.487577471298664
-7.377464640306698	-2.4127517800734495
0.899916385083543	5.864629245316792
-7.988053454518649	-3.0233405942854006
-1.3021565880776507	3.662556272155598
-4.870227035071366	0.09448582516188253
-6.6422151042356745	-1.6775022440024259
7.563582217782368	12.528295078015617
-4.095268071629562	0.8694447886036869
-4.065885809868178	0.898827050365071
-14.482918275019529	-9.51820541478628
-4.382315824549551	0.582397035683698
-3.974905221076824	0.9898076391564246
-12.70348912639247	-7.7387762661592205
-7.3341285208312	-2.3694156605979515
-1.1178946929503581	3.8468181672828905
-0.18337136904392537	4.781341491189323
2.773379821981507	7.738092682214756
-7.227934111274408	-2.263221251041159
8.28172969704383	13.246442557277078
-8.756924045394953	-3.7922111851617046
-11.785305781158058	-6.82059292092481
-5.4956318063123035	-0.5309189460790549
-4.6893177202991865	0.27539513993406217
-0.7973265899245234	4.167386270308725
-7.88217547775821	-2.9174626175249614
-6.7543104349629175	-1.7895975747296688
-2.4286961372504265	2.536016722982822
-8.30589625300172	-3.341183392768471
-7.972566954256763	-3.0078540940235143
-9.919767948832487	-4.955055088599238
-0.9021301825659975	4.062582677667251
-2.211658528468888	2.7530543317643605
-1.8494000449113628	3.115312815321886
3.5280027222465833	8.492715582479832
0.37119747581800766	5.335910336051256
0.6474621888223737	5.612175049055622
-13.154811899279593	-8.190099039046345
-14.510246036918033	-9.545533176684785
-13.439470770226762	-8.474757909993514
-5.208231577470997	-0.2435187172377482
-2.6155569916668355	2.349155868566413
-1.208685191501445	3.7560276687318037
-12.976460858143582	-8.011747997910334
-8.697092194040124	-3.7323793338068754
-6.493830181041176	-1.5291173208079272
-6.99612288660137	-2.031410026368121
-7.7911673264793535	-2.826454466246105
-11.040419239225685	-6.075706378992436
-0.4471950937258953	4.517517766507353
3.415655858025275	8.380368718258524
-4.126957982719432	0.8377548775138166
-7.6893876183548855	-2.724674758121637
-6.323832682140619	-1.3591198219073704
-1.6222268422088746	3.342486018024374
-3.4545778767560478	1.5101349834772009
-15.026948269244713	-10.062235409011464
-3.6348345521460033	1.3298783080872454
5.2242127914973935	10.188925651730642
-9.390653051056688	-4.4259401908234395
-2.4535445208525744	2.5111683393806743
3.020106864204081	7.98481972443733
-3.7696522907017425	1.1950605695315062
-7.616858659949685	-2.652145799716436
-3.056336167898735	1.9083766923345138
-4.256171418635859	0.7085414415973901
4.318982964278348	9.283695824511597
-5.698499463757798	-0.7337866035245497
-4.311550233890102	0.6531626263431463
-5.836897998100085	-0.8721851378668362
-10.131206800640484	-5.166493940407236
-8.912219939226361	-3.9475070789931124
-12.400355195354678	-7.435642335121429
-12.437860120223831	-7.473147259990583
-3.7129724819569674	1.2517403782762813
-6.3650001569762935	-1.4002872967430449
-7.318322191056723	-2.353609330823474
-2.999550804858245	1.9651620553750035
-1.7694357313557703	3.1952771288774784
-5.778463227671637	-0.8137503674383879
-1.249825195862286	3.7148876643709627
-5.73553352969202	-0.7708206694587716
0.4397357774514603	5.404448637684709
1.6223594566595239	6.5870723168927725
-9.006079346601837	-4.041366486368588
-5.551013774000239	-0.5863009137669906
-2.8509550987378134	2.1137577614954353
-7.868234742440563	-2.9035218822073148
3.0924837477782603	8.057196608011509
-16.81620381626726	-11.851490956034013
1.5663408807895394	6.531053741022788
1.2228624641493298	6.187575324382578
0.5841644570041353	5.548877317237384
-7.515240122017985	-2.5505272617847368
-6.179688445381089	-1.2149755851478403
-9.689457685482012	-4.724744825248763
-1.5906225884918967	3.374090271741352
-4.442146764437439	0.5225660957958098
-6.263841295482507	-1.2991284352492585
-13.445948643166957	-8.481235782933709
-4.758242824972513	0.20647003526073604
-11.602564789448024	-6.637851929214776
-8.42407103468031	-3.459358174447061
-7.433950626073511	-2.469237765840262
0.741080752594371	5.70579361282762
-10.385520869538595	-5.420808009305347
5.8761207156453565	10.840833575878605
-10.361817326451728	-5.3971044662184795
-4.1775573001709745	0.7871555600622742
-4.39570441544538	0.5690084447878689
-10.392625226153086	-5.427912365919838
-8.443463745854842	-3.4787508856215936
-0.10080415082438776	4.863908709408861
-8.17784535145529	-3.2131324912220407
-9.746365560082268	-4.781652699849019
4.407087124650388	9.371799984883637
-6.80797740880098	-1.8432645485677313
-7.81416715440082	-2.849454294167572
-3.2105609600594107	1.754151900173838
-1.143277115980709	3.8214357442525397
-0.9788875199619724	3.985825340271276
-4.11537807630657	0.8493347839266789
-0.9698605622961622	3.9948522979370864
-12.817738776308033	-7.853025916074785
-7.341141986622006	-2.376429126388757
-0.1606475601361126	4.804065300097136
-3.0062061436719887	1.95850671656126
-8.236478377528783	-3.2717655172955347
-6.306123008833765	-1.3414101486005165
0.041972243155669275	5.006685103388918
-12.84163131673995	-7.876918456506701
-7.970883575921107	-3.0061707156878583
-4.930548141625422	0.03416471860782622
-11.069896318585052	-6.105183458351803
-19.748636540674397	-14.783923680441148
-10.482890315644909	-5.51817745541166
2.5283316538461804	7.493044514079429
-5.2698588804823885	-0.30514602024913984
-4.418511718532045	0.5462011417012036
-2.327011538248371	2.6377013219848777
-5.149329990197657	-0.18461712996440838
-4.889169550077895	0.07554331015535354
-2.5405948282063946	2.424118032026854
-6.4540343922421926	-1.489321532008944
-5.58620812215031	-0.6214952619170617
3.2123197511191393	8.177032611352388
-6.243416207934388	-1.2787033477011391
4.232512806857812	9.197225667091061
8.747592274050476	13.712305134283724
-0.3022485542119284	4.66246430602132
-4.50153867586323	0.46317418437001834
-9.747126907110214	-4.782414046876966
-6.034819234058432	-1.0701063738251833
-6.472906907957622	-1.5081940477243734
0.976383327829808	5.941096188063057
-4.1207951999667785	0.8439176602664702
-11.999890769206104	-7.035177908972855
-5.847520005945626	-0.882807145712377
-7.4947898043442365	-2.530076944110988
-2.9167288314024518	2.047984028830797
-4.018833416611415	0.9458794436218341
-2.5712399959729737	2.393472864260275
-1.3938181716184772	3.5708946886147714
-4.797978968159441	0.1667338920738075
-2.763949751151813	2.2007631090814357
3.662561579940757	8.627274440174006
-5.240447838347336	-0.2757349781140874
-5.595326303704496	-0.6306134434712476
-8.290750214653144	-3.3260373544198956
0.35631274818524616	5.321025608418495
-6.964389090379427	-1.9996762301461786
-1.0854045270539245	3.879308333179324
1.0412286501154995	6.005941510348748
0.06494600410178464	5.029658864335033
-2.1614792741024758	2.803233586130773
-9.441636637045121	-4.476923776811873
1.479557787752583	6.444270647985832
-10.693173762109836	-5.728460901876588
4.001861981349521	8.96657484158277
4.9376188722735606	9.90233173250681
-4.057145050504914	0.9075678097283344
-7.016857522155078	-2.0521446619218295
-3.49802732629405	1.4666855339391986
-6.6403151642857665	-1.6756023040525179
3.2321798572693297	8.196892717502578
-6.372581170964622	-1.4078683107313736
0.6327757528788425	5.597488613112091
-11.87841577444442	-6.9137029142111714
-11.296853752446168	-6.332140892212919
1.7150999813561612	6.67981284158941
-6.413149218854869	-1.4484363586216205
-5.261468295787381	-0.2967554355541324
-11.914632100277686	-6.949919240044437
-6.942226509261673	-1.977513649028424
-4.1803268756625585	0.7843859845706902
-6.7684557371198935	-1.8037428768866448
-4.406772024134625	0.5579408360986235
-5.934393913903932	-0.9696810536706835
-6.052348971491483	-1.0876361112582345
-3.4094318785159885	1.5552809817172601
-7.583108070899925	-2.6183952106666766
-5.628153810680033	-0.663440950446784
-8.178793362136275	-3.2140805019030267
-9.063145927764253	-4.098433067531005
-6.549198859226635	-1.5844859989933866
-6.664002765232908	-1.6992899049996595
-9.184889171384839	-4.22017631115159
-8.565877381412975	-3.601164521179726
-0.6705349244962235	4.294177935737025
-2.755942724043507	2.2087701361897416
-2.3101580353923055	2.654554824840943
-12.956630668551043	-7.991917808317794
-1.9632303351168048	3.001482525116444
-0.846735583582813	4.117977276650436
-3.3198322827138327	1.644880577519416
-6.531837394820741	-1.5671245345874922
-1.0825611250152178	3.882151735218031
-1.8942333560257794	3.0704795042074693
-15.467419808440354	-10.502706948207106
-9.63532142364511	-4.670608563411861
-6.495571187655514	-1.5308583274222656
-6.826005807796719	-1.86129294756347
-7.3945772509878225	-2.429864390754574
-2.435426966977502	2.5292858932557465
-7.610875542965914	-2.6461626827326654
3.7916613008260356	8.756374161059284
-11.668290102041283	-6.703577241808034
-11.912961184620599	-6.94824832438735
-10.695921418095622	-5.731208557862374
-9.336041892815501	-4.371329032582253
-8.86201816363291	-3.897305303399662
-8.58753038054374	-3.622817520310491
5.13900263727146	10.103715497504709
-9.374081112979638	-4.40936825274639
1.4968870006769066	6.461599860910155
1.8947727978752482	6.859485658108497
-9.780272749195774	-4.815559888962525
-16.071696109232562	-11.106983248999313
-1.1959390628699111	3.7687737973633375
-2.29912190192681	2.6655909583064386
-4.026839037181162	0.9378738230520867
-0.7782892215682296	4.186423638665019
-8.483267608307415	-3.518554748074166
-8.78648588792521	-3.821773027691961
-1.4452440005584322	3.5194688596748165
5.45723953121751	10.421952391450759
-10.268196924851054	-5.303484064617805
-8.483313431596343	-3.518600571363095
-4.816382251974574	0.14833060825867506
-11.363669080512409	-6.39895622027916
-5.066903337761232	-0.1021904775279836
-1.6586849361265195	3.306027924106729
-2.8987763760724192	2.0659364841608294
-3.046102594315471	1.9186102659177777
4.4934123743787495	9.458125234611998
-1.9719321543293518	2.992780705903897
-9.267521143465729	-4.30280828323248
-9.692099216531005	-4.727386356297757
-2.397757450015888	2.5669554102173606
-1.6570660297024915	3.307646830530757
-9.879592606787355	-4.9148797465541065
-6.059579025588846	-1.0948661653555973
-10.980997889446371	-6.0162850292131225
-1.8948280770596284	3.0698847831736202
-6.843418221608317	-1.8787053613750686
5.412527665164816	10.377240525398065
-10.624683596741761	-5.659970736508512
-4.745345319160151	0.21936754107309753
-6.443416659847571	-1.4787037996143226
-7.632259470873578	-2.667546610640329
0.8595953067824667	5.824308167015715
-12.541091438336935	-7.576378578103686
-8.498716832842092	-3.5340039726088435
4.064614606507803	9.029327466741051
-1.267911409698172	3.6968014505350766
-3.39145352251262	1.5732593377206285
-6.395708444723368	-1.4309955844901197
-8.253236816222852	-3.2885239559896036
-8.254562624368646	-3.289849764135397
0.2548544734886491	5.219567333721898
-0.5605970192773384	4.40411584095591
0.7142923105730006	5.679005170806249
-9.081536823556235	-4.116823963322986
-3.7296026371568587	1.23511022307639
0.31009102070447625	5.274803880937725
-4.102416240567891	0.8622966196653579
-3.307744026711134	1.6569688335221144
-1.129235904687448	3.8354769555458006
-3.0455965701989953	1.9191162900342533
-2.5629428090610418	2.401770051172207
-17.15629283413	-12.19157997389675
-2.5252494449623555	2.439463415270893
0.28962793986693214	5.254340800100181
-11.242195867547252	-6.277483007314004
-4.92003620107198	0.04467665916126862
-2.8285458839254716	2.136166976307777
-7.609577154885301	-2.644864294652052
-3.16412057284424	1.8005922873890086
-4.848320401187266	0.11639245904598283
-0.8797185413004627	4.084994318932786
4.483744720987488	9.448457581220737
-8.06930165006088	-3.1045887898276305
-10.526040435232517	-5.561327574999268
-2.1799875478036483	2.7847253124296003
-6.285047184564974	-1.320334324331725
-10.219879517048412	-5.255166656815163
-0.35294604960836296	4.611766810624886
4.709906834573758	9.674619694807006
-3.002108264711751	1.9626045955214977
-2.5725626077214656	2.392150252511783
-1.90586797197966	3.0588448882535886
12.626959580087714	17.591672440320963
-3.2671091963779872	1.6976036638552614
-12.343616587539145	-7.378903727305897
-0.9221701171954919	4.042542743037757
-3.841420343446771	1.1232925167864778
-1.7492499446079819	3.2154629156252668
-0.0989818758534966	4.865730984379752
-2.419964491623432	2.5447483686098167
-13.992328073592034	-9.027615213358786
-7.178686019537054	-2.213973159303805
-0.6725818421050462	4.292131018128202
-6.511052460548399	-1.5463396003151502
-5.010901489901698	-0.04618862966844972
-1.4889985897157203	3.4757142705175283
-3.6125587489391364	1.3521541112941122
-8.687886992603126	-3.723174132369877
0.607173882666757	5.571886742900006
-1.0319707285893855	3.932742131643863
-5.599137445196902	-0.6344245849636536
4.756643679893841	9.72135654012709
-0.3588743716818499	4.605838488551399
-4.179073763293218	0.7856390969400309
-5.11611790920233	-0.1514050489690817
2.8808658286834543	7.845578688916703
-4.100958362634628	0.8637544975986202
2.6275249159548366	7.592237776188085
-4.794340876955175	0.17037198327807346
-5.836567130786989	-0.8718542705537402
-5.236785713982044	-0.27207285374879575
2.801722186846746	7.7664350470799945
-8.948800735316581	-3.9840878750833326
-8.347586426841644	-3.3828735666083958
-10.349598148906352	-5.384885288673104
0.7824460487090619	5.7471589089423105
-8.060756598135413	-3.096043737902164
-7.610196259526674	-2.6454833992934255
1.7903518142766188	6.7550646745098675
-1.246709358105818	3.7180035021274307
-1.9963925012675645	2.968320358965684
-8.684659013582404	-3.719946153349156
-0.8748324691428024	4.089880391090446
-9.289835423070599	-4.32512256283735
-1.7244832882179253	3.2402295720153234
4.491208442066181	9.45592130229943
-10.76802432952445	-5.803311469291202
-2.0370623858580075	2.927650474375241
-3.4247893135757295	1.5399235466575192
-0.8403908869167935	4.124321973316455
-10.674637701361917	-5.709924841128668
-11.07386089573447	-6.109148035501221
-12.786230065582913	-7.821517205349664
-4.817583002630272	0.1471298576029767
0.9693009042071026	5.934013764440351
-0.9142741194395967	4.050438740793652
7.521858553068341	12.48657141330159
-6.40004362317859	-1.4353307629453411
-6.5834838778082485	-1.6187710175749999
5.603976680750293	10.568689540983542
-1.200993597863544	3.7637192623697047
-0.628882001967213	4.335830858266036
-6.89882599041448	-1.934113130181231
-7.06795345627188	-2.1032405960386313
-10.620047793433969	-5.65533493320072
-8.407109984055296	-3.4423971238220474
-0.741389708168299	4.22332315206495
-6.970212023519252	-2.0054991632860037
-8.268829863784958	-3.30411700355171
-7.387307896832226	-2.4225950365989775
-4.143684551262595	0.8210283089706536
-8.340601161462473	-3.3758883012292245
-9.826909756581244	-4.862196896347996
-12.155691675255639	-7.19097881502239
-7.995976830113705	-3.031263969880456
-1.9902733652261304	2.9744394950071182
-3.454429673728555	1.5102831865046937
-3.2651552475035714	1.6995576127296772
-3.92201284194698	1.0427000182862685
-1.5145207759037476	3.450192084329501
-6.8886468057094135	-1.9239339454761648
-1.8774294842874042	3.0872833759458445
-1.9698618918268949	2.994850968406354
-6.4221814743123105	-1.4574686140790618
-4.230419974917368	0.734292885315881
-5.70806909946532	-0.743356239232071
-3.575311398951726	1.3894014612815226
-15.114280884973596	-10.149568024740347
-6.557323641417497	-1.5926107811842485
-2.48255669248465	2.482156167748599
-4.191149489430245	0.7735633708030036
-4.8952229865126355	0.0694898737206131
-5.824989685391756	-0.8602768251585076
-1.0448581193459177	3.919854740887331
-6.8149791799105515	-1.8502663196773028
1.837138875846449	6.801851736079698
-5.847208100008629	-0.8824952397753805
-2.298884171726513	2.6658286885067355
0.35275925699306754	5.317472117226316
0.014689793212710356	4.979402653445959
2.310927353756142	7.275640213989391
-5.525300103701738	-0.5605872434684898
2.5102237976639117	7.47493665789716
2.4200876940844864	7.384800554317735
-2.163239640180109	2.80147322005314
-11.89898562680628	-6.934272766573031
-4.715581074562579	0.24913178567067007
-12.136146707785883	-7.171433847552635
-9.007237016820454	-4.042524156587206
2.358900864505358	7.323613724738607
-9.482906150560211	-4.518193290326963
-6.6164276366180275	-1.6517147763847788
1.540335819948723	6.505048680181972
0.9702013121045638	5.9349141723378125
-2.589470189394433	2.3752426708388157
-8.658232391775982	-3.6935195315427336
-5.613350251626343	-0.6486373913930947
5.135222472606074	10.099935332839323
-10.173682513417134	-5.208969653183885
6.004353410895419	10.969066271128668
-8.392240171900994	-3.4275273116677454
-7.733000142136916	-2.7682872819036675
-4.4398136169947975	0.5248992432384512
1.6148783267417457	6.579591186974994
-2.659387508432701	2.3053253518005477
-16.061609107740423	-11.096896247507175
-0.8339678649945199	4.130744995238729
0.9019295607968161	5.866642421030065
-9.594574966051823	-4.6298621058185745
5.706546955816975	10.671259816050224
-10.37067964150583	-5.405966781272582
-3.6129196459864943	1.3517932142467544
-11.321566557624465	-6.356853697391216
-0.28782860074124983	4.676884259491999
-8.184367242696226	-3.219654382462977
-7.585148030057098	-2.6204351698238497
-5.123305427228843	-0.1585925669955941
-9.706072782714728	-4.741359922481479
-7.78162190235571	-2.816909042122461
-1.8578689471360121	3.1068439130972365
-5.046132967945141	-0.08142010771189234
-2.9432047768136727	2.021508083419576
3.2986025243849326	8.263315384618181
-4.227124089412428	0.7375887708208211
-4.568062864454987	0.39664999577826165
-9.918532027456877	-4.953819167223628
-1.3042228352501297	3.660490024983119
-3.0565851591159117	1.908127701117337
-6.174549549423318	-1.2098366891900696
-3.9131905690060194	1.0515222912272293
0.02630505298202479	4.991017913215273
-3.9657264148804643	0.9989864453527844
-4.425002427340587	0.5397104328926616
-4.518640203279574	0.4460726569536746
-2.1399610432863483	2.8247518169469004
-1.2182218238031055	3.746491036430143
-6.563490888153865	-1.5987780279206163
-5.003124893057247	-0.03841203282399874
3.9284807619014828	8.893193622134731
2.738528848565238	7.703241708798487
-6.078495186043256	-1.113782325810007
-7.017120320048434	-2.0524074598151856
-3.886035383282433	1.0786774769508156
-9.98212876143998	-5.017415901206732
-11.362273354903664	-6.397560494670415
-3.974157737930909	0.9905551223023394
-10.183564132322317	-5.2188512720890685
-5.070154548072878	-0.1054416878396296
-2.8936799690750377	2.071032891158211
-5.089084659478431	-0.12437179924518205
-5.663103269991552	-0.6983904097583036
-4.610086875255547	0.3546259849777016
0.921322578613399	5.886035438846648
-5.663544834188542	-0.6988319739552935
-7.818088145112597	-2.8533752848793483
-14.098597118734233	-9.133884258500984
-6.872643317688926	-1.9079304574556772
-10.624312200910481	-5.659599340677232
-10.145472007502121	-5.180759147268873
-8.830576917130657	-3.865864056897408
-8.817474603725259	-3.8527617434920103
-7.842824737510455	-2.878111877277206
-10.072955356710736	-5.108242496477487
-10.038641487996756	-5.073928627763507
-4.490719382920815	0.47399347731243324
-1.3256651984747805	3.639047661758468
-1.8868080148517947	3.077904845381454
-9.963383416259148	-4.9986705560259
-2.888126981403275	2.076585878829974
-4.091943379125041	0.8727694811082074
0.8305600991129722	5.795272959346221
2.3645259903432816	7.32923885057653
-2.753487704706913	2.2112251555263356
-6.526133609027056	-1.5614207487938074
-2.714108804134412	2.2506040560988367
-1.414755995583164	3.5499568646500848
-4.977789033183399	-0.013076172950150067
-12.279217773404525	-7.314504913171277
-6.71930113517692	-1.7545882749436714
-5.905780087298808	-0.9410672270655596
-8.045532744913544	-3.080819884680295
-2.4727130424585084	2.4919998177747402
7.963204207483614	12.927917067716862
-5.774687973574601	-0.809975113341352
-5.379828717333567	-0.41511585710031795
-7.352569989237054	-2.3878571290038053
0.23048925921557384	5.1952021194488225
-4.368106052265375	0.5966068079678735
2.7020715308863146	7.666784391119563
-6.01654578448688	-1.051832924253631
-14.195449129502776	-9.230736269269528
-10.734221608624466	-5.7695087483912175
-1.7094459002432814	3.2552669599899673
-0.5041728994642654	4.460539960768983
-4.426316721241619	0.5383961389916294
-6.740557482961776	-1.7758446227285276
0.22413947602944972	5.188852336262698
-11.225354432807762	-6.260641572574514
-9.39912253102284	-4.4344096707895915
-6.7424391472827665	-1.7777262870495179
1.6409045954505928	6.605617455683841
-3.91750418428137	1.0472086759518788
-0.23314496810280616	4.7315678921304425
1.7601139322873678	6.724826792520616
0.012119549133785767	4.976832409367034
0.2103372208662222	5.175050081099471
-0.2568656588568956	4.707847201376353
-4.910745856127505	0.0539670041057434
-11.39269704858043	-6.427984188347182
-10.961216745113688	-5.99650388488044
7.051612145970921	12.01632500620417
-7.909712296068392	-2.9449994358351432
-5.1819353330229205	-0.21722247278967188
-5.992990241636562	-1.0282773814033135
-3.2972403105518424	1.6674725496814062
-12.998461717161263	-8.033748856928014
-0.2042136215281971	4.7604992387050515
-2.985182037305094	1.9795308229281545
-9.645178937332275	-4.680466077099027
-7.55934973212743	-2.5946368718941812
-7.215060883122078	-2.2503480228888293
-5.4202081723638	-0.4554953121305516
4.305587356148408	9.270300216381656
2.359368175342297	7.324081035575546
-5.140702699231497	-0.17598983899824816
-5.519718551909591	-0.5550056916763424
-6.818337577741204	-1.8536247175079552
-8.532254861784622	-3.5675420015513737
4.609212430267235	9.573925290500483
-8.20662221028988	-3.2419093500566305
4.314461291571206	9.279174151804455
-6.223088406122315	-1.2583755458890664
1.6132890278977357	6.578001888130984
-6.785729261043798	-1.8210164008105494
-8.018386525607184	-3.0536736653739354
-3.3424796294430053	1.6222332307902434
-10.16161146959439	-5.196898609361142
2.497727026195207	7.462439886428456
-9.480832812618246	-4.516119952384997
-3.9117918276451746	1.052921032588074
-5.316607338476842	-0.35189447824359377
-2.7825478498602934	2.1821650103729553
-12.34575577930309	-7.3810429190698414
-6.3530168540219165	-1.3883039937886679
-1.9938122287103397	2.970900631522909
-0.9930992949998654	3.9716135652333833
-3.8789749629145263	1.0857378973187224
-5.21005363382983	-0.24534077359658113
-7.3692697143242185	-2.40455685409097
-3.5364758600790083	1.4282370001542404
-3.118356117075109	1.8463567431581396
-7.713732680173962	-2.749019819940713
-2.919244867762245	2.0454679924710035
-6.883854730122039	-1.91914186988879
-9.829887438698734	-4.865174578465485
-16.413399348958137	-11.448686488724888
-0.263591854180504	4.701121006052745
-10.353176098174117	-5.388463237940869
-9.040231416385723	-4.075518556152474
-3.416821750878171	1.5478911093550778
-7.122487818559421	-2.157774958326172
-6.138658717326962	-1.1739458570937131
0.606826792492484	5.571539652725733
1.1139845686780063	6.078697428911255
-8.291867544174693	-3.327154683941444
-4.803452521368399	0.16126033886484947
-12.13967556871512	-7.174962708481871
-5.351013070362114	-0.38630021012886573
-16.005914938019032	-11.041202077785783
-4.157447730907734	0.8072651293255149
-5.664795515473543	-0.7000826552402941
2.7587410517776334	7.723453912010882
-4.251034918592268	0.7136779416409809
-5.234975803632096	-0.2702629433988477
3.890219685556076	8.854932545789325
1.2953166936949856	6.260029553928234
2.9824490766877716	7.94716193692102
-2.254717254890693	2.709995605342556
-4.432301735742385	0.5324111244908636
-2.2807419417295023	2.6839709185037464
-2.7368191209675388	2.22789373926571
-8.24530685380023	-3.2805939935669812
-12.27679895978008	-7.312086099546832
-2.015966095492786	2.948746764740463
-3.1668822087281114	1.7978306515051372
-0.49003059133883653	4.474682268894412
-8.985023155700674	-4.020310295467425
-12.108977881774535	-7.144265021541287
-9.573351632130198	-4.608638771896949
1.0428865926655817	6.00759945289883
-7.27876821985592	-2.314055359622671
-13.069950909035015	-8.105238048801766
-4.791780831521464	0.17293202871178437
-10.589059613211703	-5.624346752978454
-5.246356092884525	-0.2816432326512768
-1.4132090165894624	3.5515038436437862
-0.2518725585309767	4.712840301702272
-6.330904326459404	-1.3661914662261552
-10.638992146352848	-5.674279286119599
-7.451438583682375	-2.4867257234491262
-10.315663115504776	-5.350950255271528
-0.36685964151092776	4.597853218722321
-8.990044465602296	-4.025331605369047
-10.957279030537848	-5.992566170304599
-9.544574565008134	-4.579861704774885
-9.205434682745363	-4.240721822512114
-8.802390037059922	-3.8376771768266735
-2.3271100480319546	2.637602812201294
-8.421921175665375	-3.4572083154321263
-4.092402003826464	0.8723108564067843
-4.158912020991011	0.805800839242238
-4.843927406423973	0.12078545380927608
0.26361585390623077	5.228328714139479
-7.236589241978891	-2.271876381745642
-6.801180939043206	-1.8364680788099577
-16.052232779407404	-11.087519919174156
-6.82903781596724	-1.8643249557339914
1.8397041635616915	6.80441702379494
-2.2554355892684725	2.709277270964776
-7.752455699929669	-2.7877428396964206
-5.540868808099276	-0.5761559478660274
-6.200335080191962	-1.2356222199587137
-4.607081521378859	0.35763133885438947
-9.22032332471099	-4.255610464477741
-12.607976970711206	-7.643264110477958
-3.9027094440421024	1.0620034161911462
-7.047185823872496	-2.0824729636392476
-8.387195225370306	-3.422482365137057
-11.967013488902012	-7.002300628668763
-2.7734835641076643	2.1912292961255844
-9.982370372279547	-5.0176575120462985
1.7805463454005803	6.745259205633829
-2.525897714950588	2.4388151452826605
-0.9776923035301479	3.9870205567031007
-5.9470133834315675	-0.9823005231983188
1.172972782924262	6.137685643157511
-8.478197654682845	-3.513484794449596
-7.33087569460622	-2.3661628343729717
-3.454325644419896	1.5103872158133527
-5.921080534239991	-0.9563676740067422
-6.375123884843106	-1.4104110246098571
-8.530089144504018	-3.5653762842707692
-8.447874027783655	-3.4831611675504064
-4.410044183686296	0.5546686765469531
-7.6625035406673305	-2.697790680434082
-4.254022426043775	0.7106904341894733
-1.0017203465022249	3.962992513731024
-1.1832255943049859	3.781487265928263
-11.718874580546071	-6.754161720312823
0.6307749309648898	5.595487791198138
-2.2068449670887276	2.757867893144521
-6.791169510751843	-1.826456650518594
-6.939420375203554	-1.974707514970305
-2.5444465056530134	2.420266354580235
5.260492245905425	10.225205106138674
2.524935953475506	7.4896488137087545
-3.085476119329087	1.8792367409041617
-7.096737778557781	-2.1320249183245323
-5.938812674837209	-0.9740998146039601
-2.1958315512765694	2.7688813089566793
-2.806862630998239	2.1578502292350095
-4.199189401067542	0.7655234591657063
1.3528498767627752	6.317562736996024
-5.842726488778226	-0.8780136285449771
-6.2333403620232275	-1.2686275017899789
-5.249701658947288	-0.28498879871403915
-6.355302735359601	-1.3905898751263521
-3.175034392329053	1.7896784679041957
-12.743816137989143	-7.779103277755894
-6.21114531897274	-1.2464324587394913
-9.867201501042018	-4.90248864080877
-2.4815679942344104	2.483144865998838
-4.892238935409296	0.07247392482395298
-6.659096585225143	-1.6943837249918943
1.6660518234739357	6.630764683707184
-3.2101395041499927	1.754573356083256
-3.429478639916397	1.5352342203168519
-6.6122719358049835	-1.6475590755717349
-13.112829288492321	-8.148116428259073
3.4823175664046175	8.447030426637866
-6.657057987168628	-1.692345126935379
0.2163314698573231	5.181044330090572
-2.3339437682307107	2.630769092002538
-2.818917309772587	2.1457955504606616
-8.602953077675465	-3.638240217442217
-3.0420488724262214	1.9226639878070273
2.0594452429922967	7.024158103225545
-2.711046322725906	2.2536665375073426
0.063621232393416	5.028334092626665
-4.893617415697918	0.0710954445353309
-5.985487945029945	-1.0207750847966963
-8.198901574959109	-3.2341887147258603
-0.6446406431709875	4.320072217062261
-10.992505413005347	-6.027792552772098
-17.250917855991247	-12.286204995757998
-4.08626149095744	0.8784513692758082
0.9803311112109441	5.945043971444193
7.343322906483081	12.30803576671633
-9.66773217821219	-4.703019317978942
-10.717026249250466	-5.752313389017218
-14.625604495458902	-9.660891635225653
-9.443693101483404	-4.478980241250156
-5.232489055107635	-0.2677761948743864
-9.666908139355655	-4.702195279122407
3.105290663008873	8.070003523242121
-9.114071277784205	-4.149358417550957
0.47875008943037756	5.443462949663626
-4.900093220914641	0.06461963931860737
-9.722881213950586	-4.758168353717338
-6.830704621829227	-1.8659917615959785
-1.724577754643633	3.2401351055896157
0.09958275686994966	5.064295617103198
-2.519705056429302	2.4450078038039464
-4.561589308818384	0.4031235514148648
-2.725111671666582	2.2396011885666667
3.6327748229427925	8.597487683176041
-7.338904233622998	-2.374191373389749
-1.5220917311162339	3.442621129117015
-9.062682771720574	-4.097969911487326
-7.978489625774728	-3.013776765541479
2.006499364370484	6.9712122246037325
-1.359332787284984	3.6053800729482646
-2.3271623426812766	2.637550517551972
-2.312458700910611	2.652254159322638
0.6237128212615062	5.588425681494755
-6.995222467184249	-2.030509606951
-9.969060122204155	-5.004347261970906
-13.709214515618896	-8.744501655385648
-7.103157022181676	-2.138444161948428
-9.641668418365043	-4.6769555581317945
-7.626048806778726	-2.661335946545478
1.0130020214064643	5.977714881639713
-4.579015819264896	0.38569704096835267
-3.3182339409895576	1.646478919243691
-5.172483865225786	-0.2077710049925372
-1.2117377571248653	3.7529751031083833
-1.4387517697327894	3.5259610905004592
1.0422851756738964	6.006998035907145
-10.246242622515638	-5.281529762282389
-4.193873010699463	0.770839849533786
-2.151566588563128	2.8131462716701208
-5.321987453648035	-0.35727459341478607
1.530609945017659	6.4953228052509075
-1.7724626455892576	3.192250214643991
-10.876071283533747	-5.9113584233004985
-1.5960675054716376	3.368645354761611
-8.81410942272123	-3.849396562487982
0.5983465711010467	5.563059431334295
-7.206430243068098	-2.2417173828348496
-3.964525100542687	1.0001877596905615
-10.324419505700916	-5.359706645467668
-4.420311621418932	0.5444012388143165
-12.73363085662686	-7.768917996393611
-5.435994714050594	-0.4712818538173451
-14.951418023626502	-9.986705163393253
-8.271399158002168	-3.3066862977689198
-11.787020449156444	-6.822307588923195
-4.278443748416976	0.6862691118162729
-16.41286143584375	-11.448148575610503
-5.705280910426609	-0.7405680501933602
-4.6966239230496285	0.26808893718362015
-1.128812468299202	3.8359003919340466
-4.61573578000116	0.34897708023208907
-4.132878001504196	0.8318348587290529
-4.9177940966510505	0.04691876358219815
-6.425615831104096	-1.4609029708708476
-8.069295809837058	-3.1045829496038095
-2.006093975726344	2.9586188845069046
-17.59124176472733	-12.62652890449408
-1.1574549238416694	3.8072579363915793
-3.839068780980142	1.1256440792531066
-7.1680231257355445	-2.203310265502296
4.307279528652998	9.271992388886247
-0.6299938454976655	4.334719014735583
0.4314196496225122	5.396132509855761
-8.681618501355842	-3.716905641122594
-1.2113757555334814	3.7533371046997672
9.642893131523124	14.607605991756373
-14.397334739356666	-9.432621879123417
-9.256795424732445	-4.2920825644991965
-12.74258679251625	-7.777873932283001
-2.050210986671118	2.9145018735621306
-6.003004126669111	-1.0382912664358628
2.86866437387107	7.833377234104319
-2.003479561131826	2.9612332991014227
-6.890953758709202	-1.9262408984759531
-9.426386671078944	-4.461673810845696
-10.134022267837281	-5.1693094076040325
-5.724868918587617	-0.7601560583543687
-15.513848874676569	-10.54913601444332
5.825939476124859	10.790652336358107
-9.82933163665166	-4.864618776418411
0.7119467541247104	5.676659614357959
-5.86919255516068	-0.9044796949274314
0.6413579977111112	5.60607085794436
-3.1402346756153747	1.824478184617874
0.9110646594594982	5.875777519692747
-6.659640532360754	-1.6949276721275055
-9.329985363016931	-4.365272502783682
-5.63535071291426	-0.6706378526810113
-13.041115508554867	-8.076402648321618
-9.015066380470216	-4.050353520236968
0.7639748067358596	5.728687666969108
-1.9595094686324046	3.005203391600844
2.4314039282480735	7.396116788481322
-14.244147817716566	-9.279434957483318
-8.146699901786633	-3.181987041553384
-4.936328174202572	0.028384686030676676
-1.0702242415445653	3.8944886186886833
-7.638447494683078	-2.673734634449829
-9.388961599320282	-4.424248739087034
-8.861754711498179	-3.8970418512649303
-5.687241216392522	-0.7225283561592732
-1.475112441120018	3.4896004191132306
-11.725541607328978	-6.760828747095729
-13.151694609920014	-8.186981749686765
-20.762672494664457	-15.797959634431209
-4.455886988002476	0.5088258722307728
-7.97099649025904	-3.0062836300257914
-12.041188584908468	-7.07647572467522
-4.500648245215871	0.46406461501737795
-4.259444833191537	0.7052680270417113
-7.088083864298369	-2.1233710040651204
-9.205536132512862	-4.240823272279613
-10.239573146073326	-5.274860285840077
-13.335720445738843	-8.371007585505595
-3.4597136433030755	1.5049992169301731
-10.830088922009054	-5.865376061775805
-16.510215791219707	-11.545502930986459
-2.491966602611683	2.4727462576215657
-3.4032994380154378	1.5614134222178109
-0.4852064877227349	4.479506372510514
-7.2301736532417635	-2.265460793008515
0.9735013633244307	5.938214223557679
-15.185980132523127	-10.221267272289879
-5.328187579978021	-0.3634747197447723
-8.754233790144553	-3.789520929911305
-0.13783707148695612	4.8268757887462925
2.048422517700601	7.01313537793385
-6.392969333877318	-1.428256473644069
-5.716574247116569	-0.7518613868833199
-8.344271056348589	-3.3795581961153403
-1.924571484977605	3.0401413752556437
-1.758233979497163	3.2064788807360856
-1.907210564595971	3.0575022956372777
-6.04541129849531	-1.0806984382620612
-6.300413261731592	-1.3357004014983431
-0.5580308227249589	4.40668203750829
-3.377177925010983	1.5875349352222656
-4.235397659900173	0.7293152003330761
-5.04702190488797	-0.08230904465472122
4.3615935837488	9.326306443982048
-4.9386338985987095	0.026078961634539155
-11.12083589533313	-6.156123035099881
-0.5608402108091468	4.403872649424102
-4.006509284376534	0.9582035758567145
1.6104687351112261	6.575181595344475
2.4225908511934904	7.387303711426739
-8.443324424834827	-3.4786115646015787
-6.300249786964287	-1.335536926731038
-9.944340157823262	-4.979627297590014
0.4497120111655022	5.414424871398751
-2.9393597382218104	2.0253531220114382
-2.673162983928705	2.2915498763045434
-6.386111500132756	-1.4213986398995075
-5.278192534408845	-0.3134796741755963
-4.833486331436234	0.1312265287970149
-1.5477746153073895	3.416938244925859
-1.6249041116529952	3.3398087485802535
-9.265802425341008	-4.301089565107759
-5.915111106298809	-0.9503982460655607
-1.17581362501096	3.7888992352222886
-3.6270900441850245	1.3376228160482242
-5.164763624585248	-0.20005076435199953
-3.2603106873548313	1.7044021728784173
-3.3386238351786233	1.6260890250546254
-13.264639546006947	-8.299926685773698
-15.29517215967553	-10.330459299442282
0.40155870682110617	5.366271567054355
-7.863155708211707	-2.8984428479784583
-3.7431040470801236	1.221608813153125
-14.247445292646717	-9.282732432413468
-5.5368402571662045	-0.5721273969329559
1.9726876588597406	6.937400519092989
-9.16243112669872	-4.197718266465472
-5.280881184638474	-0.3161683244052256
-3.2040581335700153	1.7606547266632333
-6.145013223200294	-1.1803003629670457
-4.949882228301703	0.014830631931545213
-8.284747560663618	-3.3200347004303694
0.28464957654387035	5.249362436777119
-8.847398247974525	-3.882685387741276
-2.8806289477161044	2.084083912517144
-7.935476207089778	-2.970763346856529
-8.491867400819501	-3.5271545405862526
-3.6691489260115304	1.2955639342217182
-8.451791388146376	-3.487078527913127
0.5271880224649976	5.491900882698246
-4.0943902251942745	0.8703226350389741
3.3398435529675226	8.304556413200771
-3.099400615380091	1.8653122448531576
-1.3694719665109005	3.595240893722348
-5.876813468885757	-0.9121006086525085
-5.188869803306716	-0.22415694307346712
0.7706600002288724	5.735372860462121
-16.865363994616473	-11.900651134383224
-4.1421329133340805	0.8225799468991681
0.5245445646701228	5.489257424903371
-7.404242988027363	-2.4395301277941144
-3.5826808178667306	1.382032042366518
-1.976522652559197	2.9881902076740516
-6.7484212740005205	-1.7837084137672718
-3.5401226485282677	1.424590211704981
-13.036321526253687	-8.071608666020438
-7.7226732421213455	-2.757960381888097
-6.872720213741104	-1.9080073535078554
-12.766054584405993	-7.801341724172744
-7.200447068692483	-2.2357342084592347
1.5896849113746612	6.55439777160791
-11.851342585746352	-6.886629725513103
-8.093393405840288	-3.1286805456070397
-3.6703541535734985	1.2943587066597502
-10.655031806556963	-5.690318946323714
4.740303196034347	9.705016056267596
-6.818350345743966	-1.853637485510717
-9.796449814680273	-4.831736954447024
-6.652516587775608	-1.6878037275423594
-8.57884080135318	-3.614127941119932
-12.597914444513208	-7.633201584279959
0.06657989047835144	5.0312927507116
-9.543498413527232	-4.578785553293983
-8.527221972787629	-3.5625091125543804
-7.6121283643342394	-2.647415504100991
-9.233377166442096	-4.268664306208848
-3.4136814889970992	1.5510313712361494
-6.56899208540608	-1.6042792251728315
-5.560147738134219	-0.5954348779009706
-7.3895703080302155	-2.424857447796967
-10.05721237063699	-5.092499510403741
-0.2651673424938963	4.699545517739352
-4.032900427887398	0.9318124323458505
-3.9664445550824894	0.9982683051507593
-8.605661106827029	-3.64094824659378
7.144776015837124	12.109488876070372
-8.421333181706359	-3.4566203214731104
-9.263818821815676	-4.299105961582427
-12.429389436991642	-7.464676576758393
-10.147482071315608	-5.182769211082359
7.3223832503003905	12.28709611053364
-8.982718763665162	-4.018005903431913
-6.061268551920875	-1.0965556916876267
-5.9817892098876655	-1.0170763496544168
-10.115961009010334	-5.151248148777086
-8.827367987189973	-3.8626551269567244
-10.478703898277672	-5.5139910380444235
-0.04405058847623877	4.92066227175701
-6.384656725232162	-1.4199438649989133
-5.013611086590572	-0.04889822635732344
-11.244371882160976	-6.279659021927728
-2.214567596496636	2.750145263736613
-0.5568558625932383	4.40785699764001
-12.952393020340423	-7.987680160107175
-10.24785885017991	-5.283145989946661
-5.622292593664497	-0.6575797334312483
-5.728118930848268	-0.7634060706150194
-6.562004859917124	-1.5972919996838755
2.9703586091559373	7.935071469389186
-1.9006950058933398	3.064017854339909
-8.741597715699754	-3.7768848554665055
-2.0596296706944486	2.9050831895388
-4.88253377463252	0.08217908560072829
4.096203400812101	9.06091626104535
-1.6711171228944295	3.293595737338819
-4.746609898325914	0.21810296190733425
-6.045300153244625	-1.0805872930113765
-3.067533998145791	1.8971788620874577
-8.495028722718416	-3.5303158624851676
-6.754778887847351	-1.7900660276141025
-4.633474590404148	0.3312382698291003
-8.910375521249989	-3.9456626610167405
-7.5818484423625705	-2.617135582129322
-4.515835482071907	0.44887737816134177
-6.858625782526815	-1.8939129222935662
0.7351735817651388	5.6998864419983875
-9.210051255313829	-4.24533839508058
-7.185932002173104	-2.221219141939855
-5.72152314413097	-0.7568102838977211
-1.9489951431473855	3.015717717085863
1.1995142469377242	6.164227107170973
-14.61037892889317	-9.64566606865992
-8.63654835225043	-3.6718354920171805
-0.8595062846225119	4.105206575610737
-6.73573218380443	-1.7710193235711813
-8.571082462451159	-3.60636960221791
-2.9754574784560646	1.989255381777184
3.338869147200512	8.30358200743376
-0.9269637716397483	4.0377490885935
-14.964527653720324	-9.999814793487076
-15.087067366283918	-10.12235450605067
-1.7303264156357727	3.234386444597476
-7.450336448838243	-2.4856235886049944
-11.04543412876501	-6.080721268531761
-5.287322346586734	-0.3226094863534854
2.4888177165607885	7.453530576794037
-6.074415538001631	-1.1097026777683823
-12.161743243580531	-7.197030383347283
-0.39411771641653104	4.570595143816718
-7.211465062330717	-2.2467522020974684
-5.248566137538091	-0.2838532773048428
-5.40574554417617	-0.4410326839429217
2.8562186246113015	7.82093148484455
-5.669140116713152	-0.704427256479903
-13.99048032690007	-9.02576746666682
-2.806122648492874	2.158590211740375
-5.320457491978232	-0.35574463174498305
0.5874736052242042	5.552186465457453
-3.6271368990792325	1.3375759611540161
0.328103604316766	5.292816464550015
-9.026083834235578	-4.06137097400233
-7.318420678167513	-2.3537078179342643
-3.988297068164229	0.9764157920690195
-12.958871666422965	-7.994158806189716
-4.254726526720333	0.7099863335129157
1.9497287209364913	6.91444158116974
-7.87384453659115	-2.9091316763579016
-4.967812460255573	-0.0030996000223240117
-4.885758334413367	0.07895452581988138
-2.699717899437019	2.26499496079623
-8.490040211569067	-3.525327351335818
-10.322421617770033	-5.357708757536784
-5.582119821206561	-0.6174069609733124
-4.226817069079971	0.737895791153278
-2.1873113080123403	2.7774015522209083
-4.576909753074233	0.3878031071590158
-9.52103592355752	-4.556323063324271
-4.434552388253451	0.5301604719797979
-8.505687162931281	-3.5409743026980323
-3.506826924718098	1.4578859355151508
4.732803079060886	9.697515939294135
-1.583366378557912	3.3813464816753367
0.0740260955294616	5.03873895576271
-6.098447399548149	-1.1337345393149008
-4.800461248851207	0.16425161138204203
-6.491892777944031	-1.5271799177107823
-9.112339655122014	-4.147626794888765
3.874614630760334	8.839327490993583
-4.013808328145387	0.9509045320878613
-4.339782458449463	0.6249304017837858
-4.745189560517247	0.21952329971600193
-4.046329655868703	0.9183832043645452
-12.857278995934394	-7.892566135701145
-7.545299922281629	-2.58058706204838
-8.039408485870808	-3.0746956256375597
-5.563567886038527	-0.5988550258052783
-4.019731424670681	0.9449814355625676
3.440076134197625	8.404788994430874
-1.8167116241647818	3.148001236068467
-9.711191549266914	-4.746478689033665
-3.096748155968271	1.8679647042649776
-3.82793744884475	1.1367754113884985
-5.986351376166567	-1.0216385159333186
-5.9587436823412645	-0.9940308221080159
-8.227207498707685	-3.262494638474436
-9.644702272694303	-4.679989412461055
-3.0322855989411437	1.932427261292105
-10.260248182955365	-5.295535322722117
-10.070735594517373	-5.1060227342841245
-9.407535595082209	-4.44282273484896
-3.8745361948299433	1.0901766654033054
-8.830455060718123	-3.865742200484874
3.4667954355336406	8.43150829576689
-15.911293066616054	-10.946580206382805
-11.901758982889078	-6.937046122655829
-8.588224113896558	-3.6235112536633096
-2.5893017284661255	2.375411131767123
-6.670692830463395	-1.7059799702301461
-0.9001746705439473	4.064538189689301
-5.011617863436641	-0.04690500320339197
-3.9078388780608293	1.0568739821724193
-10.352611812883879	-5.38789895265063
-6.803628936427685	-1.8389160761944368
2.8681766078843793	7.832889468117628
-9.553051628578032	-4.588338768344784
-9.340591258616314	-4.375878398383065
-20.152286400420962	-15.187573540187714
-8.878003053289376	-3.9132901930561275
-1.991322319719984	2.9733905405132646
-7.232193864446799	-2.2674810042135505
-7.737653046749074	-2.772940186515825
-9.631257858889057	-4.666544998655809
-8.143814864514752	-3.1791020042815035
-4.698294887503835	0.26641797272941403
-6.347913487387359	-1.3832006271541104
-1.6221598592674127	3.342553000965836
-5.539646718798849	-0.5749338585656005
3.479013593012496	8.443726453245745
-11.447549810683086	-6.482836950449837
-9.312412410084562	-4.347699549851313
2.184398494252491	7.14911135448574
-5.685921692056127	-0.721208831822878
-4.412953178091357	0.551759682141892
-5.9983547003080275	-1.0336418400747789
-4.523688992883308	0.4410238673499407
1.5885125968338798	6.5532254570671284
-1.9788205441182072	2.9858923161150415
-7.5020377979353725	-2.537324937702124
-0.7418233818234512	4.2228894784097974
-9.125100303013369	-4.16038744278012
0.9583988466720257	5.923111706905274
3.100025758591073	8.064738618824322
3.059382162343354	8.024095022576603
-0.6549642811437479	4.309748579089501
-10.383458875690394	-5.418746015457145
-5.994900467843308	-1.0301876076100598
-2.9783019702740603	1.9864108899591884
-8.162142259448501	-3.1974293992152525
-8.564805160441665	-3.6000923002084164
-3.2425805388102162	1.7221323214230324
-2.960719717937536	2.0039931422957125
-0.9565796105416666	4.008133249691582
-4.125611313259924	0.8391015469733247
-11.614410667702941	-6.649697807469693
-7.987719332922552	-3.0230064726893033
-4.161925942319613	0.802786917913636
-7.349078185831331	-2.3843653255980826
-5.8491083912726936	-0.8843955310394449
-4.132243644968639	0.8324692152646094
-5.755437058268853	-0.7907241980356048
-10.13945377519849	-5.174740914965241
2.850138585003151	7.8148514452364
4.697916639769119	9.662629500002367
3.006232792672108	7.970945652905357
5.779744505910003	10.744457366143251
-1.058272184933685	3.9064406752995637
-5.643020996873929	-0.6783081366406805
-6.369977809329612	-1.4052649490963631
-13.012000576130959	-8.04728771589771
-3.308433382665953	1.6562794775672955
-4.647123355318854	0.31758950491439464
-3.3759274419830945	1.5887854182501542
-5.760079290239901	-0.7953664300066521
-3.9459269591225166	1.018785901110732
-4.241391663607374	0.723321196625875
-5.183234335197994	-0.21852147496474572
-7.85711252441024	-2.892399664176992
1.377758425439879	6.342471285673128
-9.935096852105744	-4.970383991872495
-9.809698480437419	-4.84498562020417
-2.1689074352993885	2.79580542493386
-13.108326227900307	-8.143613367667058
4.178552030890387	9.143264891123636
-3.58626208920532	1.3784507710279286
-0.2408769428961932	4.723835917337055
-7.123677703157682	-2.1589648429244335
-1.6279378461831584	3.3367750140500902
-3.235452228323993	1.7292606319092556
2.2205781266238773	7.185290986857126
-0.11595013913301955	4.848762721100229
-5.517889863549499	-0.5531770033162502
-12.680976425463541	-7.716263565230292
-4.538040829633246	0.42667203060000247
-9.279782885147597	-4.315070024914348
-2.8157641629427417	2.148948697290507
1.3231104756159766	6.287823335849225
-13.049221729909732	-8.084508869676483
-2.9535292146060783	2.0111836456271703
-8.617197571898032	-3.6524847116647834
-9.676895583925216	-4.712182723691967
6.15089565126118	11.115608511494429
-6.158909500451955	-1.1941966402187063
-3.2023726663405796	1.762340193892669
-1.3707314148982732	3.5939814453349754
-8.722001932596868	-3.757289072363619
-7.7888694378916625	-2.824156577658414
4.95081475099596	9.915527611229209
-10.528597526552858	-5.563884666319609
-6.965598950698222	-2.0008860904649737
-8.901943016568111	-3.937230156334863
0.03297665202171629	4.997689512254965
-17.262320273741352	-12.297607413508103
-6.130280015738663	-1.1655671555054141
-10.809042412459348	-5.8443295522261
-1.3728225036884396	3.591890356544809
-11.908908413816334	-6.944195553583086
-12.194959560530606	-7.230246700297357
0.3060702663556185	5.270783126588867
-5.871475631621706	-0.9067627713884576
-5.437341082627427	-0.472628222394178
-5.533689370382945	-0.568976510149696
-3.9510126335731	1.0137002266601485
-5.1336312293256015	-0.1689183690923528
-1.4543208089680775	3.510392051265171
-4.527695734824192	0.43701712540905646
2.679446440197353	7.644159300430601
-8.49137864622935	-3.5266657859961015
-1.7871154428116824	3.177597417421566
-0.6920122170299692	4.2727006432032795
-14.206938058502601	-9.242225198269352
-13.021963540291836	-8.057250680058587
-1.3901234845347972	3.5745893756984515
-2.2841081009128175	2.680604759320431
-11.92884467418071	-6.964131813947461
-2.7464095608361276	2.218303299397121
-12.419462419512456	-7.4547495592792075
-2.784782153512424	2.1799307067208247
-12.683069627993973	-7.718356767760724
-8.364478847976443	-3.3997659877431943
-4.977225133642605	-0.012512273409356567
-5.926470036699811	-0.9617571764665627
-3.7210587592694537	1.243654100963795
-11.538680742639826	-6.573967882406578
-10.118329428635207	-5.153616568401958
-3.0418210820494096	1.922891778183839
-3.7669958925539504	1.1977169676792983
-6.581484584449754	-1.6167717242165054
-8.975396633699802	-4.010683773466553
-4.251007276946439	0.71370558328681
-7.613173016666224	-2.648460156432975
-4.679529228670617	0.2851836315626315
-10.062830891449721	-5.0981180312164724
-12.204030532867819	-7.23931767263457
0.9189526730770012	5.88366553331025
-4.32416316713352	0.6405496930997288
0.8451513992690707	5.809864259502319
-12.417749571794957	-7.453036711561708
-8.87049996249425	-3.9057871022610016
-9.848424096192048	-4.883711235958799
0.6829775569140111	5.64769041714726
4.934094750673012	9.89880761090626
-5.672895910704938	-0.7081830504716891
-0.6819525505302408	4.282760309703008
0.17164994884797125	5.13636280908122
-10.148570844067308	-5.183857983834059
5.382054451403292	10.34676731163654
-1.5011527596880114	3.463560100545237
-7.295754187112379	-2.331041326879131
-6.580992152532417	-1.6162792922991684
-8.866828629629708	-3.9021157693964597
-3.2494648200731717	1.715248040160077
-4.678767279057865	0.28594558117538327
-7.543910413124195	-2.579197552890946
-10.973419712639043	-6.008706852405794
-3.4480342823694627	1.516678577863786
-6.757850520303691	-1.7931376600704425
-9.105227986970931	-4.140515126737682
-19.6379142936712	-14.673201433437953
4.421052979985234	9.385765840218482
-4.531266153369415	0.43344670686383324
3.164516186367109	8.129229046600358
-3.850650107063757	1.1140627531694918
-2.7136015016017154	2.251111358631533
-13.266581693324952	-8.301868833091703
-7.369118720395818	-2.4044058601625693
-8.611014358556076	-3.6463014983228277
-6.332071849837575	-1.3673589896043268
-12.141086207230728	-7.1763733469974795
-5.752610079577607	-0.7878972193443587
-7.859015015294972	-2.894302155061723
-12.414536340543236	-7.449823480309988
4.829405672062876	9.794118532296125
1.932557463923331	6.89727032415658
-2.5156860233819316	2.449026836851317
-0.40605932875496364	4.558653531478285
-5.16096887697131	-0.1962560167380616
-1.7718585086627172	3.1928543515705314
-14.55784050904549	-9.593127648812242
-3.7942312838385988	1.17048157639465
-3.438147643866614	1.5265652163666346
-7.382693733031374	-2.4179808727981253
0.5531888440586954	5.517901704291944
-3.955045246518239	1.0096676137150098
-0.285531023994281	4.679181836238968
-4.537672674260193	0.4270401859730555
-3.75479145953841	1.2099214006948387
-9.689668339841774	-4.724955479608525
-6.30818151702988	-1.343468656796631
0.09107050692637131	5.05578336715962
-9.599449831276615	-4.634736971043367
-4.788869208145115	0.17584365208813324
-13.396401518912171	-8.431688658678922
0.2746736439853521	5.239386504218601
-11.87753220474633	-6.912819344513082
-9.82791121227865	-4.863198352045401
-8.949644497025929	-3.9849316367926804
-8.4105543535793	-3.4458414933460517
1.0608264476604745	6.025539307893723
-5.060374541369129	-0.09566168113587992
-5.200173264936893	-0.2354604047036446
-0.03422846408284386	4.930484396150405
1.731711100042503	6.696423960275752
-1.8648419988908245	3.099870861342424
-2.8630670035422554	2.1016458566909932
-1.273016878971248	3.6916959812620007
-12.378238672338284	-7.413525812105036
-12.655842563498027	-7.691129703264778
0.4585681671933344	5.423281027426583
-0.03020312254284363	4.934509737690405
-1.906731169376144	3.0579816908571047
-4.31224683801338	0.652466022219869
-7.922811863644256	-2.9580990034110073
-7.293825032542372	-2.3291121723091237
-1.2320534769364713	3.7326593832967774
-3.0075426048474583	1.9571702553857904
-2.5579664257447803	2.4067464344884684
-10.877409119827917	-5.912696259594668
-2.6016920432125517	2.363020817020697
-9.49231244805378	-4.527599587820532
-3.3437486251509654	1.6209642350822833
-4.270302358310801	0.694410501922448
-1.9588430182984666	3.005869841934782
1.8673803288006638	6.8320931890339125
-16.065279163845844	-11.100566303612595
-13.468964515998323	-8.504251655765074
-11.976259846335324	-7.011546986102076
-5.6811236688627105	-0.7164108086294618
-7.250089257905074	-2.2853763976718255
-8.037160819761993	-3.072447959528745
-5.896511978767194	-0.9317991185339451
-4.109366787673025	0.8553460725602235
-9.688107893097367	-4.7233950328641185
-5.308127257505475	-0.3434143972722268
-4.412558745863862	0.5521541143693867
-11.17455226510583	-6.209839404872582
-6.658927256399238	-1.6942143961659895
-12.841803242714832	-7.877090382481583
-9.252019066947469	-4.28730620671422
-3.9619978722689666	1.002714987964282
-3.6575297431713807	1.307183117061868
-11.097418031545658	-6.132705171312409
-11.829028968633793	-6.864316108400544
-3.413924212140955	1.5507886480922934
0.553273373209322	5.517986233442571
-5.348740269773316	-0.3840274095400673
-9.898743621020458	-4.934030760787209
-13.67655796076997	-8.71184510053672
-0.9023517682785496	4.062361091954699
-7.550648101055231	-2.585935240821982
8.876847121324772	13.84155998155802
-5.95721039184582	-0.992497531612571
-13.37329733662773	-8.40858447639448
-3.96841336405987	0.9962994961733784
-6.195997901268129	-1.2312850410348801
-2.6454309442410704	2.3192819159921783
-3.399791482295768	1.5649213779374804
-17.16401013635459	-12.199297276121342
-3.0529351120194406	1.911777748213808
-7.518001187021127	-2.5532883267878788
4.5424585736591325	9.507171433892381
-7.234612061605276	-2.269899201372027
-2.1127814707269863	2.8519313895062623
-6.935167422139784	-1.9704545619065357
0.6320227469109341	5.596735607144183
-3.837857535752846	1.1268553244804025
-1.6335363488265102	3.3311765114067384
0.44604749878863004	5.410760359021879
2.0266140310104674	6.991326891243716
-6.15563131939507	-1.1909184591618214
-8.345456663018467	-3.3807438027852186
-0.43434503457319806	4.530367825660051
-9.247451800099952	-4.282738939866704
-4.750984365114618	0.21372849511863024
-12.362551051317041	-7.3978381910837925
-2.246120609092941	2.718592251140308
-9.15689999941742	-4.1921871391841705
-12.570237266049844	-7.605524405816595
-5.082679790893508	-0.1179669306602591
-6.903879110836897	-1.9391662506036482
-10.320154747213564	-5.355441886980316
-3.135769190773317	1.8289436694599317
-2.0483417128402834	2.916371147392965
0.9648348138994152	5.929547674132664
-10.06718788538592	-5.102475025152671
-4.931924345303742	0.03278851492950707
-7.017012135286677	-2.0522992750534286
-5.993417627302733	-1.0287047670694847
-7.368832953283345	-2.4041200930500963
-4.972169588426823	-0.007456728193574236
1.115461314537697	6.080174174770946
-7.7319235045088135	-2.767210644275565
0.5890119358114134	5.553724796044662
-2.81370579363238	2.1510070666008687
-3.063656049691417	1.9010568105418315
4.998390914056927	9.963103774290175
-11.7008727386401	-6.736159878406852
-14.929313988252034	-9.964601128018785
-2.15725843478549	2.8074544254477587
-5.6141846841806	-0.6494718239473514
-2.9022471350062915	2.062465725226957
-1.1261008632977791	3.8386119969354695
3.478112908821913	8.442825769055162
-10.862291098409514	-5.897578238176266
-13.975589092004157	-9.010876231770908
-5.594159921013215	-0.6294470607799667
-2.802894700721936	2.161818159511313
-8.791517305851812	-3.8268044456185635
-11.989231641820425	-7.024518781587176
-7.034463343605239	-2.0697504833719904
-2.0623251891120162	2.9023876711212324
0.3637547007633657	5.328467560996614
-2.801539980528105	2.1631728797051437
-8.007107484477729	-3.04239462424448
-4.490259402467018	0.4744534577662307
-10.968011494739585	-6.003298634506336
-6.164837789870944	-1.2001249296376955
-12.841139512765949	-7.8764266525327
-1.6574817659625296	3.307231094270719
-4.748338225736006	0.21637463449724237
-12.202940035333995	-7.2382271751007465
-2.8254310101683586	2.13928185006489
0.5965435962589254	5.561256456492174
-9.271368561689997	-4.306655701456748
0.1113414961696435	5.076054356402892
-1.9424490938599774	3.022263766373271
-7.117569614640161	-2.152856754406912
-2.7120739233996574	2.2526389368335913
-1.5261013644339982	3.4386114957992504
-3.2661768898510672	1.6985359703821814
-7.078445370808822	-2.1137325105755735
-0.3175924107094943	4.647120449523754
-7.798704911103414	-2.8339920508701653
-6.3904255309298605	-1.425712670696612
-7.372934640382482	-2.4082217801492334
-14.07511947452349	-9.110406614290241
-4.841445614727945	0.12326724550530344
-0.7403065328094272	4.2244063274238215
-7.045133146753869	-2.0804202865206207
-2.2511327480069667	2.713580112226282
-7.6825513122589655	-2.717838452025717
-3.9920590240103593	0.9726538362228894
-11.161420669653126	-6.196707809419877
-4.713530655480099	0.25118220475314956
0.2344819857571565	5.199194845990405
-12.10067799283388	-7.1359651326006315
-4.299486289113247	0.6652265711200016
-9.65693967386278	-4.6922268136295315
-3.807726106598693	1.1569867536345555
-7.100198709950291	-2.1354858497170426
0.0693008533057764	5.034013713539025
-0.24000688149817506	4.724705978735074
1.474617179674624	6.439330039907873
-5.2425431292786016	-0.2778302690453529
-5.290651036051258	-0.32593817581800977
4.569528526797058	9.534241387030306
-3.0566330591209407	1.908079801112308
-12.225425918844394	-7.260713058611145
-1.5981657434081171	3.3665471168251315
-6.687310760198216	-1.722597899964967
-3.8002579168137345	1.1644549434195142
-5.313890540541706	-0.34917768030845764
-7.888416358581708	-2.923703498348459
-4.730317581891086	0.23439527834216278
3.4150383381925167	8.379751198425765
-9.350990147780976	-4.386277287547728
-5.8021083264352455	-0.8373954662019969
-10.883243341790603	-5.9185304815573545
-5.394547850708932	-0.4298349904756833
-6.16534205296648	-1.2006291927332313
-8.548660705147086	-3.583947844913837
-10.752509695995286	-5.7877968357620375
3.20503380773971	8.169746667972959
1.8586887742021645	6.823401634435413
-0.4718230635589862	4.4928897966742625
-4.395232111345649	0.5694807488875995
-1.7061410868527673	3.2585717733804813
-8.192799245605329	-3.2280863853720803
-7.920055511815917	-2.9553426515826686
-9.147410630673221	-4.182697770439972
-4.841305040143652	0.1234078200895965
-8.488303191652449	-3.5235903314192
-2.1187666914079273	2.8459461688253214
-1.841249831022651	3.1234630292105976
-9.287428246108902	-4.322715385875654
0.5768260353656842	5.541538895598933
-1.27103150636367	3.6936813538695787
-3.5185701622808665	1.4461426979523822
-1.6923155725398829	3.272397287693366
-5.0021277870964695	-0.0374149268632209
-5.295682138446864	-0.3309692782136153
-6.733219096219273	-1.768506235986024
-11.888150786492133	-6.9234379262588845
-4.928745656382489	0.03596720385075969
-10.077838616847657	-5.113125756614409
-11.526853575099267	-6.562140714866018
-6.518343023881243	-1.5536301636479948
1.4126857659589405	6.377398626192189
-7.994420234749214	-3.029707374515965
-4.347945747662379	0.6167671125708694
-6.566164672083687	-1.6014518118504384
-0.9357584837716786	4.02895437646157
-0.7827009631068904	4.182011897126358
-3.4400491341430097	1.524663726090239
-8.123460464115396	-3.158747603882148
-5.855137579892471	-0.8904247196592223
-8.679147021288827	-3.7144341610555784
-5.826337459321621	-0.8616245990883726
-2.873837967603322	2.0908748926299268
-0.4995588162705644	4.465154043962684
-4.506124334303422	0.4585885259298266
-5.7601629884516115	-0.7954501282183628
-3.913892291211596	1.0508205690216528
-5.809805119471093	-0.8450922592378447
-8.679719036415918	-3.715006176182669
-11.679155398891908	-6.714442538658659
-0.021688764500595425	4.943024095732653
-8.120926896447145	-3.156214036213896
-1.517334637273052	3.4473782229601966
9.389262254785535	14.353975115018784
-9.614237357918682	-4.649524497685434
-11.315128119460041	-6.350415259226793
-7.625354838481599	-2.66064197824835
-10.591803328655715	-5.627090468422466
-8.304111947830279	-3.3393990875970303
-9.315243855178323	-4.350530994945075
0.42432443407642495	5.389037294309674
-5.378124192828636	-0.41341133259538765
2.4289040539406415	7.39361691417389
-7.932956588834259	-2.96824372860101
-11.859268771920597	-6.894555911687348
4.367359646083514	9.332072506316763
-1.0439722293926934	3.9207406308405552
-9.170324479053761	-4.205611618820512
-8.840162695615618	-3.875449835382369
-7.91311261332703	-2.9483997530937813
-8.022498032004478	-3.057785171771229
-9.376184984885185	-4.411472124651937
-5.555899737953041	-0.5911868777197924
-0.18000845984352054	4.784704400389728
-0.29580800796156836	4.66890485227168
-4.2294495826618	0.7352632775714483
-6.5515770447800605	-1.5868641845468119
-1.0457967963220653	3.9189160639111833
-13.379562377320326	-8.414849517087077
-8.001418986618773	-3.036706126385525
-0.5899959630751255	4.374716897158123
2.328854791897811	7.29356765213106
-9.189718169752723	-4.225005309519474
-8.906426730519797	-3.9417138702865486
-0.5422723266083267	4.422440533624922
-5.995308374701835	-1.0305955144685868
-3.7231118813710964	1.2416009788621523
-5.7301099495525705	-0.7653970893193218
-12.002277580295868	-7.037564720062619
-2.798246852160446	2.1664660080728027
-5.998778670765205	-1.0340658105319562
0.5751301871209762	5.539843047354225
-2.0415215530115347	2.923191307221714
-10.303127848480926	-5.338414988247678
-8.142055405693554	-3.1773425454603057
3.708811662208973	8.673524522442221
-4.953388465553871	0.011324394679377292
-6.936451182663404	-1.9717383224301557
-7.239001861379165	-2.2742890011459167
-8.771181101708862	-3.8064682414756135
-8.075953061726523	-3.111240201493274
-16.33520825894766	-11.37049539871441
-1.143155228024625	3.8215576322086235
-1.8073546048735807	3.157358255359668
-5.159175179993326	-0.19446231976007766
-4.8937495693817255	0.0709632908515232
-4.402302483098083	0.5624103771351656
-4.122805916775178	0.8419069434580706
-8.813702428336	-3.848989568102752
-9.682893570341548	-4.7181807101082995
-8.360777532114298	-3.3960646718810494
1.380575824362495	6.345288684595744
-0.06024416505033514	4.9044686951829135
-4.91722799793115	0.04748486230209892
5.940086300097846	10.904799160331095
0.761973267347912	5.726686127581161
1.3310612690120252	6.295774129245274
-7.200669590116831	-2.2359567298835827
-3.900969494410674	1.0637433658225746
-4.563381675224264	0.4013311850089849
0.9601015989669577	5.924814459200206
-10.621535192637111	-5.656822332403863
-12.510800663505506	-7.546087803272258
-3.857849494193033	1.1068633660402156
-12.152073432622728	-7.18736057238948
-4.283616721126236	0.6810961391070123
-1.275272234685417	3.6894406255478316
-4.009528658937597	0.9551842012956513
-10.806818035665401	-5.8421051754321525
-7.3569332901211055	-2.392220429887857
0.9953795474657454	5.960092407698994
-1.0556848675610127	3.909027992672236
-5.5594981287940755	-0.5947852685608268
-1.9831474865927703	2.9815653736404784
-1.3559617337491545	3.608751126484094
-9.226816154804055	-4.262103294570807
-3.384124156868438	1.5805887033648105
-2.748961147375212	2.2157517128580366
4.662411900346342	9.62712476057959
2.5180564259435414	7.48276928617679
-6.4450638741454895	-1.4803510139122409
-6.989650834660097	-2.024937974426848
-7.742922803696274	-2.7782099434630254
2.074796905236326	7.039509765469575
-3.0850371401193115	1.8796757201139371
-8.978338469335995	-4.013625609102746
-3.9155719377640708	1.049140922469178
-14.98402328258635	-10.0193104223531
-7.0570121292862495	-2.092299269053001
-3.528002521785311	1.4367103384479378
-14.139613138625009	-9.17490027839176
-11.7925581876857	-6.827845327452451
-7.664526163388018	-2.6998133031547695
-4.591667567218337	0.3730452930149113
-7.879762531875713	-2.915049671642464
-0.3539800356224987	4.61073282461075
-2.3412820897892743	2.6234307704439743
0.49132464850799806	5.456037508741247
-2.8430237405727894	2.1216891196604593
-6.518929014112928	-1.554216153879679
0.5606638370900328	5.525376697323281
-3.672062706579709	1.2926501536535397
-4.343792430907342	0.6209204293259063
-4.9464166406141885	0.01829621961906014
0.4697436599158209	5.4344565201490695
-9.229902503153426	-4.265189642920177
-13.898948100320013	-8.934235240086764
-1.7839318888118214	3.1807809714214272
-3.5421657481774673	1.4225471120557813
-8.548026506260157	-3.583313646026909
-12.899815406004564	-7.935102545771315
-7.036055595470316	-2.0713427352370672
-10.873252986076295	-5.9085401258430466
-4.701311095556321	0.263401764676928
-3.766991022917864	1.1977218373153846
-2.5424903662801626	2.422222493953086
-8.70833029061987	-3.743617430386621
-2.8708743457546007	2.093838514478648
-6.925094582780275	-1.9603817225470266
-6.750225531540309	-1.7855126713070604
-10.118686498901297	-5.153973638668049
-0.24703959100543216	4.7176732692278165
0.9359701384387336	5.900682998671982
-0.6939014961685643	4.270811364064684
-9.303989289025594	-4.3392764287923455
-6.94784433598079	-1.9831314757475411
2.721552120256092	7.686264980489341
-4.164978596919809	0.7997342633134394
-8.403581301965005	-3.4388684417317563
-8.364467300546949	-3.3997544403137
-0.6060260841113632	4.3586867761218855
-0.18540836078591383	4.779304499447335
-5.43671869660875	-0.47200583637550153
-6.832778877068449	-1.8680660168352006
6.484021534224212	11.44873439445746
-4.662857088899727	0.30185577133352126
-3.9771986698142427	0.9875141904190059
-7.191016924222367	-2.2263040639891187
-7.184476493499005	-2.2197636332657567
2.931245847721584	7.895958707954833
-14.111058911940745	-9.146346051707496
-12.548900409265116	-7.584187549031867
-4.027742904052502	0.9369699561807465
-1.9041280539117906	3.060584806321458
-2.3609472539637864	2.6037656062694623
-4.837260678779785	0.1274521814534637
-9.50550388326019	-4.540791023026941
-8.212054237108532	-3.2473413768752835
-9.726179540334215	-4.761466680100966
-8.180875229348203	-3.2161623691149543
-6.846531902102015	-1.8818190418687664
-6.769814085994767	-1.8051012257615184
-1.3394992968696897	3.625213563363559
-16.172312103808963	-11.207599243575714
-4.216317681023611	0.7483951792096377
-7.735001820875368	-2.7702889606421195
-9.252597443305149	-4.2878845830719
-3.566552981507357	1.3981598787258918
-7.071071541533456	-2.1063586813002075
2.3024758653095887	7.267188725542837
-5.781763416737249	-0.8170505565040003
-8.891633233508855	-3.926920373275607
-6.641020421900066	-1.6763075616668175
-4.990294328540585	-0.025581468307336763
-7.435244011963732	-2.4705311517304835
-3.408762523647056	1.5559503365861929
-3.9452271908712646	1.019485669361984
-6.751774558886154	-1.7870616986529058
-3.361872548601241	1.6028403116320078
-0.13102782137957547	4.833685038853673
-5.355845324280381	-0.3911324640471321
-7.844988887846739	-2.8802760276134904
0.039294686539506074	5.004007546772755
-9.142369521233832	-4.177656661000583
-4.528453390853883	0.43625946937936533
-2.498229501309197	2.4664833589240516
-10.002554358843554	-5.037841498610305
-7.473625448835719	-2.5089125886024704
-11.703368925393534	-6.738656065160285
-5.17329338848549	-0.2085805282522415
-2.174377333160919	2.7903355270723296
0.8148204039785014	5.77953326421175
-8.636104586445526	-3.6713917262122777
-3.702452915187223	1.2622599450460257
-0.6279255729614306	4.336787287271818
-7.075041498300379	-2.1103286380671307
2.398201984766729	7.3629148449999775
-3.053753528917696	1.9109593313155528
-1.1382828975647499	3.8264299626684988
-7.079912486223293	-2.1151996259900443
-6.759301245273946	-1.7945883850406972
-5.412041725225208	-0.44732886499195956
-15.79070034635106	-10.82598748611781
-5.012680121781159	-0.04796726154791031
2.2922943285293513	7.2570071887626
-0.8734343380451719	4.091278522188077
1.0453015680736826	6.010014428306931
-2.200876658795096	2.763836201438153
-8.204516608002905	-3.239803747769656
-12.426839147686223	-7.462126287452975
-12.375352095308699	-7.41063923507545
-8.305334480219699	-3.3406216199864502
-13.45482090511905	-8.490108044885801
-13.644449777592854	-8.679736917359605
-12.064289833809198	-7.0995769735759495
-3.2288333399019393	1.7358795203313093
-5.842300116744809	-0.8775872565115606
-6.863466151800367	-1.8987532915671181
-6.1612563798130395	-1.1965435195797909
-11.868411422667123	-6.903698562433874
-3.5840592238246245	1.3806536364086242
-13.420262480567999	-8.45554962033475
-1.454349975238074	3.5103628849951747
-6.272480188409645	-1.3077673281763964
-14.806920409765098	-9.84220754953185
-3.898738964781842	1.0659738954514069
1.2400083601773986	6.204721220410647
-11.570671587711331	-6.605958727478082
-9.771309621015462	-4.806596760782213
-7.1084291979291265	-2.143716337695878
-11.26749509762476	-6.302782237391511
-10.057157140743584	-5.092444280510335
-7.720673170556438	-2.7559603103231893
-0.45946716896560247	4.505245691267646
-12.094729985990853	-7.130017125757604
-6.907478624094438	-1.942765763861189
-4.914937130061844	0.049775730171404575
2.618126372761253	7.582839232994502
-3.877685422642571	1.0870274375906774
-7.477539454031103	-2.512826593797854
-6.037217830389636	-1.0725049701563876
-4.634090008598832	0.3306228516344163
-7.385882479751217	-2.4211696195179684
-0.5068390113810892	4.457873848852159
-2.9173524755351536	2.047360384698095
-5.937214523727107	-0.9725016634938584
-0.6343062731375539	4.330406587095695
-7.021621154293825	-2.0569082940605767
1.8127413087700006	6.777454169003249
-7.8708097892344995	-2.906096929001251
2.495239781672808	7.459952641906057
-6.778815108152685	-1.8141022479194362
-2.598541320924596	2.3661715393086524
-2.194712102167614	2.7700007580656347
-7.57051712086195	-2.6058042606287017
-4.755769988332304	0.20894287190094474
-13.151213839272714	-8.186500979039465
-10.870291545474629	-5.90557868524138
-10.56609707511052	-5.601384214877271
-12.530946759858125	-7.566233899624876
-0.8006649412113802	4.164047919021868
-1.729848855761702	3.2348640044715467
-3.3857864948022325	1.5789263654310162
-2.4521481241513357	2.512564736081913
-2.8971988531361603	2.0675140070970883
-9.542788173651843	-4.578075313418594
-0.09393616690385898	4.87077669332939
-9.037077695653352	-4.072364835420103
-10.221973975276796	-5.257261115043548
-16.28626816544147	-11.321555305208221
-0.18263424821952867	4.78207861201372
-0.7627057989311652	4.2020070613020835
0.24385602515258142	5.20856888538583
-1.171988438448352	3.7927244217848965
-9.9370771106328	-4.972364250399551
-9.506995321763043	-4.542282461529794
-9.157887336391923	-4.193174476158674
-3.279650663409484	1.6850621968237647
-0.2714920189737313	4.693220841259517
-1.706171606949738	3.2585412532835107
-5.705109937561701	-0.7403970773284527
2.4424145344855788	7.407127394718827
-0.8355681006150917	4.129144759618157
-7.714014566467995	-2.7493017062347462
-8.368920331032768	-3.40420747079952
-3.130240018242148	1.8344728419911007
-14.689221948869545	-9.724509088636296
-5.13925563986777	-0.17454277963452114
-10.321447833737238	-5.35673497350399
-6.130203475585404	-1.1654906153521551
-3.3667998546588933	1.5979130055743553
-5.141121474957799	-0.17640861472455072
3.1051334186608983	8.069846278894147
-1.3921094978413748	3.572603362391874
0.8765829361941542	5.841295796427403
0.7749054816717944	5.739618341905043
-4.095968887928393	0.8687439723048556
-9.295154337643453	-4.330441477410204
0.8508697659731297	5.815582626206378
2.5185708911017173	7.483283751334966
3.681508658859002	8.64622151909225
-10.975138918085577	-6.010426057852328
-7.567329506549413	-2.6026166463161644
-1.4293860196526111	3.5353268405806375
-7.0687848861298335	-2.104072025896585
-9.481607529371104	-4.516894669137855
3.9729280170881793	8.937640877321428
-12.63000538842607	-7.665292528192822
-2.3470349353083293	2.6176779249249194
-7.587345631269272	-2.6226327710360238
-8.695437449725432	-3.7307245894921834
-13.836946756726775	-8.872233896493526
-6.186866614260907	-1.2221537540276586
-0.864023414921121	4.100689445312128
2.18872798463417	7.1534408448674185
-5.28323446076547	-0.3185216005322218
-5.400394939671514	-0.43568207943826565
2.5817104403813573	7.546423300614606
-11.32793384993829	-6.363220989705042
0.6881681457807645	5.652881006014013
-4.080178199820693	0.8845346604125552
-7.226294251608124	-2.2615813913748752
-7.81216245433734	-2.8474495941040914
-7.978234010178767	-3.013521149945518
-7.910191521782963	-2.945478661549714
-8.10198159065203	-3.137268730418782
-7.545318697152652	-2.5806058369194034
-1.8956595720301266	3.069053288203122
-6.479368322838127	-1.5146554626048783
-9.846693598207821	-4.8819807379745725
-1.647103826773673	3.3176090334595756
6.737964350647417	11.702677210880665
-12.084270928801743	-7.1195580685684945
-13.877765948972865	-8.913053088739616
-7.149737714276853	-2.185024854043604
-5.336443278389652	-0.3717304181564032
-5.248402318360149	-0.2836894581269007
-7.177026144352112	-2.2123132841188635
-5.544136766210613	-0.5794239059773645
-2.9994088955895677	1.965303964643681
-7.828033306873749	-2.8633204466405004
-0.25938160007581246	4.705331260157436
-9.439431544451054	-4.474718684217805
1.322115586433938	6.286828446667187
-13.066443819044252	-8.101730958811004
1.6158735369294845	6.580586397162733
-1.7321332563251417	3.232579603908107
-3.664767442611719	1.2999454176215295
-0.5630157641262485	4.401697096107
-10.30349949698757	-5.338786636754321
-3.971705994745662	0.9930068654875868
-5.653155893770418	-0.688443033537169
-6.553503106140852	-1.588790245907603
-11.132275596637555	-6.167562736404307
-6.161983650117691	-1.197270789884442
-0.4409152881726186	4.52379757206063
-3.726586872885491	1.2381259873477575
-7.1180934020203495	-2.153380541787101
-5.34588908081696	-0.38117622058371126
-5.986649378980019	-1.0219365187467702
-5.580998437535982	-0.6162855773027331
-9.928222432108669	-4.96350957187542
-0.5142367246216963	4.450476135611552
-8.659549208991393	-3.6948363487581446
-2.910545739317513	2.0541671209157357
-9.510371220744673	-4.545658360511425
-8.519745439052258	-3.5550325788190094
-6.512965829873792	-1.5482529696405436
-1.628835400137632	3.3358774600956167
4.1398911485403005	9.10460400877355
-7.575872164030443	-2.6111593037971943
-1.2293033743076194	3.7354094859256293
-5.138139026332738	-0.1734261660994889
-7.1773196631129395	-2.212606802879691
-4.311520839955847	0.6531920202774018
-13.061574661092436	-8.096861800859187
-5.490033901032348	-0.5253210407990991
-5.657974383376768	-0.6932615231435193
-14.792839939220812	-9.828127078987563
-7.173611294549119	-2.20889843431587
-7.867416626937484	-2.902703766704235
-10.394494647391639	-5.42978178715839
-3.312365948774186	1.6523469114590625
-2.4375755983605814	2.5271372618726673
-2.5255521797148504	2.4391606805183983
-9.327617530800126	-4.362904670566877
-7.005409962707745	-2.040697102474496
1.049337698727868	6.014050558961117
-9.827755422573773	-4.8630425623405245
-9.463200592551402	-4.498487732318154
-1.9661234331683772	2.9985894270648714
-5.2745693963443046	-0.3098565361110559
-10.925952820303337	-5.961239960070088
-7.676173130467305	-2.7114602702340562
-7.465928530715701	-2.501215670482452
-1.4728216737812545	3.491891186451994
-5.459671894872372	-0.4949590346391233
-7.871057910822856	-2.906345050589607
-2.2476454669504164	2.717067393282832
-8.603824742333018	-3.639111882099769
-3.335309944499386	1.6294029157338628
-7.179455522032185	-2.2147426617989368
-11.538387988521663	-6.573675128288414
1.38935881566249	6.354071675895739
-2.647770506089273	2.3169423541439755
-7.022833085341517	-2.0581202251082686
-2.0248875409806715	2.939825319252577
-7.316042953516444	-2.3513300932831953
-3.3036071010087653	1.6611057592244833
-4.794416113102216	0.17029674713103304
-7.295098933755071	-2.3303860735218223
3.3841525458446995	8.348865406077948
-12.324145836610114	-7.3594329763768656
-11.873887762430513	-6.909174902197265
-4.031100381703254	0.9336124785299944
-5.767578713189778	-0.8028658529565291
-3.9733247939243483	0.9913880663089003
-2.2357425805753337	2.728970279657915
-3.930022627986091	1.0346902322471578
-0.1285644787203637	4.836148381512885
-3.2699675871731415	1.6947452730601071
-4.637812345411476	0.32690051482177296
-8.563015363681188	-3.5983025034479397
2.1335939501477696	7.098306810381018
-8.786025018117925	-3.8213121578846767
-7.130196100678859	-2.16548324044561
-8.234246744064876	-3.2695338838316275
-10.53502025802527	-5.570307397792021
-7.196821837460902	-2.2321089772276537
-8.913316324164043	-3.9486034639307945
-6.858997444049237	-1.8942845838159883
-4.416922733978481	0.5477901262547675
-3.7119530336021853	1.2527598266310633
0.36204022487436305	5.326753085107612
-2.142069977700885	2.8226428825323637
-11.142068368334549	-6.1773555081013
-9.334054520394602	-4.3693416601613535
-1.8455982095183572	3.1191146507148915
-2.8947743720550534	2.0699384881781953
-1.3998699267476695	3.564842933485579
-1.4453406737152363	3.5193721865180123
-5.307642914664029	-0.34293005443078073
-10.847116315429957	-5.882403455196709
-8.782985816279506	-3.8182729560462576
-6.563740724052877	-1.5990278638196287
-0.4221575240048878	4.542555336228361
-1.6733532176335757	3.291359642599673
-12.834973267689747	-7.870260407456499
-10.690500661644819	-5.72578780141157
-5.108833380612396	-0.1441205203791469
-5.58944777057377	-0.6247349103405213
-4.901277523360477	0.06343533687277159
-3.9322576354325065	1.0324552248007421
1.9181308016386538	6.882843661871902
-5.581796659261272	-0.6170837990280233
-10.940140316254656	-5.975427456021407
-1.8948513937116331	3.0698614665216155
