Hf	deltaHf ref=-422.5136578952863
-434.1758960410864	-11.662238145800075
-423.7548454854607	-1.241187590174377
-435.0419356035911	-12.528277708304813
-411.31695904832145	11.196698846964864
-425.64762040319897	-3.1339625079126563
-430.6905507029353	-8.176892807648983
-395.68566211413986	26.827995781146456
-441.6897164329332	-19.176058537646895
-443.31029440778934	-20.796636512503028
-457.72393825725	-35.21028036196367
-432.12825265441484	-9.614594759128522
-458.6446863445947	-36.13102844930836
-421.0241743199206	1.489483575365739
-385.75898270241146	36.754675192874856
-423.5796426733634	-1.0659847780771088
-416.45859504274836	6.055062852537958
-439.08710529217774	-16.573447396891424
-457.66329110960055	-35.149633214314235
-393.0903412102691	29.4233166850172
-439.3870833048916	-16.87342540960526
-419.3908292310282	3.1228286642581224
-452.1449474952153	-29.631289599929005
-426.10156625127115	-3.587908355984837
-421.05174044370347	1.461917451582849
-452.50051627767084	-29.986858382384526
-437.966901115424	-15.453243220137665
-393.24025326841206	29.273404626874253
-383.4552950721029	39.058362823183415
-421.42819467284994	1.085463222436374
-433.0381933913943	-10.524535496108001
-355.18619753937514	67.32746035591117
-462.7110407011844	-40.19738280589809
-446.4137470482294	-23.90008915294311
-407.53560217690233	14.978055718383985
-423.2680600257502	-0.7544021304638591
-424.02795705431186	-1.5142991590255406
-429.61745506934517	-7.103797174058855
-414.13654859037183	8.377109304914484
-422.901764548433	-0.3881066531466786
-461.9554129907249	-39.441755095438566
-415.22834535757124	7.285312537715072
-438.8740318975963	-16.36037400230998
-392.4985528386517	30.01510505663464
-435.8197671850123	-13.30610928972601
-416.8738531764741	5.639804718812229
-388.5733885512657	33.940269344020635
-409.63829286305395	12.875365032232367
-409.8230241760814	12.690633719204925
-453.7428805268921	-31.229222631605808
-448.44857448248354	-25.934916587197222
-448.32351395684805	-25.80985606156173
-421.40820987827306	1.1054480170132592
-432.18399010775306	-9.670332212466747
-436.4593086286243	-13.94565073333797
-437.09283383565185	-14.57917594036553
-423.24866867754304	-0.7350107822567225
-434.691143248687	-12.177485353400698
-418.11886340573824	4.394794489548076
-418.0036293451469	4.5100285501393955
-441.25263531444057	-18.738977419154253
-413.9823144161985	8.531343479087809
-378.96430649293166	43.54935140235466
-434.65852514362473	-12.144867248338414
-434.16887558189615	-11.65521768660983
-428.9932997512426	-6.479641855956288
-388.73010664668095	33.78355124860536
-456.17347274361805	-33.659814848331735
-460.11103520980964	-37.59737731452333
-409.6548422772232	12.85881561806309
-365.78839129243556	56.72526660285075
-458.3129674816066	-35.799309586320305
-415.13816175480883	7.37549614047748
-405.31925991648154	17.194397978804773
-431.9697184610616	-9.45606056577526
-430.6944031994701	-8.180745304183802
-432.0657338794174	-9.55207598413108
-414.2371778539293	8.27648004135699
-380.2464608967332	42.26719699855312
-417.37237841111187	5.141279484174447
-435.7156641016684	-13.202006206382066
-412.0041427590097	10.509515136276605
-453.93478036950387	-31.421122474217555
-464.08418289955284	-41.57052500426653
-446.3752268433366	-23.861568948050262
-440.9779397642035	-18.46428186891717
-431.7366415485651	-9.222983653278789
-424.0429949212032	-1.5293370259169023
-439.1638060426251	-16.65014814733877
-412.75912504560824	9.754532849678071
-439.8295595865259	-17.31590169123956
-430.1930450400598	-7.6793871447735
-382.59962118852695	39.91403670675936
-426.64745931990024	-4.133801424613921
-397.01590424661686	25.49775364866946
-409.08508165319495	13.428576242091367
-460.2652896596612	-37.751631764374906
-411.0568930735956	11.45676482169074
-407.0725345258745	15.441123369411798
-432.13464944159773	-9.620991546311416
-391.81367731492196	30.699980580364354
-461.9310953848674	-39.41743748958106
-405.50847310170343	17.005184793582885
-408.4817314464801	14.031926448806189
-402.6877267394068	19.825931155879516
-404.9445430997787	17.56911479550763
-416.6333591596833	5.880298735602992
-454.24037101083945	-31.72671311555314
-391.2265632610272	31.28709463425912
-418.73267465005324	3.780983245233074
-427.31052320120784	-4.7968653059215285
-484.48068456374153	-61.96702666845522
-405.20842043001016	17.30523746527615
-464.3551304554478	-41.84147256016149
-425.45839072538934	-2.944732830103021
-428.2628758362173	-5.749217940930976
-412.05296541312987	10.460692482156446
-453.4382819447403	-30.924624049453996
-386.88209862037024	35.63155927491607
-436.04188061688023	-13.52822272159392
-428.47466943880704	-5.961011543520726
-427.0822219574095	-4.568564062123187
-418.1038745407334	4.409783354552928
-440.18249395779844	-17.668836062512128
-420.29275002187046	2.220907873415854
-433.59565872849475	-11.08200083320844
-441.1274218849924	-18.613763989706058
-405.49758692064484	17.01607097464148
-429.7277239833113	-7.2140660880249925
-432.2089214494538	-9.695263554167468
-404.7459037807623	17.767754114523996
-406.5471943896466	15.966463505639695
-375.95997108791767	46.55368680736865
-422.90734694841944	-0.3936890531331301
-398.69375257332854	23.819905321957776
-427.2138232229829	-4.700165327696595
-445.8556201535596	-23.34196225827327
-416.380770103415	6.132887791871326
-419.3297904527774	3.1838674425089266
-438.5005128801479	-15.986854984861566
-429.35446938312657	-6.840811487840256
-405.6540056954166	16.859652199869743
-459.2973733386227	-36.783715443336405
-425.9871963836106	-3.473538488324266
-415.0575860651936	7.4560718300926965
-451.1451649164285	-28.63150702114217
-468.5221324954093	-46.00847460012301
-439.45662469672084	-16.942966801434522
-402.3243312236939	20.189326671592426
-423.5086172932263	-0.9949593979399651
-454.7240940210379	-32.210436125751585
-422.31060636525785	0.20305153002846055
-409.3631949355097	13.150462959776632
-400.41280077370743	22.100857121578883
-396.97436715588833	25.539290739397984
-444.10013067264504	-21.586472777358722
-437.89180098382917	-15.378143088542856
-411.8759735755068	10.63768431977951
-409.357769712273	13.155888183013303
-404.0271824926806	18.48647540260572
-387.8272760121238	34.68638188316254
-421.0133424244907	1.5003154707956128
-438.63999182171233	-16.126333926426014
-399.2459965629007	23.267661332385615
-442.5487980092787	-20.035140113992384
-431.87681913209076	-9.363161236804444
-411.1566261063474	11.357031788938912
-423.97119313038115	-1.4575352350948378
-441.26885450744	-18.755196612153668
-432.10526292383133	-9.591605028545018
-431.5976319058011	-9.083974010514794
-413.16948593436086	9.34417196092545
-410.6806004781304	11.833057417155942
-437.01558477867206	-14.50192688338575
-419.6219135304475	2.8917443648388144
-408.1238397905165	14.389818104769802
-414.4622522100019	8.051405685284408
-405.0601645961781	17.45349329910823
-428.3170960770424	-5.803438181756064
-406.6917332479409	15.82192464734544
-425.90469642835365	-3.3910385330673307
-405.4781278552748	17.03553004001151
-431.5279540465474	-9.014296151261078
-391.5377589173934	30.97589897789294
-386.1702842944562	36.34337360083009
-393.24201572967854	29.271642165607773
-421.77549788762394	0.7381600076623727
-424.6149033130407	-2.1012454177543987
-397.7243853459279	24.78927254935843
-420.04818963054845	2.465468264737865
-405.8049725548974	16.70868534038891
-392.1589072339905	30.35475066129584
-427.75292250815824	-5.239264612871921
-451.1295475572899	-28.61588966200361
-396.26603027531223	26.247627619974082
-444.33163096603516	-21.81797307074885
-406.9706316548311	15.54302624045522
-408.05096381363387	14.462694081652444
-398.4322856253332	24.081372269953135
-433.0037311120161	-10.490073216729797
-445.2752960250857	-22.761638129799394
-411.74083821733643	10.772819677949883
-425.82456015270714	-3.310902257420821
-430.9246239791885	-8.410966083902167
-425.6357806551589	-3.122122759872582
-423.05057316592706	-0.5369152706407476
-421.42420576180143	1.0894521334848832
-405.4565837889588	17.05707410632749
-425.48171690472213	-2.9680590094358195
-442.65631908436467	-20.142661189078353
-430.86626936031666	-8.35261146503035
-411.7970555140257	10.7166023812606
-441.10100981731944	-18.587351922033122
-402.33492018866514	20.178737706621177
-436.8433634489977	-14.329705553711392
-449.2968732006177	-26.783215305331396
-440.2230057755571	-17.709347880270798
-440.06934623672555	-17.555688341439236
-429.04889428332376	-6.535236388037447
-440.65830441257845	-18.14464651729213
-411.7565529775659	10.757104917720426
-423.8386327197279	-1.3249748244415969
-413.0367416716965	9.476916223589797
-474.3640934166817	-51.85043552139541
-411.4385046192822	11.07515327600413
-416.45512104467184	6.058536850614473
-413.1869550435424	9.326702851743903
-440.2159031291287	-17.702245233842405
-413.0021548479183	9.511503047368024
-417.8571897298009	4.656468165485421
-455.6983658287411	-33.184707933454774
-446.77770341320706	-24.26404551792075
-418.6894866245477	3.8241712707385886
-447.1015821086096	-24.587924213323276
-419.2008137685391	3.3128441267472226
-402.92453022943505	19.589127665851265
-422.78021087490765	-0.2665529796213377
-370.65442197475045	51.859235920535866
-460.63208342852	-38.118425533233676
-452.7364093024428	-30.222751407156466
-429.55734824725937	-7.043690351973055
-433.84183537333433	-11.328177478048019
-420.2881292383156	2.2255286569707096
-423.0498569024114	-0.5361990071251057
-403.26068706783394	19.252970827452373
-406.0958871978712	16.417770697415108
-412.3824218909342	10.131236004352104
-392.1061693407157	30.40748855457059
-408.80935534915466	13.704302546131657
-456.10308446868135	-33.58942657339503
-406.7536520804772	15.76000581480912
-430.2828090570604	-7.769151161774062
-416.1799551594215	6.33370273586479
-389.74848142722317	32.765176468063146
-439.7884957411063	-17.274837845820002
-435.3951303524866	-12.881472457200289
-408.9669661719438	13.54669172334252
-406.8742644846409	15.639393410645425
-436.2962805365589	-13.78262264127261
-435.64433208825926	-13.130674192972947
-425.3512153817485	-2.837557486462174
-420.27113205874616	2.2425258365401533
-427.47528577088656	-4.961627875600243
-407.3576722889177	15.155985606368631
-418.9299829571594	3.583674938126933
-406.00532808907724	16.508329806209076
-379.6263425756972	42.887315319589106
-436.2390807143149	-13.725422819028609
-435.88813804383085	-13.374480148544535
-427.0536139296221	-4.539956034335773
-414.8419358254962	7.671722069790121
-397.45351418651103	25.060143708775286
-441.5995922764034	-19.085934381117113
-452.8192079123021	-30.305550017015776
-428.4912436793586	-5.977585784072289
-417.98505342372505	4.528604471561266
-429.853072349468	-7.339414454181679
-379.84052585431186	42.67313204097445
-446.05254793841436	-23.53889004312805
-426.9126763422594	-4.399018446973059
-438.08024184858937	-15.566583953303052
-440.357363506095	-17.843705610808684
-401.0032130973034	21.510444797982927
-468.6165384658873	-46.10288057060097
-434.5079363061725	-11.994278410886182
-390.1011299139557	32.41252798133064
-386.869270690999	35.64438720428734
-404.16247242615486	18.35118546913145
-425.60913681240913	-3.0954789171228185
-451.4677140809856	-28.9540561856993
-421.2778974824089	1.2357604128774256
-418.08047170633495	4.4331861889513675
-412.95556579322715	9.558092102059163
-389.6225933802691	32.891064515017206
-431.4320745428179	-8.918416647531558
-413.63633310887076	8.877324786415556
-396.3342062389331	26.179451656353194
-449.81756284500284	-27.303904949716525
-405.6859700819389	16.82768781334744
-413.9616506181976	8.552007277088705
-408.5168826240317	13.996775271254592
-427.9435517826844	-5.429893887398066
-472.41558501798704	-49.90192712270073
-410.2642729310521	12.249384964234196
-398.60810210624754	23.90555578903877
-443.4934166405203	-20.979758745233994
-432.2347333431155	-9.721075447829207
-415.97405393054055	6.5396039647457656
-428.1219671768397	-5.608309281553375
-420.4796549359073	2.034002959378995
-415.50316197072084	7.010495924565475
-398.9306742595129	23.582983635773417
-385.91651670142005	36.597141193866264
-456.16188823512334	-33.64823033983703
-455.6722404416562	-33.15858254636987
-398.5764375041383	23.937220391148003
-423.68788273681116	-1.1742248415248469
-454.0938425837578	-31.58018468847149
-412.02709092810096	10.486566967185354
-382.37400648488824	40.13965141039807
-416.3070617898686	6.206596105417702
-407.22918030711867	15.284477588167647
-408.0043733612604	14.509284534025937
-357.5142271589632	64.99943073632312
-430.7113850855005	-8.19772719021421
-444.15486359964984	-21.64120570436353
-407.3668725204682	15.146785374818137
-434.8190789005805	-12.305421005294193
-406.91850773657484	15.595150158711476
-434.79959104156865	-12.285933146282332
-416.621318074109	5.892339821177302
-460.5378064637682	-38.024148568481905
-421.91333247391435	0.6003254213719629
-423.89314783267605	-1.3794899373897351
-434.4481177432374	-11.934459847951075
-431.80371526939257	-9.290057374106254
-420.4052592143328	2.1083986809535418
-416.5953880132204	5.9182698820659425
-439.62565061126065	-17.11199271597434
-373.9418243476741	48.57183354761219
-406.1077670073921	16.405890887894202
-428.41637883270437	-5.902720937418053
-376.14939693817564	46.36426095711067
-418.8199504305869	3.6937074646994006
-414.9904433458198	7.523214549466502
-446.10347369233773	-23.589815797051415
-417.3684608609676	5.145197034318699
-420.3461539965267	2.1675038987596054
-413.27206854480596	9.241589350480353
-446.9369490735319	-24.423291178245563
-415.8710366196958	6.6426212755905
-407.8861685471113	14.627489348175004
-387.6010530124097	34.91260488287662
-447.5189597390911	-25.005301843804773
-448.4198904347634	-25.90623253947706
-426.6733828656636	-4.159724970377283
-409.8819769500608	12.631680945225526
-451.5626652481935	-29.04900735290721
-448.55566712857967	-26.042009233293356
-379.4989370487949	43.0147208464914
-436.0861146440641	-13.572456748777768
-420.1095189402024	2.4041389550839085
-439.32781578643176	-16.81415789114544
-405.4294800285918	17.084177866694517
-448.57707978897656	-26.063421893690247
-396.70539496648985	25.808262928796466
-377.3301972213578	45.183460673928494
-440.47864278687325	-17.964984891586937
-411.36954260517655	11.144115290109767
-431.5676579024787	-9.054000007192371
-411.66545525695824	10.848202638328075
-423.645112843011	-1.1314549477247056
-435.9284430764876	-13.414785181201296
-462.01473493564686	-39.50107704036054
-428.5383099380326	-6.024652042746311
-401.66914773949816	20.844510155788157
-404.19612683899163	18.317531056294683
-359.6086132586845	62.905044636601815
-431.86532681993253	-9.35166892464622
-425.2125181107169	-2.6988602154306136
-388.50069316603754	34.01296472924878
-415.27738361842626	7.236274276860058
-414.11162676931986	8.40203112596646
-427.79781594784276	-5.2841580525564495
-426.23924688152897	-3.7255889862426557
-443.92221150883984	-21.408553613553522
-433.668682985028	-11.155025089741684
-406.4560917113761	16.05756618391024
-427.4686128734231	-4.954954978136811
-442.6255563714569	-20.11189847617061
-421.7861404451162	0.7275174501701258
-410.9693264407017	11.544331454584608
-449.53181882318154	-27.018160927895224
-446.75873532436367	-24.245077429077355
-428.1075902594805	-5.593932364194188
-455.72838767471535	-33.214729779429035
-436.4869689375248	-13.973311042238493
-427.63304720410656	-5.119389308820246
-420.8651220898521	1.6485358054342214
-421.248208754105	1.265449141181307
-429.0270522501289	-6.513394354842603
-419.0361868668317	3.4774710284546018
-432.4727841350161	-9.959126239729812
-430.8512275971209	-8.337569701834582
-424.75668483925097	-2.243026943964651
-428.12116975452795	-5.60751185924164
-438.96140883920293	-16.447750943916617
-417.43677443102047	5.076883464265848
-423.4362479922913	-0.9225900970050134
-416.5595990723434	5.954058822942898
-431.64987421916726	-9.136216323880944
-416.3905943008633	6.123063594423002
-437.5025215936969	-14.988863698410569
-419.04827996310473	3.465377932181582
-403.94619441514646	18.56746348013985
-422.89886006231814	-0.38520216703182086
-379.88855480136976	42.62510309391655
-443.8176822952139	-21.304024399927584
-428.80267299544926	-6.289015100162942
-395.9861175780154	26.527540317270905
-407.0585753414691	15.455082553817192
-387.66816436076465	34.845493534521665
-432.45323381502226	-9.939575919735944
-405.90330916720836	16.610348728077952
-394.1979207241295	28.315737171156798
-426.0318089742125	-3.5181510789261665
-444.0964213390455	-21.582763443759177
-431.35885047265606	-8.845192577369744
-454.0836647059389	-31.570006810652558
-450.0953947891742	-27.581736893887864
-396.1069541895615	26.406703705724794
-435.2033359174586	-12.689678022172302
-432.2936788496065	-9.780020954320207
-396.3682009621609	26.145456933125388
-387.9140676337613	34.59959026152501
-437.05374915635025	-14.540091261063935
-422.7618148464446	-0.2481569511583075
-440.34996344375236	-17.836305548466044
-391.86471954950525	30.648938345781062
-439.3948289108141	-16.881171015527798
-381.8840966323535	40.62956126293284
-447.5429765497886	-25.029318654502276
-429.2635757494047	-6.749917854118394
-437.86800264147155	-15.354344746185234
-402.72284867124677	19.79080922403955
-448.8471557933283	-26.33349789804197
-451.9791612577303	-29.465503362443997
-397.29306774905695	25.22059014622937
-412.42665325340045	10.08700464188587
-418.97461944843803	3.5390384468482807
-390.71600968090047	31.797648214385845
-425.1091260450978	-2.595468149811495
-406.2040227806049	16.30963511468144
-439.6233867197791	-17.109728824492777
-401.64245490376766	20.871202991518658
-437.30092066505154	-14.78726276976522
-433.88273081936336	-11.369072924077045
-418.97673597919334	3.536921916092979
-450.82387098343156	-28.310213088145247
-429.56999815615404	-7.056340260867728
-414.92542707203233	7.58823082325398
-419.25622260246587	3.257435292820446
-421.2482195677205	1.2654383275657892
-382.3842327665973	40.129425128689036
-399.48318370264883	23.030474192637485
-421.74126499200634	0.7723929032799788
-451.5930501010646	-29.079392205778277
-404.1091405391546	18.40451735613169
-416.21106375683144	6.302594138454879
-413.29847611858554	9.215181776700774
-410.86635894525375	11.647298950032564
-396.21903169477287	26.29462620051345
-430.7337918034375	-8.220133908151183
-421.1100658424168	1.4035920528694987
-421.9707263921066	0.542931503179716
-415.76393880144155	6.74971909384476
-405.6535194781811	16.86013841710519
-440.5114081858103	-17.99775029052398
-405.4599168643965	17.053741030889796
-396.1165313504373	26.397126544849016
-390.00385354283776	32.509804352448555
-422.02830089738404	0.48535699790227227
-453.8495311539357	-31.33587325864937
-404.385260582427	18.128397312859306
-445.3905672534804	-22.876909358194098
-443.6688172661436	-21.15515937085729
-426.0041517093107	-3.4904938140243758
-439.2375775383755	-16.723919643089175
-426.47031974029073	-3.956661845004419
-412.13990916927855	10.373748726007761
-448.2592572021442	-25.745599306857912
-422.50276642710946	0.010891468176851049
-429.53248829553763	-7.018830400251318
-392.63046308763137	29.883194807654945
-409.02547258996333	13.488185305322986
-436.08553453999616	-13.571876644709846
-455.94573946860896	-33.43208157332265
-410.24720589204503	12.266452003241284
-432.2965331216312	-9.782875226344913
-433.75939389978	-11.245736004493665
-417.79375004150484	4.7199078537814785
-449.5798536164714	-27.066195721185068
-432.34534739870855	-9.83168950342224
-426.36621776146626	-3.852559866179945
-443.5563392785755	-21.042681383289164
-424.3181001838732	-1.8044422885868698
-404.2045097641733	18.309148131113034
-409.97380280648053	12.53985508880578
-454.7701912390387	-32.25653334375238
-415.52023280585695	6.9934250894293655
-423.23222891933096	-0.7185710240446497
-424.05584276839204	-1.5421848731057253
-382.84066186169207	39.672996033594245
-409.34015887354894	13.17349902173737
-421.23360491557673	1.2800529797095805
-417.5133164994388	5.000341395847499
-413.7449334121104	8.768724483175902
-425.19500889287724	-2.6813509975909255
-452.63968522642085	-30.126027331134537
-424.2345409112661	-1.7208830159797799
-405.11245047675607	17.401207418530248
-436.5751467975408	-14.061488902254496
-411.1211347430565	11.392523152229842
-390.70821297170755	31.80544492357876
-424.8572092628076	-2.343551367521286
-423.8108922224403	-1.2972343271540012
-436.6397383081114	-14.126080412825104
-390.05686562554024	32.456792269746074
-422.99643537150973	-0.4827774762234185
-395.93642492038475	26.577232974901563
-420.1061865490831	2.4074713462032378
-443.4308658775028	-20.917207982216496
-449.25568869502445	-26.74203079973813
-411.86572958350575	10.64792831178056
-411.7042891387739	10.809368756512413
-415.0774227038112	7.436235191475134
-424.68873322870627	-2.1750753334199544
-403.5357904181785	18.977867477107793
-435.87290707872876	-13.359249183442444
-419.83500229048354	2.6786556048027705
-434.2003636734646	-11.686705778178293
-407.17634397296047	15.337313922325848
-402.6527165526552	19.860941342631122
-399.93884099105185	22.574816904234467
-418.30157150429136	4.212086390994955
-427.9471061047427	-5.433448209456401
-422.6489400954654	-0.13528220017906278
-414.99986255528916	7.513795339997159
-415.1583444954506	7.3553133998357225
-449.4357656616978	-26.9221077664115
-454.5748114904766	-32.06115359519026
-392.4626747090572	30.050983186229132
-445.54668019792575	-23.033022302639438
-407.10482773000535	15.40883016528096
-419.57358202802993	2.9400758672563825
-416.4886593728063	6.024998522480018
-446.9956434494727	-24.481985554186394
-406.29297670843357	16.220681186852744
-443.2225670324608	-20.708909137174487
-411.5086368370596	11.005021058226703
-444.0104542265674	-21.496796331281075
-447.94871995565177	-25.435062060365453
-420.3597472405438	2.1539106547425035
-391.78724081007226	30.726417085214052
-395.4139444208615	27.09971347442479
-418.1440414175652	4.369616477721138
-435.5747598318469	-13.06110193656059
-423.2119521844345	-0.6982942891481798
-439.03259589853974	-16.518938003253425
-392.13297897561847	30.380678919667844
-411.0226378987338	11.491019996552495
-382.5874255706642	39.926232324622106
-422.3616560493449	0.1520018459414132
-409.9461738659795	12.567484029306797
-436.68237755196446	-14.16871965667815
-443.93798772428113	-21.424329828994814
-411.52835411298133	10.985303782304982
-452.4626788320513	-29.94902093676501
-388.1359159931801	34.37774190210621
-445.89931469922	-23.38565680393367
-402.13198024895087	20.381677646335447
-412.91165491547713	9.602002979809185
-415.24519511817766	7.2684627771086525
-449.5364069292757	-27.022749033989385
-420.78274628757777	1.7309116077085491
-406.82932201256904	15.684335882717278
-395.956619304334	26.55703859095229
-422.7510306989918	-0.23737280370551161
-428.95453509262575	-6.440877197339432
-428.89903670705667	-6.385378811770352
-421.12080687897674	1.392851016309578
-398.6857582740979	23.827899621188408
-423.8349426094703	-1.321284714184003
-403.64701958916544	18.866638306120876
-423.74328997459656	-1.2296320793102495
-445.7464853023323	-23.23282740704599
-456.52183501535023	-34.00817712006392
-422.3009421808731	0.21271571441320702
-452.2132759627332	-29.699618067446863
-447.0769780679459	-24.563320172659587
-410.2324287214344	12.281229173851898
-452.5295712524005	-30.015913357114187
-409.886799188351	12.626858706935309
-411.9477786771806	10.565879218105692
-388.0100928647355	34.50356503055082
-456.12629218145435	-33.61263428616803
-421.22092949179046	1.2927284034958575
-451.4833542775507	-28.969696382264374
-427.4573379568667	-4.94368006158038
-482.7881293193698	-60.27447142408346
-408.0190642248401	14.494593670446193
-434.21207951084057	-11.698421615554253
-385.75373097310353	36.759926922182785
-439.2018861345625	-16.688228239276214
-415.4344314246466	7.079226470639696
-403.3886734846658	19.124984410620527
-400.6500193648301	21.863638530456228
-402.1245460229022	20.389111872384092
-405.02919600105656	17.484461894229753
-412.2312516808654	10.282406214420917
-421.4594353165214	1.0542225787648931
-417.3177814620051	5.195876433281228
-449.20289914635055	-26.68924125106423
-462.93392161101497	-40.42026371572865
-408.6920237512297	13.821634144056588
-419.67298874068933	2.8406691545969807
-399.61747157651394	22.89618631877238
-403.9684178630325	18.545240032253787
-434.1488880798772	-11.63523018459091
-422.41905422845434	0.09460366683197208
-399.83766533756557	22.675992557720747
-423.6162317035107	-1.102573808224406
-461.41668569994204	-38.90302780465572
-441.72790913806807	-19.214251242781756
-465.8099798554524	-43.2963219601661
-432.17591524629665	-9.66225735101034
-414.3824045417625	8.131253353523789
-412.5641794295427	9.949478465743596
-417.6810768026537	4.8325810926326085
-421.15086758604434	1.3627903092419729
-429.12454741674287	-6.610889521456556
-443.9516768174565	-21.43801892217016
-400.6595657691562	21.854092126130126
-438.0729846536035	-15.559326758317184
-452.197219289714	-29.68356139442767
-422.76939237998727	-0.2557344847009517
-440.1979211319906	-17.684263236704282
-431.1829413530852	-8.669283457798883
-409.6880274116904	12.825630483595887
-415.25450698107875	7.2591509142075665
-416.285355244376	6.2283026509103365
-431.080651433693	-8.566993538406678
-439.9236976623272	-17.41003976704087
-407.6422055163914	14.871452378894901
-419.42280325528395	3.0908546400023624
-430.4956159361375	-7.981958040851168
-442.543277934534	-20.029620039247675
-434.40772849890914	-11.894070603622822
-419.79525646327806	2.7184014320082497
-427.2242197126236	-4.710561817337293
-429.6410762809594	-7.1274183856730815
-426.8656172649264	-4.351959369640099
-437.1169090724636	-14.603251177177299
-438.46560850080846	-15.951950605522143
-439.67988967615224	-17.166231780865928
-446.45967853406023	-23.946020638773916
-423.63567826442	-1.1220203691336792
-440.74763589205963	-18.23397799677332
-451.12486902413934	-28.61121112885303
-436.74076057952175	-14.227102684235433
-399.1036631218651	23.409994773421204
-427.51116523911173	-4.9975073438254185
-399.5435030482679	22.97015484701842
-432.33607043496727	-9.822412539680954
-393.6684156713802	28.845242223906098
-420.1884344266639	2.3252234686224256
-394.5100520847393	28.003605810547015
-445.2314368543359	-22.71777895904961
-424.4979177268017	-1.9842598315153737
-403.74429885730774	18.769359037978575
-426.23626600222474	-3.7226081069384236
-434.37402151599804	-11.860363620711723
-425.6069157510558	-3.0932578557694796
-436.4903401024551	-13.976682207168778
-431.2535296225308	-8.739871727244463
-435.6455918319609	-13.131933936674614
-419.4684006548398	3.0452572404465172
-391.1555878358979	31.35807005938841
-396.8346463835535	25.679011511732824
-439.2398942141938	-16.726236318907468
-392.83635753680414	29.67730035848217
-395.49604864379785	27.017609251488466
-440.4481952413537	-17.934537346067373
-447.1471170493953	-24.633459154109005
-416.3600145323928	6.15364336289349
-385.314968831741	37.19868906354532
-397.326360907746	25.18729698754032
-421.7527335196994	0.7609243755869102
-436.14586797623474	-13.632210080948425
-434.339071269633	-11.825413374346681
-414.92789946678954	7.585758428496774
-406.27073344601945	16.242924449266866
-412.0579031380387	10.455754757247632
-384.75074656039055	37.76291133489576
-439.57215645922975	-17.05849856394343
-432.45350213781626	-9.939844242529944
-438.46473091743815	-15.951073022151832
-417.8892365883423	4.624421306943987
-401.2017692039574	21.31188869132893
-445.1007186941481	-22.587060798861785
-437.3527364654494	-14.83907857016311
-444.6199691871791	-22.10631129189278
-402.5017943141195	20.011863581166836
-421.53189078767014	0.9817671076161787
-442.7279296749823	-20.21427177969599
-403.9415001283544	18.572157766931923
-408.6758172924076	13.837840602878714
-435.3888435363972	-12.875185641110875
-418.7036851825162	3.8099727127701044
-451.6887476256145	-29.17508973032818
-405.99106359108396	16.522594304202357
-442.4158087950693	-19.90215089978301
-403.0876934307364	19.425964464549907
-410.96341709171816	11.550240803568158
-414.77144283148505	7.742215063801268
-443.8745840043614	-21.36092610907508
-407.53951682882894	14.974141066457378
-388.7052990221912	33.80835887309513
-426.24050352622567	-3.7268456309393514
-409.9203091353322	12.593348759954097
-407.59273278758906	14.920925107697258
-409.2389849915546	13.274672903731698
-416.5673165386454	5.9463413566409145
-434.52614177771306	-12.01248388242675
-434.2052911505655	-11.691633255279157
-446.9454773513919	-24.431819456105586
-442.2379298486542	-19.72427195336786
-405.723656571083	16.79000132420333
-376.09212470027546	46.42153319501085
-438.17805350032563	-15.664395605039317
-447.46575348677857	-24.952095591492252
-439.337453632985	-16.823795737698674
-435.40558929443637	-12.891931399150053
-412.4590542362041	10.054603659082204
-455.1628566356869	-32.64919874040061
-406.56061191774484	15.953045977541478
-417.4518302534327	5.061827641853597
-413.5425158309429	8.97114206434344
-443.4198650264791	-20.906207131192787
-424.65636617526457	-2.142708279978251
-433.06888074179574	-10.555222846509423
-423.0734670495351	-0.5598091542487964
-400.9841003699023	21.529557525384007
-416.9219861244694	5.591671770816902
-413.3670079437345	9.146649951551808
-429.01595151141214	-6.502293616125826
-401.315167560728	21.1984903345583
-431.53622135821774	-9.02256346293143
-401.4583665247394	21.05529137054691
-420.3823941483481	2.1312637469382025
-436.57244475941684	-14.058786864130525
-388.4001199456309	34.11353794965544
-404.368485979174	18.145171916112304
-407.815433316244	14.69822457904229
-419.873103725424	2.6405541698622983
-386.9808741588988	35.5327837363875
-434.0601128456385	-11.5464549503522
-431.05928240069466	-8.545624505408341
-454.6720595149584	-32.15840161967208
-413.85089319262465	8.662764702661661
-429.4625480383895	-6.948890143103199
-413.3586299970541	9.15502789823222
-411.8255933069943	10.688064588292036
-404.3080194781562	18.205638417130103
-421.60823667319187	0.9054212220944464
-422.4469354427622	0.06672245252411813
-398.4096722560846	24.10398563920171
-408.4036041806014	14.11005371468491
-402.1032330121873	20.41042488309904
-432.9111133818135	-10.397455486527178
-419.5178946554863	2.9957632397999987
-385.6007415451079	36.91291635017842
-417.03829528396295	5.475362611323362
-382.6763703564268	39.83728753885953
-415.99754799697826	6.516109898308059
-434.677498799507	-12.163840904220706
-410.4283230166968	12.085334878589492
-442.23167682839835	-19.718018933112035
-415.2466649632463	7.2669929320400115
-425.3581879618489	-2.8445300665625837
-425.67609970014587	-3.1624418048595544
-444.4303116348658	-21.916653739579488
-428.30640841798436	-5.792750522698043
-447.41439672110414	-24.900738825817825
-419.3954947725199	3.1181631227664184
-461.57826627452437	-39.06460837923805
-422.10319659252696	0.41046130275935866
-457.08973738116606	-34.576079485879745
-425.06789138961744	-2.554233494331129
-465.6328786144061	-43.11922071911977
-396.8282637474679	25.685394147818442
-422.9057184432661	-0.3920605479797814
-411.822592925708	10.691064969578292
-440.2200646596814	-17.70640676439507
-413.3026368983467	9.211020996939624
-411.85022453159604	10.663433363690274
-430.8354962777141	-8.321838382427813
-436.4315911281067	-13.91793323282036
-415.03930618269646	7.474351712589851
-473.01159919931365	-50.497941304027336
-408.4218173893371	14.091840505949222
-402.689486218753	19.824171676533297
-435.8154954394179	-13.301837544131558
-398.6950916658009	23.81856622948544
-400.69479600307227	21.818861892214045
-411.3919120523699	11.121745842916425
-446.5217856226866	-24.00812772740028
-415.419680261248	7.0939776340383105
-375.06789966089696	47.44575823438936
-463.01964825955497	-40.505990364268655
-431.47583570749543	-8.96217781220912
-436.30764717764964	-13.793989282363327
-430.41382504343915	-7.900167148152832
-417.2500918058706	5.26356608941569
-390.359796872732	32.15386102255434
-416.95239783688726	5.561260058399057
-431.0090862133277	-8.495428318041377
-450.89873761909826	-28.38507972381194
-435.0695931850844	-12.555935289798072
-446.6093957809701	-24.095737885683775
-458.22708194445863	-35.71342404917232
-374.34169344946554	48.17196444582078
-432.4534112669264	-9.939753371640109
-408.779669370959	13.733988524327287
-415.6073362869413	6.906321608345024
-420.28099139045503	2.232666504831286
-404.1906478197109	18.32301007557544
-381.3538782161397	41.159779679146595
-428.24427436917017	-5.730616473883856
-431.12198016072784	-8.60832226544153
-421.7124487618478	0.8012091334385332
-441.40940371777674	-18.895745822490426
-444.10511416195936	-21.59145626667305
-385.7957459082447	36.71791198704159
-418.09391114705636	4.419746748229954
-404.64834456674566	17.86531332854065
-440.2541448270406	-17.740486931754276
-432.5996137618697	-10.08595586658339
-419.0002814550446	3.5133764402417
-387.9747267708501	34.5389311244362
-438.5384081206196	-16.024750225333264
-430.59355414256265	-8.079896247276338
-434.4753796985808	-11.961721803294495
-441.98941819435845	-19.475760299072135
-403.3720593424425	19.14159855284379
-443.4155724633804	-20.90191456809407
-459.11321569591223	-36.59955780062592
-470.78516809251437	-48.271510197228054
-408.3141247093065	14.199533185979817
-440.77012720484913	-18.256469309562817
-439.23144066562804	-16.717782770341728
-411.17990085583574	11.333757039450575
-418.3142075595881	4.199450335698202
-426.2832357218342	-3.769577826547902
-437.1890823734195	-14.675424478133209
-433.4299650664818	-10.916307171195513
-449.36226419620493	-26.848606300918618
-408.94061574676584	13.573042148520472
-434.8581758173152	-12.3445179220289
-489.1498773112455	-66.6362194159592
-420.0211438412864	2.492514053999912
-411.5452025490433	10.96845534624299
-414.2174276664066	8.296230228879722
-439.2409620640303	-16.727304168744013
-410.2827961640926	12.230861731193727
-433.4509667994482	-10.93730890416191
-433.2714442403724	-10.75778634508606
-439.002839811312	-16.4891819160257
-394.58933205028575	27.924325845000567
-423.98032703229387	-1.4666691370075569
-433.1366507026453	-10.622992807358969
-417.0914790864829	5.422178808803437
-416.860137148926	5.6535207463603
-412.4266672386059	10.086990656680427
-404.3818605061008	18.13179738918552
-412.9518933059501	9.561764589336235
-424.3833805989327	-1.8697227036464028
-449.55841990239264	-27.04476200710633
-424.9668750613839	-2.453217166097602
-402.14241598522335	20.371241910062963
-415.17499631921805	7.338661576068262
-445.83358891403464	-23.31993101874832
-381.222884018169	41.29077387711732
-424.89132244604684	-2.377664550760528
-423.8958297684642	-1.3821718731778674
-399.11155181188064	23.40210608340567
-439.57453414270117	-17.060876247414853
-397.75386777318477	24.75979012210155
-409.63487100550833	12.878786889777984
-414.0768124221852	8.43684547310113
-436.65573951443935	-14.142081619153032
-417.3451302337255	5.168527661560802
-411.9422386977151	10.571419197571231
-419.60326589465535	2.9103920006309636
-406.3688078390462	16.144850056240102
-405.5099576134728	17.003700281813508
-443.0707820577866	-20.55712416250026
-408.3012119524558	14.212445942830527
-422.2213111954245	0.2923466998618096
-409.09687827223956	13.41677962304675
-428.4166094080631	-5.902951512776781
-443.207046727641	-20.693388832354685
-404.51710777682297	17.996550118463347
-407.3688415360432	15.144816359243123
-422.5106654944159	0.0029924008704256266
-415.65274510269796	6.860912792588351
-430.4580845177609	-7.944426622474566
-444.53703870995946	-22.023380814673146
-456.6275508923193	-34.11389299703296
-394.8857157232035	27.62794217208284
-435.9045553435483	-13.390897448261967
-430.37267037486004	-7.859012479573721
-453.2974954177828	-30.78383752249647
-436.122920344342	-13.609262449055677
-403.3037022502888	19.209955644997535
-432.51676600253836	-10.003108107252046
-415.1232235494738	7.390434345812537
-417.05981580356297	5.453842091723345
-431.1800243807868	-8.666366485500475
-423.0119530690629	-0.49829517377656884
-423.52977111361383	-1.0161132183275186
-388.0323859500843	34.481271945202025
-408.24619559750704	14.267462297779275
-406.40522484291273	16.108433052373584
-422.9196984886278	-0.4060405933414586
-431.6409094993635	-9.127251604077173
-418.09698997949295	4.416667915793369
-430.0623989614453	-7.548741066158982
-409.1124161605751	13.40124173471122
-402.31444730891076	20.199210586375557
-399.57149221508575	22.94216568020056
-405.889084119661	16.624573775625322
-389.72501310053326	32.788644794753054
-435.0429759541787	-12.529318058892386
-438.7881895626981	-16.274531667411793
-399.2760156192437	23.237642276042607
-460.6709818185975	-38.157323923311196
-414.1486290180385	8.365028877247823
-390.9237904099193	31.589867485366995
-433.5181805796949	-11.004522684408585
-420.3059431611239	2.207714734162437
-417.38062006729	5.133037827996304
-425.9577376619184	-3.4440797666320577
-420.84448563382307	1.6691722614632454
-448.48380646708233	-25.970148571796017
-452.5923937778191	-30.078735882532783
-422.79812057594813	-0.284462680661818
-442.40693569272685	-19.893277797440533
-446.79175254439747	-24.278094649111154
-403.1020309515209	19.41162694376544
-439.93646086501235	-17.422802969726035
-436.4660342835034	-13.95237638821709
-425.90901369714106	-3.3953558018547483
-432.5839093886518	-10.070251493365504
-418.5312918275797	3.9823660677066073
-439.14967038068266	-16.63601248539635
-451.93906320976953	-29.425405314483214
-454.772532073481	-32.258874178194674
-438.5311528108052	-16.01749491551891
-467.76082891722604	-45.24717102193972
-425.1751396291568	-2.6614817338704597
-449.11868255895956	-26.605024663673248
-445.0870735882693	-22.573415692982962
-433.1310619803173	-10.617404085031012
-436.3889310739089	-13.875273178622592
-422.3750274139368	0.13863048134953715
-425.15373332337754	-2.6400754280912224
-430.0113492033181	-7.49769130803179
-434.6309892609336	-12.11733136564726
-430.8048876334417	-8.29122973815538
-422.9619543194915	-0.4482964242051821
-421.7902406766282	0.7234172186581418
-404.33120367855577	18.182454216730548
-427.9547331372944	-5.441075242008083
-404.5460300407633	17.967627854523016
-442.6171932931377	-20.103535397851374
-423.11904813776187	-0.6053902424755506
-449.2604607967571	-26.7468029014708
-442.82585526460593	-20.31219736931962
-374.4447375411894	48.06892035409692
-423.81278825174945	-1.299130356463138
-419.1948657915548	3.318792103731539
-418.0542725489561	4.459385346330237
-456.11587500175506	-33.60221710646874
-422.66961449028736	-0.15595659500104375
-429.88683455887644	-7.3731766635901295
-403.2381293755518	19.275528519734507
-439.2493097173776	-16.735651822091313
-412.3489070539274	10.16475084135891
-431.2047419115172	-8.691084016230889
-426.95221859215803	-4.438560696871718
-426.30443633143136	-3.7907784361450467
-455.3051705355376	-32.79151264025131
-466.7615891887019	-44.247931293415604
-416.1166022102027	6.397055685083615
-447.54103607051934	-25.027378175233025
-412.71042188590786	9.803236009378452
-410.34994042340827	12.163717471878044
-413.38109015305804	9.132567742228275
-435.240473493692	-12.726815598405665
-422.18882179177876	0.32483610350755043
-409.0838122762127	13.429845619073603
-390.0607835452158	32.45287435007049
-412.80434321686903	9.709314678417286
-438.10668835083766	-15.593030455551343
-409.5441939264622	12.96946396882413
-426.5221019320509	-4.008444036764558
-428.5438124293198	-6.0301545340335
-421.1469348314479	1.3667230638384353
-432.2574112002533	-9.743753304966958
-446.3911404902085	-23.877482594922185
-429.3737709775653	-6.8601130822789855
-425.20600536656843	-2.692347471282119
-412.7902072622294	9.723450633056927
-406.5640031176647	15.949654777621618
-438.87072340206055	-16.357065506774234
-411.87113169541976	10.642526199866552
-457.74754949908515	-35.23389160379884
-415.5219699905049	6.991687904781429
-400.2541649693651	22.259492925921222
-449.2469754716933	-26.73331757640699
-446.5981357596959	-24.084477864409564
-399.8652107023429	22.648447192943422
-416.6619601795885	5.85169771569781
-417.68755709227685	4.826100803009467
-425.50728667488715	-2.99362877960084
-396.85893489923023	25.65472299605608
-423.7407137290195	-1.227055833733175
-467.32169391635966	-44.80803602107335
-454.3780991317965	-31.864441236510174
-409.8481781014327	12.665479793853592
-440.44563963667883	-17.93198174139252
-466.82780383095655	-44.31414593567024
-420.72876371683947	1.784894178446848
-398.4382610613741	24.075396833912237
-397.17937760781774	25.334280287468573
-450.6520711084215	-28.13841321313521
-405.70105378841095	16.81260410687537
-436.9041307899372	-14.390472894650884
-419.74100191343155	2.7726559818547685
-440.53261291281365	-18.018955017527333
-402.5642003899177	19.949457505368628
-419.6737614225624	2.8398964727239218
-452.7165936449512	-30.202935749664903
-423.1525401641468	-0.6388822688604705
-411.14689934712646	11.36675854815985
-382.4516133061463	40.06204458913999
-434.0379106678504	-11.524252772564068
-414.07683854380434	8.436819351481972
-440.66920192323437	-18.155544027948054
-418.57055056533704	3.943107329949271
-430.5778535328484	-8.06419563756208
-461.6304212746238	-39.1167633793375
-438.8879535873332	-16.37429569204687
-388.6250992358748	33.8885586594115
-439.5079648290032	-16.99430693371687
-413.32347002447045	9.190187870815862
-424.2793223508254	-1.7656644555390812
-415.6296394884614	6.884018406824907
-419.6211136232216	2.892544272064697
-422.8480014265135	-0.33434353122720495
-425.4901076476001	-2.9764497523137834
-407.40519270032223	15.108465194964083
-405.03921387288415	17.474444022402167
-432.4641544121462	-9.950496516859857
-444.6832663159787	-22.169608420692384
-426.6178525932685	-4.104194697982166
-429.76550544849874	-7.2518475532124285
-431.31304004039544	-8.79938214510912
-391.5808680758548	30.93278981943149
-425.61504074828395	-3.101382852997631
-414.44804684153337	8.065611053752946
-433.0662325267533	-10.552574631466996
-431.34624592734895	-8.832588032062631
-435.2723527711844	-12.758694875898072
-425.2666295534784	-2.7529716581921093
-399.2701029707298	23.24355492455652
-429.9464549609022	-7.432797065615887
-414.9208124827039	7.592845412582392
-415.7345347796711	6.779123115615221
-416.55759664423226	5.956061251054052
-455.51780842988796	-33.00415053460165
-434.7170145706534	-12.203356675367104
-420.5504261835215	1.96323171176482
-403.28754074189624	19.226117153390078
-415.11040803256606	7.4032498627202585
-405.8979046319348	16.615753263351507
-404.9940217038004	17.519636191485915
-456.27081525618837	-33.757157360902056
-417.86163158495606	4.652026310330257
-396.9552625411218	25.55839535416453
-422.2176816154008	0.2959762798855081
-421.23086820090816	1.2827896943781525
-444.4695421109993	-21.955884215713013
-435.0193347518127	-12.505676856526406
-427.330388816443	-4.816730921156704
-431.2507283959915	-8.737070500705158
-448.2512130918824	-25.737555196596077
-433.04811156170604	-10.534453666419722
-408.2756391988571	14.238018696429208
-433.6910108982322	-11.177353002945893
-387.5116605520218	35.00199734326452
-464.16889976572406	-41.65524187043775
-440.02241797846204	-17.50876008317573
-436.15891797438076	-13.645260079094442
-418.2669604995083	4.246697395778028
-417.1315402637322	5.382117631554138
-418.22835661490376	4.285301280382555
-438.20942120718814	-15.695763311901828
-406.19310475468797	16.32055314059835
-439.2878822787809	-16.774224383494584
-423.57496220431335	-1.0613043090270367
-385.37377322766974	37.13988466761657
-430.14690848066516	-7.633250585378846
-444.3277754206413	-21.81411752535496
-497.42516590601576	-74.91150801072945
-411.8976665482535	10.615991347032832
-420.280799434395	2.2328584608912934
-454.0121357223163	-31.49847782703
-442.1302887288532	-19.616630833566887
-434.24369154657165	-11.73003365128534
-429.4155907990555	-6.901932903769193
-431.35189191009545	-8.838234014809132
-431.9399502720246	-9.426292376738274
-412.44727173857086	10.066386156715453
-420.792215846732	1.7214420485543087
-394.6459606632618	27.86769723202451
-442.25790126903144	-19.74424337374512
-431.9534505301183	-9.439792634831974
-384.96182452240305	37.551833372883266
-435.40103399450004	-12.887376099213725
-417.51462845037736	4.999029444908956
-435.29448204102505	-12.780824145738734
-422.190324656802	0.3233332384843379
-389.25947430094516	33.25418359434116
-412.4162794147762	10.097378480510088
-428.0035559894952	-5.489898094208911
-413.36207056949775	9.151587325788569
-454.14606104618565	-31.632403150899336
-396.338564067197	26.175093828089302
-398.17485281498216	24.338805080304155
-397.5196732973766	24.99398459790973
-411.12935968018996	11.38429821509635
-455.17016200464263	-32.65650410935632
-433.19045992017186	-10.676802024885546
-413.7975926206766	8.716065274609718
-454.0968498003697	-31.583191905083368
-435.0974758669238	-12.583817971637473
-412.27569844380764	10.237959451478673
-398.09254779904427	24.421110096242046
-379.77050707412695	42.74315082115936
-413.9757163068482	8.537941588438116
-441.3830381164646	-18.86938022117829
-404.9325076307198	17.58115026456653
-404.5210630766144	17.992594818671932
-431.6032655401707	-9.089607644884381
-396.0795890432112	26.434068852075143
-439.38109533386	-16.86743743857369
-411.61731347953014	10.896344415756175
-442.4908708596397	-19.977212964353384
-393.4586384101624	29.05501948512392
-398.03569853785143	24.477959357434884
-400.95694892055167	21.556708974734647
-402.33707563036864	20.17658226491767
-425.2375501119443	-2.723892216657987
-421.2648076306707	1.248850264615612
-431.60381830081155	-9.09016040552524
-442.66435783623297	-20.15069994094665
-425.2353418375917	-2.72168394230539
-415.74191690098655	6.771740994299762
-403.88619900109757	18.62745889418875
-416.503044538744	6.010613356542308
-415.41052809187954	7.103129803406773
-435.6101051240314	-13.096447228745092
-412.02310199211047	10.490555903175846
-435.90386301222884	-13.390205116942525
-387.42767362519794	35.085984270088375
-431.3371717060129	-8.823513810726581
-433.22761378829296	-10.713955893006641
-422.62190349681464	-0.10824560152832419
-462.68494684094026	-40.17128894565394
-372.8623489758086	49.65130891947774
-425.8120954978424	-3.2984376025560778
-411.76722142445783	10.746436470828485
-436.48977000018044	-13.976112104894128
-406.38242955318697	16.131228342099348
-405.8358437656336	16.67781412965269
-405.55179017647447	16.961867718811845
-393.7938880963395	28.7197697989468
-414.18952072163506	8.324137173651252
-457.62927721725123	-35.115619321964914
-411.3582084186403	11.155449476646027
-445.38400874766216	-22.87035085237585
-431.7585690762701	-9.244911180983763
-399.1646108524203	23.349047042866005
-455.9012443945596	-33.38758649927331
-405.9074384411126	16.606219454173697
-447.88078765899104	-25.367129763704725
-452.68117228708275	-30.16751439179643
-376.54812898253135	45.96552891275496
-425.2376035587715	-2.7239456634852104
-417.62529523521357	4.888362660072744
-406.23824459042794	16.275413304858375
-426.2553225711074	-3.7416646758210845
-430.35877771479704	-7.845119819510728
-374.7430514672799	47.77060642800643
-456.33946172848505	-33.825803833198734
-455.46870112447345	-32.95504322918714
-421.5353506605518	0.9783072347345296
-436.06220221821263	-13.548544322926318
-455.7632989488686	-33.24964105358231
-420.66248798215224	1.851169913134072
-409.99094641009856	12.522711485187756
-427.81856449005704	-5.304906594770728
-456.27148966266236	-33.75783176737605
-437.1804673604986	-14.666809465212282
-425.19818119532124	-2.6845233000349253
-415.6756024222616	6.838055473024724
-425.2770067727163	-2.763348877429962
-428.8979210093296	-6.384263114043279
-428.5439705780211	-6.030312682734802
-428.37316161573676	-5.859503720450448
-403.4565514362969	19.057106458989438
-417.649258994634	4.864398900652304
-396.5018645380244	26.011793357261922
-444.9646353258779	-22.450977430591593
-419.787198860364	2.7264590349223
-410.3954933684347	12.118164526851615
-463.78089042164197	-41.267232526355656
-494.1156231891857	-71.60196529389941
-396.2488335366563	26.264824358629994
-411.0603463422069	11.453311553079402
-462.7225582279409	-40.20890033265459
-422.84490911012676	-0.3312512148404494
-457.74867156801906	-35.23501367273275
-423.71278255560014	-1.199124660313828
-453.48307752614187	-30.969419630855555
-424.2122868097124	-1.6986289144260809
-406.20368125556547	16.309976639720844
-410.4280234280943	12.085634467191994
-421.46221847968104	1.051439415605273
-437.7167079903213	-15.203050095034996
-433.8224560908477	-11.308798195561394
-418.60564967849336	3.9080082167929504
-426.157788108909	-3.6441302136227023
-448.135723200385	-25.62206530509866
-422.57086320063377	-0.05720530534745194
-435.2069722906074	-12.693314395321067
-424.7451934506737	-2.2315355553873815
-407.1499526331229	15.363705262163421
-441.126332855338	-18.612674960051663
-444.39428487104874	-21.880626975762425
-385.927583485862	36.58607440942433
-399.50617827855444	23.00747961673187
-396.60812220512	25.90553569016629
-441.78114723395834	-19.26748933867202
-437.39481644968896	-14.881158554402646
-419.52263858974607	2.9910193055402488
-398.808738780461	23.704919114825316
-404.47043072128713	18.043227173999185
-435.3649605975281	-12.85130270224181
-391.96746307572744	30.546194819558877
-420.70313017660214	1.8105277186841704
-427.68636898084355	-5.172711085557239
-390.6747245708741	31.83893332441221
-403.49767526127675	19.01598263400956
-420.26258962658744	2.251068268698873
-420.0761814681375	2.4374764271487948
-435.8318898150958	-13.318231919809477
-413.5784248385082	8.935233056778088
-413.9420699194509	8.571587975835428
-420.533366720387	1.980291174899321
-452.81628826131623	-30.302630366029916
-438.6763326246494	-16.16267472936306
-439.99042016450244	-17.476762269216124
-434.46601580769334	-11.952357912407024
-493.5812676326225	-71.06760973733617
-376.9987881383479	45.514869756938424
-431.55972381575543	-9.046065920469118
-386.4250452650506	36.08861263023573
-426.1431836114991	-3.629525716212811
-425.3474788379301	-2.833820942643797
-435.67142038119187	-13.15776248590555
-439.295571248824	-16.781913353537675
-429.0832104876374	-6.569552592351101
-411.3567727535467	11.156885141739622
-448.94961941814677	-26.435961522860453
-413.01782583153386	9.49583206375246
-421.48037945684905	1.0332784384372644
-448.75151118783674	-26.237853292550426
-381.82874053657565	40.68491735871066
-397.3290996734197	25.18455822186661
-399.9668245453415	22.54683334994479
-398.5225505623878	23.991107332898537
-431.87220748868117	-9.358549593394855
-411.46840088930026	11.045257005986059
-455.25659456865674	-32.74293667337042
-420.64731760426935	1.866340291016968
-403.30374441667504	19.20991347861127
-445.3353721011574	-22.821714205871103
-403.88213375276814	18.631524142518174
-403.03472767105836	19.478930224227952
-439.0149238253855	-16.50126593009918
-417.8974458621435	4.616212033142801
-419.34825316370393	3.1654047315823846
-446.10985192696376	-23.59619403167744
-428.61765140460034	-6.103993509314023
-402.726290437384	19.787367457902292
-441.5780955429566	-19.064437647670275
-429.0422230064198	-6.528565111133503
-470.62481596890416	-48.111158073617844
-405.97395780131615	16.53970009397017
-452.9363365964002	-30.42267870111391
-447.05483730313995	-24.541179407853633
-431.892227814815	-9.378569919528672
-437.74174599901585	-15.228088103729533
-409.23702452872226	13.276633366564056
-446.6058950450299	-24.092237149743596
-406.42480360960167	16.088854285684647
-396.88121460231764	25.632443292968674
-410.4480201112658	12.06563778402051
-432.8015795320882	-10.287921636801912
-415.6911393859102	6.822518509376096
-428.49634275942503	-5.982684864138719
-453.42594534731165	-30.91228745202534
-446.3977567695167	-23.884098874230403
-407.64866135876787	14.864996536518447
-397.18882244265683	25.324835452629486
-419.94729560443943	2.5663622908468824
-423.63138037273006	-1.117722477443749
-434.43737103151784	-11.923713136231527
-425.45494380761215	-2.9412859123258386
-395.49609962864474	27.017558266641572
-396.25523423565596	26.258423659630353
-407.98831707776685	14.525340817519464
-428.9107772993068	-6.397119404020486
-399.3510619917563	23.16259590353002
-422.49844868960486	0.015209205681458116
-425.6796155900722	-3.1659576947859023
-421.5124706378467	1.0011872574395966
-407.9213244169571	14.592333478329238
-403.0283719847996	19.48528591048671
-430.7775442001205	-8.263886304834159
-450.060498139783	-27.546840244496707
-439.905212115051	-17.391554219764657
-430.33049282657726	-7.816834931290941
-434.78373242052317	-12.27007452523685
-419.4297210124116	3.0839368828746956
-439.1510336931881	-16.63737579790177
-432.92476676065985	-10.411108865373535
-434.9433658032415	-12.429707907955162
-412.0058193196221	10.50783857566421
-429.65132157134053	-7.137663676054217
-419.06647291033573	3.4471849849505816
-418.5801939708965	3.933463924389798
-445.1252963720674	-22.61163847678108
-427.9840234832866	-5.470365588000277
-429.5073822863835	-6.993724391097203
-400.72476526954256	21.788892625743756
-441.07526402730423	-18.561606132017914
-475.23410683526004	-52.72044893997372
-400.81507397415976	21.698583921126556
-394.3096957848086	28.203962110477732
-411.43986403603617	11.073793859250145
-437.7338648599309	-15.220206964644603
-430.79777614713225	-8.284118251845939
-411.236349716017	11.277308179269312
-441.0954079565911	-18.581750061304774
-378.57463098462017	43.93902691066614
-409.45046572415436	13.06319217113196
-467.47916525092137	-44.965507355635054
-412.7648116979601	9.748846197326202
-457.49843631165845	-34.98477841637214
-409.65398072514495	12.859677170141367
-428.9873597848839	-6.473701889597578
-465.49825462980357	-42.984596734517254
-417.02395519010884	5.4897027051774785
-428.7183153499411	-6.204657454654807
-390.50804593960333	32.00561195568298
-414.65930727393993	7.854350621346384
-406.5400055148841	15.9736523804022
-422.2247979162987	0.2888599789876025
-401.8494380078248	20.664219887461513
-445.03897515503036	-22.525317259744043
-423.2194811619031	-0.7058232666167896
-415.3269971304601	7.186660764826229
-395.91687751313134	26.596780382154975
-434.3017154686297	-11.788057573343394
-450.8688579144566	-28.355200019170297
-383.9668325444129	38.546825350873405
-433.22031093201645	-10.706653036730131
-426.3799720768204	-3.8663141815341078
-441.0319055745115	-18.51824767922517
-393.5564440241926	28.9572138710937
-453.52262339286085	-31.008965497574536
-440.3603549266029	-17.84669703131658
-429.311983392565	-6.798325497278711
-419.1224213942098	3.3912365010764915
-432.91086009074047	-10.397202195454156
-418.2544444690195	4.259213426266797
-416.06637008437815	6.447287810908165
-393.6501538452196	28.863504050066695
-442.2742140296816	-19.7605561343953
-425.14100436175636	-2.627346466470044
-424.94057793844536	-2.4269200431590434
-450.6006907866888	-28.087032891402487
-435.8640943122066	-13.350436416920274
-401.364221091839	21.149436803447315
-378.21389202635896	44.29976586892735
-435.9093845234804	-13.395726628194097
-389.08568560712433	33.42797228816198
-415.57656023571894	6.937097659567371
-426.30436521031356	-3.790707315027248
-382.0552343685906	40.4584235266957
-433.8321916472253	-11.318533751938958
-454.3668516292439	-31.853193733957596
-393.4319346023751	29.081723292911192
-413.32590052240107	9.187757372885244
-416.2546796742156	6.25897822107072
-434.30228183947315	-11.788623944186838
-387.25212589615535	35.261531999130966
-452.9529822514071	-30.43932435612078
-450.43087734106507	-27.917219445778755
-439.85055459118144	-17.33689669589512
-406.4843876543075	16.029270240978803
-425.54411072029893	-3.030452825012617
-442.73456330820613	-20.22090541291982
-414.61937115160094	7.89428674368537
-422.86855645110177	-0.3548985558154527
-402.4900300987849	20.023627796501387
-410.6537035463755	11.859954348910833
-427.4317627362818	-4.918104840995511
-426.44415716174103	-3.930499266454717
-436.6291817320364	-14.115523836750071
-434.4345954371877	-11.920937541901367
-435.71659867348194	-13.202940778195625
-423.3367614372312	-0.8231035419448745
-422.3464099930336	0.16724790225271136
-418.03781530795663	4.47584258732968
-403.40589571647274	19.107762178813573
-405.62308707692705	16.890570818359265
-436.0211269851336	-13.507469089847291
-398.4558878182345	24.057770077051828
-388.1467144536348	34.36694344165153
-419.6305117507493	2.8831461445370223
-417.3081395523243	5.205518342962023
-421.6576327393907	0.8560251558956224
-408.47390319892133	14.03975469636498
-425.9793910387	-3.4657331434136722
-405.24536409763664	17.268293797649676
-435.89055529139864	-13.376897396112327
-440.37794157399026	-17.86428367870394
-441.2419080032762	-18.72825010798988
-453.22182147713306	-30.708163581846748
-431.0590291861938	-8.545371290907497
-411.09626482958834	11.41739306569798
-420.870138083081	1.6435198122053407
-420.91930543892363	1.5943524563626852
-445.5104236318932	-22.996765736606903
-429.77518526161134	-7.261527366325026
-439.7190262456045	-17.205368350318167
-422.26075812762997	0.2528997676563449
-413.7084013324841	8.805256562802242
-440.73846798013824	-18.224810084851924
-427.566922993012	-5.053265097725671
-437.7294297953106	-15.215771900024265
-414.80475199049965	7.708905904786661
-417.05289879975885	5.4607590955274645
-407.26833351336813	15.24532438191818
-415.0224999772238	7.491157918062527
-389.02872522482926	33.484932670457056
-435.67496904613495	-13.161311150848633
-416.9845420511176	5.5291158441687
-408.2261946103738	14.28746328491252
-406.64886920578124	15.864788689505076
-452.5763249084323	-30.062667013145983
-401.509695250503	21.003962644783314
-419.41557466511426	3.098083230172051
-419.5508795436092	2.962778351677116
-423.8353659542538	-1.3217080589674879
-432.52293064389073	-10.009272748604417
-422.4523095257375	0.061348369548795745
-389.1440246116747	33.36963328361162
-444.33123230083424	-21.81757440554793
-424.8936344562301	-2.37997656094376
-442.73712584433656	-20.223467949050246
-404.0663866348825	18.447271260403795
-397.96816837658685	24.54548951869947
-447.85658246257503	-25.34292456728872
-439.9320912777241	-17.418433382437797
-405.2672822280931	17.246375667193206
-407.703590183801	14.810067711485317
-406.8259260533289	15.68773184195743
-397.3192662823624	25.194391612923937
-404.34038505478225	18.17327284050407
-449.676555448523	-27.16289755323669
-416.3697503328351	6.143907562451204
-417.8166197886951	4.697038106591208
-415.4979761002089	7.015681795077398
-413.67681530224786	8.836842593038455
-413.9283042002555	8.58535369503079
-423.5780158317559	-1.0643579364696052
-433.9285665281261	-11.414908632839797
-426.6748353374917	-4.161177442205371
-403.6667454776382	18.846912417648127
-413.0292312658187	9.484426629467634
-408.2173196538845	14.296338241401827
-436.0790981249213	-13.565440229634987
-413.346388444121	9.167269451165339
-432.6342898735222	-10.120631978235906
-427.9134900348929	-5.399832139606588
-416.6537795569368	5.859878338349517
-447.1687559397162	-24.655098044429906
-432.2685070578211	-9.75484916253481
-405.18568219185386	17.327975703432458
-395.872492762099	26.641165133187314
-404.4087655640526	18.104892331233714
-421.082087373323	1.4315705219632946
-400.97161779508156	21.54204010020476
-410.36740722072705	12.146250674559269
-398.14188652508005	24.37177137020626
-415.87492884642256	6.638729048863752
-432.0709243208896	-9.557266425603302
-417.86218052944446	4.651477365841856
-452.79485634014986	-30.28119844486355
-422.4323853073786	0.0812725879077334
-405.541440489402	16.972217405884294
-400.01215354733563	22.501504347950686
-436.24173127931704	-13.728073384030722
-427.84049534432984	-5.3268374490435235
-415.72486444183437	6.7887934534519445
-425.8925934415222	-3.37893554623588
-439.42742172400744	-16.91376382872113
-451.8502898315985	-29.336631936312187
-376.3438059314997	46.16985196378664
-432.38391465608424	-9.870256760797929
-401.91199342358436	20.60166447170195
-356.3306793418508	66.18297855343553
-441.38903083834725	-18.87537294306094
-438.09445414147035	-15.580796246184036
-441.7501669089454	-19.236509013659088
-455.11345670316064	-32.59979880787432
-437.87288953258235	-15.359231637296034
-438.6683868043094	-16.154728909023106
-411.49623314837504	11.017424746911274
-439.38403219807356	-16.87037430278724
-409.7592326693614	12.754425225924933
-460.97522309858164	-38.46156520329532
-440.2677068433461	-17.75404894805979
-365.26935159463596	57.24430630065035
-401.1298508117818	21.383807083504507
-433.5818995323409	-11.068241637054598
-444.0474291093908	-21.53377121410449
-425.55821702570233	-3.044559130416019
-432.766282759889	-10.252624864602694
-448.13219220434826	-25.618534309061943
-411.5695397630536	10.944118132232688
-411.71607577575764	10.79758211952867
-430.35833152868713	-7.8446736334008165
-422.576193954583	-0.06253605929668993
-426.4175954770092	-3.9039375817228574
-397.1802928113814	25.333365083904937
-433.45379962026186	-10.940141724975547
-435.4154517926711	-12.901793897384778
-413.8076220819696	8.706035813316703
-402.18570278988614	20.32795510540018
-427.94459782729086	-5.430939932004549
-442.87552968426303	-20.361871788976714
-383.69891367031073	38.814744224975584
-427.58217800556145	-5.068520110275131
-427.01155233262966	-4.497894437343348
-422.2863534569535	0.22730443833279423
-441.4952708552503	-18.981612959963968
-427.37215343626144	-4.858495540975127
-432.1623113115404	-9.648653416254092
-399.45293651793895	23.060721377347363
-422.15268552279144	0.3609723724948708
-441.83707297930073	-19.323415084014414
-424.5339533236895	-2.0202954284031875
-385.76346915642193	36.75018873886438
-414.66872167225506	7.8449362230312545
-449.7529191274573	-27.239261232170975
-429.93269060178704	-7.4190327065007295
-416.1934945803571	6.320163314929232
-436.86409408700115	-14.350436191714834
-451.38210053732314	-28.868442642036825
-430.1084712567301	-7.594813361443812
-409.2680220739769	13.245635821309406
-403.85612562335723	18.657532271929085
-421.048059373765	1.465598521521315
-421.3875284128501	1.1261294824362267
-415.92965432255573	6.58400357273058
-429.4997766617946	-6.986118766508298
-442.0380715510021	-19.52441365571576
-457.0586800904332	-34.545022195146885
-395.81682568572273	26.69683220956358
-410.7023351711889	11.811322724097408
-415.7835467747266	6.730111120559741
-377.80109681208546	44.71256108320085
-417.8441001847589	4.669557710527442
-399.95629905151714	22.55735884376918
-413.6521359016972	8.861521993589122
-412.6589978402974	9.854660054988926
-422.12679518700156	0.38686270828475244
-409.6212542817141	12.892403613572242
-429.39213590445274	-6.878478009166429
-435.80726410898774	-13.293606213701423
-404.8965476647047	17.617110230581602
-440.06700646888044	-17.55334857359412
-412.8048519373026	9.708805957983714
-393.1291984485199	29.384459446766414
-428.21927973161496	-5.705621836328646
-451.08628167531265	-28.572623780026333
-433.7979447003074	-11.284286805021111
-396.68490601594954	25.828751879336778
-388.37433680821255	34.13932108707377
-424.971334564578	-2.4576766692916863
-410.98826480586126	11.525393089425052
-425.1185526665852	-2.6048947712988593
-428.9950090682744	-6.48135117298807
-396.8910064051072	25.622651490179123
-406.4241994005772	16.089458494709106
-412.9195670294487	9.594090865837643
-398.83286034597245	23.680797549313866
-458.96569049677623	-36.45203260148992
-456.96752109558133	-34.45386320029502
-433.15722199633296	-10.64356410104665
-430.3915033420692	-7.877845446782885
-428.92751201264605	-6.413854117359733
-442.8770926772179	-20.363434781931574
-422.1308415894657	0.38281630582059734
-467.50714857959815	-44.99349068431184
-421.07402097319414	1.439636922092177
-410.58867149869025	11.924986396596069
-466.28491017355395	-43.77125227826764
-488.77986998642723	-66.26621209114091
-414.99101821873614	7.52263967655017
-422.3365744791429	0.17708341614343226
-443.86430906413284	-21.350651168846525
-393.9897276576869	28.523930237599416
-404.3413175122316	18.17234038305469
-392.6528676100045	29.860790285281837
-399.4116938967402	23.101963998546125
-447.60745650540616	-25.093798610119848
-416.90805788692364	5.605600008362671
-420.6699013679374	1.8437565273488872
-417.80787683265794	4.705781062628375
-418.54349198080877	3.9701659144775476
-409.88015415250834	12.633503742777975
-433.72252664955727	-11.208868754270952
-473.4548609500546	-50.941203054768266
-429.31459481725165	-6.800936921965331
-425.8017015355201	-3.288043640233809
-430.80945784757773	-8.295799952291418
-441.799544325788	-19.285886430501705
-438.534411974126	-16.020754078839673
-453.7455083020816	-31.231850406795274
-405.1391992600313	17.374458635254996
-431.39345269748287	-8.879794802196557
-405.964624602688	16.549033292598324
-448.2825366704694	-25.76887877518311
-395.91840477607025	26.595253119216068
-435.2754996505885	-12.761841755302157
-423.7933885144505	-1.2797306191641837
-439.4267246719594	-16.913066776673077
-391.02685109405706	31.48680680122925
-404.2827086038799	18.230949291406432
-395.0167103051119	27.496947590174386
-432.8123967133781	-10.298738818091806
-417.44681760813387	5.066840287152445
-389.52927112613384	32.98438676915248
-433.31492679923235	-10.801268903946038
-454.0324075733281	-31.518749678041786
-440.3246599523029	-17.811002057016594
-416.5330310694319	5.980626825854415
-413.3870263018964	9.126631593389902
-414.30108469688844	8.212573198397877
-432.91772692626387	-10.404069030977553
-378.27849182910563	44.23516606618068
-403.89600047098634	18.617657424299978
-432.17735143808227	-9.663693542795954
-439.4416158725419	-16.927957977255573
-432.07289752616475	-9.559239630878437
-389.3455056519217	33.1681522433646
-460.6053118644543	-38.091653969167965
-460.51575945351783	-38.002101558231516
-415.2066939933777	7.306963901908603
-418.56149351223416	3.95216438305215
-402.0867230127244	20.42693488256191
-422.28989554463465	0.22376235065166838
-410.9305882176179	11.58306967766839
-417.9781625327216	4.5354953625646885
-438.4027949612848	-15.889137065998511
-431.9837964198289	-9.470138524542563
-424.55197149587025	-2.0383136005839333
-416.6374310018057	5.876226893480634
-412.5625354307033	9.951122464583023
-460.071567030702	-37.557909135415684
-414.82917282810945	7.684485067176865
-431.3409569259004	-8.827299030614085
-431.3093649284476	-8.795707033161307
-411.284037828553	11.229620066733332
-420.8255110717639	1.688146823522402
-412.10674922385647	10.406908671429846
-435.7135474843874	-13.199889589101076
-437.216609674497	-14.702951779210707
-433.6756934486241	-11.162035553337773
-415.61616629011974	6.897491605166579
-414.2038360074714	8.309821887814905
-402.67942730729396	19.83423058799235
-415.9521566772512	6.561501218035119
-436.3988291068729	-13.885171211586567
-403.13658300713564	19.377074888150673
-414.7275791797349	7.786078715551412
-397.90023844632947	24.613419448956847
-410.498931527158	12.014726368128322
-409.5666359554946	12.947021939791739
-414.8349928244627	7.678665070823627
-413.1866764496865	9.326981445599813
-430.6521316430501	-8.138473747763783
-441.21376941195035	-18.700111516664037
-423.5127821756089	-0.9991242803225759
-450.993881882305	-28.48022398701869
-416.71249486938746	5.801163025898859
-401.9706902265518	20.54296766873449
-376.15644254351196	46.35721535177436
-434.2609768128807	-11.747318917594384
-419.69817017995797	2.815487715328345
-401.0485988319763	21.465059063310036
-441.3283644911337	-18.814706595847383
-407.42607499512656	15.08758290015976
-420.8393937708954	1.674264124390902
-396.6754268308198	25.838231064466527
-442.43784221743977	-19.92418432215345
-422.6476541301438	-0.13399623485747725
-415.4188665058084	7.094791389477905
-458.0888136929045	-35.57515579761821
-406.0629712742432	16.450686621043133
-386.9210970242186	35.59256087106769
-412.5199091313027	9.993748763983604
-384.5885875770093	37.925070318276994
-399.33635923588577	23.17729865940055
-433.3671800399518	-10.853522144665476
-468.83064701887474	-46.31698912358843
-456.0005539693432	-33.48689607405686
-428.50354030581934	-5.989882410533028
-441.44354114831935	-18.92988325303304
-455.14172045938017	-32.62806256409385
-448.24995827423686	-25.736300378950546
-412.8478087980968	9.665849097189493
-418.59556137609457	3.9180965191917494
-430.66109255601464	-8.147434660728322
-424.3186600029496	-1.805002107663313
-424.799099719143	-2.2854418238566723
-411.875735529806	10.637922365480335
-456.74385136909245	-34.23019347380614
-392.666513202965	29.847144692321308
-410.58798084520663	11.925677050079685
-455.867434441074	-33.353776545787696
-438.6753690350945	-16.161711139808176
-403.63969572545307	18.87396216983325
-429.15834434614794	-6.644686450861627
-439.9984233939524	-17.484765498666093
-428.79949917337785	-6.285841278091539
-448.06018773640085	-25.546529841114534
-449.82402309541635	-27.310365200130036
-445.08564332053925	-22.571985425252933
-428.48941085553656	-5.975752960250247
-462.2274569971107	-39.71379910182441
-426.9620937260536	-4.4484358307672665
-425.75104712993766	-3.2373892346513458
-395.88944865325743	26.624209242028883
-425.616471552514	-3.1028136572276708
-420.72139215407356	1.7922657412127592
-420.0483306247536	2.4653272705327254
-442.1076947092863	-19.594036813999992
-427.7084508148748	-5.194792919588508
-425.93479511571627	-3.421137220429955
-411.8835541704814	10.63010372480494
-430.2288368032807	-7.715178907994414
-381.10861067339124	41.405047221895074
-431.9200688673211	-9.406410972034791
-407.7368055666941	14.776852328592213
-443.4445525357644	-20.930894640478073
-385.6123231585864	36.90133473669994
-434.3677576571556	-11.854099761869293
-429.3441706387878	-6.830512743501458
-429.9293877608054	-7.415729865519097
-451.84114704579974	-29.32748915051343
-434.3373191543999	-11.823661259113578
-449.4014889566081	-26.887831061321776
-433.8313095302349	-11.317651634948561
-436.91457755953	-14.400919664243702
-435.12176527186807	-12.608107376581756
-409.3691651798638	13.14449271542253
-412.66030946859087	9.853348426695447
-406.1981318428791	16.315526052407222
-400.84244380430596	21.671214090980357
-434.9179287500067	-12.40427085472038
-430.5217965866525	-8.008138691366185
-401.5464653752772	20.96719252000912
-412.5817031566314	9.931954738654895
-466.55949464244463	-44.04583674715832
-454.6716928260196	-32.158034930733265
-377.40243455251607	45.111223342770245
-410.5892585187014	11.924399376584915
-399.3473628428385	23.166295052447822
-405.2863850757624	17.227272819523932
-432.25605457382903	-9.742396678542718
-452.2974618567589	-29.783803961472586
-438.8558395726052	-16.342181677318877
-444.29007172767	-21.776413832383696
-411.2076560771586	11.306001818127697
-402.10648312788385	20.407174767402466
-417.56806248533235	4.945595409953967
-414.39906699698463	8.114590898301685
-425.8439477887789	-3.3302898934925906
-428.5595268577656	-6.04586896247929
-420.0929318592446	2.420726036041742
-403.79416186265576	18.71949603263056
-451.3587344861792	-28.84507659089286
-424.88141924188517	-2.3677613465988543
-419.99936343775175	2.514294457534561
-420.8618642697604	1.6517936255258974
-395.4653627757127	27.048295119573595
-415.00525179460806	7.508406100678258
-393.0598949338221	29.453762961464236
-400.1899163813125	22.3237415139738
-396.1724143032245	26.3412435920618
-401.7573625308198	20.756295364466496
-428.6819325285235	-6.168274633237161
-449.0982135019351	-26.58455560664879
-395.29104066295827	27.222617232328048
-388.3005338373098	34.21312405797653
-373.3735072820475	49.1401506132388
-437.2447636627387	-14.73110576745239
-433.5455108226654	-11.031852927379077
-420.2186137706069	2.295044124679407
-434.66323554616815	-12.149577650881838
-442.35527321779796	-19.841615322511643
-408.5418196356825	13.971838259603828
-434.0032612694979	-11.489603374211583
-399.1364398035714	23.377218091714894
-431.5034654414251	-8.989807546138763
-441.8122647175826	-19.29860682229628
-437.0322544463181	-14.518596551031806
-430.6986564478923	-8.184998552605975
-396.46185495846134	26.05180293682497
-424.18230663649433	-1.6686487412080169
-407.82609018985227	14.687567705434049
-413.5993007598938	8.914357135392493
-411.33229302421955	11.181364871066762
-428.073367322728	-5.559709427441703
-415.4801846017565	7.033473293529823
-424.135957560464	-1.6222996651777066
-418.37412895430157	4.139528940984746
-429.2207467503815	-6.707088855095208
-429.5996276327553	-7.085969737468986
-416.84921579297793	5.664442102308385
-451.5374555944493	-29.02379769916297
-459.2797541317034	-36.76609623641707
-409.8157070122163	12.697950883070007
-431.10923290065534	-8.595575005369028
-431.3249132349649	-8.81125533967861
-416.5785706835361	5.935087211750215
-368.7644526359711	53.749205259315204
-413.15531598505027	9.35834191023605
-457.3346228381181	-34.82096494283178
-425.3578380365418	-2.8441801412554923
-427.97000109380156	-5.456343198515242
-428.54790482779777	-6.034246932511451
-423.52557837650807	-1.0119204812217504
-429.4664385657436	-6.952780670457287
-417.18163047567054	5.33202741961577
-427.7444547263351	-5.230796831048792
-401.3526915239547	21.160966371331597
-443.98634186089316	-21.472683965606848
-416.8967231160407	5.616934779245639
-446.58500719043354	-24.07134929514723
-398.0592600751754	24.4543978201109
-428.17173043588105	-5.6580725405947305
-424.64970502885103	-2.136047133564716
-400.97453713873097	21.53912075655535
-432.455551547426	-9.941893652139697
-413.82190624175405	8.691751653532265
-424.4575973937374	-1.9439394984510727
-436.77153306692185	-14.257875171635533
-451.9626944009126	-29.44903650562628
-405.2429056891035	17.270752206182806
-415.3878773088711	7.125780586415203
-425.56032582467583	-3.046667929389514
-425.6719206965265	-3.1582628012401983
-435.5411091568733	-13.027451261586975
-424.1676817418104	-1.654023846524069
-432.92107498199607	-10.407417086709756
-420.81856233899293	1.6950955562933814
-416.0298953125223	6.4837625827640295
-435.0819238207389	-12.568265925452579
-397.46415593843835	25.049501956847962
-444.10880407151694	-21.595146176230628
-443.9004137334325	-21.3867558381462
-436.06495000581185	-13.551292110525537
-397.1626926604861	25.350965234800242
-404.1958547069719	18.31780318831443
-428.0391994923614	-5.525541597075062
-424.924584283601	-2.4109263883146923
-429.06097413668454	-6.547316241398221
-418.9969310963845	3.5167267989018
-401.389202853132	21.124455042154295
-435.79276200455774	-13.27910410927143
-415.9600934174871	6.5535644777992275
-435.6442874470579	-13.130629551771563
-447.7878520866709	-25.274194191384595
-429.8831805828579	-7.369522687571589
-438.8175130715738	-16.30385517628747
-439.37030087390144	-16.856642978615128
-425.29626336666684	-2.7826054713805206
-391.36691856173843	31.146739333547885
-409.97746281971035	12.53619507557596
-437.39333506652315	-14.879677171236835
-396.6615016355265	25.852156259759795
-397.36448252444666	25.149175370839657
-442.0798846186283	-19.56622672334197
-447.2671627699949	-24.753504874708597
-406.84758275219633	15.666075143089984
-421.9493680712096	0.5642898240766954
-467.2335603445738	-44.719902449287474
-427.2931985026428	-4.779540607356466
-412.65350965103994	9.860148244246375
-418.008936193821	4.504721701465314
-414.93466107534755	7.578996819938766
-444.041193121657	-21.527535226370674
-411.45832690613156	11.055330989154754
-438.72617494479914	-16.212517049512826
-406.3031230879335	16.210534807352815
-432.81566933256386	-10.302011437277542
-452.91908400208035	-30.40542610679404
-409.61240510376797	12.901252791518345
-424.15861092972614	-1.6449530344398227
-454.9321759445504	-32.418518049264094
-432.08430514178167	-9.570647246495355
-411.2518544525867	11.261803442699602
-426.70699942521446	-4.193341529928148
-415.15120644278636	7.362451452499954
-440.9213558263639	-18.407697931077564
-387.90518487686336	34.608473018422956
-429.3754618408768	-6.861803945590509
-446.98583056063785	-24.472172665351536
-419.84975906806926	2.6638988272170536
-406.95932365714384	15.554334238142474
-428.1040346550783	-5.59037675979198
-404.1843477243294	18.329310170956887
-427.1641948571398	-4.650536961853504
-398.8503116326958	23.663346262590494
-431.37737947643313	-8.86372158114682
-417.7691361946256	4.744521700660698
-444.9396154362387	-22.425957540952368
-391.4771527783507	31.036505116935587
-426.7455896676895	-4.231931772403186
-427.4882375484651	-4.974579653178807
-435.92311725805325	-13.409459362766938
-437.8961134125623	-15.382455517275957
-452.1986124722955	-29.684954577009194
-440.7349027884104	-18.221244893124094
-423.05818164874495	-0.544523753458634
-410.5131640400707	12.000493855215609
-410.8817970124567	11.631860882829642
-385.0570406124373	37.45661728284904
-425.58825662946606	-3.0745987341797445
-438.6513912903231	-16.137733395036776
-430.914436746147	-8.400778850860661
-400.9712719091824	21.54238598610391
-415.36073220831736	7.152925686968956
-408.34248555540967	14.171172339876648
-408.91179400012174	13.60186389516457
-419.744679792135	2.768978103151312
-441.18103919744885	-18.66738130216254
-442.7590085609029	-20.24535066561657
-417.6152723321486	4.898385563137708
-417.63283231044466	4.880825584841659
-416.0540590512012	6.4595988440851215
-448.26487869276593	-25.75122079747962
-464.1148962110949	-41.60123831580859
-424.985234197424	-2.4715763021376915
-441.98511883958986	-19.471460944303544
-421.438676665761	1.0749812295252923
-418.75561069780656	3.7580471974797547
-376.9818605691164	45.53179732616991
-435.00713230843235	-12.493474413146032
-445.3576326519162	-22.843974756629905
-412.20149859694925	10.312159298337065
