Hf	deltaHf ref=-20.269692215390705
-48.20537332251001	-27.935681107119308
-34.05022741262542	-13.780535197234713
-32.384655335909656	-12.11496312051895
-8.855443841943952	11.414248373446753
-9.697661266304522	10.572030949086184
-24.51089355997715	-4.241201344586443
-35.80221800292816	-15.532525787537452
-69.23227278919398	-48.96258057380328
-47.599777998728996	-27.33008578333829
-41.94623410491363	-21.676541889522923
-30.857617356689616	-10.58792514129891
-39.271581395200656	-19.00188917980995
-4.308802334263191	15.960889881127514
-33.79326307507904	-13.523570859688334
-2.806579708666277	17.46311250672443
2.37038225195397	22.640074467344675
-33.435568288804234	-13.165876073413529
-35.832794039472674	-15.563101824081969
-13.466910150504873	6.802782064885832
-61.135445854559975	-40.86575363916927
9.306475825121424	29.57616804051213
-31.005119304950085	-10.73542708955938
-29.396679318734414	-9.126987103343708
-18.99497063361082	1.274721581779886
-23.371040333810697	-3.101348118419992
-66.20449972061647	-45.93480750522576
11.72541861178729	31.995110827177996
-26.556929233621076	-6.287237018230371
-40.61356950602817	-20.343877290637465
-54.25622209527387	-33.986529879883165
14.906381653106337	35.17607386849704
-43.00427885035492	-22.734586634964217
-57.30989869648215	-37.040206481091445
-1.6220663994524784	18.647625815938227
-19.178148201774775	1.0915440136159305
-16.941299057993774	3.328393157396931
-10.796673957046323	9.473018258344382
-42.27984609261944	-22.01015387722873
-38.96285853158656	-18.693166316195857
-74.10495291674192	-53.83526070135122
0.9623418980129372	21.232034113403643
-19.52390640399858	0.7457858113921247
-21.70544729529388	-1.4357550799031742
-52.878274187029774	-32.60858197163907
-14.959487708422557	5.310204506968148
-5.551713881365458	14.717978334025247
16.230066880359345	36.49975909575005
-11.55934734624202	8.710344869148685
-37.44937870374156	-17.179686488350853
-61.65789013902281	-41.388197923632106
-19.269914059949542	0.9997781554411631
-35.8259693339412	-15.556277118550497
-34.55275805450833	-14.283065839117626
-42.030865149069314	-21.76117293367861
-14.908978310143311	5.360713905247394
-10.221283925543275	10.04840828984743
5.44839931879801	25.718091534188716
-37.288232677287624	-17.01854046189692
8.276704131430279	28.546396346820984
-6.573226322411529	13.696465892979177
8.508707762529639	28.778399977920344
8.708431300366328	28.978123515757034
-23.33527179567932	-3.065579580288613
-14.12717041907922	6.142521796311485
-16.5568470340138	3.712845181376906
16.59513561052995	36.864827825920656
-53.943632397675856	-33.67394018228515
-16.67907532737331	3.5906168880173936
-5.663940522083749	14.605751693306956
9.142488218503104	29.41218043389381
-68.15178867414102	-47.88209645875031
-8.950998266801207	11.318693948589498
-16.38282604869778	3.8868661666929256
0.029141833141011375	20.298834048531717
-7.943173930142393	12.326518285248312
-45.57283817764869	-25.303145962257986
-48.75346202091055	-28.48376980551984
11.065386815557986	31.33507903094869
-29.099409214096113	-8.829716998705408
-42.22622988613762	-21.95653767074691
-3.9617253323583554	16.30796688303235
-29.194495925002002	-8.924803709611297
-76.49284889875594	-56.22315668336523
-36.81649288982476	-16.546800674434053
-33.42708512682907	-13.157392911438365
-47.744926136851745	-27.47523392146104
-18.569945006273656	1.6997472091170494
-29.91262631350287	-9.642934098112164
-50.90419124167852	-30.634499026287813
-62.306788041699065	-42.03709582630836
-14.517096281683507	5.752595933707198
13.183959331837514	33.45365154722822
-10.626044947165383	9.643647268225322
-14.031948365175367	6.237743850215338
-39.59438335190384	-19.324691136513138
-52.97505310290467	-32.70536088751396
-7.600525155800597	12.669167059590109
12.752848335666613	33.02254055105732
-12.834740577490038	7.434951637900667
-23.52159895939144	-3.2519067440007348
-17.180576871810217	3.089115343580488
-46.234862402742465	-25.96517018735176
23.519230032493624	43.78892224788433
27.90858569017405	48.178277905564755
-6.874459268749661	13.395232946641045
-7.935446094393001	12.334246120997705
-4.315230670551273	15.954461544839432
14.193156037982817	34.46284825337352
-19.18284924897921	1.0868429664114956
-31.037810584492718	-10.768118369102012
-75.77684774295517	-55.507155527564464
9.424669918496193	29.694362133886898
-47.99852344052374	-27.728831225133035
-22.053077686074857	-1.783385470684152
4.5602817268311355	24.82997394222184
-17.308766433844312	2.9609257815463934
-49.942738216391035	-29.67304600100033
-19.03059833292241	1.2390938824682962
-14.538342790640627	5.7313494247500785
9.805179911237474	30.07487212662818
-30.883575157632322	-10.613882942241617
-28.04841745777844	-7.778725242387736
-41.74102132292205	-21.471329107531346
-37.86451758329963	-17.594825367908925
-29.310584652694843	-9.040892437304137
-19.92762842933621	0.3420637860544957
-16.82391137847185	3.445780836918857
-24.211389910595926	-3.941697695205221
-5.165715660192973	15.103976555197733
9.546036606430107	29.815728821820812
-3.7305889500046305	16.539103265386075
21.509867630849158	41.77955984623986
-18.113109682328968	2.156582533061737
-3.086682900981714	17.18300931440899
3.654616211374787	23.924308426765492
-23.03504758941449	-2.765355374023784
-31.839937478382808	-11.570245262992103
-10.26869128505382	10.001000930336886
-28.86839275342095	-8.598700538030243
-15.803155321037366	4.4665368943533394
-14.003089347380183	6.266602868010523
-82.05987241778962	-61.790180202398915
-13.11498599181391	7.154706223576795
12.016437755993365	32.28612997138407
-39.35190695520464	-19.082214739813935
-25.02435176015456	-4.754659544763854
-5.980957957849341	14.288734257541364
9.638916855890102	29.908609071280807
-29.11459476572668	-8.844902550335974
-12.750171925485802	7.519520289904904
3.03556668488568	23.305258900276385
-8.502497451924455	11.76719476346625
11.373787469791978	31.643479685182683
-17.344930836573212	2.924761378817493
-44.25418021791006	-23.984488002519356
-36.87029239348226	-16.600600178091554
1.75825193685273	22.027944152243435
10.15622543046743	30.425917645858135
-40.12294099428141	-19.853248778890702
6.435476925989178	26.705169141379884
-27.094271482513022	-6.824579267122317
5.108898362444279	25.378590577834984
-2.024182400366726	18.24550981502398
-59.37010574239571	-39.100413527005
-31.21813440224537	-10.948442186854663
-26.903600712356592	-6.633908496965887
-30.09237475968871	-9.822682544298004
-31.680594032359977	-11.410901816969272
-27.608830689677006	-7.339138474286301
-20.377411949119733	-0.10771973372902721
-27.695386697238746	-7.425694481848041
4.0012860686777	24.270978284068406
-21.58276347698734	-1.3130712615966331
-6.178347481173432	14.091344734217273
-17.10976821381223	3.1599240015784744
-16.602819031096033	3.6668731842946727
-30.981744132927588	-10.712051917536883
-23.457815323453133	-3.1881231080624275
50.436719361293626	70.70641157668433
-44.78777707783479	-24.518084862444084
-18.558934275954698	1.7107579394360073
-13.863156543716059	6.406535671674646
-12.345904728651249	7.923787486739457
18.260312772946463	38.53000498833717
-3.0968129680175025	17.172879247373203
-44.210178464642695	-23.94048624925199
-26.115951288774113	-5.846259073383408
-14.957120378755235	5.31257183663547
7.817117921958243	28.086810137348948
-46.388158645530666	-26.11846643013996
11.578777272466368	31.848469487857074
-32.06968095436491	-11.799988738974207
-24.02652532236857	-3.756833106977865
-0.5784577296496991	19.691234485741006
-27.97204006500283	-7.702347849612124
-6.66228778438267	13.607404431008035
-6.7270478559282765	13.542644359462429
-29.148916622906427	-8.879224407515721
-13.063192921420296	7.20649929397041
-52.912521675177004	-32.6428294597863
-10.305508543204951	9.964183672185754
-22.076543191701376	-1.8068509763106704
-34.96582796979669	-14.696135754405987
-26.70879515003503	-6.439102934644325
-30.753936463434684	-10.484244248043979
-26.611986720547748	-6.342294505157042
-2.7281504455229424	17.541541769867763
-22.66198141548989	-2.392289200099185
-34.797319973956064	-14.527627758565359
-6.575264455160095	13.69442776023061
-12.363440073843549	7.9062521415471565
-53.05828684330368	-32.78859462791297
-14.003350553399969	6.266341661990737
-42.09362233109164	-21.823930115700932
-47.008235294770884	-26.73854307938018
-33.4090092491158	-13.139317033725092
-43.22410433537766	-22.954412119986955
21.40736723712439	41.677059452515095
-22.82328877256691	-2.5535965571762063
-41.62766069455279	-21.357968479162082
-27.89629831574598	-7.626606100355275
-19.341316665165095	0.9283755502256099
-41.866696775969785	-21.59700456057908
-22.179943849295114	-1.9102516339044087
-51.37489890457687	-31.10520668918616
-30.232927341937057	-9.963235126546351
-27.79540092520506	-7.525708709814353
-24.169160116222656	-3.899467900831951
-29.191974228850768	-8.922282013460062
-42.05535269603456	-21.785660480643855
-46.32221399898731	-26.052521783596603
-22.754279117237047	-2.484586901846342
-2.9944971753491245	17.27519504004158
-29.82927403115059	-9.559581815759884
-16.10099634186804	4.168695873522665
-27.342799882046847	-7.073107666656142
43.83914147888686	64.10883369427756
-49.970668959626664	-29.70097674423596
-32.36284628652243	-12.093154071131721
-7.930842573018481	12.338849642372224
-21.913493135149793	-1.6438009197590873
34.49622815886073	54.765920374251436
-19.726983559600512	0.542708655790193
-17.55285808414078	2.716834131249925
30.547521101493885	50.81721331688459
-24.90716745496934	-4.6374752395786345
11.35644823141888	31.626140446809586
45.43780908492886	65.70750130031956
-42.16916068988826	-21.899468474497553
-5.062278112242666	15.20741410314804
-19.351886407638403	0.9178058077523019
-35.1032062134243	-14.833513998033595
-4.633426251667288	15.636265963723417
-8.724196943707966	11.54549527168274
-1.186620141080084	19.08307207431062
-9.995958144709903	10.273734070680803
-46.63403952682597	-26.364347311435267
-16.55150699218825	3.718185223202454
-19.455066791261515	0.8146254241291899
-57.984231233471974	-37.71453901808127
13.509819611507965	33.77951182689867
-36.82019653684142	-16.550504321450717
-12.65058380460573	7.619108410784975
-10.502654731439861	9.767037483950844
-21.415689203588727	-1.1459969881980214
35.76771097011192	56.037403185502626
-40.31874657048934	-20.049054355098633
-12.604494210702569	7.665198004688136
-3.97017384014066	16.299518375250045
-28.16586699009963	-7.896174774708925
-3.775917221827285	16.49377499356342
-19.328741999334625	0.9409502160560805
-40.37829955835218	-20.108607342961477
-15.450857859125563	4.818834356265143
-15.65136486320148	4.618327352189226
-38.819052634141144	-18.54936041875044
-2.796717741809289	17.472974473581417
-31.440573754872048	-11.170881539481343
-28.03530280314476	-7.765610587754054
-34.94835315964042	-14.678660944249714
-3.612126292215862	16.657565923174843
0.601504105471804	20.87119632086251
-52.996602741178094	-32.72691052578739
-6.398268491574299	13.871423723816406
-4.22206735004761	16.047624865343096
2.1792941421238083	22.448986357514514
-23.63706197766328	-3.367369762272574
-18.271306740606406	1.9983854747842997
-40.82571597704987	-20.556023761659162
-18.13739838572542	2.1322938296652865
-19.370736204021114	0.8989560113695916
-7.757849517619206	12.511842697771499
11.739200548422787	32.00889276381349
-4.752339131743383	15.517353083647322
-33.56295181440396	-13.293259599013254
17.72899941932087	37.99869163471158
-23.862197482746296	-3.592505267355591
-2.6068700840321526	17.662822131358553
-1.2109792220787767	19.05871299331193
-22.785638974796484	-2.5159467594057787
-5.217592749095957	15.052099466294749
-19.070159845627813	1.199532369762892
-12.496652870445132	7.773039344945573
10.961206799643378	31.230899015034083
-21.693595689596577	-1.423903474205872
-30.38931550749726	-10.119623292106553
-35.832252498562184	-15.562560283171479
-2.6903904021517064	17.579301813239
-19.921280366505698	0.3484118488850072
-2.9931033343807485	17.276588881009957
-0.35412457287634425	19.91556764251436
8.097336297106494	28.3670285124972
-17.349668908390186	2.9200233070005197
-72.80631894873545	-52.53662673334475
5.7410026424997795	26.010694857890485
-36.71136672636817	-16.441674510977464
-57.32197621850969	-37.052284003118984
-6.5467366478321765	13.722955567558529
0.5586927178167116	20.828384933207417
-20.538644468286975	-0.2689522528962698
0.9812171181049507	21.250909333495656
-21.47371067458039	-1.2040184591896832
14.108055831290812	34.37774804668152
-44.648596000296266	-24.37890378490556
-36.51505237095148	-16.245360155560775
-18.44335048132666	1.8263417340640444
-31.09933552414327	-10.829643308752566
-14.71838460646427	5.551307608926436
-59.92203875877635	-39.65234654338565
-58.584092975702106	-38.3144007603114
-47.326773572952106	-27.0570813575614
-31.67869307216347	-11.409000856772764
-61.33486372883522	-41.06517151344451
-22.76930985910326	-2.499617643712554
-39.48514912263522	-19.215456907244516
-8.248020597957975	12.02167161743273
-34.908182789606826	-14.63849057421612
-0.7608427663715247	19.50884944901918
12.593652168850213	32.86334438424092
3.5959307579698816	23.865622973360587
-46.04677361982499	-25.777081404434284
14.744105692961284	35.01379790835199
-23.30863854101949	-3.0389463256287854
8.465322889337813	28.735015104728518
-60.80518424908837	-40.535492033697665
-64.51881239045792	-44.24912017506722
1.6206808337967686	21.890373049187474
-60.63207574407602	-40.362383528685314
-14.10621866568431	6.163473549706396
-3.5702017399514716	16.699490475439234
17.502012295336726	37.77170451072743
22.249304857055222	42.51899707244593
-40.56522473140535	-20.295532516014646
-62.12842754017652	-41.85873532478581
-3.7709359252392005	16.498756290151505
-16.976020246677535	3.29367196871317
-69.52507382970975	-49.25538161431905
-29.191101145689345	-8.92140893029864
9.226085357987586	29.49577757337829
-23.310253411057374	-3.040561195666669
-24.484132806180014	-4.214440590789309
-51.788412550426756	-31.51872033503605
-16.667317702455648	3.6023745129350573
-40.802252330168585	-20.53256011477788
-7.888641789663552	12.381050425727153
5.3822504215143	25.651942636905005
-17.46083214904388	2.808860066346824
-22.607864628653942	-2.338172413263237
-19.250562514170042	1.0191297012206633
-49.91088775308776	-29.641195537697058
7.120576516675328	27.390268732066033
-33.0479524420723	-12.778260226681596
-47.802263364070996	-27.53257114868029
-31.374869201469437	-11.105176986078732
-7.609613686122202	12.660078529268503
1.3302809040262673	21.599973119416973
45.09315609787268	65.36284831326338
-22.852650082487116	-2.582957867096411
-8.905995760337419	11.363696455053287
-8.360767505123249	11.908924710267456
-26.064327945051218	-5.794635729660513
1.6729752448238742	21.94266746021458
-46.87558903614149	-26.605896820750786
-27.019272039490488	-6.749579824099783
-18.73800378728515	1.5316884281055536
-17.149112731442756	3.1205794839479495
-19.7443114510304	0.5253807643603068
-40.314550190006	-20.044857974615297
-5.262148838452731	15.007543376937974
4.339972186318164	24.60966440170887
-8.31622707461679	11.953465140773915
-29.5314060555163	-9.261713840125594
-30.22782643957794	-9.958134224187233
19.9120094725306	40.181701687921304
-54.07567584129606	-33.805983625905355
-51.57336259385079	-31.303670378460083
-25.651602713848433	-5.381910498457728
-33.726948192800364	-13.457255977409659
-27.106045876533926	-6.836353661143221
-49.631032631083826	-29.36134041569312
11.849533370384279	32.119225585774984
-27.253254921778307	-6.983562706387602
-8.094370472585751	12.175321742804954
-21.125910644149144	-0.8562184287584387
-50.67695414831428	-30.407261932923575
-47.520864803000904	-27.2511725876102
-24.590443590603854	-4.320751375213149
-4.057769771307676	16.21192244408303
-25.408892686674108	-5.139200471283402
-54.880361795067756	-34.61066957967705
-2.9754550652785383	17.294237150112167
-15.24158115024943	5.028111065141275
-12.089089783511326	8.180602431879379
-16.37921490059557	3.8904773147951346
-40.26570775802861	-19.996015542637906
4.531553553338426	24.80124576872913
-61.92433371172842	-41.65464149633772
-22.677414522876234	-2.4077223074855283
-7.967396970917207	12.302295244473498
-41.032047689010824	-20.76235547362012
-7.823851484389479	12.445840731001226
-37.43304068931934	-17.163348473928636
-36.417756300178326	-16.14806408478762
-24.071275916771583	-3.8015837013808778
-37.521209682853396	-17.25151746746269
-27.350299993827093	-7.080607778436388
-9.129659070508524	11.140033144882182
-42.30359834676233	-22.033906131371623
-44.612257036139226	-24.34256482074852
-30.72220479987186	-10.452512584481155
-35.532083345917954	-15.262391130527249
-29.09949382355876	-8.829801608168054
9.275165028820311	29.544857244211016
13.185407789607098	33.4551000049978
-24.138751225421174	-3.869059010030469
-23.870449949542262	-3.600757734151557
-30.706347551464887	-10.436655336074182
9.52318604742436	29.792878262815066
-9.88358055843014	10.386111656960566
-27.21815541257706	-6.948463197186356
-31.007556412156873	-10.737864196766168
-8.176592146329085	12.09310006906162
-49.802505616745066	-29.53281340135436
-9.511627821301545	10.75806439408916
-72.85369727618558	-52.58400506079488
-6.513915247595605	13.7557769677951
-19.04442408068894	1.2252681347017642
-29.661298531593957	-9.391606316203251
-7.428737636734468	12.840954578656238
-11.042150313099	9.227541902291705
-4.60108410938733	15.668608106003376
-2.743452204266532	17.526240011124173
-47.350384395677565	-27.08069218028686
-10.3151760167882	9.954516198602505
-52.54829292646059	-32.278600711069885
-25.590288150785227	-5.320595935394522
-27.325333211387942	-7.055640995997237
-19.71194595088923	0.5577462645014748
-10.623142984250762	9.646549231139943
-27.158606521252977	-6.888914305862272
-16.001163037485412	4.268529177905293
-14.555936703188081	5.713755512202624
-3.6791436083356075	16.590548607055098
-0.94496317169137	19.324729043699335
-16.50716415302918	3.7625280623615254
-0.6868091582934994	19.582883057097206
-17.6831244866396	2.586567728751106
-2.07206842197661	18.197623793414095
-43.41503815014471	-23.145345934754005
-12.653216852332434	7.616475363058271
-3.1494489684907876	17.120243246899918
-13.36981962812456	6.899872587266145
-36.364329959490306	-16.0946377440996
1.2690059698445566	21.538698185235262
-1.0792806650486	19.190411550342105
-17.25327099439778	3.0164212209929246
-68.12642622351154	-47.85673400812084
-16.15374701381984	4.115945201570867
-27.749889547171506	-7.480197331780801
25.10114769737379	45.370839912764495
1.134902543542239	21.404594758932944
-70.78982240518121	-50.52013018979051
-8.27378396828749	11.995908247103216
-49.370174468224604	-29.1004822528339
-39.76543650298004	-19.495744287589332
-13.838268933983954	6.431423281406751
-26.6990379882252	-6.429345772834495
-44.49432214651347	-24.224629931122763
-6.597969992368917	13.671722223021789
-3.678444285868636	16.59124792952207
-25.56519442248714	-5.295502207096433
-25.06716872314314	-4.797476507752435
24.837931158786205	45.10762337417691
-17.5856719862702	2.684020229120506
-35.39685592825731	-15.127163712866604
-11.312219930804304	8.957472284586402
-6.39754216733013	13.872150048060576
-11.316679081201755	8.95301313418895
-31.939581390374542	-11.669889174983837
8.672423247169036	28.94211546255974
-54.04581017040505	-33.77611795501434
-8.465330044585016	11.804362170805689
-0.9304925404055666	19.33919967498514
-19.25038363577073	1.019308579619974
-17.347244725466908	2.9224474899237975
-20.16340363115046	0.10628858424024656
-10.516831279752978	9.752860935637727
-31.01809288112304	-10.748400665732333
-7.126194053946847	13.143498161443858
-16.955238980363674	3.314453235027031
-37.58563459138418	-17.315942375993473
-29.02164566364695	-8.751953448256245
-0.7637259676910162	19.50596624769969
-21.454247894135506	-1.1845556787448004
-31.837150045487533	-11.567457830096828
11.445018586449123	31.71471080183983
-4.85095705600429	15.418735159386415
-24.355092699383704	-4.0854004839929985
-13.754057904056708	6.515634311333997
-6.182603120679005	14.0870890947117
-23.35386816935238	-3.084175953961676
-11.8690272013107	8.400665014080005
-46.803707538426124	-26.53401532303542
14.89542219983673	35.165114415227436
-13.094125713446147	7.175566501944559
-45.78275394859406	-25.513061733203358
42.837664378320596	63.1073565937113
-27.296319703999643	-7.026627488608938
-15.857533477296556	4.412158738094149
-20.23336413222455	0.0363280831661541
-21.028940581562665	-0.7592483661719598
-48.58048425151242	-28.31079203612171
1.276802826710309	21.546495042101014
-8.419674235853336	11.85001797953737
-6.507156237893241	13.762535977497464
-18.814572138325047	1.4551200770656578
-4.570477033112866	15.69921518227784
-23.56824946341544	-3.2985572480247356
15.815728305643688	36.08542052103439
-26.15256433508216	-5.882872119691456
-30.9169587753629	-10.647266559972195
-6.980005890821076	13.28968632456963
7.187226036833863	27.45691825222457
-20.494891634289843	-0.22519941889913753
-18.556927433811097	1.712764781579608
-32.10264778002488	-11.832955564634176
-13.30152127110955	6.968170944281155
-3.727424899195057	16.542267316195648
-37.33158422668089	-17.061892011290183
-32.52412206207259	-12.254429846681887
-10.923103831234357	9.346588384156348
-19.271667613348427	0.9980246020422783
-22.925192392480994	-2.655500177090289
-11.956357206180428	8.313335009210277
-24.315371163617556	-4.0456789482268505
-20.834351111486058	-0.5646588960953522
-15.852063061806575	4.41762915358413
-41.06654308127213	-20.796850865881424
18.199531606319624	38.46922382171033
-47.9471296166364	-27.677437401245697
-50.62157036118765	-30.351878145796945
-28.902944603111564	-8.633252387720859
-37.52896782347557	-17.259275608084863
-21.82481523826459	-1.555123022873886
-10.86242571766229	9.407266497728415
-32.147840906042575	-11.87814869065187
-2.4917372596598852	17.77795495573082
-5.661330551366291	14.608361664024414
-4.968067633328928	15.301624582061777
-14.999441729791897	5.270250485598808
12.18072977770612	32.450421993096825
-40.068940188378065	-19.79924797298736
-37.73799359072905	-17.468301375338342
-14.993089159010879	5.276603056379827
-6.296261589994856	13.97343062539585
-0.46129576651469506	19.80839644887601
-16.21383543332081	4.055856782069895
0.9216099347479485	21.191302150138654
-37.48264459412053	-17.212952378729824
16.144870614612273	36.41456283000298
15.835151287182498	36.1048435025732
-22.883845496506865	-2.6141532811161596
4.96272979732862	25.232422012719326
1.155894856646455	21.42558707203716
10.041828560127442	30.311520775518147
-2.664253618938119	17.605438596452586
-27.659678018963632	-7.389985803572927
-30.59465314512522	-10.324960929734516
3.9683299399705447	24.23802215536125
-7.787099723084566	12.48259249230614
3.1450177069139045	23.41470992230461
4.675670022968234	24.94536223835894
-4.094753493837516	16.17493872155319
-60.25611533960068	-39.98642312420998
-39.73753274531077	-19.467840529920068
-6.8490635243567795	13.420628691033926
-5.724288786054558	14.545403429336147
-43.28445099216219	-23.014758776771487
-45.510009750249765	-25.24031753485906
-1.6444046884341788	18.625287526956527
-46.98871266465608	-26.719020449265372
8.004664425717465	28.27435664110817
-36.16554024724496	-15.895848031854257
-16.54397639747799	3.7257158179127146
-35.27588591974086	-15.006193704350153
-28.987326768655066	-8.71763455326436
-15.428579933554602	4.841112281836104
-28.0019710385302	-7.732278823139495
-73.4352598938774	-53.165567678486696
-24.53993087208687	-4.270238656696165
-40.099803429161284	-19.83011121377058
-12.019065141000056	8.25062707439065
-11.50416193732849	8.765530278062215
-15.605306424192122	4.664385791198583
-48.05499766303433	-27.785305447643623
-19.085283886429124	1.184408328961581
4.8915644039600465	25.161256619350752
13.37105872660436	33.640750941995066
-24.991288715834116	-4.721596500443411
1.6214792695620872	21.891171484952793
-23.5574155585698	-3.2877233431790955
-33.4840807954522	-13.214388580061495
-29.946310042104187	-9.676617826713482
-10.877198917811938	9.392493297578767
-26.61806531214711	-6.348373096756404
4.573215547724658	24.842907763115363
-6.724473950648417	13.545218264742289
-29.510374041644127	-9.240681826253422
-10.528867748935909	9.740824466454796
-27.685272449328068	-7.415580233937362
-38.988977681400456	-18.71928546600975
-21.853579159351966	-1.5838869439612608
-53.869680946640756	-33.59998873125005
-34.53041147973886	-14.260719264348154
-37.98173664934325	-17.712044433952542
-17.04360912433799	3.2260830910527147
-11.925748038883057	8.343944176507648
-28.368263082133808	-8.098570866743103
-43.20179098322728	-22.932098767836578
3.6049565234072816	23.874648738797987
-55.004495742736935	-34.73480352734623
-0.11957673174651973	20.150115483644186
-13.435500701851879	6.834191513538826
-25.956986210067726	-5.68729399467702
-10.32926767542699	9.940424539963715
-26.82139661956785	-6.551704404177144
-9.375015140095229	10.894677075295476
-5.1543482657205	15.115343949670205
-4.374307023527535	15.89538519186317
-7.5315256309320375	12.738166584458668
-54.10194980978008	-33.832257594389375
-34.359899109017306	-14.0902068936266
-35.955616394107665	-15.68592417871696
-18.98985905171753	1.2798331636731746
-35.14083508826184	-14.871142872871133
-36.09937739454358	-15.829685179152875
-45.16556468514932	-24.895872469758615
-47.069873317805786	-26.80018110241508
-62.437028121762296	-42.16733590637159
6.783143653309935	27.05283586870064
2.401159556387256	22.67085177177796
-38.91407893442988	-18.644386719039176
4.907141580080179	25.176833795470884
-28.26133493435077	-7.991642718960065
-41.27221019894091	-21.002517983550206
-58.425612942540056	-38.15592072714935
-51.25448666849729	-30.984794453106588
-25.891654609257557	-5.621962393866852
-19.49736191916486	0.7723302962258458
-26.18546923266581	-5.915777017275104
-2.910330711186134	17.35936150420457
-32.53929494017825	-12.269602724787546
-64.45951881756514	-44.189826602174435
-2.6189324607173603	17.650759754673345
-24.66081834551619	-4.391126130125485
-14.027812451668751	6.241879763721954
-52.4339650034442	-32.164272788053495
-3.9286456386241753	16.34104657676653
-23.012218738170077	-2.7425265227793716
-6.431657428219069	13.838034787171637
-71.45111238277491	-51.1814201673842
-7.435096793625007	12.834595421765698
23.25397644652662	43.52366866191733
-44.98130727089915	-24.711615055508446
-37.124634279482734	-16.85494206409203
-19.107876800050462	1.161815415340243
-13.133611149553644	7.136081065837061
-3.800689896793074	16.46900231859763
-42.03744016723681	-21.767747951846104
21.125649809147262	41.39534202453797
27.16104183664106	47.43073405203177
-49.01592595907891	-28.746233743688208
-31.327610291706833	-11.057918076316128
-1.2756044590121292	18.994087756378576
3.4437220371121384	23.713414252502844
7.427312527558797	27.697004742949503
-32.899367270837274	-12.629675055446569
-15.439253351671823	4.830438863718882
15.108026637645935	35.37771885303664
-50.695154478939685	-30.42546226354898
-17.121904891849	3.1477873235417064
-42.44225766642808	-22.17256545103737
-1.7611543353621073	18.508537880028598
-33.70358405438924	-13.433891838998534
-12.4569489826888	7.812743232701905
-30.011515614626433	-9.741823399235727
0.7207689092113014	20.990461124602007
-0.6747799878273781	19.594912227563327
-25.44798529729337	-5.178293081902666
-52.133778669164485	-31.86408645377378
-17.412527081228063	2.857165134162642
-40.522777049822935	-20.25308483443223
-29.305665402664772	-9.035973187274067
-54.372382995838734	-34.10269078044803
-0.30248402305619493	19.96720819233451
19.998385486143206	40.26807770153391
-21.942656602934903	-1.672964387544198
-42.65568433132171	-22.385992115931003
-23.478889937227677	-3.209197721836972
-20.71380887526061	-0.44411665986990556
-35.950278959752495	-15.68058674436179
-20.62176534422065	-0.352073128829943
-13.728699308549722	6.540992906840984
-16.555289577014946	3.714402638375759
-40.0033360725854	-19.733643857194693
-14.283426333676061	5.986265881714644
-23.697473209488408	-3.427780994097702
-44.889138237623	-24.619446022232296
-53.72997530743919	-33.460283092048485
19.78999005838091	40.059682273771614
6.533635967477721	26.803328182868427
-18.47362133626916	1.7960708791215438
-27.61956723985236	-7.349875024461653
12.608641428590317	32.87833364398102
-6.55977166876869	13.709920546622016
-55.87164152703804	-35.60194931164733
-41.72678263452576	-21.457090419135056
2.2138062171663933	22.4834984325571
-32.99803472009694	-12.728342504706234
-19.046862449750506	1.2228297656401992
-10.596773091549721	9.672919123840984
-36.810349556987376	-16.54065734159667
-20.81022505222677	-0.5405328368360642
-42.109729722424845	-21.84003750703414
-33.71196477162334	-13.442272556232638
-42.879737667556356	-22.61004545216565
-27.050538663889483	-6.780846448498778
-33.299607562387564	-13.029915346996859
-36.93634087186979	-16.666648656479083
-34.146358702061434	-13.876666486670729
-17.41479160429185	2.8549006110988557
-19.598785788510895	0.6709064268798102
-29.479982490875727	-9.210290275485022
-8.104895138027814	12.164797077362891
-33.57077041835032	-13.301078202959616
-12.668685111063269	7.6010071043274365
-55.29390488900276	-35.024212673612055
0.8321579184350867	21.101850133825792
-24.030494444529495	-3.7608022291387897
23.30555640694479	43.575248622335494
17.676295293532576	37.94598750892328
4.768204605186156	25.03789682057686
-4.527691315618313	15.742000899772393
-21.629641889586082	-1.3599496741953772
-8.538982332879414	11.730709882511292
-27.820094888162885	-7.550402672772179
0.6544681372845389	20.924160352675244
-51.1425383647354	-30.872846149344696
7.09671214715604	27.366404362546746
-15.601003676644495	4.66868853874621
12.691803230126652	32.96149544551736
-29.937355306136624	-9.667663090745918
-7.774794030693329	12.494898184697377
-41.92840655679788	-21.658714341407176
-40.48334686937483	-20.213654653984122
18.505644540194453	38.77533675558516
-4.662610063553757	15.607082151836948
-11.60757130406887	8.662120911321836
-53.920865961924164	-33.65117374653346
-29.250371020744524	-8.980678805353818
15.337894209086926	35.60758642447763
-20.282356441420006	-0.012664226029301062
-7.280893337991756	12.98879887739895
-17.166138210965755	3.10355400442495
-7.991494146283685	12.27819806910702
-6.831448663657966	13.43824355173274
-36.40936345734258	-16.139671241951874
-43.688837512635246	-23.41914529724454
-24.39907113613185	-4.129378920741146
-55.63594024595545	-35.36624803056475
-10.436131436616733	9.833560778773972
-36.11940374538858	-15.849711529997876
-15.698509717060688	4.5711824983300176
-17.41824411722223	2.8514480981684756
-35.46441405882683	-15.194721843436128
-32.727927914550264	-12.458235699159559
-44.15899126283216	-23.889299047441455
-17.90886503262186	2.360827182768844
-47.525792259787295	-27.25610004439659
41.19203708860118	61.46172930399189
-44.7684414704479	-24.49874925505719
-12.028627608079432	8.241064607311273
-19.685239574950856	0.5844526404398493
-5.259174374098393	15.010517841292312
-14.640583733786798	5.629108481603907
-43.759037554488486	-23.48934533909778
-30.32418508393198	-10.054492868541274
-31.503053285988017	-11.233361070597311
-76.65808376235395	-56.38839154696325
-34.86296892019777	-14.593276704807067
-10.571257202091829	9.698435013298877
-14.160353812031417	6.109338403359288
12.913610322583963	33.18330253797467
4.558444737697982	24.828136953088688
8.91670260820797	29.186394823598675
-23.384841369107335	-3.1151491537166294
-22.582020625056202	-2.312328409665497
-39.43532030076926	-19.165628085378557
-58.85333985654029	-38.58364764114958
-23.456204672583	-3.1865124571922934
13.952589531670355	34.22228174706106
-13.697398411305358	6.572293804085348
0.36007329042445235	20.629765505815158
15.841192104716583	36.11088432010729
-4.97550902776743	15.294183187623275
-26.604955887791903	-6.335263672401197
-53.43633535647564	-33.16664314108493
-24.699024109219636	-4.42933189382893
-29.935162105763766	-9.66546989037306
2.217020218763764	22.48671243415447
-11.541761516061115	8.72793069932959
-13.766562902389296	6.503129313001409
-2.7370558819591224	17.532636333431583
-15.684969535380105	4.5847226800106
-21.04625263235971	-0.776560416969005
-21.885236818247677	-1.6155446028569713
2.5235953258609243	22.79328754125163
-29.379969936292355	-9.11027772090165
-15.222177713518931	5.047514501871774
-18.93622207934709	1.3334701360436156
-34.94271886181991	-14.673026646429207
-22.924494875179107	-2.654802659788402
-24.287290785249525	-4.017598569858819
-8.414884183169079	11.854808032221626
-20.94946049150053	-0.6797682761098258
2.497704962888065	22.76739717827877
-42.32867409078494	-22.058981875394238
-20.113168664995783	0.1565235503949225
-3.9522468910934094	16.317445324297296
-5.751416360077883	14.518275855312822
-19.479036128285543	0.7906560871051624
4.031424213616674	24.30111642900738
-38.67078113624916	-18.401088920858456
-15.074259659790869	5.195432555599837
-0.9231967728326254	19.34649544255808
-56.57148698370179	-36.30179476831108
-20.76238484889359	-0.49269263350288384
-22.964199112166853	-2.694506896776147
-54.277446441722304	-34.0077542263316
-5.168448249160747	15.101243966229958
5.62292601716149	25.892618232552195
-31.576191757302468	-11.306499541911762
-32.36246429973721	-12.092772084346507
-14.598538957644223	5.671153257746482
10.336075163542091	30.605767378932796
-36.516408422022096	-16.24671620663139
-38.64806814275539	-18.378375927364687
6.032410317225413	26.302102532616118
-65.52735894745888	-45.257666732068174
-47.382511462367574	-27.11281924697687
-21.45389652912013	-1.184204313729424
-38.87553036837812	-18.605838152987417
-24.097910457747957	-3.828218242357252
-13.017902988757442	7.251789226633264
-5.7430235733252175	14.526668642065488
-42.15382848281911	-21.884136267428403
-55.78974421392809	-35.52005199853738
6.443995016897361	26.713687232288066
-49.02569690465202	-28.756004689261317
-42.26672621750072	-21.997034002110013
-26.705547273005095	-6.43585505761439
7.772475000595705	28.04216721598641
-5.446249838240647	14.823442377150059
-2.273878929575176	17.99581328581553
-13.255437629929247	7.014254585461458
-26.3833508240848	-6.113658608694095
-80.80594731006454	-60.536255094673834
-38.50139519110121	-18.231702975710505
3.1404139525923256	23.41010616798303
1.3947553297705326	21.664447545161238
-42.98753168270082	-22.717839467310114
16.820433783236922	37.09012599862763
-43.670570835200806	-23.4008786198101
-2.3364245974432833	17.933267617947422
-21.32514363605037	-1.055451420659665
-57.0382555793683	-36.76856336397759
-31.954442733657515	-11.68475051826681
-49.70517734242344	-29.435485127032734
-10.529447608095097	9.740244607295608
-25.41436663525269	-5.144674419861985
-15.142930105523874	5.1267621098668315
9.754766108447484	30.02445832383819
-26.174212038974247	-5.904519823583541
-9.265964087614293	11.003728127776412
12.381374054829621	32.651066270220326
-37.02089543485522	-16.751203219464514
1.0104296674337547	21.28012188282446
-43.13443901458845	-22.864746799197746
-1.2141262092252418	19.055566006165463
7.9244332655300695	28.194125480920775
-48.473370039419706	-28.203677824029
-7.113100335779336	13.15659187961137
-25.659457869761127	-5.3897656543704215
-31.387514122375023	-11.117821906984318
-32.323949055126604	-12.0542568397359
-39.040066825741405	-18.7703746103507
-33.56612846952953	-13.296436254138825
-24.440368567468568	-4.170676352077862
-6.836118196885536	13.433574018505169
-2.295615499830774	17.97407671555993
-55.49404787796698	-35.22435566257627
-44.22102472464644	-23.951332509255735
-52.74044365136683	-32.470751435976126
-51.86239244895728	-31.592700233566575
7.094646009537655	27.36433822492836
-38.88515561198324	-18.61546339659253
3.039854923242501	23.309547138633206
-24.738313126398452	-4.468620911007747
-18.49601134008003	1.7736808753106743
-12.63779020794641	7.631902007444296
36.12431460695484	56.394006822345546
-17.34223673980773	2.927455475582974
-23.74912577412647	-3.4794335587357637
4.717538154517797	24.987230369908502
-22.68507715150804	-2.4153849361173343
-12.249214120811985	8.02047809457872
-5.858178953107881	14.411513262282824
2.9531347191452824	23.222826934535988
-6.852068264028958	13.417623951361747
20.463037175425825	40.73272939081653
-17.39469545019415	2.8749967651965562
-15.453322237872953	4.816369977517752
-45.98235939424808	-25.712667178857373
-60.29505950028283	-40.02536728489213
-2.2084230011012096	18.061269214289496
-15.899585119934954	4.370107095455751
-7.741957615237652	12.527734600153053
-6.223982386340822	14.045709829049883
-29.540692843313764	-9.271000627923058
-12.14818336359781	8.121508851792896
-23.13756485249064	-2.8678726370999357
-37.44620513778386	-17.176512922393158
7.743861678006624	28.01355389339733
-36.895765230924326	-16.62607301553362
-28.35641529432064	-8.086723078929936
-25.51743879651508	-5.247746581124375
-10.319565217671652	9.950126997719053
-34.33865212354317	-14.068959908152465
1.4585290293409798	21.728221244731685
-26.80550965622274	-6.535817440832034
-38.98208549216247	-18.712393276771763
-39.77288893833497	-19.503196722944267
-41.375256168764054	-21.10556395337335
-54.7076427117197	-34.437950496328995
-50.665798065433364	-30.39610585004266
-50.095822840367646	-29.82613062497694
-49.417827960531895	-29.14813574514119
-46.69914244230927	-26.42945022691856
-44.03626283276276	-23.766570617372054
-5.845755461565886	14.423936753824819
-55.56885995118387	-35.29916773579316
-22.114526188778427	-1.844833973387722
-20.931998012448048	-0.6623057970573427
-49.648428984967495	-29.37873676957679
-58.31368948580962	-38.04399727041891
-20.67526680352489	-0.40557458813418634
-8.220529712495363	12.049162502895342
-47.10832932424705	-26.838637108856346
-23.824369388333025	-3.55467717294232
-21.37882831720958	-1.1091361018188763
-23.689343229247925	-3.4196510138572194
-24.359153716147148	-4.0894615007564425
-15.322495200313597	4.9471970150771085
7.367123139739533	27.63681535513024
-52.23353362562807	-31.963841410237364
-6.5819595186246715	13.687732696766034
-32.02986906523324	-11.760176849842537
-60.118475316360446	-39.84878310096974
-8.18363464232857	12.086057573062135
-4.684225790514347	15.585466424876358
-36.51126843803536	-16.241576222644653
-18.280983295923534	1.9887089194671717
-62.093605598601016	-41.82391338321031
-6.4698049763017025	13.799887239089003
5.133740855185579	25.403433070576284
-12.371459420150813	7.898232795239892
-54.20433372625007	-33.934641510859365
-23.280425299794615	-3.0107330844039097
-28.602181561195493	-8.332489345804788
-29.26913488090827	-8.999442665517563
-21.679595556974846	-1.4099033415841404
-42.80785526593422	-22.538163050543517
-40.844357470522255	-20.57466525513155
1.5946868753901526	21.864379090780858
-54.36832973502783	-34.09863751963712
-12.772297606678649	7.497394608712057
-36.07813314568807	-15.808440930297365
-13.830178489580021	6.439513725810684
-43.62341771070237	-23.353725495311664
4.936214487367806	25.20590670275851
4.50290610054185	24.772598315932555
-24.333125655880167	-4.063433440489462
-36.087110476618136	-15.81741826122743
-10.27773253484952	9.991959680541186
7.045052282986262	27.314744498376967
-23.003256957824078	-2.733564742433373
-22.95937173082234	-2.689679515431635
18.778195735424788	39.04788795081549
-36.727916695722115	-16.45822448033141
-18.487216139844122	1.7824760755465832
-41.26846733074376	-20.998775115353055
-28.641158492630666	-8.37146627723996
-2.5653677889556548	17.70432442643505
-5.02702602536624	15.242666190024465
-11.41422235278037	8.855469862610335
2.501009069406109	22.770701284796814
-43.62960997452933	-23.359917759138625
-16.458066032812667	3.8116261825780384
-2.2962020917827886	17.973490123607917
-31.9614112752231	-11.691719059832394
-13.937447341296092	6.332244874094613
22.92030740809537	43.189999623486074
-4.1174837559144635	16.152208459476242
6.53135195427717	26.801044169667875
-48.917564937268935	-28.64787272187823
-15.530677621040695	4.73901459435001
-45.982715766650244	-25.71302355125954
-41.19750326233657	-20.927811046945862
-11.902781509727674	8.366910705663031
-20.717099118212673	-0.4474069028219674
-24.80630765291312	-4.536615437522414
-72.50509437383766	-52.23540215844696
-8.367431178622383	11.902261036768323
16.276405510588347	36.54609772597905
-16.571997787387545	3.6976944280031603
-7.032692434723458	13.236999780667247
-29.971312530970636	-9.70162031557993
-12.460883373619026	7.808808841771679
-18.23858882759555	2.031103387795156
-26.269297625904755	-5.99960541051405
-43.81420913355282	-23.544516918162117
-16.085170348079146	4.18452186731156
-30.413206199699516	-10.143513984308811
-22.310456804107844	-2.0407645887171384
-5.628190904876419	14.641501310514286
32.96639087465269	53.236083090043394
-15.854037949632357	4.415654265758349
-40.95566221353397	-20.685969998143264
-28.360975696900596	-8.09128348150989
-18.10157446381959	2.168117751571117
-31.62086638100186	-11.351174165611155
-73.51570487653112	-53.24601266114041
-42.676982476484	-22.407290261093294
-8.464161277594712	11.805530937795993
-35.094373164660965	-14.82468094927026
18.486593891089115	38.75628610647982
-35.09210616148516	-14.822413946094457
-3.0608699374922708	17.208822277898435
10.61959767569465	30.889289891085355
-16.400836085484798	3.8688561299059074
-18.364235153093205	1.9054570622975007
-32.13427477593973	-11.864582560549024
-5.266111740804945	15.00358047458576
-0.07004262628356628	20.19964958910714
-50.93345387998011	-30.6637616645894
3.684745383253585	23.95443759864429
-26.60068077901701	-6.330988563626306
-40.85243411963779	-20.582741904247086
-13.426080582218447	6.843611633172259
-10.874211699111356	9.395480516279349
-41.16254375938183	-20.892851543991128
-22.301147523589634	-2.031455308198929
-30.893646253846555	-10.62395403845585
-43.863759143298694	-23.59406692790799
-41.48089896207125	-21.211206746680546
-14.260937518315359	6.0087546970753465
-34.08259924686604	-13.812907031475333
7.567134607271555	27.83682682266226
-10.515241046922483	9.754451168468222
-23.682296099191035	-3.4126038838003296
-47.87669932041058	-27.607007105019875
-45.82509445383653	-25.555402238445822
-8.21086635381539	12.058825861575315
-5.588257103102251	14.681435112288455
-17.728549270707617	2.541142944683088
-27.717172689465542	-7.447480474074837
-2.284310450361545	17.98538176502916
-43.01906774062695	-22.749375525236246
15.094751088248131	35.364443303638836
3.0303023309181754	23.29999454630888
-15.700420237807293	4.569271977583412
-3.5441653076766215	16.725526907714084
-47.612641565391414	-27.34294935000071
-31.650157054906913	-11.380464839516208
-30.680701049793015	-10.41100883440231
-35.28791631381932	-15.018224098428618
-36.08089930694291	-15.811207091552205
0.8174624737378053	21.08715468912851
-31.99625424646979	-11.726562031079084
-4.712247690788672	15.557444524602033
6.297632453389497	26.567324668780202
-15.284964951590837	4.9847272637998685
-5.432393086134425	14.83729912925628
-19.534115535402407	0.7355766799882986
-30.465605334603197	-10.195913119212491
-33.08577616017169	-12.816083944780985
-65.98044197832382	-45.71074976293312
-39.19733852724926	-18.927646311858553
-8.39782412596719	11.871868089423515
-30.672025219616216	-10.402333004225511
-37.34396548537802	-17.074273269987316
15.352754420085375	35.62244663547608
-32.56154219304767	-12.291849977656966
-26.43622523169938	-6.1665330163086765
-74.11585649131189	-53.84616427592118
11.454465652620684	31.72415786801139
-24.14558245031253	-3.875890234921826
-35.548976878714484	-15.279284663323779
-46.32509879579334	-26.055406580402632
-46.12732589409893	-25.857633678708225
-1.3367496995404053	18.9329425158503
-18.59412629898611	1.6755659164045937
-13.35472954881584	6.914962666574866
-4.591575956924089	15.678116258466616
-23.815814156862643	-3.546121941471938
-17.39249717600501	2.877195039385697
-35.89431119622054	-15.624618980829837
-20.838175628267663	-0.568483412876958
10.677919631570376	30.94761184696108
-37.99609162506272	-17.726399409672013
-25.398073467068343	-5.128381251677638
-47.6299413590084	-27.360249143617693
-34.67327302152148	-14.403580806130776
-26.797033780362426	-6.527341564971721
-37.01887839308506	-16.749186177694355
9.851703003319244	30.12139521870995
-43.74808270963581	-23.478390494245104
-38.773236919331566	-18.50354470394086
2.2531333543386154	22.52282556972932
-30.03981686158545	-9.770124646194745
-32.55431175411536	-12.284619538724655
-13.10098345664187	7.168708758748835
-23.74369209453903	-3.473999879148323
-15.339465587653422	4.930226627737284
-28.943233508841104	-8.673541293450398
-43.206879563999564	-22.93718734860886
18.685167883880467	38.95486009927117
-21.284778249587134	-1.015086034196429
5.168529678755704	25.43822189414641
-42.10935458627387	-21.83966237088316
-10.083002568039547	10.186689647351159
-41.37661282312797	-21.106920607737266
2.6124317648439046	22.88212398023461
9.406148919756788	29.675841135147493
-11.701707471561122	8.567984743829584
-10.562482486092222	9.707209729298484
-39.63053655673025	-19.360844341339543
-13.720607949848954	6.549084265541751
-44.96251260139138	-24.692820386000676
-13.265377988186401	7.004314227204304
-20.40106770543821	-0.13137549004750326
-18.55174932721161	1.7179428881790955
-18.696269485217954	1.5734227301727515
-33.92793799982496	-13.658245784434257
-17.63012371281252	2.639568502578186
-9.765683810829387	10.504008404561318
-13.76602067221279	6.503671543177916
-29.679200060046014	-9.409507844655309
-15.730902262431073	4.5387899529596325
20.227242959671685	40.49693517506239
-12.822385673082636	7.44730654230807
8.044410294308591	28.314102509699296
-28.70152816265795	-8.431835947267246
-4.386474340097948	15.883217875292758
-36.447730853956045	-16.17803863856534
-1.4378054615142446	18.83188675387646
-33.13928118687795	-12.869588971487246
4.672702866352893	24.942395081743598
-22.484370940298277	-2.2146787249075714
-42.23585000185153	-21.966157786460826
3.287608660998785	23.55730087638949
-51.79878738285947	-31.529095167468768
-6.054452079689099	14.215240135701606
-39.14635838482968	-18.876666169438977
-24.468867209236805	-4.1991749938461
2.0185921068853077	22.288284322276013
-39.141766829204016	-18.87207461381331
4.266701802910802	24.536394018301507
-6.192688618196144	14.077003597194562
-34.87349752047771	-14.603805305087008
-1.1861191616542328	19.083573053736473
-29.67980289973525	-9.410110684344545
-33.44533668105464	-13.175644465663936
-50.959269386707774	-30.68957717131707
-6.12266609307585	14.147026122314855
11.570548970930076	31.84024118632078
-20.59537919385798	-0.32568697846727446
-54.915612985473444	-34.64592077008274
10.384532983976214	30.65422519936692
-57.334422994600345	-37.06473077920964
-38.70440635686714	-18.434714141476434
-21.57952238822213	-1.3098301728314254
-17.506047032328524	2.763645183062181
-11.27468149345691	8.995010721933795
-8.999955891273885	11.26973632411682
-34.009487726571706	-13.739795511181
-50.9734206151395	-30.703728399748798
1.403995532201634	21.67368774759234
-18.45787855661797	1.811813658772735
-23.073722015941485	-2.8040298005507793
-2.59903980566628	17.670652409724426
33.12859556909211	53.39828778448282
-37.535250335312185	-17.26555811992148
-50.20666599427091	-29.9369737788802
-2.22613942165367	18.043552793737035
-86.12968129495016	-65.85998907955945
-4.078665670639339	16.191026544751367
-46.57753669724366	-26.307844481852953
-22.32544401741211	-2.0557518020214047
-64.91996673877907	-44.65027452338836
-54.135686656000644	-33.86599444060994
3.9169410391853035	24.18663325457601
-27.937140343702367	-7.667448128311662
-16.64200700239485	3.627685212995857
-51.81299824450139	-31.54330602911068
-34.326972358386	-14.057280142995296
-30.711900225293675	-10.44220800990297
-49.783060729611634	-29.51336851422093
-72.64333882970709	-52.373646614316385
-25.712499037376574	-5.442806821985869
-13.796320403743039	6.473371811647667
-31.04846382521532	-10.778771609824616
-18.643161878796263	1.626530336594442
-43.673572636884956	-23.40388042149425
-30.44915718299194	-10.179464967601234
-27.62369681789164	-7.354004602500936
-27.168023232987935	-6.898331017597229
-18.437866561310102	1.8318256540806033
6.301520623944498	26.571212839335203
-44.25985314055902	-23.99016092516831
-30.375239418723822	-10.105547203333117
-26.25950886250098	-5.989816647110274
-12.86958743991886	7.400104775471846
-60.65310384192594	-40.383411626535235
-37.925915488179044	-17.65622327278834
-20.90851812494543	-0.6388259095547255
-51.4990060598127	-31.229313844421995
-34.8369941987246	-14.567301983333891
8.243269307896526	28.51296152328723
-11.18955013748814	9.080142077902565
-33.97315013842922	-13.703457923038513
41.005594991796215	61.27528720718692
19.77456756452125	40.044259779911954
-3.225887577448475	17.04380463794223
-35.6231585893172	-15.353466373926494
-52.52107665219842	-32.25138443680771
-28.73496560769013	-8.465273392299423
-18.560291591819578	1.7094006235711277
-11.408486319581016	8.86120589580969
-54.46489621858086	-34.195204003190156
7.279999070052554	27.54969128544326
-26.950108794545258	-6.680416579154553
-19.304196544827164	0.9654956705635414
-6.0406620131604996	14.229030202230206
-10.511075479959572	9.758616735431133
0.9847366227270413	21.254428838117747
-16.34728293684634	3.9224092785443645
-41.603268184981744	-21.33357596959104
-28.68494365773836	-8.415251442347653
-6.558812309833911	13.710879905556794
-31.245052293443905	-10.9753600780532
-60.32931381323465	-40.05962159784394
-56.855518311297374	-36.58582609590667
-44.56653264754891	-24.296840432158206
-46.77779257529505	-26.508100359904347
-68.32830350100153	-48.05861128561082
-21.812033358458166	-1.5423411430674605
-53.47578001882971	-33.206087803439004
-23.817442823935153	-3.5477506085444475
-11.804268095866746	8.46542411952396
-47.01099108560334	-26.74129887021263
-54.88128530039717	-34.61159308500646
-40.850994683269846	-20.58130246787914
-19.170202372296217	1.0994898430944886
-6.710100171118711	13.559592044271994
-46.73070812471883	-26.461015909328125
11.183281602928446	31.45297381831915
9.083643904866449	29.353336120257154
-26.785901194822827	-6.516208979432122
21.9298075210329	42.199499736423604
-5.088466368316176	15.18122584707453
-12.215937991210694	8.053754224180011
3.618100829372679	23.887793044763384
-24.72006514642885	-4.450372931038146
-20.214901426507595	0.05479078888311051
-25.95415880186806	-5.684466586477356
-12.762776454436562	7.5069157609541435
-1.6891482772396103	18.580543938151095
-48.23106833962697	-27.961376124236267
9.799388917811712	30.069081133202417
-11.623374132547497	8.646318082843209
-48.62914836100276	-28.359456145612057
-29.472001069595308	-9.202308854204603
-30.124682060841906	-9.8549898454512
-45.771351667985755	-25.50165945259505
6.521939155392147	26.791631370782852
-22.60298880730147	-2.3332965919107664
-40.16701310780513	-19.897320892414427
2.1416360378000263	22.41132825319073
-35.76306610678762	-15.493373891396914
-32.68235473761774	-12.412662522227038
-34.607858764464936	-14.33816654907423
-36.04474282503975	-15.775050609649043
-23.906457861644185	-3.6367656462534796
-13.82855395337424	6.441138262016466
-55.65573386902429	-35.38604165363358
-66.55939974978423	-46.28970753439353
-5.653370838924047	14.616321376466658
-16.068890829751354	4.200801385639352
-37.2934105991651	-17.023718383774394
-54.88498572198182	-34.615293506591115
-4.9579559710607555	15.31173624432995
-43.162219818964104	-22.8925276035734
-23.082032239609134	-2.812340024218429
-41.037846366211625	-20.76815415082092
-16.23126025959823	4.0384319557924755
9.352102785496072	29.621795000886777
-37.50617214599947	-17.236479930608766
-23.934855008198383	-3.6651627928076778
-13.746048939609636	6.523643275781069
-7.746458599684729	12.523233615705976
-5.419033327524403	14.850658887866302
-5.7437882008878205	14.525904014502885
-0.959253060302899	19.310439155087806
-32.33544473360848	-12.065752518217778
-8.579632485626234	11.69005972976447
-13.786210077806345	6.48348213758436
-36.337302082733686	-16.06760986734298
-23.039728135531504	-2.770035920140799
3.658231876478794	23.9279240918695
-17.54701695444851	2.7226752609421965
-19.289914040410395	0.9797781749803107
-31.573644768714757	-11.303952553324052
-27.78635060218835	-7.516658386797644
-36.35731919078421	-16.087626975393505
-19.720488139099643	0.5492040762910619
-9.708389822938216	10.56130239245249
-56.112103636892016	-35.84241142150131
-26.677558603804528	-6.407866388413822
-25.940463347381183	-5.670771131990477
-14.936169747691338	5.3335224676993676
-0.008925396329459545	20.260766819061246
-14.264252028768851	6.005440186621854
-34.80798706935343	-14.538294853962725
5.000522119350762	25.270214334741468
-20.75666272418198	-0.48697050879127346
-36.3380888205636	-16.068396605172893
-10.218158990951224	10.051533224439481
-40.15689265037395	-19.887200434983242
-44.24861950382797	-23.978927288437262
-23.53859485053431	-3.268902635143604
-18.655765591733825	1.61392662365688
-16.34477682180909	3.924915393581614
-8.674736392122895	11.59495582326781
6.881790460939783	27.151482676330488
-28.79745479710141	-8.527762581710704
-39.37556613892116	-19.105873923530453
-14.494879677475865	5.7748125379148405
28.82370598728562	49.093398202676326
-67.16382157435032	-46.89412935895962
-15.68321161730887	4.586480598081835
-69.31658326816137	-49.04689105277066
-17.507071045306247	2.762621170084458
-27.037944878472217	-6.768252663081512
-12.963925990645976	7.30576622474473
-25.63480247594157	-5.365110260550864
-47.21621567621219	-26.94652346082148
-21.26547507481041	-0.9957828594197053
35.11470816576298	55.38440038115368
14.130620568038694	34.4003127834294
-29.116262098940524	-8.846569883549819
-3.8913373381280962	16.37835487726261
-57.092110869451744	-36.82241865406104
-33.94861463543816	-13.678922420047456
-5.4430929207217105	14.826599294668995
-6.082810193495561	14.186882021895144
-25.635627586153305	-5.3659353707626
-27.985037465891537	-7.715345250500832
4.814119839641762	25.083812055032467
-28.920540264915644	-8.650848049524939
-51.344641530615945	-31.07494931522524
-19.909901780620885	0.3597904347698204
-26.341442095747652	-6.071749880356947
-47.72110480642618	-27.451412591035478
-31.876420183870096	-11.60672796847939
-34.506186224599105	-14.2364940092084
0.3143709851804033	20.58406320057111
4.061285715907843	24.33097793129855
-25.34717123363839	-5.077479018247686
1.9176814832983382	22.187373698689044
-18.90328343332544	1.366408782065264
-7.623790527394476	12.64590168799623
-38.23772198839902	-17.96802977300831
-10.337361320495575	9.93233089489513
-70.09845900537653	-49.82876678998582
-56.808331703264	-36.5386394878733
-9.384584250764192	10.885107964626513
15.587266917785428	35.85695913317613
-9.132843131802247	11.136849083588459
-12.408800776370072	7.860891439020634
-11.503307484140123	8.766384731250582
-44.26817395543071	-23.998481740040006
-3.60768690855798	16.662005306832725
-12.73494681106854	7.534745404322166
-34.71086383714896	-14.441171621758258
32.03619266197461	52.305884877365315
12.311127500529665	32.58081971592037
-51.18934176293874	-30.919649547548033
-30.094002925345876	-9.82431070995517
31.516593832531044	51.78628604792175
-42.33426810558626	-22.064575890195556
-19.071008006800866	1.1986842085898388
-40.201736832320194	-19.93204461692949
0.04475061366360933	20.314442829054315
-18.465326195254192	1.8043660201365128
-30.13972955033273	-9.870037334942026
-7.0657035436513524	13.203988671739353
-37.91600413263109	-17.646311917240382
-19.53754883648685	0.7321433789038565
8.269454543312577	28.539146758703282
-40.49268146504505	-20.222989249654347
-20.41274869374206	-0.1430564783513546
-37.80538602719639	-17.535693811805686
-43.575501807651335	-23.30580959226063
5.514843362450165	25.78453557784087
-56.63972611870008	-36.37003390330938
-46.57515644665432	-26.305464231263613
-20.53305695717313	-0.26336474178242497
-11.023979860320424	9.245712355070282
-41.526485818313404	-21.2567936029227
-9.448651504578038	10.821040710812667
-17.46926750340822	2.8004247119824868
5.126340408177612	25.396032623568317
-14.163827953502505	6.1058642618882
-30.115644466967524	-9.845952251576819
-6.50399175925736	13.765700456133345
-20.47375765852371	-0.204065443133004
-11.414070355959439	8.855621859431267
5.326701178718622	25.596393394109327
10.96053700426387	31.230229219654575
-23.459369232112977	-3.189677016722271
-61.0934088040874	-40.8237165886967
-14.305413327462475	5.964278887928231
-24.695648765939723	-4.425956550549017
14.18666414995937	34.456356365350075
-16.800453563823567	3.4692386515671387
-18.78818968417795	1.4815025312127545
-25.704285518141432	-5.434593302750727
-44.182255036160086	-23.91256282076938
-58.57094933519579	-38.301257119805086
17.4184840876635	37.688176303054206
-18.013325536906223	2.2563666784844827
-42.360554950594405	-22.0908627352037
-28.889349664756764	-8.61965744936606
-43.27747445698219	-23.007782241591485
-49.77923905592502	-29.509546840534313
1.3351378297459178	21.604830045136623
-3.416479696482156	16.85321251890855
1.2060073553377606	21.475699570728466
0.40823926725101956	20.677931482641725
-30.122696387514907	-9.853004172124201
-12.692032514102493	7.577659701288212
-25.48718806185093	-5.217495846460224
-0.11628005670240782	20.153412158688297
-21.19829071163872	-0.9285984962480143
-13.178447131029998	7.0912450843607076
-22.899718080085904	-2.630025864695199
-42.57915245948857	-22.309460244097863
-10.37950222888935	9.890189986501355
18.528900952232334	38.79859316762304
-43.24128953995273	-22.971597324562026
21.924010389987643	42.19370260537835
-39.48731991740965	-19.217627702018945
-41.029636212528885	-20.75994399713818
-62.46675158381436	-42.19705936842365
21.921005483317686	42.19069769870839
1.91027986710219	22.179972082492895
-17.776256014147975	2.49343620124273
-50.45267945541741	-30.182987240026705
10.360443119259116	30.63013533464982
8.486660771022116	28.75635298641282
-5.086959545666787	15.182732669723919
-20.49910342369435	-0.22941120830364525
-41.88856856774396	-21.618876352353254
-29.117437174244287	-8.847744958853582
-14.956216899436868	5.313475315953838
-36.1327121517304	-15.863019936339697
-36.398879906678076	-16.12918769128737
-15.910258097391079	4.359434117999626
-4.429715072465797	15.839977142924909
-29.614230718920908	-9.344538503530202
-15.338473391768957	4.931218823621748
-47.67357654723196	-27.403884331841255
3.204089030777368	23.473781246168073
1.7177835003906239	21.98747571578133
-0.9904010549569193	19.279291160433786
-32.06791928919006	-11.798227073799353
-21.72162761078539	-1.4519353953946847
-26.211028305106765	-5.94133608971606
-6.5687773064043995	13.700914908986306
-17.36422031013967	2.9054719052510336
-2.4498484563580405	17.819843759032665
-20.378487085420375	-0.10879487002966926
41.53346418817205	61.80315640356275
-5.9113244619427405	14.358367753447965
4.893726838906559	25.163419054297265
-2.063457354429147	18.20623486096156
21.70332472245468	41.97301693784539
13.511092416513975	33.78078463190468
-7.621768192321497	12.647924023069208
-24.07411922580536	-3.8044270104146563
-36.891675073790566	-16.62198285839986
6.978263132602706	27.24795534799341
-43.903961071328695	-23.63426885593799
-3.740751165946449	16.528941049444256
-21.708960979295398	-1.4392687639046926
-7.817200353127873	12.452491862262832
-52.84969972720751	-32.5800075118168
-47.58550617292963	-27.31581395753892
2.0767396957755864	22.34643191116629
-53.720685270650165	-33.45099305525946
-16.730153835282863	3.5395383801078424
-20.97622109800318	-0.7065288826124743
10.253641027267122	30.523333242657827
-12.50531322947677	7.764378985913936
-20.178496304483588	0.09119591090711765
34.64602123722693	54.91571345261764
-15.534361658434818	4.735330556955887
-19.7690790715194	0.5006131438713055
-69.8317337726537	-49.562041557263
-48.33039267318122	-28.060700457790517
-2.0418686631517176	18.227823552238988
-42.877969418440216	-22.60827720304951
-29.858831494892684	-9.589139279501978
-55.91766561756117	-35.647973402170464
-22.215127925612933	-1.9454357102222275
-69.29013136048775	-49.02043914509704
-2.550989820584391	17.718702394806314
14.389892617831038	34.65958483322174
40.763573489509554	61.03326570490026
-38.43993522173582	-18.170243006345117
-23.482076046165048	-3.2123838307743426
-27.067602709858647	-6.797910494467942
-35.84967805924566	-15.579985843854956
-69.26884785484322	-48.99915563945251
40.77185649897115	61.04154871436185
-32.36367305192721	-12.093980836536502
-39.08618773818921	-18.816495522798505
-15.377735333159535	4.89195688223117
-28.79755773312968	-8.527865517738974
-14.021456582376004	6.248235633014701
-16.877669471511354	3.3920227438793518
-23.92470313372064	-3.6550109183299355
-40.71317792025252	-20.443485704861814
-17.461386056812216	2.808306158578489
6.270819787584742	26.540512002975447
-46.01763590046062	-25.747943685069913
26.766452712073487	47.03614492746419
-4.30954013924088	15.960152076149825
-16.352798862752707	3.9168933526379988
-40.724917392936504	-20.4552251775458
-13.868489853476376	6.401202361914329
-36.82633705413059	-16.556644838739885
-19.165073215720213	1.1046189996704925
-7.575387788607941	12.694304426782764
-21.240891357176906	-0.9711991417862009
-53.61995477948835	-33.35026256409765
-33.86351812755197	-13.593825912161265
-8.402285540293406	11.8674066750973
6.1856341378381785	26.455326353228884
-62.88722606025726	-42.61753384486656
-16.120631679796816	4.14906053559389
-15.893306087635892	4.376386127754813
-19.010167209568635	1.25952500582207
-27.930448412828582	-7.660756197437877
-30.091424335338843	-9.821732119948138
0.8380577968575835	21.10775001224829
-2.0657009754420415	18.203991239948664
-19.6275408611898	0.6421513542009052
-21.858537530110652	-1.588845314719947
22.309573458574278	42.57926567396498
-25.207620689084024	-4.937928473693319
-22.401443881832847	-2.131751666442142
-54.6098592445112	-34.340167029120494
-16.522423575798484	3.747268639592221
-29.334894485093855	-9.06520226970315
-2.9285251652097486	17.341167050180957
-12.773375518262355	7.49631669712835
-34.071011974322346	-13.80131975893164
12.930425967680321	33.20011818307103
-0.9854643354108248	19.28422787997988
-14.296948276946523	5.972743938444182
-15.201359159857702	5.068333055533003
-11.437982071502802	8.831710143887904
-11.082431971901997	9.187260243488709
-21.4867962868218	-1.2171040714310948
-11.664561913078387	8.605130302312318
-5.456984537295966	14.812707678094739
14.097193722010388	34.36688593740109
4.609696805893009	24.879389021283714
-46.44789902917432	-26.178206813783618
-32.32979401555235	-12.060101800161647
-21.254466920093137	-0.9847747047024313
1.2457138841066353	21.51540609949734
23.543146234392452	43.81283844978316
-18.614840919580047	1.6548512958106585
-44.16088909160203	-23.891196876211325
-39.75262717619512	-19.482934960804414
-19.407968264384863	0.8617239510058425
-24.666842783239872	-4.397150567849167
8.476542014084089	28.746234229474794
-25.542262532943596	-5.272570317552891
-44.79485783364248	-24.525165618251776
-82.06928381387002	-61.79959159847931
-58.99627646964541	-38.7265842542547
-27.108710986189863	-6.839018770799157
-69.08293439529984	-48.81324217990914
-41.584811812491125	-21.31511959710042
-46.03897623018452	-25.76928401479381
-26.18745617426498	-5.917763958874275
-22.896519285822023	-2.626827070431318
-51.31830178769337	-31.048609572302666
-5.424821913263031	14.844870302127674
-28.42708780749558	-8.157395592104876
-94.8664715894181	-74.59677937402739
-16.035156256656364	4.234535958734341
-36.935711561810194	-16.66601934641949
-58.16213579926148	-37.89244358387077
6.278679426622375	26.54837164201308
-13.914161562998515	6.35553065239219
-7.624339581138656	12.645352634252049
-20.49352544225144	-0.2238332268607337
-20.26761847785997	0.0020737375307362527
-37.20896817635253	-16.939275960961822
-16.57070616497981	3.6989860504108947
-22.975580790595586	-2.705888575204881
1.8468587569743704	22.116550972365076
-25.93296373375665	-5.663271518365946
-39.575858045681116	-19.30616583029041
-64.99013440992599	-44.72044219453528
-5.6207085554403875	14.648983659950318
-20.249590272744854	0.020101942645851523
-30.762489877749204	-10.492797662358498
-38.136236875134955	-17.86654465974425
-30.896231327895975	-10.62653911250527
-23.08876900790233	-2.8190767925116234
7.926610948730058	28.196303164120764
-49.020361668189025	-28.75066945279832
-17.326718942050093	2.9429732733406126
-23.509952802813814	-3.2402605874231085
4.9458134705867	25.215505685977405
-44.37705698169043	-24.107364766299725
0.5875678119857639	20.85726002737647
-29.91344703529353	-9.643754819902824
-0.8353310697627876	19.434361145627918
-23.72042576240233	-3.450733547011623
-17.56813057156137	2.7015616438293364
-17.394325811553017	2.8753664038376883
-34.20981157226811	-13.940119356877403
-22.53604425721892	-2.2663520418282133
-30.427059305677858	-10.157367090287153
-39.95608873492779	-19.686396519537084
-40.43131325023455	-20.161621034843847
-20.761286251907904	-0.49159403651719913
-24.66209665315432	-4.392404437763616
5.2031639179997455	25.47285613339045
-26.923606087707185	-6.65391387231648
30.77727607478414	51.046968290174846
32.0682088022088	52.337901017599506
-33.68496298317655	-13.415270767785842
-43.84489088487203	-23.575198669481324
-36.031394211712495	-15.76170199632179
28.928606408976748	49.19829862436745
-47.98300632004134	-27.713314104650635
-50.06832418790759	-29.798631972516887
-33.428840895436906	-13.1591486800462
12.310436372799131	32.58012858818984
-2.5361444861835025	17.733547729207203
7.1110838476245135	27.38077606301522
28.6074107879042	48.877103003294906
-6.197393793778929	14.072298421611777
-36.95664135831498	-16.686949142924277
-42.29905828813821	-22.029366072747507
-17.305771495701947	2.9639207196887583
-13.026986091360186	7.242706124030519
-15.511402030263298	4.758290185127407
-25.57101652988672	-5.301324314496014
0.5137198125969462	20.78341202798765
-61.13128196520006	-40.861589749809355
-44.188050205650825	-23.91835799026012
-2.7172919317879405	17.552400283602765
-25.451763375799374	-5.182071160408668
-38.49311723359892	-18.223425018208218
-22.38861325458015	-2.118921039189445
-28.71221326079717	-8.442521045406465
-37.7048635779563	-17.435171362565598
1.39488935081431	21.664581566205015
18.796016844085216	39.06570905947592
-0.9961168539800838	19.27357536141062
-17.27482823319474	2.994863982195966
-50.93059455392972	-30.660902338539017
-17.3004576054434	2.969234609947307
-29.263300455283343	-8.993608239892637
-13.301266185727172	6.968426029663533
-11.046761623953671	9.222930591437034
-15.182264884896313	5.087427330494393
30.311469435991285	50.58116165138199
-7.230597210835867	13.039095004554838
17.628628047686334	37.89832026307704
-29.737705528960532	-9.468013313569827
-23.58819790027951	-3.3185056848888053
-58.46539627227207	-38.19570405688137
-23.06723100574777	-2.7975387903570663
-4.636332240878573	15.633359974512132
-0.4226053754016448	19.84708683998906
-12.213717944562404	8.055974270828301
2.224160014398194	22.4938522297889
-9.64354931367302	10.626142901717685
-16.264449991248284	4.005242224142421
-26.632502958926807	-6.362810743536102
-12.402429772328787	7.867262443061918
12.153011577736152	32.42270379312686
-17.681385462687786	2.5883067527029198
-19.41998288791251	0.8497093274781946
-20.861896703535194	-0.592204488144489
-59.500527050585106	-39.2308348351944
-29.101834363761327	-8.832142148370622
-0.07061261531521268	20.199079600075493
-31.597070152077094	-11.32737793668639
4.973868046313555	25.24356026170426
7.571511913768745	27.84120412915945
7.1499153039851535	27.41960751937586
-46.34711322283579	-26.077421007445082
-12.627683964171183	7.642008251219522
-5.398117482566477	14.871574732824229
-29.24221665949767	-8.972524444106966
-50.46113483989643	-30.191442624505726
-18.905053351007837	1.3646388643828686
9.85278822546502	30.122480440855725
0.2536697694824852	20.52336198487319
-0.49720009785119146	19.772492117539514
-8.472464586978049	11.797227628412656
-0.13076426239308603	20.13892795299762
-36.5654594725263	-16.295767257135594
-41.18340264804169	-20.913710432650987
9.139892074957288	29.409584290347993
6.952874970863604	27.22256718625431
-22.87645327298992	-2.606761057599215
-42.9294687960562	-22.659776580665493
-27.646795068480742	-7.377102853090037
-25.86069974223824	-5.591007526847534
-25.722422465033333	-5.452730249642627
-40.41615721119774	-20.146464995807037
-38.32876648031265	-18.059074264921946
-30.63627029401573	-10.366578078625025
-38.27903152639078	-18.009339311000076
-39.56880805841388	-19.299115843023174
-56.885276076520995	-36.61558386113029
-27.812970258752785	-7.543278043362079
-19.92718729469084	0.3425049206998665
-2.547399722846194	17.72229249254451
-33.42395004684545	-13.154257831454743
-30.832334962781488	-10.562642747390782
-25.570091555672434	-5.300399340281729
-44.642902020036445	-24.37320980464574
-65.78469508798185	-45.51500287259114
7.303183982942983	27.572876198333688
-13.100825125401343	7.168867089989362
-14.068948724007669	6.200743491383037
25.33353327192276	45.603225487313466
-22.333119435664003	-2.0634272202732973
-15.312379431349427	4.957312784041278
-42.87965935515854	-22.609967139767832
12.05767335900714	32.327365574397845
-46.726200858559196	-26.45650864316849
-40.90272171772699	-20.633029502336285
-66.6360396897278	-46.36634747433709
-33.71540745984271	-13.445715244452003
-25.15299742729144	-4.883305211900733
-32.182009034024986	-11.912316818634281
-20.445824981775104	-0.17613276638439856
-5.108715183471531	15.160977031919174
-47.84466047103956	-27.574968255648855
-34.02186209792012	-13.752169882529415
0.5695244767496206	20.839216692140326
12.177940173403158	32.44763238879386
5.823211777934603	26.092903993325308
-60.039926991585844	-39.77023477619514
-24.36784985299778	-4.098157637607073
0.9864298008990318	21.256122016289737
13.88854649756945	34.158238712960156
-37.16206974698321	-16.8923775315925
-15.14637184171329	5.123320373677416
-9.733610613990777	10.536081601399928
-36.21356392354096	-15.943871708150255
-16.1945177077057	4.075174507685006
-29.358548945738903	-9.088856730348198
-21.15093369047713	-0.8812414750864264
-37.70557434904072	-17.43588213365001
-41.79186281412581	-21.5221705987351
-70.7207675220186	-50.4510753066279
-36.36188432203812	-16.092192106647417
-13.555577355108426	6.7141148602822796
-24.188365145781745	-3.9186729303910397
-50.86979867600053	-30.600106460609823
-34.77207414563486	-14.502381930244155
-40.530756434388195	-20.26106421899749
-37.4742810774394	-17.204588862048695
12.63464829294503	32.904340508335736
-36.41761760115946	-16.147925385768758
-19.300577567649043	0.9691146477416623
-14.109205155392146	6.160487059998559
-10.950713346092698	9.318978869298007
7.768251732407634	28.03794394779834
-21.23660213583821	-0.966909920447506
-25.460310909568534	-5.190618694177829
24.101941131180183	44.37163334657089
-0.7023252092101302	19.567367006180575
15.199228193648423	35.46892040903913
-4.942745897182931	15.326946318207774
-9.465657265382788	10.804034950007917
-4.263063553275742	16.006628662114963
4.321885539663754	24.59157775505446
9.0440182578252	29.313710473215906
-49.645699580424434	-29.37600736503373
-10.82721911506701	9.442473100323696
-16.18496494721944	4.084727268171264
-13.69620683127755	6.573485384113155
-38.067136770687966	-17.79744455529726
-60.69448475888089	-40.424792543490184
-59.09923990142738	-38.829547686036676
23.796989169416747	44.06668138480745
-40.84703953540043	-20.57734732000972
-40.39940289600668	-20.129710680615972
2.9316499700737495	23.201342185464455
-20.37477626976647	-0.10508405437576585
-15.067569802361277	5.202122413029429
-74.59327092844501	-54.3235787130543
-20.649446671296346	-0.3797544559056405
-9.270287507525381	10.999404707865324
-33.34354501941448	-13.073852804023772
-21.92743866368869	-1.657746448297985
-6.944749447537788	13.324942767852917
-6.198325881813389	14.071366333577316
-14.240907208374438	6.028785007016268
-29.62328718070671	-9.353594965316006
-8.01012542505373	12.259566790336976
-5.167035389654075	15.10265682573663
-32.47677188373086	-12.207079668340157
-63.60243832259471	-43.332746107204
-18.87360952744234	1.3960826879483648
-42.27351779408377	-22.003825578693068
-25.20483769548332	-4.935145480092615
-11.171790135492074	9.097902079898631
9.926943970736147	30.196636186126852
15.80130901625057	36.071001231641276
-33.5425516598541	-13.272859444463393
1.240322294187763	21.51001450957847
-30.36135605800405	-10.091663842613343
-37.58329701408252	-17.313604798691813
-15.069922408575394	5.199769806815311
-23.52919851137881	-3.2595062959881034
-9.137734571230567	11.131957644160138
-71.12940034144299	-50.85970812605228
26.98241531424833	47.252107529639034
-22.746504392466477	-2.4768121770757716
-47.12865755880807	-26.858965343417367
-0.5489317808739997	19.720760434516706
-24.10395549117561	-3.834263275784906
-37.79085433969772	-17.52116212430701
-16.238828711872657	4.030863503518049
6.062096702030658	26.331788917421363
-22.783070155090854	-2.513377939700149
-6.980329830598521	13.289362384792184
-23.471299490737465	-3.2016072753467597
-36.756304510336804	-16.4866122949461
-34.77756145697526	-14.507869241584558
22.091166518607906	42.36085873399861
-56.17006676366759	-35.900374548276886
-11.684119250180402	8.585572965210304
-21.014408636771577	-0.7447164213808719
-32.722719002885015	-12.45302678749431
-43.69012088604245	-23.420428670651745
-18.894095585993227	1.375596629397478
-31.310113301259435	-11.04042108586873
-22.135310995209466	-1.8656187798187602
-40.33263438569588	-20.062942170305178
3.986531939540555	24.25622415493126
-25.434292237033105	-5.1646000216424
-50.26399462736185	-29.994302411971148
-33.83069385252634	-13.561001637135632
5.397537159509056	25.66722937489976
-1.936173099812322	18.333519115578383
-46.775927795438065	-26.50623558004736
-41.99426347655276	-21.724571261162055
-25.848370878162996	-5.57867866277229
-28.455462123753705	-8.185769908363
-51.59776761437274	-31.328075398982037
-23.821825581099574	-3.552133365708869
-2.037613136103346	18.23207907928736
-29.256192739753487	-8.986500524362782
-2.3360627851423033	17.933629430248402
-19.946289749574817	0.3234024658158887
29.69001141319427	49.959703628584975
-40.601288087075545	-20.33159587168484
-53.4904383762248	-33.220746160834096
1.879389973831394	22.1490821892221
-31.318050152351816	-11.04835793696111
-4.269949366213723	15.999742849176982
29.309477471289256	49.57916968667996
-8.92400176708793	11.345690448302776
-27.94409938228523	-7.674407166894525
-35.60229843772572	-15.332606222335016
-12.70483504461913	7.564857170771575
-2.530867241576516	17.73882497381419
-60.70420394222924	-40.43451172683854
-32.75279161574758	-12.483099400356878
-22.810094922452436	-2.5404027070617303
-2.1089985959613387	18.160693619429367
-16.406216821537555	3.8634753938531503
-44.00171188529089	-23.732019669900183
-1.67862622476855	18.591065990622155
-14.323085295377268	5.946606920013437
-13.068216291684394	7.201475923706312
-45.35864670463229	-25.088954489241587
-27.408766447994594	-7.139074232603889
-17.77339063589784	2.496301579492865
-47.92093941757662	-27.651247202185914
-39.90872717479101	-19.639034959400306
-8.719719827254039	11.549972388136666
-1.1571241599656332	19.112568055425072
-29.226123728868288	-8.956431513477582
-13.353258626730849	6.9164335886598565
-49.19901124748026	-28.929319032089552
2.777841713171483	23.04753392856219
-2.339398454517095	17.93029376087361
-4.103146483211049	16.166545732179657
-19.22609490548234	1.043597309908364
-4.434268553441825	15.83542366194888
-45.04378471094856	-24.774092495557852
10.393688688878001	30.663380904268706
-41.13237958300192	-20.862687367611215
-5.415533920566986	14.85415829482372
-48.62744393095522	-28.35775171556452
2.401779872344605	22.67147208773531
-68.81580182527864	-48.546109609887935
18.50042245066402	38.770114666054724
30.595034837294634	50.86472705268534
-19.528842533348097	0.740849682042608
-38.10467571693039	-17.834983501539682
-8.126165666332554	12.143526549058151
-23.904973149320313	-3.6352809339296073
-35.96522890368101	-15.695536688290304
-8.689002486985146	11.58068972840556
3.5307762173845276	23.800468432775233
0.5993857880323503	20.869078003423056
7.106726171631863	27.376418387022568
-18.61622976484682	1.6534624505438842
-29.954410423647232	-9.684718208256527
-32.41714382741225	-12.147451612021541
-19.24723130070811	1.022460914682597
-15.708073952838049	4.561618262552656
-13.223731789380281	7.045960426010424
5.571951601109731	25.841643816500437
-19.111700051979597	1.1579921634111088
-36.04388654018726	-15.774194324796554
-39.17266830699259	-18.902976091601886
-11.783445596861156	8.486246618529549
-30.34129555307186	-10.071603337681154
-9.928316599913842	10.341375615476863
-49.18121623856746	-28.911524023176753
-53.27970492003692	-33.010012704646215
-25.986704658650297	-5.717012443259591
-38.44477425520631	-18.175082039815607
-5.3773044699253205	14.892387745465385
-45.66929761788083	-25.399605402490124
6.021099737562736	26.29079195295344
-44.05154376099267	-23.781851545601967
-22.303350392982566	-2.0336581775918603
15.138903981112207	35.40859619650291
