Hf	deltaHf ref=-350.0508511879225
-347.18516010635994	2.865691081562545
-343.6933132125914	6.35753797533107
-356.22103950019573	-6.17018831227324
-337.76968069254417	12.28117049537832
-362.3892860955302	-12.338434907607734
-359.2699083003017	-9.219057112379232
-333.4394021386315	16.611449049290968
-360.3437382995826	-10.292887111660093
-378.9469660395325	-28.896114851610037
-394.00761188027445	-43.95676069235196
-345.4386133059079	4.612237882014597
-376.49478303663545	-26.443931848712964
-365.100879479628	-15.05002829170553
-308.1150925346219	41.93575865330058
-353.491112273382	-3.440261085459497
-347.9676095020177	2.0832416859047953
-372.2985629446257	-22.24771175670321
-381.85370937815514	-31.802858190232655
-351.3042440597119	-1.2533928717894014
-368.8982559848728	-18.847404796950286
-351.14550296978905	-1.0946517818665598
-374.3519909748784	-24.3011397869559
-354.5872039534652	-4.536352765542688
-362.6560387964919	-12.605187608569395
-371.2581728392315	-21.20732165130903
-361.66904427526515	-11.61819308734266
-320.84801069573496	29.202840492187534
-305.1381956454925	44.91265554243
-350.6587438686902	-0.6078926807676908
-338.03473976483565	12.01611142308684
-290.81906160106064	59.23178958686185
-387.9726415135001	-37.921790325577604
-360.4287753091112	-10.377924121188698
-332.92940162822833	17.121449559694156
-354.98875264656726	-4.937901458644774
-370.5793177345977	-20.52846654667519
-366.9288559846382	-16.878004796715686
-328.3842973702913	21.66655381763121
-371.9372080094972	-21.886356821574736
-388.8289496137213	-38.77809842579882
-336.8303586753527	13.220492512569763
-366.2803226350434	-16.229471447120886
-320.90764015798686	29.143211029935628
-358.3279174057161	-8.277066217793617
-348.1202259900374	1.9306251978850923
-332.5184185947501	17.532432593172416
-350.84482353296244	-0.793972345039947
-334.0234820781252	16.02736910979729
-385.7459329586045	-35.69508177068201
-353.1203174451575	-3.0694662572350353
-352.6359671430755	-2.5851159551530145
-347.4642037613294	2.5866474265931174
-367.47668375533885	-17.425832567416364
-359.7033567991957	-9.652505611273227
-360.52245443086485	-10.471603242942365
-351.54677929804075	-1.4959281101182569
-371.96426924756724	-21.913418059644755
-330.4934552779805	19.557395909941988
-339.3623389710183	10.6885122169042
-368.76282022764553	-18.711969039723044
-336.99766614514283	13.05318504277966
-312.03007569754027	38.02077549038222
-367.9218048777466	-17.87095368982409
-370.4405253742507	-20.389674186328193
-355.45076534180316	-5.3999141538806725
-333.43846295179446	16.612388236128027
-395.1682776633452	-45.11742647542269
-380.71081183084516	-30.65996064292267
-337.3972139969328	12.653637190989684
-305.82965509944825	44.221196088474244
-375.13441182031875	-25.083560632396257
-343.5844952798134	6.466355908109108
-337.0790732917585	12.971777896163985
-363.75968163299603	-13.708830445073545
-364.4434598241269	-14.392608636204386
-353.083438535009	-3.032587347086519
-334.1488723213761	15.901978866546415
-312.14929003683847	37.901561151084024
-344.2290839967236	5.821767191198887
-359.17006220498934	-9.119211017066846
-341.1852910887601	8.865560099162394
-377.8084547876706	-27.75760359974811
-390.07820050021746	-40.02734931229497
-359.5996186924376	-9.548767504515126
-352.45411326968224	-2.403262081759749
-362.8652446989645	-12.814393511041999
-340.95975849945444	9.091092688468052
-368.64608947038414	-18.59523828246165
-336.1829192424402	13.867931945482269
-365.7072888706962	-15.656437682773685
-358.4761575481307	-8.425306360208197
-308.9371818067366	41.1136693811859
-360.63923988755323	-10.588388699630741
-335.6542732403823	14.396577947540209
-327.7167195165157	22.334131671406794
-386.9343486012576	-36.883497413335135
-338.16517546597515	11.885675721947337
-327.9969928173441	22.053858370578382
-348.66678516408774	1.3840660238347482
-325.6383229812991	24.412528206623392
-382.017421798947	-31.96657061102451
-322.74108488443653	27.309766303485958
-359.09284311366264	-9.041991925740149
-348.9667132472596	1.084137940662913
-317.4683016377594	32.582549550163094
-356.46510075645983	-6.414249568537343
-388.7725254512543	-38.721674263331806
-328.23749366428	21.81335752364248
-357.7146682449884	-7.6638170570658986
-349.5404085653636	0.5104426225589123
-395.98827254218395	-45.93742135426146
-324.2929528980085	25.75789828991401
-379.2766834650456	-29.225832277123118
-345.8587997079512	4.192051479971269
-354.3893321029527	-4.338480915030232
-335.6305707283527	14.420280459569767
-378.2071374243451	-28.156286236422602
-325.2006891356059	24.85016205231659
-356.86040208639224	-6.809550898469752
-369.27654563384476	-19.225694445922272
-352.0937104149989	-2.0428592270764057
-335.29977653946025	14.751074648462236
-359.3077098547865	-9.256858666863991
-340.0817626572889	9.969088530633599
-376.90087147635404	-26.85002028843155
-380.52989006297776	-30.479038875055267
-341.16465721045734	8.886193977465155
-363.3532104547694	-13.302359266846906
-362.0856317327043	-12.034780544781825
-335.79556125279396	14.25528993512853
-346.18373818619057	3.867113001731923
-297.1871808843489	52.8636703035736
-361.69535966947205	-11.644508481549565
-339.9195581209997	10.131293066922808
-339.68613744537925	10.364713742543245
-387.50471501691845	-37.453863828995964
-362.20771976617743	-12.156868578254944
-349.0959113321069	0.9549398558156099
-364.94470543567786	-14.893854247755371
-362.90990677443097	-12.859055586508475
-341.9115942630078	8.139256924914662
-365.04444644619707	-14.993595258274581
-356.93249279565407	-6.881641607731581
-359.6096480745391	-9.55879688661662
-370.0302231849846	-19.979371997062117
-391.0235361814184	-40.97268499349593
-380.7328029777773	-30.681951789854793
-334.8231163414521	15.227734846470412
-361.6985905299871	-11.647739342064597
-393.4221192340692	-43.371268046146724
-356.39530137585007	-6.344450187927578
-336.7319956546917	13.318855533230817
-336.40675612081304	13.644095067109447
-325.13367091598684	24.91718027193565
-381.8045722215238	-31.753721033601323
-367.982679225991	-17.93182803806849
-357.0812968808086	-7.030445692886133
-353.8220295562269	-3.7711783683043905
-337.0958391382801	12.955012049642392
-335.1116657413868	14.939185446535703
-362.6244428251439	-12.573591637221398
-374.84755532285544	-24.796704134932952
-331.08822698299537	18.962624204927124
-364.55003266675976	-14.499181478837272
-341.82989612040456	8.220955067517934
-353.8237159018381	-3.7728647139156237
-361.0791506798623	-11.028299491939833
-363.0879723552416	-13.037121167319128
-372.6195826409303	-22.568731453007786
-353.82467151540095	-3.773820327478461
-328.12229909621874	21.92855209170375
-337.84346977282894	12.20738141509355
-372.0742124884773	-22.023361300554825
-359.75789800075927	-9.70704681283678
-328.27436127323654	21.776489914685953
-346.9649588641978	3.0858923237246927
-342.359034048618	7.691817139304476
-341.6647937318694	8.386057456053095
-345.0023277156788	5.048523472243687
-337.04157470913833	13.009276478784159
-341.2321702883555	8.81868089956697
-364.9404431759531	-14.889591988030588
-316.64030845136494	33.410542736557545
-325.10758364423873	24.94326754368376
-334.9125084975303	15.138342690392165
-343.13805631369814	6.912794874224346
-363.37497184654694	-13.324120658624452
-344.59111466161903	5.459736526303459
-346.24714164373927	3.8037095441832207
-341.45808402613966	8.592767161782831
-330.1176354895206	19.93321569840191
-374.60405428572903	-24.553203097806545
-381.01596024165974	-30.96510905373725
-329.7876051189878	20.263246068934677
-386.4068906834791	-36.356039495556615
-362.0898158355476	-12.038964647625107
-326.52847446110445	23.522376726818038
-327.2200147784233	22.83083640949917
-350.13344781053365	-0.08259662261116318
-360.3879775116138	-10.337126323691336
-343.148229950536	6.902621237386484
-355.6204401065106	-5.569588918588124
-354.32859708187516	-4.27774589395267
-340.3317335458041	9.719117642118363
-342.25725873491956	7.79359245300293
-348.80646784652254	1.2443833413999528
-326.8063451475673	23.24450604035519
-350.5663820730906	-0.5155308851681184
-369.84112930003084	-19.790278112108354
-361.18491973954133	-11.134068551618839
-353.02113609864955	-2.9702849107270595
-351.5106151352438	-1.4597639473213349
-320.1699181951617	29.88093299276079
-354.5207006764458	-4.469849488523323
-362.5605455481773	-12.509694360254798
-349.66364221492313	0.3872089729993604
-356.68668116156823	-6.635829973645741
-350.76245051883507	-0.711599330912577
-370.2594603414973	-20.2086091535748
-341.72996407088704	8.320887117035454
-352.58595642306955	-2.535105235147057
-339.1990253645845	10.851825823338004
-404.5586877850792	-54.50783659715671
-341.737605300229	8.313245887693483
-342.00063594502626	8.050215242896229
-342.11484249840487	7.936008689517621
-368.735260421955	-18.6844092340325
-333.5831602860335	16.467690901889
-367.30855049945876	-17.25769931153627
-359.0036316307587	-8.952780442836229
-361.2069953531236	-11.156144165201113
-342.0725759241823	7.9782752637402155
-382.88179323009444	-32.830942042171955
-350.88573774973975	-0.8348865618172567
-319.36411274724287	30.68673844067962
-345.4627684594225	4.588082728500012
-320.89506310543857	29.155788082483923
-380.15816326773256	-30.10731207981007
-378.10582956798953	-28.05497838006704
-348.40828811035954	1.6425630775629543
-357.26315191480444	-7.212300726881949
-368.7078669903194	-18.657015802396927
-337.98787048004215	12.062980707880342
-347.9218477495806	2.129003438341897
-332.19033259900516	17.86051858891733
-357.7459921872569	-7.695140999334399
-323.98229476532197	26.068556422600523
-337.7585540682112	12.292297119711293
-380.2679916624538	-30.217140474531334
-342.0286846928857	8.0221664950368
-372.5421396405354	-22.491288452612935
-343.30219387675515	6.748657311167335
-324.76224950673986	25.288601681182627
-371.9088122068997	-21.85796101897722
-369.6272396273771	-19.576388439454604
-340.72532934022365	9.325521847698838
-350.0947801640641	-0.04392897614161484
-354.466396207069	-4.415545019146521
-353.8645368520729	-3.8136856641503982
-341.7409510774223	8.309900110500166
-332.08066374307145	17.970187444851035
-357.02403207995576	-6.97318089203327
-330.53897707666965	19.511874111252837
-353.13589206692177	-3.08504087899928
-341.01096157935444	9.039889608568046
-331.26311365453057	18.78773753339192
-361.74128958771234	-11.690438399789855
-366.16577491905537	-16.114923731132876
-357.68174715697296	-7.630895969050471
-342.0126097574166	8.038241430505877
-325.5717241643497	24.4791270235728
-374.5148225100047	-24.463971322082216
-383.8163464529998	-33.765495265077334
-364.1246177813364	-14.073766593413893
-350.8564503629377	-0.8055991750152316
-357.3893834115506	-7.338532223628135
-323.16335908983365	26.887492098088842
-366.0149370424251	-15.964085854502628
-351.9769581263163	-1.9261069383937865
-367.12485084018317	-17.07399965226068
-375.7168946247466	-25.66604343682411
-354.6309741205978	-4.580122932675295
-400.81067033844647	-50.75981915052398
-364.6846446065674	-14.633793418644927
-342.5009173011267	7.54993388679577
-323.65770176541173	26.39314942251076
-326.84032517289506	23.210526015027426
-339.2533131452428	10.797538042679662
-391.81959806605937	-41.76874687813688
-335.7339045323233	14.316946655599168
-360.27026114804085	-10.219409960118355
-351.3329642187082	-1.2821130307856947
-332.72480572738914	17.32604546053335
-364.05524859154593	-14.004397403623443
-338.40716359743146	11.643687590491027
-337.33889580048617	12.71195538743632
-383.69265475001066	-33.64180356208817
-319.8840034144732	30.166847773449263
-349.56667415299216	0.48417703493032604
-347.18086926128944	2.869981926633045
-360.99917989441656	-10.948328706494067
-395.39282419269784	-45.341973004775355
-335.87241173898565	14.178439448936842
-330.3686149691557	19.682236218766775
-376.7572504754562	-26.706399287533714
-345.6006408930034	4.4502102949190885
-336.0404921716754	14.010359016247094
-348.4371263832063	1.6137248047161847
-363.33970773772216	-13.288856549799675
-352.945842886219	-2.894991698296508
-338.5101548448356	11.540696343086893
-340.20770200588504	9.84314918203745
-383.4062511380098	-33.3553999500873
-372.6718611546012	-22.621009966678685
-333.35265024663295	16.698200941289542
-343.218037713631	6.83281347429147
-372.502441899348	-22.451590711425524
-344.56193179039747	5.488919397525024
-318.5623499743151	31.48850121360738
-351.40913803167405	-1.3582868437515572
-337.57848852225925	12.47236266566324
-343.4660056618659	6.584845526056597
-300.5269451807462	49.523906007176265
-347.29359573247257	2.757255455449922
-372.4485153728374	-22.397664184914902
-345.4745974666939	4.576253721228568
-360.4482879842608	-10.397436796338297
-337.96264545371287	12.088205734209623
-365.7853832927858	-15.73453210486332
-336.92343990896825	13.127411278954241
-381.0120824513933	-30.961231263470836
-337.60163736636514	12.44921382155735
-350.7774906528857	-0.7266394649632275
-366.68752187250993	-16.636670684587443
-363.2246463232941	-13.17379513537162
-364.00226260726686	-13.951411419344367
-337.17993004066284	12.87092114725965
-363.9220007911417	-13.871149603219237
-302.76280651101024	47.28804467691225
-344.39621598776193	5.6546352001605555
-341.1008762919146	8.949974896007916
-315.12372273852	34.92712844940252
-349.9831803205225	0.06767086740001105
-348.090255301292	1.9605958866304718
-373.00774149470726	-22.95689030678477
-346.02775134081367	4.023099847108824
-353.538533218255	-3.4876820303325076
-335.9788734515814	14.071977736341069
-387.58160160222087	-37.53075041429838
-340.6857376561302	9.365113531792304
-335.10915330555054	14.941697882371955
-332.37780395053323	17.673047237389255
-371.6233273825701	-21.572476194647606
-355.09365045962386	-5.042799271701369
-349.8883807731536	0.16247041476890445
-361.1873358655348	-11.136484677612316
-360.4014550263155	-10.350603838392999
-377.10806352589043	-27.05721233796794
-314.73550081188205	35.31535037604044
-370.9598991261655	-20.90904793824302
-368.2281007656047	-18.177249577682232
-355.885056349528	-5.834205161605496
-328.5768374337558	21.474013754166663
-362.2651500388083	-12.214298850885825
-335.68903989012233	14.361811297800159
-313.4010131068562	36.649838081066264
-362.51753550874764	-12.466684320825152
-330.1354643390432	19.91538684887928
-359.13762628783934	-9.08677509991685
-347.7127958566916	2.338055331230862
-353.85082330708155	-3.799972119159065
-360.3311721761338	-10.280320988211315
-380.12605091233036	-30.075199724407867
-348.89652697438487	1.1543242135376204
-330.8875947254919	19.16325646243058
-334.7798047401802	15.271046447742265
-309.7897507930966	40.26110039482592
-359.6162449391768	-9.565393751254305
-360.74859970327	-10.697748515347484
-343.3021625681349	6.748688619787572
-355.88620927888314	-5.8353580909606535
-356.8780973007297	-6.827246112807188
-340.39093753191173	9.659913656010758
-340.7794771331164	9.271374054806074
-369.13306372443094	-19.08221253650845
-354.0743011047807	-4.023449916858226
-342.1224417378753	7.928409450047184
-357.66955606394095	-7.618704876018455
-378.99267630054146	-28.94182511261897
-351.75164137846787	-1.7007901905453764
-345.1588207759987	4.89203041192377
-371.5571782952384	-21.506327107315883
-362.81006880429686	-12.759217616374372
-347.44724167702134	2.6036095109011512
-392.7844936642714	-42.733642476348905
-360.6229440382367	-10.57209285031422
-347.3016149600944	2.749236227828078
-350.3670185200381	-0.3161673321155831
-352.3767997688183	-2.3259485808957834
-358.36269864066617	-8.311847452743677
-331.39522552265316	18.655625665269326
-365.91546007719353	-15.86460888927104
-366.94244061526024	-16.89158942733775
-336.4816123257251	13.56923886219738
-347.43210233942136	2.618748848501127
-368.4023816966719	-18.35153050874942
-334.60423447543053	15.44661671249196
-334.8703022996988	15.180548888223711
-334.9474544025352	15.103396785387304
-363.49860213733973	-13.447750949417241
-344.819463357554	5.231387830368476
-367.0939660522772	-17.04311486435472
-362.58972930066284	-12.538878112740349
-339.9893987780297	10.061452409892809
-354.25848251443585	-4.207631326513365
-323.9896877266792	26.061163461243268
-356.016992701675	-5.966141513752518
-376.582420069396	-26.531568881473504
-312.0799545737309	37.97089661419159
-331.51021723334907	18.540633954573423
-321.4657118600944	28.585139327828074
-342.1045310639229	7.946320123999612
-342.3865800686099	7.664271119312616
-337.565656547863	12.48519464005949
-358.99780130464114	-8.946950116718654
-364.33580068896754	-14.284949501045048
-363.3263057023205	-13.275454514398007
-378.9285647456045	-28.877713557682
-388.189751743389	-38.138900555466535
-329.50869574856824	20.542155439354246
-352.15460203700695	-2.103750849084463
-353.97291978180056	-3.922068593878066
-344.7955761465046	5.255275041417917
-336.12726374933027	13.923587438592222
-381.5478940384555	-31.497042850533035
-338.58276497126553	11.468086216656957
-383.22399895445324	-33.17314776653075
-342.0603138157958	7.99053737212671
-360.012724676365	-9.961873488442507
-320.67266171899155	29.37818946893094
-372.3750014525349	-22.3241502646124
-356.53031557710256	-6.479464389180066
-366.44727909663106	-16.396427908708574
-349.73040328724073	0.32044790068175644
-375.15233891639855	-25.10148772847606
-371.25435666442263	-21.20350547650014
-318.93662232197585	31.114228865946643
-333.0216201755893	17.029231012333184
-337.17859360694183	12.872257580980659
-322.0123141517606	28.03853703616187
-349.0845664163562	0.9662847715662792
-335.8533565493335	14.197494638588978
-350.5874852045881	-0.53663401666563
-343.32986526190416	6.720985926018329
-348.1670900360832	1.8837611518392805
-353.40589568329506	-3.3550444953725673
-341.30228367208383	8.748567515838658
-374.88691629235745	-24.836065104434965
-356.3027093826304	-6.251858194707893
-344.71257234780114	5.3382788401213475
-346.43357958821343	3.6172715997090563
-353.04000076353896	-2.989149575616466
-324.75181492196043	25.29903626596206
-324.775888768133	25.274962419789517
-346.9887574364175	3.0620937515050173
-391.18201573643364	-41.13116454851115
-335.1895874129759	14.861263774946565
-350.2721883149561	-0.22133712703362107
-321.7546090319438	28.29624215597869
-325.77747834897946	24.273372838943033
-336.484530271372	13.566320916550467
-376.35777014947143	-26.306918961548945
-342.4934424547746	7.557408733147895
-364.727171196565	-14.676320008642506
-352.3443510980205	-2.293499910098035
-330.68771048846884	19.363140699453652
-363.97748701020373	-13.926635822281241
-324.9103976930119	25.140453494910616
-335.296138126424	14.754713061498478
-337.83533343538056	12.215517752541928
-348.8188578662148	1.231993321707705
-381.4934385173756	-31.44258732945309
-332.4812374278181	17.569613760104403
-372.81178952135724	-22.76093833343475
-361.94473507373823	-11.89388388581574
-362.0909973354637	-12.040146147541236
-361.58804409577624	-11.53719290785375
-351.19440774121085	-1.143556553288363
-344.8237626407854	5.2270885471371
-385.39208161312035	-35.341230425197864
-347.3116733089764	2.739177878946066
-367.6148246225994	-17.563973434676882
-341.8340629441582	8.216788243764313
-331.4316478978062	18.619203290116275
-354.7387456845818	-4.687894496659283
-395.5234664777154	-45.472615289792884
-354.8930709299666	-4.842219742044108
-356.5126610370853	-6.461809849162819
-351.6084961706283	-1.557644982705824
-337.0607042183028	12.990146969619673
-370.2263935134606	-20.175542325538117
-360.0170862773293	-9.966235089406837
-352.3989902987005	-2.3481391107779928
-359.3071412619238	-9.2562900740013
-360.7098868395469	-10.659035651624436
-338.983980056938	11.06687113098451
-344.6052818329399	5.445569354982581
-373.14319175926266	-23.092340571340173
-336.8449556436308	13.205895544291707
-357.19026253473476	-7.139411346812267
-361.29252569469736	-11.24167450677487
-307.006693091701	43.04415809622151
-343.7694904089358	6.281360778986709
-342.4781227852136	7.57272840270889
-338.7309056585864	11.31994552933611
-347.23320466360656	2.8176465243159328
-364.8656094381795	-14.814758250257
-367.1205285343085	-17.069677346386015
-356.7906859087734	-6.739834720850922
-328.63174809945394	21.419103088468546
-356.8936593972239	-6.842808209301438
-348.2050445363193	1.8458066516031977
-330.2926582408172	19.75819294710527
-357.55148907357125	-7.500637885648757
-362.1498131058679	-12.098961917945417
-354.2532804798311	-4.202429291908629
-329.64647811077066	20.40437307715183
-348.14157264393634	1.9092785439861473
-340.66048845191017	9.390362736012321
-348.57675116013615	1.474100027786335
-348.69794049613756	1.3529106917849276
-363.84471725526146	-13.793866067338968
-342.13424046624914	7.916610721673351
-350.973706512209	-0.9228553242865019
-350.7917288206727	-0.7408776327501982
-352.3707198799739	-2.3198686920513865
-344.25709827179435	5.793752916128142
-343.1160759247641	6.934775263158372
-352.0060048728692	-1.9551536849467084
-357.84427373904964	-7.793422551127151
-350.2384623804455	-0.18761119252303615
-320.70611008028845	29.344741107634036
-327.7920370520942	22.25881413582829
-361.9909926825703	-11.940141494647833
-367.4372314706188	-17.386380282696337
-364.53540412289203	-14.484552934969543
-357.6397356602165	-7.588884472294012
-348.2438293503574	1.8070218375651166
-371.4170258762815	-21.366174688359024
-388.68180696848776	-38.63095578056527
-332.23151984079504	17.819331347127445
-374.64870101337783	-24.59784982545534
-328.2562142209126	21.794636967009865
-340.4549623251578	9.595888862764696
-343.11036527269516	6.9404859152273275
-378.53285440414675	-28.482003216224257
-335.52034210113106	14.530509086791426
-374.1084538315108	-24.057602643588325
-327.33546450625636	22.715386681666132
-358.63555320881187	-8.584702020889381
-369.9322777646512	-19.8814265767287
-332.0993059091479	17.951545278774574
-335.01064231583496	15.040208872087533
-319.9538718032918	30.096979384630686
-350.41285644756044	-0.3620052596379537
-367.89951034462774	-17.848659156705253
-357.19798719637674	-7.147136008454254
-371.4179570962651	-21.367105908342637
-332.2268474675284	17.824003720394103
-331.2493278695829	18.801523318339605
-315.6509459822182	34.39990520570427
-351.3932519343425	-1.3424007464200258
-334.05835929322984	15.992491894692648
-395.7780943501193	-45.72724316219683
-383.59886208193257	-33.548010894010076
-323.32004059262454	26.730810595297953
-378.15277190700635	-28.101920719083864
-320.13726993681394	29.913581251108553
-359.3603404008527	-9.309489212930202
-333.8549567406508	16.195894447271712
-338.54157768683854	11.509273501083953
-350.4752600788697	-0.4244088909472339
-383.7454497438948	-33.694598555972334
-342.2888962021889	7.76195498573361
-349.532761639558	0.5180895483645145
-326.86579037593674	23.18506081198575
-343.39563866110166	6.655212526820833
-347.7601038062048	2.290747381717665
-357.77101031457187	-7.720159126649378
-352.0242717068095	-1.9734205188869964
-324.93064706160567	25.12020412631682
-344.37648443635317	5.674366751569323
-350.9849807164783	-0.9341295285557862
-328.73465144455895	21.31619974336354
-369.34663250936774	-19.295781321445247
-367.9483569090289	-17.897505721106427
-359.1918240118457	-9.14097282392322
-374.6809340933605	-24.63008290543803
-355.02035364778476	-4.9695024598622695
-343.96304820864225	6.087802979280241
-378.6208646981022	-28.570013510179706
-331.44333027578887	18.607520912133623
-334.0173551294056	16.033496058516903
-323.012497413255	27.038353774667485
-393.0044517927663	-42.953600604843814
-348.5786017327255	1.4722494551970158
-371.13261792301546	-21.08176673509297
-348.96057099912196	1.0902801888005342
-394.32541072216463	-44.274559534242144
-332.49308350038245	17.557767687540036
-368.7300261242699	-18.679174936347408
-312.52388299488575	37.52696819303674
-370.3469161639723	-20.29606497604982
-351.55024395745477	-1.4993927695322782
-345.51113191825334	4.539719269669149
-334.19583987638816	15.855011311534327
-340.6165616208373	9.434289567085216
-344.13335775746145	5.917493430461036
-339.1052936471742	10.945557540748268
-354.88591316562724	-4.835061977704754
-350.5473630342958	-0.49651184637332335
-375.85534077416287	-25.80448958624038
-394.21173068801636	-44.16087950009387
-338.90320990149394	11.147641286428552
-359.6824436084635	-9.631592420540983
-333.5959865659743	16.454864621948218
-324.8885519571113	25.162299230811186
-334.8127524511283	15.2380987367942
-342.707664045759	7.343187142163515
-326.2031533246836	23.847697863238864
-353.10504567735825	-3.0541944894357584
-388.4170840069919	-38.36623281906941
-382.3659112182422	-32.31506003031973
-400.320141360854	-50.269290172931505
-364.51026003341303	-14.459408845490543
-349.88241719046255	0.16843399745994247
-355.92426688051546	-5.873415692592971
-338.96264991981207	11.088201268110424
-330.9851918037375	19.065659384184983
-342.0772212575457	7.973629930376774
-371.1727425605268	-21.121891372604296
-333.8723313487926	16.178519839129876
-362.1084201683325	-12.057568980409997
-360.54815705588317	-10.497305867960677
-353.90554837704167	-3.854697189119179
-361.69712390790573	-11.646272719983244
-360.7700570934312	-10.719205905508716
-343.1592751327471	6.891576055175392
-337.9912372865283	12.059613901394187
-339.7193065735837	10.331544614338782
-354.4836898954154	-4.43283870749292
-371.2443301357189	-21.193478947796393
-353.9081256830168	-3.857274495094316
-337.39888239910124	12.65196878882125
-354.3189193121716	-4.268068124249112
-349.5996826894325	0.45116849849000573
-369.12761980093546	-19.076768613012973
-354.1901321578107	-4.139280969888205
-342.6286639274249	7.422187260497594
-349.73293524578094	0.3179159421415534
-370.06712578515635	-20.01627459723386
-367.97225124682063	-17.921400058898143
-377.07128641241343	-27.02043522449094
-365.4556915735802	-15.404840385657735
-360.54333815015616	-10.49248696223367
-354.43816862638687	-4.387317438464379
-359.75236215773384	-9.701510969811352
-375.6997189418971	-25.648867753974628
-355.9677429016656	-5.916891713743098
-325.39958668257805	24.651264505344443
-339.5639082204643	10.486942967458162
-323.809637655816	26.241213532106485
-351.53896306279694	-1.4881118748744484
-315.3039140488463	34.74693713907618
-331.7113472511328	18.339503936789697
-329.71294606324864	20.337905124673853
-354.2279844763898	-4.177133288467303
-365.4917184360884	-15.440867248165887
-317.1440141994017	32.90683698852081
-362.38113842126677	-12.33028723334428
-349.2274126657494	0.8234385221730918
-358.2239782534225	-8.173127065500012
-378.0796682542632	-28.028817066340707
-364.72549274970424	-14.674641561781755
-354.9438963040511	-4.893045116128633
-354.1462637454015	-4.095412557478994
-314.5451757736073	35.50567541431519
-336.12271484309804	13.928136344824452
-360.918789901064	-10.867938713141484
-332.42327690452566	17.627574283396825
-332.4930906133586	17.557760574563872
-358.856673371155	-8.805822183232522
-375.12832065315797	-25.07746946523548
-352.4009271481982	-2.350075960275717
-324.60940784730246	25.441443340620026
-345.79217702580263	4.25867416211986
-342.5478632322547	7.502987955667777
-366.11443005789533	-16.063578869972844
-368.89333528465704	-18.84248409673455
-336.42049122717344	13.630359960749047
-323.3929396157246	26.657911572197918
-334.86674476824464	15.184106419677846
-316.5993465179263	33.45150466999621
-368.89460747277826	-18.843756284855772
-366.28334557953985	-16.232494391617365
-375.5734324215073	-25.522581233584788
-353.489599764368	-3.438748576445505
-341.708082222488	8.342768965434516
-365.3765320713492	-15.325680883426685
-365.99261062606	-15.941759438137524
-367.6805255059362	-17.629674318013713
-320.3439292746398	29.706921913282713
-358.4587717241293	-8.407920536206802
-369.64588159709	-19.59503040916752
-339.5305061218014	10.520345066121081
-347.2730772813875	2.7777739065350033
-376.06002294050177	-26.009171752579277
-338.9882345814176	11.06261660650489
-367.0818878687778	-17.031036680855323
-356.32907611322935	-6.2782249253068585
-371.27709415033223	-21.226242962409742
-321.56287328356757	28.48797790435492
-344.53887700399264	5.511974183929851
-341.94533218288325	8.105519005039241
-365.3482724038977	-15.297421215975191
-343.4440224329801	6.6068287549423985
-325.7269598700432	24.323891317879315
-346.9159657597984	3.1348854281241074
-338.9452956185478	11.105555569374701
-328.73820841657925	21.312642771343235
-323.7720500783971	26.278801109525375
-330.118884425573	19.931966762349475
-363.832829973303	-13.781978785380488
-373.75940996733607	-23.70855877941358
-365.9406480307143	-15.889796842791839
-378.63696099511344	-28.58610980719095
-345.9499680439685	4.100883143953979
-317.10709516266706	32.943756025255425
-365.81998995891536	-15.769138770992868
-378.5188960028963	-28.468044814973837
-351.36866143804855	-1.3178102501260582
-346.3337361573567	3.7171150305657648
-343.0640844451473	6.986766742775217
-374.57107677662043	-24.52022558869794
-339.72476211954836	10.32608906837413
-330.4840915462619	19.56675964166061
-356.14068918898465	-6.089838001062162
-397.9009582575736	-47.85010706965113
-340.3718203313392	9.679030856583267
-362.9205480718729	-12.869696883950382
-364.4561408155341	-14.405289627611637
-326.892488743345	23.158362444577506
-342.3153406008123	7.735510587110184
-345.9777973609371	4.073053826985415
-366.5640705228934	-16.513219334970927
-350.5172039488889	-0.46635276096640155
-359.2469305905606	-9.196079402638134
-324.47567410117244	25.575177086750045
-322.8175260212365	27.233325166685972
-384.7557687260769	-34.704917538154405
-328.85891372686365	21.191937461058842
-338.1733313002542	11.877519887668313
-335.52617043881673	14.524680749105755
-363.7637839355657	-13.712932747643208
-307.0617196792364	42.989131508686114
-355.51552368012835	-5.464672492205864
-353.92560849137135	-3.8747573034488596
-376.0716307644825	-26.020779576560017
-350.19917363241893	-0.1483224444964435
-346.01078298844277	4.04006819947972
-330.58134178586533	19.469509402057156
-345.6668563990306	4.383994788891869
-325.03017193232427	25.020679255598225
-363.1528437738516	-13.10199258592911
-364.0146406599006	-13.963789471978089
-341.8664189200708	8.184432267851662
-352.1736509279499	-2.1227997400274035
-332.9385170537489	17.11233413417358
-334.6044306495378	15.4464205383847
-342.459400873041	7.591450314881513
-311.6169603606895	38.43389082723297
-335.2685753958858	14.782275792036671
-303.2174624189129	46.833388769009616
-351.83423534055237	-1.7833841526298784
-362.930257148334	-12.879405960411532
-347.1866393746377	2.8642118132847827
-355.303601390121	-5.252750202198513
-340.2006007077789	9.850250480143586
-341.9981296840915	8.05272150383098
-357.435296841918	-7.384445653995499
-379.1795615053479	-29.12871031742543
-348.6205202553456	1.4303309325769078
-370.1146083753474	-20.063757187424926
-329.3288584846223	20.721992703300202
-384.8702621823677	-34.81941099444521
-352.08363290354373	-2.0327817156212404
-380.3179761453566	-30.267124957434135
-358.6624561021081	-8.611604914185591
-373.29564924452916	-23.24479805660667
-324.7958162150089	25.255034972913563
-346.0877946493192	3.9630565386032686
-356.50518529482997	-6.454334106907481
-385.6246827809582	-35.57383159303572
-354.12728622473423	-4.076435036811745
-334.4195487552124	15.631302432710072
-356.29144036751586	-6.240589179593371
-358.3805630996567	-8.329711911734194
-340.64935082545617	9.401500362466322
-390.84424033067535	-40.79338914275286
-341.4535395714838	8.597311616438674
-326.414660074769	23.636191113153473
-377.0987092994246	-27.047858111502137
-336.5793015913141	13.471549596608384
-346.92166059821375	3.1291905897087418
-365.27614091303894	-15.225289725116454
-386.4219002092932	-36.37104902137071
-340.60461258209307	9.446238605829421
-313.90058776074784	36.15026342717465
-383.0937115583429	-33.042860370420385
-346.96541423370127	3.0854369542212225
-360.521462174881	-10.47061098695849
-372.3929562031908	-22.342105015268316
-349.18177365505016	0.8690775328723248
-340.6908454759023	9.360005712020211
-363.18516234173785	-13.13431115381536
-365.35144375263826	-15.300592564715771
-384.4502932042151	-34.399442016292596
-360.9336929899209	-10.882841801998438
-390.39843318834664	-40.347582000424154
-379.3603041926608	-29.309453004738316
-304.6361203513143	45.414730836608214
-346.05074379213966	4.000107395782834
-340.3252243231027	9.725626864819787
-348.0368022734101	2.0140489145123865
-370.2969620329013	-20.24611084497883
-325.8003324477386	24.250518740183907
-317.76472802471017	32.286123163212324
-335.5827501344238	14.468101053498685
-352.05993361048513	-2.009082422562642
-349.0098119824461	1.0410392054764088
-361.6913145259814	-11.640463338058908
-382.60502116614134	-32.55416997821885
-306.80954526660844	43.24130592131405
-360.169052279226	-10.11820109130349
-336.9990319607814	13.051819227141095
-357.3080542253656	-7.257203037443105
-358.24342077725214	-8.19256958932965
-342.73617043857575	7.314680749346735
-322.5443286498694	27.506522538053105
-363.02209672421213	-12.971245536289643
-347.0729463976086	2.9779047903139144
-369.2419549379474	-19.191103750024922
-364.83606522267564	-14.785214034753153
-344.8412043407652	5.209646847157273
-367.4333296521718	-17.38247846424929
-359.76480625836757	-9.713955070445081
-371.9818085138313	-21.93095732590882
-347.7325254980742	2.3183256898482796
-355.56477357885797	-5.513922390935477
-364.45771337777023	-14.406862189847743
-340.4462595829891	9.604591604933375
-337.59665915171263	12.45419203620986
-340.27187536787005	9.778975820052437
-349.7354083149612	0.3154428729612846
-364.1938621202926	-14.143010932370089
-361.2472186465957	-11.196367458673194
-328.3443135431362	21.706537644786295
-364.0874663369241	-14.036615149001591
-415.7637189408915	-65.71286775296903
-332.89808388766596	17.152767300256528
-346.8893426389177	3.161508549004793
-344.47156849700605	5.579282690916443
-371.1976410226698	-21.146789834747324
-349.17258474506434	0.8782664428581484
-334.73820568815336	15.312645499769133
-350.4503394003759	-0.39948821245343424
-354.4100015013746	-4.359150313452119
-344.0628356797015	5.988015508220997
-356.6247724175546	-6.573921229632106
-342.72205414951077	7.328797038411722
-340.2887200136529	9.762131174269598
-337.08223409952825	12.96861708839424
-360.0232041918998	-9.972353003977332
-330.1436969743145	19.90715421360801
-342.6552482789475	7.395602908974979
-352.6610550786345	-2.6102038907120004
-372.43053690704164	-22.379685719119152
-362.7362825834052	-12.685431395482738
-346.8296122911188	3.2212388968036976
-341.2681431703886	8.782708017533878
-363.2838115245022	-13.232960336579708
-322.9190570037672	27.131794184155297
-349.0508813148108	0.999969873111695
-334.08596147715343	15.964889710769057
-325.77900527064685	24.27184591727564
-374.37618495095285	-24.325333763030358
-339.21899431398833	10.831856873934157
-333.4367851246998	16.614066063222708
-339.45601563565197	10.594835552270524
-374.1946158165729	-24.143764628650388
-337.7386531017173	12.312198086205171
-361.74864213258024	-11.697790944657754
-348.161970936947	1.8888802509754896
-329.64061901080186	20.410232177120633
-331.9025038420432	18.1483473458793
-375.69626302224697	-25.645411834324477
-335.9270211115281	14.12383007639437
-345.9081531757465	4.14269801217597
-337.0862882475112	12.96456294041127
-369.26615696018325	-19.215305772260763
-372.94279756806554	-22.891946380143054
-331.52950704143495	18.521344146487536
-336.3777202650881	13.673130922834389
-357.4607818098948	-7.409930621972308
-336.0379120873322	14.012939100590302
-362.6955522730632	-12.644701085140696
-358.8998138557572	-8.848962667834712
-373.70335385659473	-23.65250266867224
-335.20587089953824	14.84498028838425
-358.58708627768556	-8.536235089763068
-360.18596558676563	-10.135114398843143
-373.69914878630425	-23.64829759838176
-361.10537429633314	-11.054523108410649
-326.90175459792135	23.149096590001136
-351.6722162788419	-1.6213650909194257
-339.56993352699556	10.480917660926934
-360.37141407469517	-10.320562886772677
-349.70694838093823	0.3439028069842607
-358.31623689293974	-8.265385705017252
-350.0351436303963	0.015707557526184246
-318.52893723660145	31.52191395132104
-333.9487227856798	16.10212840224267
-332.72519048657614	17.32566070134635
-350.0490439729974	0.0018072149250656366
-350.0789298374648	-0.028078649542294443
-343.0348362889117	7.01601489901077
-351.4555671341868	-1.4047159462643322
-347.07524882870257	2.97560235921992
-330.83834741490773	19.21250377301476
-342.3515921139542	7.699259073968278
-335.71061214309066	14.340239044831833
-308.8888563872233	41.161994800699176
-339.781739340272	10.269111847650493
-357.2299683880037	-7.179117200081237
-320.82375008009603	29.227101107826456
-377.1969815558905	-27.146130367968
-330.47843058380295	19.572420604119543
-316.8043167088972	33.246534479025286
-369.08211589050825	-19.03126470258576
-346.79218072312415	3.2586704647983424
-355.94241990255887	-5.891568714636378
-337.1964330977562	12.854418090166291
-362.70079249230093	-12.649941304378444
-357.54511547003403	-7.494264282111544
-388.68660106730295	-38.635749879380455
-343.6200880609895	6.430763126933016
-362.62572070056103	-12.574869512638543
-381.22090058516824	-31.170049397245748
-337.4660808738763	12.584770314046182
-355.1710992290673	-5.120248041144805
-357.1122710310656	-7.061419843143085
-356.2707442180463	-6.219893030123785
-353.0844298997172	-3.0335787117946893
-349.4975080469367	0.5533431409858167
-352.94295964179673	-2.8921084538742434
-369.403397990528	-19.352546802605502
-373.1139347754279	-23.06308358750539
-352.38218817984216	-2.3313369919196703
-379.4159874186071	-29.365136230684584
-360.183164251931	-10.132313064008486
-363.1215032102982	-13.070652022375725
-363.91880541229966	-13.867954224377172
-344.1956800542457	5.855171133676777
-350.4361744627158	-0.38532327479333617
-340.3409062649507	9.709944922971772
-364.41112317155694	-14.360271983634448
-346.3268647885625	3.723986399360001
-354.80651185727675	-4.755660669354256
-358.2324693176115	-8.181618129689014
-355.09676433793265	-5.045913150010165
-360.77207599864687	-10.72122481072438
-322.9815914677665	27.06925972015597
-351.52764662499885	-1.4767954370763618
-350.5485671592969	-0.4977159713744186
-350.4716479521803	-0.42079676425782964
-347.74407754569893	2.306773642223561
-359.86345862794315	-9.812607440020656
-366.35720371529806	-16.306352527375566
-320.8956623975164	29.1551887904061
-352.74968459948195	-2.6988334115594625
-345.09331874493273	4.957532442989759
-346.34135240932574	3.7094987785967533
-380.3224703722435	-30.271619184321025
-352.1002294594864	-2.04937827156391
-365.67568586049947	-15.62483467257698
-335.50621045557546	14.544640732347034
-352.7055041267804	-2.6546529388579074
-339.08408457456153	10.96676661336096
-359.37920479405784	-9.328353606135352
-363.0212663187913	-12.970415130868787
-373.4025880265608	-23.351736838638317
-370.6776693080237	-20.626818120101234
-394.300747613589	-44.24989642566652
-344.9172693367791	5.13358185114339
-377.15653776932504	-27.10568658140255
-338.4498270848044	11.601024103118107
-345.56780737401914	4.48304381390335
-338.74496905691103	11.305882131011458
-349.99775412494546	0.05309706297703087
-363.09956489962406	-13.048713711701566
-334.5019670330721	15.548884154850384
-325.31226723908094	24.73858394884155
-345.2931430785311	4.7577081093913876
-378.0137669798487	-27.962915791926207
-334.29215521524657	15.758695972675923
-354.88310815602654	-4.832256968104048
-344.80972407900026	5.241127108922228
-356.0677746094216	-6.0169234214990865
-360.93737167450945	-10.88652048658696
-376.0372933658573	-25.986442177934805
-341.12099535843936	8.929855829483131
-348.2681456907512	1.7827054971712641
-330.53845200279375	19.512399185128743
-337.6329040195769	12.417947168345563
-373.9396031178976	-23.888751929975115
-339.48578100589566	10.56507018202683
-392.0360526776558	-41.9852014897333
-355.0361080093635	-4.9852568214409985
-326.7538820519612	23.296969135961263
-358.55080909688604	-8.499957908963552
-377.0568772982433	-27.006026110320818
-333.2826949247019	16.76815626322059
-328.6436984973179	21.407152690604562
-356.1196020479174	-6.068750859994907
-364.6076612164534	-14.55681002853089
-328.448525609062	21.602325578860473
-366.03134734808464	-15.980496160162147
-389.91729384831615	-39.86644266039366
-378.38614468677315	-28.33529349885066
-334.9253569355269	15.125494252395583
-376.2958472290984	-26.24499604117591
-380.85623445963483	-30.805383271712344
-361.79518460679446	-11.744333418871975
-341.9077677536616	8.143083434260916
-323.53108507265915	26.519766115263337
-369.6795740880689	-19.628722900146386
-335.07702384556524	14.973827342357254
-390.7122921004984	-40.66144091257593
-337.7335627298662	12.317288458056282
-364.5012665348104	-14.450415346887894
-329.09126541765636	20.95958577026613
-339.6780093780462	10.372841809876263
-368.76679709529617	-18.71594590737368
-373.0570285647909	-23.006177376868436
-331.3157145852665	18.735136602655984
-334.78173144946686	15.269119738455629
-375.72655397757535	-25.67570278965286
-343.90322627824844	6.14762490967405
-359.9688288282696	-9.91797764034709
-335.67282111391887	14.378030074003618
-368.2639015548548	-18.213050366932293
-372.96171491231416	-22.910863724391675
-367.6639491156011	-17.61309792767861
-326.4888801708794	23.561971017043106
-369.6946927829913	-19.643841595068807
-353.9646310040762	-3.913779816153692
-341.1619288363063	8.888922351616202
-346.60997285300164	3.4408783349208534
-353.236409131051	-3.185557943128515
-335.5218676838185	14.528983504103962
-353.39347927527615	-3.34262808735366
-324.85837884392004	25.192472344002454
-346.97182460992826	3.0790265779942274
-379.76497683265825	-29.71412564473576
-371.8684238885098	-21.817572700587334
-362.78352351101694	-12.732672323094448
-345.2757837713207	4.775067416601814
-357.32793046105417	-7.277079273131676
-331.54699449167583	18.503856696246658
-358.1011706587078	-8.050319470785325
-353.4897020425624	-3.4388508546398953
-359.6596263276215	-9.608775139698992
-365.67893836035273	-15.628087172430241
-360.38039224160366	-10.329541053681169
-333.8511431772995	16.199708010623
-328.5701676672534	21.480683520669118
-363.02276455770243	-12.97191336977994
-356.82228862528336	-6.7714374373608734
-343.4548441791185	6.596007008804008
-346.02437796373033	4.026473224192159
-369.9769112431886	-19.926060055266134
-356.152540962873	-6.101689774950501
-344.19969921305074	5.851151974871755
-330.64448019247266	19.406370995449834
-340.7192742310499	9.331576956872595
-343.6618664642365	6.388984723686008
-341.27229038150745	8.778560806415044
-375.53093247210836	-25.48008128418587
-354.5370144151011	-4.486163227178622
-329.1235440132359	20.927307174686575
-336.7576599015947	13.293191286327783
-341.83094960587096	8.219901582051534
-360.55579171168847	-10.504940523765981
-362.74019643308475	-12.689345245162258
-347.61290538088997	2.43794580703252
-345.73429794736785	4.31655324055464
-379.1620594240294	-29.111208236106904
-377.3642922026256	-27.31344101470313
-331.4064206684916	18.644430519430898
-367.6336387588153	-17.582787570892833
-324.6060090909514	25.444842096971115
-392.21662555543935	-42.16577436751686
-363.6821507957857	-13.631299607863184
-355.1526265513303	-5.101775363407796
-347.10018316608966	2.9506680218328256
-333.6680764601251	16.38277472779737
-339.2060808867309	10.844770301191602
-376.4158564593736	-26.365005271451082
-344.64069232000384	5.410158867918653
-370.80582254740057	-20.754971359478077
-348.9802611247205	1.070590063201962
-325.90335427651644	24.14749691140605
-351.07018858749416	-1.0193373995716684
-355.27327259081994	-5.222421402897453
-402.1817073393531	-52.130856151430635
-341.1790468573081	8.871804330614395
-344.60554529472483	5.445305893197656
-397.4603113917319	-47.40946020380943
-357.72078999026326	-7.669938802340766
-336.70963662902705	13.341214558895444
-349.2004066454165	0.8504445425060112
-354.5281070103729	-4.477255822450388
-367.8867322539654	-17.83588106604293
-345.7547674655134	4.296083722409094
-338.7256114242982	11.325239763624268
-327.2067491389089	22.8441020490136
-368.5121703745308	-18.461319186608307
-353.2317997115524	-3.1809485236299224
-331.9321076895203	18.118743498402182
-364.4971166785317	-14.446265490609221
-349.13922887667195	0.9116223112505395
-348.9312513442919	1.1195998436305672
-346.97039132578993	3.0804598621325567
-319.66084795144616	30.390003236476332
-330.8841620644298	19.166689123492688
-356.3190453928755	-6.2681942049530335
-319.540709304295	30.51014188362751
-378.4977477163984	-28.446896528475918
-330.7806782554171	19.270172932505375
-329.24023007947017	20.810621108452324
-320.7108486535062	29.34000253441627
-338.38445792573384	11.666393262188649
-391.94651113659256	-41.89565994867007
-363.65491473068596	-13.60406354276347
-333.01509675039324	17.03575443752925
-381.70972819648796	-31.65887700856547
-368.18848797346345	-18.137636785540963
-338.48490424220563	11.56594694571686
-333.0424687123368	17.008382475585677
-304.64205271420997	45.40879847371252
-335.14512772935905	14.905723458563443
-352.61084060169287	-2.5599894137703814
-334.568861063678	15.481990124244476
-334.6256062703824	15.425244917540113
-350.52214809992347	-0.47129691200098023
-291.9879907963541	58.06286039156839
-367.59114795709957	-17.540296769177075
-329.54320038915375	20.507650798768736
-367.4956981360947	-17.4448469481722
-330.0368206972407	20.014030490681762
-322.6204955504718	27.430355637450702
-331.2716073714173	18.779243816505186
-356.79140513404036	-6.7405539461178705
-359.19973190055225	-9.148880712629762
-342.96806092256793	7.082790265354561
-346.21072186438596	3.84012932353653
-368.4269660621276	-18.376114874205086
-354.76199762225497	-4.711146434332477
-343.1577086413081	6.893142546614399
-335.3729379147326	14.677913273189915
-343.54157518190095	6.509276006021537
-347.0027317617123	3.048119426210178
-377.96524630308613	-27.914395115163643
-345.4815596251492	4.569291562773287
-358.7350637300906	-8.684212542168098
-309.1602104494441	40.890640738478396
-349.5115231947193	0.5393279932031874
-370.58828254325545	-20.537431355332956
-350.7488887256977	-0.6980375377752353
-387.9598910441773	-37.90903985625482
-318.8446183188562	31.206232869066298
-355.4429524529178	-5.39210126499529
-339.38582061358375	10.665030574338743
-360.35705527991286	-10.306204091990367
-347.9572243484936	2.0936268394289073
-351.0049135166255	-0.954062328703003
-348.57795090777563	1.4729002801468596
-324.8979118410125	25.15293934690999
-324.87133060811084	25.17952057981165
-402.504891669515	-52.45404048159253
-345.2478579101362	4.8029932777863
-359.5286732579907	-9.477822070068214
-354.12647343586195	-4.075622247939464
-322.8295060694718	27.2213451184507
-379.54958306677054	-29.498731878848048
-347.4342717798345	2.6165794080880005
-376.08178288506224	-26.03093169713975
-385.4276019720628	-35.37675078414031
-318.3986625931784	31.652188594744075
-335.4817374480399	14.569113739882596
-334.0214826204674	16.029368567455094
-339.49002581973673	10.56082536818576
-350.28260448984565	-0.23175330192316324
-345.88387241586224	4.166978772060247
-313.0949636938085	36.955887494113995
-378.7495357374346	-28.69868454951211
-386.62627362342664	-36.57542243550415
-349.26426490043286	0.7865862874896266
-377.9462207174429	-27.895369529520394
-371.9263959671871	-21.8755447792646
-345.7736062729591	4.277244914963376
-341.7302581520553	8.320593035867205
-362.66081436207514	-12.609963174152654
-370.501733833712	-20.450882645789534
-353.7754041257931	-3.7245529378706124
-352.5051883859187	-2.4543371979962103
-345.52420811718093	4.526643070741557
-348.92936173793623	1.1214894499862567
-352.6529932046169	-2.6021420166944154
-342.3614896867284	7.689361501194071
-348.3629223761882	1.6879288117343094
-337.2329026141879	12.817948573734611
-340.3699731664592	9.680878021463286
-321.1394042114471	28.911446976475418
-370.76252320349795	-20.71167201557546
-350.09394124120354	-0.04309005328104831
-329.35013310659906	20.70071808132343
-362.719127626965	-12.668276439042529
-427.64806274320927	-77.59721155528678
-325.7144381585449	24.33641302937758
-331.98043947118913	18.07041171673336
-400.48208992304626	-50.43123873512377
-343.5242568900785	6.526594297843985
-369.7385344426939	-19.6876832547714
-345.33559217780476	4.715259010117734
-371.580481310687	-21.5296301227645
-339.64680053281245	10.40405065511004
-331.0618163923127	18.98903479560977
-332.9770474850584	17.073803702864097
-337.1644290239701	12.886422163952375
-340.80528290426355	9.24556828365894
-353.87256948564664	-3.8217182977241464
-356.7931092341523	-6.742258046229836
-355.6143000086804	-5.5634488207579125
-375.5923896463855	-25.541538458463037
-332.23820622526455	17.81264496265794
-355.98640885927944	-5.935557671356946
-340.86112479416533	9.189726393757155
-343.3616814336483	6.6891697542741895
-359.00299662764064	-8.952145439718151
-355.2649553635483	-5.214104175625835
-333.05643000080363	16.99442118711886
-340.5310824374528	9.519768750469666
-334.45745276542493	15.593398422497557
-341.8953782593517	8.155472928570816
-365.79329424202206	-15.742443054099567
-320.44853845674425	29.602312731178245
-325.56120072327667	24.48965046464582
-352.59322211369636	-2.5423709257738665
-371.1849112585396	-21.134060070617124
-315.04991185833114	35.00093932959135
-352.90209450531165	-2.8512433173891623
-343.59223035739615	6.458620830526343
-336.8699522262823	13.180898961640196
-330.6305688271159	19.420282360806596
-337.84737329128893	12.203477896633558
-345.8380784529645	4.21277273495798
-363.11408535474675	-13.063234166824259
-338.7380910977581	11.312760090164375
-345.7550683694053	4.295782818517182
-342.6566609904612	7.394190197461285
-370.75280105118054	-20.70194986325805
-362.7947950010048	-12.743943813082296
-360.68410839267654	-10.633257204754045
-338.0039991756994	12.046852012223098
-397.0934089936118	-47.042557805689285
-307.49927214768013	42.55157904024236
-358.48403562697695	-8.433184439054457
-316.32959279117404	33.72125839674845
-371.62726518461477	-21.57641399669228
-353.1532016913907	-3.1023505034681875
-342.28290851701513	7.76794267090736
-359.42732362419247	-9.376472436269978
-346.0606729681813	3.9901782197412103
-338.67273410528196	11.378117082640529
-358.3346794609306	-8.283828273008112
-350.1250111308973	-0.0741599429748021
-352.65676871756204	-2.605917529639555
-364.50669370250307	-14.455842514580581
-313.27984192503845	36.771009262884036
-338.8174227294721	11.233428458450362
-336.8419895488687	13.208861639053794
-337.3988307992031	12.652020388719393
-357.946654276594	-7.895803088671528
-351.06776741623526	-1.0169162283127662
-373.8909492783923	-23.840098090469837
-356.19308779507173	-6.142236607149243
-332.08912873543795	17.961722452484537
-369.4721851494314	-19.421333961508935
-342.11468493175107	7.936166256171418
-339.14883860287136	10.902012585051125
-379.1529795372544	-29.102128349331906
-350.0291702793538	0.02168090856866911
-341.7545982693182	8.296252918604296
-364.32262966015605	-14.271778472233564
-363.6015965448669	-13.55074535694439
-332.9567435232084	17.0941076647141
-358.378193855423	-8.327342667500488
-357.28363471852845	-7.232783530605957
-398.27426613878106	-48.22341495085857
-333.6405604432139	16.410290744708618
-388.64042144139876	-38.58957025347627
-370.6651822461781	-20.61433105825563
-360.20766714034016	-10.156815952417674
-374.4221922887291	-24.371341100806603
-340.0490089749719	10.001842212950578
-362.9303488448704	-12.879497656947933
-333.52279235881633	16.528058829106158
-318.46626924838984	31.584581939532654
-338.4164482992701	11.634402888652403
-365.5004721423238	-15.449620954401325
-340.4183395234786	9.632511664443882
-363.276590245855	-13.225739057932515
-382.4156765819853	-32.36482539406279
-366.4269439278787	-16.37609273995622
-334.4433528692962	15.607498318626313
-326.29913415933606	23.751717028586427
-352.9941274674702	-2.9432762795477174
-362.3264286282274	-12.275577440304914
-363.83050899614227	-13.779657808219781
-352.61786550611487	-2.5670143181923777
-325.2036226258415	24.847228562081
-329.10877516882374	20.94207601909875
-345.889543984601	4.161307203321485
-335.72214757609527	14.328703611827223
-321.4981759081047	28.552675279817777
-337.9500548865972	12.100796301325317
-350.69861412524824	-0.6477629373257514
-357.2318858089484	-7.181034621025901
-349.2199870660761	0.830864121846389
-340.0153984791168	10.035452708805678
-331.7956260618439	18.255225126078585
-358.6189825688989	-8.56813138097641
-351.085540400868	-1.0346892129455227
-353.0233669653744	-2.9725157774519175
-356.3760940289276	-6.3252428410050925
-358.4805519654974	-8.429700777574908
-375.5665328448149	-25.51568165689241
-363.737280158638	-13.686428970715497
-360.70314791041073	-10.652296722488245
-347.86868372002846	2.1821674678940326
-380.1208649070386	-30.070013719116105
-335.09941177028577	14.95143941763672
-335.630260644647	14.420590543275466
-367.0437440107262	-16.992892822803697
-348.95824317930146	1.0926080086210277
-354.44210818900956	-4.3912570010870695
-333.04419095178946	17.00666023613303
-354.91842839295623	-4.86757720503374
-395.51324353610744	-45.46239234818495
-316.1999015895626	33.850949598359875
-304.6338425475906	45.417008640331915
-338.28600701185405	11.764844176068436
-354.5619465640257	-4.511095376103185
-339.3428964619443	10.707954725978198
-345.2743328694405	4.776518318481976
-353.118742813057	-3.067891625134507
-323.1835062184464	26.867344969476108
-344.09372865207024	5.95712253585225
-388.3433656964544	-38.292514508531895
-338.1258615231991	11.924989664723398
-373.6952292486303	-23.644378060707822
-341.27895009790427	8.771901090018218
-352.5530034010508	-2.5021522131282836
-382.83186741446025	-32.78101622653776
-333.4313362306484	16.619514957274077
-357.89938670477477	-7.84853551685228
-308.4893214835238	41.56152970439871
-347.40603653288326	2.6448146550392266
-338.65871869309103	11.392132494831458
-336.3722053712909	13.678645816631615
-338.38247772090017	11.66837346702232
-369.35438136092034	-19.303530172997853
-352.4773471312574	-2.426495943334885
-364.22324155890146	-14.172390370978974
-336.91308418098833	13.137767006934155
-355.37856270948305	-5.327711521560559
-378.5444665378809	-28.493615349958418
-302.9923537554196	47.05849743250292
-362.49090501775845	-12.44005382983596
-354.2363898913818	-4.185538703459315
-363.9433301315794	-13.892478943656897
-311.6337365154386	38.417114672483876
-365.4928657122282	-15.442014524305705
-350.2954603244352	-0.24460913651273586
-351.09671004173924	-1.0458588538167533
-353.5553859016718	-3.504534713749308
-360.6188008853851	-10.567949697462609
-345.55088000310116	4.499971184821334
-350.86091357355235	-0.8100623856298625
-311.7523238093627	38.29852737855981
-370.9661873028299	-20.915336114907404
-349.67941729016366	0.37143389775883406
-353.7882022090116	-3.7373510210891254
-359.4711006470816	-9.420249459159095
-350.20778085881375	-0.15692967089125887
-310.7642582532344	39.28659293468809
-310.3944820928946	39.65636909502791
-369.6779889968957	-19.627137808973202
-313.86894393417515	36.18190725374734
-348.85290457455903	1.197946613363456
-358.33654996190216	-8.285698773979675
-332.7219020732946	17.328949114627903
-343.4579689821321	6.592882205790374
-374.9078460458468	-24.856994857924292
-332.5090965347108	17.541754653211683
-345.73903436599994	4.311816821922548
-341.2417064300307	8.809144757891772
-376.8241417858435	-26.773290597921005
-339.6140563139261	10.436794873996405
-378.95922039506604	-28.90836920714355
-377.37664703587416	-27.325795847951667
-369.5943165830895	-19.543465395167004
-341.17726333525843	8.873587852664059
-334.71438693068103	15.33646425724146
-360.7076609339192	-10.656809745996725
-333.31479884269993	16.73605234522256
-357.87959537808547	-7.828744190162979
-325.5533976199722	24.497453567950288
-347.93746880956223	2.1133823783602566
-328.59965535680294	21.45119583111955
-357.8515565749467	-7.800705387024209
-344.9553551050112	5.095496082911268
-352.6521637174801	-2.6013125295576174
-365.3617272635083	-15.310876075585838
-352.4860894709918	-2.4352382830693386
-331.686186603175	18.364664584747516
-335.48216368292105	14.568687505001435
-335.9623022856749	14.088548902247567
-326.23093620390046	23.819914984022034
-362.34998255117443	-12.299131363251945
-328.7779458081268	21.272905379795702
-318.01893431843837	32.03191686948412
-343.3770393616205	6.6738118263019715
-343.5097601673833	6.54109102053917
-353.14899747104846	-3.0981462831259705
-336.57505835583197	13.47579283209052
-348.71012881956176	1.3407223683607299
-347.1758026616508	2.875048526271712
-378.64980328277215	-28.598952094849665
-375.58226816663864	-25.531416978716152
-357.9463795607653	-7.8955283728428185
-393.6489215034735	-43.59807031555101
-360.8512344233086	-10.800383235386107
-360.6128789744607	-10.562027786538238
-346.52151601335845	3.5293351745640393
-345.09896297583236	4.951888212090125
-370.9992203639622	-20.948369176039705
-367.84593009811124	-17.79507891018875
-349.86297723880034	0.1878739491221495
-368.68209797888176	-18.631246790959267
-351.57618784717397	-1.5253366592514794
-354.041382113347	-3.9905309254245367
-362.12243219816355	-12.071581010241061
-358.0104338140727	-7.9595826261502225
-336.6597496707609	13.391101517161587
-344.55437449819055	5.496476689731935
-343.7620639727602	6.288787215162301
-358.3000227994262	-8.249171611503698
-326.06409436024023	23.986756827682257
-363.318060847806	-13.26720965988352
-342.3311410985398	7.7197100893827155
-334.3284042317746	15.722446956147905
-334.4609383516281	15.589912836294388
-379.1216002300707	-29.070749042148236
-351.97106316582995	-1.9202119779074565
-346.7146958598669	3.336155328055611
-342.1608280067949	7.890023181127617
-361.29697739637686	-11.24612620845437
-363.5539647139294	-13.503113526006928
-348.7306137335754	1.3202374543470796
-326.703612715929	23.347238471993478
-362.94781027777117	-12.896959089848679
-343.4105916133476	6.640259574574884
-339.9079385309806	10.142912656941917
-334.51509380106927	15.53575738685322
-325.94506870526584	24.10578248265665
-377.28078426006596	-27.229933072143467
-348.16663485127265	1.8842163366498426
-362.39963151010215	-12.348780322179664
-341.8543679842178	8.196483203704702
-349.42970629390675	0.6211448940157425
-315.0212383266107	35.02961286131176
-334.20012225495066	15.850728932971833
-383.2706341959338	-33.21978300801129
-333.8510453506233	16.19980583729921
-329.1396709075989	20.911180280323606
-330.9926798367442	19.058171351178316
-329.4953372089285	20.555513978993986
-349.49316801071745	0.5576831772050355
-355.1618473902845	-5.110996202362003
-353.17876407736094	-3.1279128894384485
-355.7169499033398	-5.66609871541732
-352.9856903142563	-2.934839126333827
-348.71878201001437	1.3320691779081244
-343.42762670234424	6.623224485578248
-364.7932282780448	-14.742377090122318
-332.83720362203076	17.213647565891733
-362.27286229179936	-12.222011103876866
-341.38635053941744	8.664500648505054
-338.39495629321664	11.655894894705852
-373.8927960425999	-23.841944854677422
-349.2207993285765	0.8300518593459856
-338.1437600887357	11.9070910991868
-324.39854893416395	25.652302253758535
-312.5411061347031	37.509745053219376
-355.686696728043	-5.635845540120499
-328.2171717917581	21.83367939616437
-340.3527808583667	9.698070329555776
-329.2300459634489	20.820805224473588
-337.4563737010967	12.594477486825781
-352.0583825509739	-2.0075313630513847
-350.4313735374808	-0.380522349558305
-371.4475956653105	-21.396744477387983
-346.53879053124456	3.5120606566779315
-341.51486327606017	8.535987911862321
-342.814915550719	7.235935637203511
-360.3009468499722	-10.250095662049716
-352.95674538055664	-2.9058941926341504
-336.53923411486085	13.511617073061643
-354.0415921637241	-3.9907409758016
-365.6256388826505	-15.574787694728002
-379.96164274028615	-29.910791552363662
-312.7165381135919	37.33431307433057
-360.21296758023436	-10.162116392311873
-337.01184240462953	13.039008783292957
-304.7249890533485	45.32586213457398
-363.79619703388653	-13.745345845964039
-359.8826501964277	-9.831799008505186
-361.8086339745996	-11.757782786677126
-387.19827171900306	-37.14742053108057
-375.8284111831954	-25.777559995272895
-352.9060657269647	-2.8552145390422083
-347.0582107551081	2.992640432814369
-353.2678013704344	-3.216950182511937
-340.35219741926176	9.698653768660733
-374.13108749477306	-24.080236306850566
-355.8802810467814	-5.82942985885893
-296.8777300450811	53.17312114284141
-335.479728926809	14.571122261113487
-347.3771744291507	2.6736767587717623
-378.4855456011055	-28.434694413183024
-351.9537015585147	-1.9028503705922049
-370.01633534847406	-19.96548416055157
-356.99225948371804	-6.941408295795554
-332.60613124994325	17.444719937979244
-334.4231233371165	15.627727850805968
-369.7827108570118	-19.731859669089317
-369.47637882301115	-19.425527635088656
-347.51256768748044	2.5382835004420485
-322.989408141023	27.061443046899512
-353.65055925319666	-3.5997080652741715
-350.7399215556716	-0.6890703677490819
-346.9437565972248	3.1070945906976704
-333.94449332367276	16.10635786424973
-357.26635466486096	-7.215503476938466
-374.4137755541806	-24.362924366258085
-317.05146522731866	32.99938596060383
-373.96220786397225	-23.911356676049763
-376.97188983717115	-26.921038649248658
-343.82366124443706	6.227189943485428
-364.9809366986947	-14.930085510772187
-358.93413557297663	-8.88328438505414
-360.5504626390384	-10.499611451115925
-331.6887146323779	18.362136555544566
-352.91675038055746	-2.86589919263497
-362.596883501762	-12.546032313839532
-339.15433000012763	10.89652118779486
-326.1219663821021	23.928884805820417
-346.3157918804709	3.7350593074515928
-371.3527223505289	-21.301871162606403
-347.6821075800899	2.3687436078325845
-317.48234691650487	32.56850427141762
-360.8104525747103	-10.759601386787836
-369.7273573068296	-19.676506118907128
-355.36943823994716	-5.318587052024668
-338.3885325131332	11.662318674789276
-320.38965916021607	29.66119202770642
-354.0957926758483	-4.044941487925826
-351.78264239007603	-1.7317912021535449
-356.84663647424077	-6.795785286318278
-344.9671096240263	5.083741563896183
-366.3262863607879	-16.2754351728654
-388.1100584079895	-38.05920722006704
-325.20866943732017	24.84218175060232
-333.8353180162003	16.2155331717222
-362.2021384427708	-12.151287254848285
-315.8596728856419	34.191178302280605
-346.62437923717425	3.426471950748237
-345.45054622596126	4.600304961961228
-338.2506049175199	11.800246270402567
-350.38357363870364	-0.3327224507811479
-349.5273263293411	0.5235248585813679
-340.23535283782167	9.815498350100825
-357.40533030046845	-7.35447911254596
-355.15307762030625	-5.102226432383759
-327.3498251500341	22.70102603788837
-355.51667768626703	-5.465826498344541
-343.32062998972015	6.730221198202344
-327.8646977119997	22.186153475922765
-351.4755026801058	-1.4246514921833295
-369.3954741507396	-19.344622962817084
-363.6069762063189	-13.556125018396415
-327.3776272919122	22.673223896010313
-315.6173037205217	34.433547467400786
-361.8878209536697	-11.836969765747199
-322.3075137026526	27.743337485269876
-360.1301418222347	-10.079290634312201
-341.2275131850829	8.823338002839591
-302.9335843581275	47.11726682979497
-350.91631818628866	-0.8654669983661734
-357.53440763940216	-7.4835564514796715
-324.7791386136005	25.27171257432201
-378.4684031364659	-28.417551948543405
-391.3866257352847	-41.335774547362234
-356.84364537585407	-6.792794187931577
-359.1404471480264	-9.089595960103907
-358.28568804062434	-8.234836852701847
-371.8417787360004	-21.79092754807789
-357.6739465004857	-7.623095312563237
-395.3613040019036	-45.3104528139811
-332.7520169124682	17.298834275454283
-338.4815256628999	11.569325525022577
-391.99975673428617	-41.948905546363676
-421.3232822130876	-71.27243102516513
-331.9200991053867	18.130752082535764
-351.5458755140926	-1.4950243261700962
-358.25313264875786	-8.202281460835366
-331.00950836200263	19.041342825919855
-336.1648948780703	13.88595630985219
-324.68341446926115	25.367436718661338
-322.3651780349819	27.68567315294058
-382.0501289452577	-31.99927775733522
-355.05557749108175	-5.004726303159259
-357.1952772769064	-7.1444260889838915
-353.7970523713075	-3.746201183384983
-353.8576101118151	-3.8067589238926303
-346.51517893201435	3.535672255908139
-352.6952051361068	-2.644353948184289
-403.9840073074365	-53.933156119514024
-369.71102402116867	-19.66017283324618
-356.7765354171488	-6.725684229226317
-331.63212762600506	18.41872356191743
-342.5280274997267	7.5228236881957855
-364.4652996159193	-14.414448427996831
-380.20280098041167	-30.151949792489177
-337.01278365492817	13.038067532994319
-340.6738359741785	9.377015213744016
-322.31660860933243	27.734242578590056
-365.0620400767866	-15.011188888864126
-319.129382837963	30.92146834995947
-351.1935164726083	-1.1426652846857905
-354.9792103925929	-4.928359204670414
-369.9820673587301	-19.931216170807602
-320.9208173279103	29.13003386001219
-355.02449508554764	-4.973643897625152
-307.9875471838377	42.063304004084785
-350.4231924309779	-0.37234124305541627
-345.3568123166251	4.69403887129738
-329.4116877729166	20.639163415005896
-366.38426047251323	-16.333409284590743
-383.5785148642235	-33.52766367630102
-350.1510967409913	-0.10024555306881666
-352.21102554353183	-2.1601743556093425
-346.691763197442	3.359087990480475
-342.48554521609094	7.565305971831549
-364.27603467625795	-14.22518348833546
-330.8412960487103	19.20955513921217
-326.0259418785781	24.024909309344366
-357.15878111222173	-7.107929924299242
-363.0612819842563	-13.010430796333821
-361.5846477506484	-11.533796562725911
-329.52001097980883	20.53084020811366
-372.1625677982729	-22.111716610350413
-379.0854403296171	-29.034589141694596
-340.65103110580003	9.39982008212246
-351.3071538398717	-1.2563026519492269
-340.2070158191409	9.843835368781583
-356.51116149429345	-6.460310306370957
-337.5895744430227	12.461276744899806
-336.9841876985947	13.066663489327766
-365.26498168252056	-15.214130494598066
-348.6050526366953	1.445798551227199
-341.75943420861495	8.291416979307542
-342.716822284091	7.334028903831495
-338.337039040568	11.713812147354474
-368.8744949429156	-18.8236437549931
-339.50740343121925	10.543447756703245
-342.22572325733836	7.825127930584131
-335.95054666109263	14.10030452682986
-349.609770165137	0.44108102278551087
-348.6916372771002	1.359213910822291
-340.6821003621362	9.368750825786265
-373.9861225669365	-23.93527137901401
-352.7261428508127	-2.6752916628902312
-351.4127833735756	-1.3619321856531315
-350.9280292821268	-0.8771780942042824
-344.04887781238995	6.001973375532543
-337.5460466085269	12.504804579395568
-335.01134263979384	15.039508548128651
-350.0086896334751	0.04216155444737524
-324.5856052976078	25.46524589031469
-345.0150240568828	5.035827131039696
-322.0371185966569	28.01373259126558
-334.4108996943605	15.639951493561966
-335.2801562686427	14.770694919279777
-333.8210481129563	16.229803074966185
-337.37970463078	12.671146557142492
-375.7935374507424	-25.742686262819916
-376.0371013970207	-25.986250209098216
-327.35478632162904	22.696064866293455
-365.3199006940913	-15.269049506168813
-329.5466473962215	20.504203791701002
-322.39356036183653	27.657290826085955
-291.49356862767945	58.55728256024304
-373.98175798509965	-23.93090679717716
-364.0066111471888	-13.955759959266288
-331.2793134033773	18.771537784545217
-374.3442246410623	-24.293373453139793
-333.6439306608145	16.406920527108014
-354.0890830544731	-4.038231866550632
-335.8689477282087	14.181903459713794
-385.86888314634325	-35.81803195842076
-349.71902355117254	0.3318276367499493
-324.5767573219118	25.474093866010662
-361.7950686917093	-11.744217503786786
-318.296994902651	31.753856285271468
-325.3735928609012	24.677258327021264
-343.3234040985035	6.727447089419002
-319.14228203478615	30.90856915313634
-331.48875867612423	18.562092511798255
-368.9842615692387	-18.933410381316207
-396.0301471845223	-45.97929599659983
-377.40109229642894	-27.350241108506452
-360.0755531418463	-10.024701953923795
-357.6445650441374	-7.59371385621489
-364.6434124389407	-14.592561251018196
-377.24459721382937	-27.193746025906876
-352.6980658012244	-2.6472146133019123
-352.89255967808185	-2.8417084901593626
-365.8394319024146	-15.788580714492127
-359.0828796369815	-9.032028449058998
-344.7402036156773	5.310647572245216
-328.2226105988584	21.82824058906408
-378.5319448881992	-28.481093700276688
-325.8612141413241	24.189637046598364
-339.2336305960698	10.817220591852674
-385.6511855358467	-35.60033434792422
-364.9565042004897	-14.9056530125672
-338.45596962968466	11.59488155823783
-340.48868658119227	9.56216460673022
-357.12055940672053	-7.069708218798041
-344.4514832305058	5.599367957416689
-371.9704132676334	-21.919562079710886
-380.0418970847595	-29.991045896837022
-367.4946789205924	-17.443827732669888
-364.1421558232605	-14.09130463533802
-379.6838427577086	-29.6329915697861
-341.53495868629307	8.515892501629423
-347.44787278494096	2.6029784029815346
-324.4658023293805	25.585048858541995
-364.38958208582244	-14.33873089789995
-339.6317693787196	10.419081809202908
-340.61926360878624	9.431587579136249
-387.0530108161247	-37.00215962820221
-334.2379707739665	15.812880413956009
-374.05849046745334	-24.00763927953085
-340.0950130784104	9.955838109512115
-358.5474602879758	-8.49660910005332
-314.9657467734278	35.08510441449471
-359.0975982771115	-9.046747089189012
-351.7925719624827	-1.7417207745602354
-363.05137092307905	-13.000519735156558
-330.1919322641834	19.85891892373911
-355.2268745947431	-5.176023406820605
-351.4453520104789	-1.394500822556438
-349.8571686076384	0.1936825802840758
-388.1692461636476	-38.118394975725096
-371.2795095755346	-21.228658387612086
-361.1157714384235	-11.064920250501018
-346.5165393417328	3.5343118461896665
-370.14260537473365	-20.09175418681116
-352.0775622528081	-2.0267110648856033
-326.2268281003262	23.824023087596288
-341.73033765513446	8.320513532788027
-346.59765735288147	3.45319383504102
-330.6639828097168	19.38686837820569
-369.400200489551	-19.349349301628536
-350.99174770249283	-0.9408965145703405
-340.67478364821636	9.376067539706128
-336.6328445268655	13.418006661057007
-389.7044174464745	-39.65356625855202
-370.43074594408154	-20.379894756159047
-291.3747779680625	58.67607321985997
-342.66843606335806	7.382415124564432
-339.6022441555315	10.44860703239101
-328.0928673412336	21.957983846688876
-352.04166245174474	-1.990811263822252
-367.93564920889094	-17.884798020968447
-370.76626318651597	-20.71541199859348
-374.0175983779982	-23.966747190075694
-329.33933966911627	20.71151151880622
-349.0390259655751	1.0118252223473974
-340.5630986844981	9.487752503424417
-349.057459602328	0.9933915855945088
-359.96537757407987	-9.914526386157377
-342.7760815274587	7.2747696604637895
-327.15529219508517	22.895558992837323
-332.4967738085752	17.55407737934729
-357.9328238768712	-7.881972688948736
-355.2833729135664	-5.232521725643892
-354.12780901625865	-4.0769578283361625
-351.9131775312044	-1.862326343281893
-320.7642298587225	29.28662132919999
-334.44949137945423	15.60135980846826
-322.3877644223312	27.663086765591288
-335.73032062575567	14.320530562166823
-329.07977731647316	20.971073871449335
-345.2712474895734	4.779603698349092
-362.88649871889265	-12.835647530970164
-387.6025917712168	-37.551740583294304
-337.6129326251021	12.437918562820414
-333.63410548387674	16.416745704045752
-307.165090174115	42.885761013807496
-346.00391700595264	4.046934181969846
-364.2868957791861	-14.236044591263635
-350.09872891066243	-0.04787772273994051
-357.091148109138	-7.040296921215486
-361.20735827748194	-11.156507089559454
-351.90061289129426	-1.8497617033717688
-341.9895332751539	8.061317912768573
-325.023470536099	25.027380651823478
-347.9175764892052	2.133274698717287
-377.1515471947123	-27.100696006789804
-360.68641915983517	-10.635567971912678
-358.30509997021636	-8.254248782293871
-319.76308282705486	30.28776836086763
-352.36048904121617	-2.3096378532936797
-309.9872522058058	40.06359898211667
-343.73016242894573	6.3206887589767575
-351.2050958341779	-1.1542446462553926
-339.180159217437	10.870691970485495
-344.0496232081996	6.0012279797228985
-349.8809492120845	0.16990197583800182
-352.40888659789107	-2.358035409968579
-340.4190135931922	9.631837594730314
-355.73184240512546	-5.680991217202973
-337.7382265137776	12.3126246741449
-388.660186982298	-38.60933579437551
-390.0821582308772	-40.03130704295472
-341.98411489396585	8.066736293956637
-366.0707165374688	-16.019865349546308
-352.6889800098061	-2.6381288218835834
-360.78450395698655	-10.733652769064065
-304.6019776177336	45.44887357018888
-335.2064899422903	14.844361245632172
-381.70777905053455	-31.656927862612065
-358.4661310815054	-8.41527989358292
-342.3266448514687	7.72420633645379
-345.8296259014087	4.2212252865138
-349.57960353552244	0.4712476524000522
-362.57880725614723	-12.52795606822474
-344.46556221899573	5.585288968926761
-339.7278507994988	10.32300038842368
-344.5420496335637	5.508801554358797
-378.98392242890895	-28.933071240986465
-347.55919074676694	2.4916604411555454
-385.86727372556106	-35.81642253763857
-333.6566121193382	16.394239068584284
-369.53157217456373	-19.480720986641245
-351.225734675324	-1.1748834874015301
-332.6890394498396	17.361811738082906
-354.309306534552	-4.258455346629489
-348.89161356916065	1.1592376187618356
-345.70697014393863	4.343881043983856
-362.4955245531082	-12.444673365185736
-373.5629586670175	-23.512107479094993
-331.511032404399	18.539818783523515
-334.7042591693089	15.346592018613592
-362.6213943331013	-12.570543145178817
-342.6272839185467	7.423567269375781
-370.67733306521313	-20.626481877290644
-343.46330152142673	6.587549666495761
-358.35525461934503	-8.304403431422543
-330.7996690577338	19.25118213018868
-354.8861026954173	-4.8352515074948315
-344.79952868413875	5.25132250378374
-338.9169879573956	11.133863230526913
-365.9068797847349	-15.856028596812394
-361.2499728659959	-11.199121678073425
-363.1559024732478	-13.105051285325317
-323.9977166297531	26.053134558169404
-361.19173488462457	-11.140883696702076
-351.1681042163609	-1.1172530284384266
-353.98138964053123	-3.9305384526087437
-365.28082408557293	-15.229972897650441
-321.63035572712306	28.42049546079943
-323.79063165478055	26.260219533141935
-354.0494791887095	-3.9986280007869937
-341.07531285549976	8.97553833242273
-369.8246801267005	-19.773828938778024
-383.3026908761449	-33.25183968822239
-367.59324599429146	-17.542394806368975
-378.54561683913107	-28.49476565120858
-353.86766285043905	-3.8168116625165567
-351.5531755752081	-1.5023243872856256
-312.1168848308653	37.933966357057216
-332.44104957713625	17.609801610786235
-375.7761561793659	-25.72530499144341
-322.1661620286386	27.88468915928388
-340.16665046911567	9.884200718806824
-364.3310079848661	-14.28015679694363
-355.28250612009197	-5.2316549321694765
-335.67954975528755	14.371301432634937
-357.41400295020776	-7.36315176228527
-388.89909442609405	-38.84824323817156
-352.6309622964973	-2.5801111085747834
-322.6192314035061	27.431619784416398
-353.53537362021507	-3.4845224322925787
-346.2180886359629	3.832762551959604
-367.571761089398	-17.520909901475534
-337.81987697269415	12.230974215228343
-364.09603647636595	-14.045185288443463
-341.04860228590314	9.002248902019346
-354.66635750591286	-4.615506317990366
-386.9483141988085	-36.897463010885986
-341.4974645347311	8.55338665319141
-337.8578252606012	12.193025927321287
-373.4335743710026	-23.38272318308009
-369.86505675809804	-19.814205570175545
-324.82841245092914	25.222438736993354
-354.8165350201225	-4.765683832200011
-345.915376394717	4.135474793205503
-346.42894590211563	3.6219052858068608
-325.17144787229245	24.879403315630043
-353.4843479747278	-3.4334967868053354
-364.8042441311036	-14.753392943181098
-342.50935778707844	7.541493400844047
-326.04602821022036	24.004822977702133
-358.48757165812185	-8.436720470199361
-342.48251067558067	7.56834051234182
-352.8084472071996	-2.7575960192771163
-331.0337978999805	19.017053287941962
-353.50574333234454	-3.454892144422047
-350.35454681060855	-0.30369562268606387
-362.7501223344507	-12.69927114652819
-338.15973128485257	11.89111990306992
-356.4427608855103	-6.391909697587835
-354.2470274367288	-4.196176248806296
-363.00825350125433	-12.95740231333184
-363.0905859145196	-13.03973472659709
-381.99780634207764	-31.946955154155148
-357.95384819673836	-7.902997008815873
-345.7454168658214	4.305434322101064
-342.9399778999423	7.110873287980212
-347.7796397324337	2.2712114554888103
-314.80289356348567	35.24795762443682
-373.3096534366405	-23.258802248717984
-355.90030569934515	-5.849454511422664
-356.1851125620515	-6.134261374128982
-318.0448286707606	32.00602251716191
-353.6178297129436	-3.5669785250211135
-338.0668319319584	11.984019255964085
-350.61745795871593	-0.5666067707934417
-345.58799186557644	4.462859322346048
-359.20131491825214	-9.150463730329648
-361.0928226207825	-11.04197143286001
-339.77936065527956	10.271490532642929
-341.2831581060809	8.767693081841571
-354.5711726276995	-4.520321439777035
-373.07048498198037	-23.01963379405788
-388.60730240635803	-38.55645121843554
-352.79501646572953	-2.744165277807042
-367.56245254302394	-17.511601355101448
-354.42771479960993	-4.37686361168744
-330.20828932039785	19.842561867524637
-296.2044810485595	53.84637013936299
-360.05519826473665	-10.004347076814156
-370.77862208196075	-20.727770894038258
-352.3186783764022	-2.267827188479714
