Hf	deltaHf ref=-277.01996736756024
-275.6819688751353	1.3379984924249584
-276.98650397091893	0.03346339664130937
-284.9867654133346	-7.96679804577434
-265.81864617773005	11.201321189830196
-279.6789670302174	-2.658999662657152
-270.81210593858174	6.207861428978504
-274.41029193503397	2.6096754325262737
-308.3584304744077	-31.338463106847485
-300.86971428083103	-23.849746913270792
-328.0967890492835	-51.07682168172323
-251.8012059945109	25.218761373049347
-328.08694325760786	-51.066975890047615
-289.6907692727478	-12.670801905187545
-257.5222493618863	19.49771800567396
-257.24719017980584	19.7727771877544
-270.54237802842596	6.477589339134283
-304.5945839169222	-27.574616549361963
-298.34324726323445	-21.323279895674204
-276.0685726381567	0.9513947294035461
-285.4564573995527	-8.436490031992435
-285.62673630468686	-8.606768937126617
-301.8820715874395	-24.862104219879257
-302.6886299761032	-25.668662608542945
-295.8914108760442	-18.871443508483935
-277.26162678725865	-0.24165941969840787
-333.715105949254	-56.695138581693755
-246.08620535459391	30.933762012966326
-249.89343276565393	27.126534601906314
-291.01545255816796	-13.995485190607724
-265.3995971859918	11.620370181568433
-227.49481104092462	49.525156326635624
-315.98564606934866	-38.96567870178842
-313.9642171502424	-36.944249782682164
-265.4221553960893	11.597811971470946
-290.56600315118754	-13.546035783627303
-300.9270186622967	-23.907051294736448
-285.137484892774	-8.11751752521377
-283.48349860253126	-6.463531234971015
-331.24534827260555	-54.22538090504531
-326.9881195863787	-49.96815221881843
-251.39283733660028	25.62713003095996
-302.1514001539113	-25.13143278635107
-272.5207616369667	4.4992057305935305
-290.2434017176934	-13.223434350133175
-264.22356941646336	12.796397951096878
-256.52212622205167	20.497841145508573
-249.47394307114206	27.54602429641818
-269.17406905588774	7.845898311672499
-317.2963399924707	-40.27637262491044
-310.8115747537891	-33.79160738622886
-264.8262000054461	12.193767362114158
-286.6370804614349	-9.61711309387465
-300.87444774529337	-23.854480377733125
-282.74188955275946	-5.721922185199219
-279.45518569630127	-2.43521832874103
-307.48882409650156	-30.46885672894132
-298.58117708125116	-21.561209713690914
-284.2689107997799	-7.248943432219676
-242.55269728203035	34.46727008552989
-288.94654989188035	-11.92658252432011
-252.9809858536833	24.038981513876934
-227.83972799091913	49.18023937664111
-278.15875970472604	-1.1387923371657962
-277.60135446862165	-0.5813871010614093
-276.1135878012797	0.9063795662805205
-263.0635427715684	13.956424595991848
-320.4693793872071	-43.44941201964684
-267.7525150429215	9.267452324638725
-250.50805494203138	26.511912425528863
-212.3361706620131	64.68379670554714
-315.54053001754124	-38.520562649981
-259.52477756016793	17.495189807392308
-258.4617477111829	18.558219656377332
-269.38454514277015	7.635422224790091
-266.02036502524476	10.999602342315484
-295.3014002302012	-18.28143286264094
-269.3841977438356	7.635769623724627
-220.3529337212754	56.667033646284835
-280.0600664645395	-3.0400990969792474
-310.8634225483334	-33.84345518077316
-252.8739308919108	24.146036475649453
-293.4648967308827	-16.444929363322444
-342.5471962253292	-65.52722885776893
-283.5713880367626	-6.551420669202344
-281.47155969685315	-4.451592329292907
-312.5399354898769	-35.51996812231664
-277.1725804200037	-0.15261305244348478
-337.9608876340431	-60.94092026648286
-278.93090470849035	-1.9109373409301043
-291.2536982750103	-14.23373090745008
-256.40417358447354	20.6157937830867
-252.70951392601324	24.310453441546997
-260.7887115822892	16.23125578527106
-273.03225834664096	3.987709020919283
-260.03240502363093	16.987562343929312
-312.7542814200211	-35.73431405246083
-262.2112987306978	14.808668636862421
-239.27093382718937	37.749033540370874
-254.35588368935765	22.664083678202587
-287.1327220015742	-10.112754634013982
-278.4286278507139	-1.4086604831536533
-262.8299555308991	14.190011836661142
-255.46486231103387	21.555105056526372
-248.43149332766967	28.58847403989057
-248.3435695135782	28.676397853982053
-289.10763871517753	-12.087671347617288
-310.1536799244282	-33.13371255686798
-266.38617579083854	10.633791576721705
-282.4983823084554	-5.4784149408951635
-291.47459923511684	-14.4546318675566
-303.9353842619244	-26.91541689436417
-218.12242752404615	58.897539843514096
-294.7137575105667	-17.69379014300648
-278.72783431800104	-1.7078669504408026
-257.04079875781514	19.979168609745102
-230.15948458771942	46.86048277984082
-316.20150572471226	-39.18153835715202
-269.27179900407697	7.748168363483273
-260.39065500413614	16.629312363424106
-268.3134900223018	8.706477345258463
-259.32623584032314	17.693731527237105
-280.85078985295746	-3.8308224853972206
-291.7573670539355	-14.737399686375284
-275.72946912462845	1.2904982429317897
-326.07614517202506	-49.056177804464824
-312.06826905838585	-35.04830169082561
-253.2932526119335	23.726714755626745
-296.98703737140073	-19.96707000384049
-293.22658062809984	-16.206613260539598
-271.193270754397	5.826696613163222
-275.81898698278434	1.200980384775903
-226.4678176767125	50.55214969084773
-285.7876457101889	-8.767678342628642
-264.17214961261976	12.847817754940479
-257.91757032324	19.10239704432024
-307.83417746083484	-30.814210093274596
-281.41237531971325	-4.3924079521530075
-262.2714303319013	14.748537035658956
-288.9048860423432	-11.884918674782966
-268.9652451684165	8.054722199143725
-283.4505791644702	-6.430611796909943
-299.99896215234963	-22.978994784789393
-276.0764371316405	0.9435302359197522
-274.7214963327793	2.2984710347809596
-298.7649119525527	-21.74494458499248
-313.81384917487645	-36.79388180731621
-326.41070065160653	-49.39073328404629
-238.1869729314572	38.832994436103036
-299.3904322548702	-22.370464887309936
-303.7597988805142	-26.73983151295397
-250.74205318216315	26.277914185397094
-262.8298718380034	14.190095529556856
-237.41699979949823	39.60296756806201
-273.41882633539404	3.601141032166197
-305.38679874756104	-28.366831380000804
-284.3158312828387	-7.29586391527846
-262.62539596440234	14.394571403157897
-275.02283640488946	1.9971309626707807
-270.11558836568344	6.904379001876805
-286.90356701137404	-9.883599643813795
-274.4960906287675	2.523876738792751
-253.4466302959559	23.57333707160433
-264.28964676625816	12.730320601302083
-302.6436304045424	-25.62366303698218
-261.3909900798831	15.628977287677117
-320.53681959064176	-43.516852223081514
-317.36453345979004	-40.3445660922298
-324.31197222034876	-47.29200485278852
-314.23498908319067	-37.21502171563043
-268.38812203937465	8.631845328185591
-279.9720248849413	-2.9520575173810357
-275.6078226867763	1.4121446807839675
-276.7874103439322	0.23255702362803277
-288.0731257142839	-11.053158346723649
-292.69244591755756	-15.672478549997322
-285.2283899852269	-8.208422617666656
-276.1759818212964	0.8439855462638661
-264.18334468139125	12.836622686168994
-259.0278431980774	17.99212416948285
-293.9800203521086	-16.960052984548383
-278.41012786280095	-1.390160495240707
-284.03222593358856	-7.012258566028322
-266.6997129963643	10.320254371195915
-255.04638877808662	21.973578589473618
-284.80487072536977	-7.784903357809526
-283.9281174465655	-6.908150079005281
-312.2390494893703	-35.21908212181006
-280.5504903353945	-3.5305229678342585
-260.89356046122754	16.126406906332704
-289.06820789744285	-12.048240529882605
-264.95240732114377	12.067560046416475
-301.6973199954014	-24.677352627841174
-298.14666330003143	-21.126695932471193
-277.0089436512722	0.011023716288036667
-317.73302973617007	-40.713062368609826
-293.26551932869967	-16.245551961139427
-260.97384400558855	16.046123361971695
-281.0536946299913	-4.033727262431057
-287.05334387979434	-10.0333765122341
-282.5248721230242	-5.50490475546394
-260.7625555347991	16.257411832761136
-268.97013823496724	8.049829132593004
-280.1424376349974	-3.1224702674371656
-275.1480967461326	1.8718706214276608
-288.99722536806854	-11.9772580005083
-287.57123247080796	-10.551265103247715
-261.3513428032243	15.668624564335914
-265.4426729124612	11.577294455099036
-303.8578393052672	-26.83787193770695
-273.3641468471256	3.655820520434645
-289.84622957879816	-12.826262211237918
-292.25956318829463	-15.239595820734394
-230.2546948965542	46.76527247100603
-271.12233871811674	5.897628649443504
-298.1528409805547	-21.132873612994445
-273.7092811588305	3.3106862087297486
-279.9385061885046	-2.918538820944377
-225.1023363129139	51.917631054646336
-305.354867352457	-28.334899984896765
-293.86221262090163	-16.84224525334139
-288.0423365608663	-11.022369193306076
-269.1779568879652	7.8420104795950465
-337.3300266378288	-60.31005927026854
-303.57455086640454	-26.554583498844295
-283.09131307282274	-6.071345705262502
-269.6002143702577	7.419752997302567
-282.0197261705694	-4.999758803009172
-278.54533947795477	-1.5253721103945281
-317.78049971290653	-40.76053234534629
-278.60142777006746	-1.5814604025072185
-305.7694866980824	-28.749519330522162
-292.42603819966513	-15.406070832104888
-269.28123337943595	7.738733988124295
-300.1170134650534	-23.09704609749315
-263.78320367447355	13.236763693086687
-281.8795441046464	-4.859576737086172
-227.01569176090612	50.00427560665412
-309.2302477776471	-32.21028041008685
-316.757806200993	-39.73783883343276
-273.4687882264048	3.551179141155444
-284.69702526479574	-7.6770578972355
-274.52751539095385	2.4924519766063895
-257.5185166196248	19.50145074793545
-279.3650427801845	-2.3450754126242828
-243.96035223863925	33.059615128920996
-287.8247273277307	-10.804759960170486
-264.24699923818895	12.772968129371293
-240.0777941096972	36.94217325786303
-320.6359516214948	-43.615984253934585
-272.7231854297211	4.296781937839114
-309.27008820356474	-32.2501208360045
-269.4062364875213	7.613730880038929
-248.06727508597447	28.95269228158577
-281.91834177744073	-4.898374409880489
-284.981026108821	-7.961058741260786
-253.66394395186995	23.356023415690288
-312.7310337242457	-35.71106635668548
-301.0537013645158	-24.03373399695556
-259.0583388852179	17.96162848234235
-331.8568988935518	-54.83693152599153
-264.7506024714026	12.26936489615764
-278.56491443508327	-1.544947067523026
-251.8419440922085	25.178023275351734
-278.6870670847498	-1.6670997171895579
-284.97357854207127	-7.953611174511025
-240.8939413607664	36.126026006793836
-315.99785815162664	-38.9778907840664
-279.1587351979911	-2.1387678304308793
-298.3805908893633	-21.360623521803063
-292.34091264700015	-15.320945279439911
-223.01730264658596	54.00266472097428
-305.13272690626815	-28.112759538707905
-316.4525677351126	-39.43260036755237
-296.29413223329954	-19.274164865739294
-281.7760031543517	-4.756035786791472
-292.875591324199	-15.855623956638738
-253.65719882616446	23.36276854139578
-276.5534532255338	0.46651414202642627
-280.0375663527307	-3.01759898517048
-310.94332537875067	-33.92335801119043
-261.6272544721656	15.392712895394652
-284.04791409332444	-7.027946725764195
-355.6289970598087	-78.60902969224844
-287.85434677749487	-10.834379409934627
-287.61721595384785	-10.597248586287606
-273.18118362785805	3.838783739702194
-280.2626385920235	-3.2426712244632654
-275.96259909346605	1.0573682740941877
-338.71620320992275	-61.69623584236251
-259.2321857137218	17.787781653838465
-278.01408329797465	-0.9941159304144094
-298.2642352001208	-21.24426783256058
-268.1310801087316	8.888887258828618
-287.2881061510057	-10.268138783445465
-277.29629351631644	-0.27632614875619765
-248.05040902850357	28.969558339056675
-300.28129110259084	-23.2613237350306
-230.20154243501798	46.81842493254226
-281.21724288509773	-4.197275517537491
-284.8740922833172	-7.854124915756984
-256.1376044587892	20.88236290877103
-296.3858616349831	-19.365894267422846
-245.90727537184335	31.112691995716887
-255.7493930257702	21.270574341790052
-318.11892513205436	-41.098957764494116
-265.77765014120865	11.242317226351588
-279.81222646713337	-2.79225909957313
-275.4655569378743	1.5544104296859587
-295.47406575679685	-18.454098389236606
-297.25381488934414	-20.2338475217839
-251.00564516770152	26.014322199858725
-290.12931524760694	-13.109347880046698
-311.2207269310389	-34.20075956347864
-335.0843964995516	-58.064429131991346
-251.51161778833972	25.50834957922052
-288.13956888981244	-11.119601522252196
-315.9422313132314	-38.92226394567115
-259.38966972771647	17.630297639843775
-237.16052453673234	39.8594428308279
-312.2852305625352	-35.26526319497498
-284.7704270530599	-7.7504596854996635
-299.1225408774704	-22.102573509910144
-224.78926161764736	52.230705749912886
-293.63990668749517	-16.61993931993493
-321.58928403996885	-44.569316672408604
-289.14234098159847	-12.122373614038224
-273.9836911557	3.0362762118602404
-247.2722688756117	29.74769849194854
-308.4110399849383	-31.391072617378086
-302.3129215347804	-25.29295416722016
-288.3590560147937	-11.339088647233439
-273.15572489963284	3.8642424679273972
-295.8057041571088	-18.785736789548537
-300.4025776014101	-23.382610233849846
-293.48550334311636	-16.465535975556122
-292.64173488396824	-15.621767516408
-233.86943389966524	43.150533467895
-248.70915488269435	28.31081248486589
-235.05169202014127	41.96827534741897
-257.9944066539543	19.025560713605955
-265.4004541006803	11.619513266879949
-246.3304832079089	30.68948415965133
-271.1262982633712	5.89366910418903
-266.41530529368225	10.60466207387799
-326.71380377923975	-49.69383641167951
-292.7283940408893	-15.708426673329086
-269.274982520125	7.744984847435262
-268.9904422157202	8.029525151840062
-284.76542840275994	-7.745461035199696
-248.70061541681258	28.31935195074766
-241.53899806542228	35.480969302137964
-276.57439301769097	0.44557434986927547
-296.13135593329986	-19.111388565739617
-303.53425012611166	-26.514282758551417
-261.90192941645415	15.11803795110609
-283.077049849228	-6.057082481667749
-301.13087513719125	-24.110907769631012
-285.5105682083891	-8.490600840828847
-228.07961914840467	48.94034821915557
-271.806175584738	5.213791782822227
-311.2841281140505	-34.264160746490234
-282.53155014415876	-5.511582776598516
-231.9430422211231	45.076925146437134
-288.6773045508094	-11.657337183249183
-290.05373040572937	-13.033763038169127
-232.11005585999425	44.909911507565994
-279.42634413315005	-2.406376765589812
-249.96797247128467	27.051994896275573
-274.264996891689	2.7549704758712323
-305.8523715566485	-28.832404189088265
-277.71734698887354	-0.6973796213133028
-289.05504445969615	-12.035077092135907
-334.9076309536836	-57.88766358612338
-278.4763298622934	-1.4563624947331846
-264.35566310672635	12.664304260833887
-239.21430809670034	37.805659270859906
-236.32602379204087	40.69394357551937
-304.29209788016357	-27.272130512603326
-276.1953453077081	0.8246220598521177
-288.37858671310147	-11.358619345541229
-270.33601208900706	6.683955278553185
-275.89434912520716	1.1256182423530845
-262.86731287853814	14.152654489022098
-268.5539575837252	8.466009783835034
-281.7770117246187	-4.757044357058476
-267.4113790550405	9.608588312519714
-287.3144202351619	-10.294452867601649
-296.1511377995999	-19.131170432039653
-283.38130068584775	-6.361333318287507
-262.64087109659937	14.379096270960872
-274.4940004447495	2.525966922810767
-277.32365638145035	-0.30368901389010716
-279.5518832651365	-2.531915897576255
-234.47603464339824	42.543932724162005
-331.5143449859975	-54.494377618437284
-305.60347725656953	-28.583509889009292
-244.64635639200475	32.37361097555549
-286.7970467741039	-9.777079406543635
-258.9217647576666	18.098202609893633
-296.6823994692173	-19.662432101657032
-222.5777208877194	54.44224647984083
-273.39189041412516	3.628076953435084
-279.51846123599586	-2.4984938684356166
-256.5144194487153	20.505547918844968
-288.85742839797655	-11.837461030416307
-302.5150181935829	-25.495050826022634
-261.43126301369244	15.588704353867797
-266.7478511306477	10.272116236912552
-267.7162199415257	9.303747426034533
-290.9316863362406	-13.911718968680361
-268.08602715588546	8.93394021167478
-271.7745417966731	5.245425570887164
-304.02051442371936	-27.00054705615912
-252.80369814700003	24.216269220560207
-289.7779427232386	-12.757975355678354
-253.561599560861	23.458367806699243
-294.875633674536	-17.855666306975763
-295.6809674318143	-18.66100006425404
-254.41612071567994	22.603846651880303
-283.11203790841006	-6.092070540849818
-224.5012659014397	52.51870146612055
-292.12257377641123	-15.102606408850988
-289.08478930514735	-12.064821937587112
-271.60424312581796	5.415724241742282
-293.3378331014906	-16.317865733930375
-281.02035164774185	-4.000384280181606
-277.84773004648065	-0.8277626789204078
-296.3608281153361	-19.340860747775878
-299.28335200696216	-22.26338463940192
-272.28145520142476	4.738512166135479
-281.3487061354759	-4.328738767915638
-270.9858232663178	6.034144101242418
-283.5927984095693	-6.5728310420090565
-284.754249575643	-7.734282208082732
-292.54979193207015	-15.529824564509909
-260.03100075056915	16.988966616991092
-297.0925669208596	-20.07259955329937
-267.629792060478	9.390175307082245
-282.1475201191575	-5.12755275159725
-255.10613639390118	21.91383097365906
-287.38625408664717	-10.36628671908693
-285.14729576814767	-8.12732840058743
-287.71615942465047	-10.69619205709023
-259.9475529827692	17.072414384791045
-311.37397084464516	-34.354003477084916
-299.7858777699808	-22.76591040242056
-255.55732894640147	21.462638421158772
-263.34979189509664	13.670175472463598
-253.33324518618662	23.686722181373625
-232.72466723611484	44.2953001314454
-262.8911967089012	14.12877065865905
-282.59973281851177	-5.579765450951527
-294.8066974247127	-17.786730057152454
-258.9884245170329	18.03154285052733
-282.3468908219007	-5.326923454340431
-278.3569619665437	-1.3369945989834378
-262.1635258615648	14.856441505995463
-298.7710412617385	-21.751073894178262
-279.7979585921208	-2.7779912245605374
-281.6481275574702	-4.628160189909977
-268.39637259236093	8.623594775199308
-268.3612550013573	8.658712366202963
-265.547288156035	11.472679211525247
-247.3001455361014	29.71982183145883
-258.53844237824575	18.481524989314494
-296.72961153333796	-19.709644165777718
-285.1621174612597	-8.142150093699456
-264.37391708135743	12.646050286202808
-297.2743569013333	-20.254389533773065
-232.789451695026	44.23051567253424
-295.7373190533622	-18.717351685801987
-310.20127697131153	-33.18130960375129
-279.94165687438414	-2.9216895068238955
-271.53471365915226	5.485253708407981
-254.45946325166057	22.560504115899676
-268.8358145024036	8.184152865156648
-336.7853870117329	-59.76541964417265
-252.1489280813626	24.87103928619763
-276.83821764916553	0.18174971839471254
-252.6274489332505	24.39251843430975
-262.6322634099275	14.387703957632766
-328.2626692010022	-51.24270183344197
-243.8936506218966	33.126316745663644
-300.9434813482881	-23.923513980727876
-295.38665011147583	-18.36668274391559
-268.8306231036336	8.189344263926614
-296.5575769073262	-19.53760953976598
-303.3073446363347	-26.287377268774435
-252.9252692348751	24.094698132685153
-291.1616119562464	-14.141644588686177
-282.16886822580324	-5.148900858242996
-295.76925505023297	-18.74928768267273
-270.99965679906796	6.0203105684922775
-269.8706186285204	7.149348739039851
-283.9084901486718	-6.888522781111533
-293.03060690669423	-16.01063953913399
-304.6497895541475	-27.629822186587262
-283.9733290269874	-6.953361659427173
-282.89749591351625	-5.877528545956011
-263.85625293150275	13.16371443605749
-318.40309694768126	-41.38312958012102
-267.23496246497285	9.785004902587389
-262.6720782536509	14.347889113909332
-280.7088635262558	-3.68889615869557
-286.7169809873963	-9.69701361983607
-279.33983604005385	-2.3198686724936124
-277.5346501540849	-0.514682786524645
-297.7639593431018	-20.743991975541576
-236.54762720406194	40.4723401634983
-270.5347007348251	6.485266632735147
-294.43138290833355	-17.411415540773305
-262.7286288367255	14.291338530834764
-259.975436777801	17.044530589759233
-287.79258748266926	-10.77262011510902
-279.0483609140725	-2.028393546512234
-271.7630364486327	5.256930918927537
-300.4785681594445	-23.458600791884237
-255.1163612497699	21.903606117790332
-261.9451470931895	15.074820274370722
-257.37208336866075	19.647883998899488
-263.5543984577458	13.465568909814465
-306.0394308587643	-29.01946349120408
-293.10968899589403	-16.08972162833379
-258.6404730840082	18.37949428355205
-312.71389038874673	-35.69392302118649
-282.0553145957461	-5.035347228185856
-259.7885405556522	17.231426811908023
-287.49937712142906	-10.479409753868822
-296.23958724496384	-19.219619877403602
-289.86364150878995	-12.843674141229712
-284.25620057735847	-7.236233209798229
-327.40443679280776	-50.38446942524752
-271.4640224577966	5.555944909763639
-257.11132796982616	19.908639397734078
-289.9335201985746	-12.913552831014385
-295.8585816328928	-18.83861426533258
-236.46836460168612	40.55160276587412
-275.52788012200523	1.4920872455550125
-275.01352182655734	2.006445541002904
-269.7844541359305	7.235513231629739
-304.54177910343475	-27.521811735874508
-260.1347072200811	16.88526014747913
-242.93177331097155	34.08819405658869
-250.61460919165307	26.405358175907168
-285.8501978052305	-8.830230437670252
-276.7239137286893	0.29605363887094427
-287.4850753025899	-10.465107935029664
-258.03927701844856	18.980690349111683
-294.3220694194102	-17.302102051849943
-328.44272425772994	-51.422756890169694
-241.9848109812961	35.035156386264134
-292.2939124166956	-15.273945049135364
-264.74739829249353	12.272569075066713
-284.60040761131	-7.580440243749763
-263.00665515590714	14.013312211653101
-318.2965082110682	-41.27654084350797
-263.91257563376763	13.10739173379261
-298.31657825235067	-21.296610884790425
-260.43356533883394	16.586402028726297
-278.3531760169795	-1.333208649419248
-284.9055169516874	-7.885549584127148
-266.4800319758438	10.539935391716426
-296.7763151783807	-19.756347810820444
-246.76819990043492	30.25176746712532
-293.10869430985673	-16.08872694229649
-300.65601960664986	-23.636052239089622
-275.71073319461044	1.3092341729498003
-293.81130457767773	-16.79133721011749
-253.89934141442842	23.12062595313182
-244.2141574136263	32.80580995393393
-244.86001000785524	32.159957359705004
-309.0546494245578	-32.03468205699755
-270.94265416361355	6.077313203946687
-292.66979357464203	-15.649826207081787
-302.7063039853752	-25.68633661781496
-251.78983302998728	25.230134337572963
-291.6352883041623	-14.615320936602075
-253.73827037101051	23.281696996549726
-306.0322367975537	-29.012269429993466
-258.07620419930805	18.94376316825219
-227.90274686629033	49.11722050126991
-281.6446076991493	-4.624640331589035
-277.99427373211853	-0.9743063645582879
-257.1625184315131	19.85744893604715
-263.13744930523586	13.88251806232438
-248.85772464735106	28.16224272020918
-276.34460303957945	0.6753643279807875
-246.65889484827545	30.36107251928479
-263.5428258730031	13.477141494557145
-273.8294164744371	3.190550893123145
-249.27983458947762	27.740132778082625
-259.0075880778682	18.012379289692035
-290.6080911869727	-13.58812381941243
-287.4559974141817	-10.436030046621454
-326.46651961736694	-49.4465522498067
-270.3984758250231	6.621491542537115
-264.73576239894516	12.284204968615086
-302.93993931978963	-25.91997195222939
-286.5629692398148	-9.543001872254536
-275.5465945885449	1.4733727790153353
-298.94917685114393	-21.92920948358369
-233.50251936127512	43.51744800628512
-292.2985487368647	-15.278581369304447
-274.20297587493457	2.816991492625675
-308.98971957078226	-31.969752203222015
-291.5099528853248	-14.48998551776458
-287.7311595912693	-10.711192223709077
-267.78971972758205	9.230247639978188
-333.1882517002019	-56.16828433264163
-276.8690661817023	0.15090118585794698
-285.20352959589997	-8.183562228339724
-242.7765789014598	34.24338846610044
-270.2546571977951	6.765310169765144
-292.4748641982956	-15.454896830735379
-303.0861455527707	-26.066178185210447
-259.78600261610023	17.233964751460007
-238.0826797125124	38.93728765504784
-241.56830305897944	35.4516643085808
-240.16276892129878	36.857198446261464
-263.529829593485	13.490137774075265
-271.84482702338624	5.175140344173997
-332.1364255666054	-55.116458199045155
-318.2274848793391	-41.20751751177886
-249.46146923633256	27.55849813122768
-286.37388841922126	-9.353921051661018
-253.87128723717666	23.148680130383582
-240.73993289371043	36.28003447384981
-262.6417788737968	14.378188493763446
-271.15855237676493	5.861414990795311
-247.6212201421518	29.398747225408442
-303.1307771958314	-26.110809828271158
-312.0623012935908	-35.04233392603055
-325.9736602245326	-48.95369285697234
-316.0412287429868	-39.02126137542655
-307.9842866503246	-30.964319282764336
-275.48801746550504	1.531949902055203
-288.6826175167012	-11.662650149140973
-275.77419918958236	1.2457681779778795
-287.14200360084266	-10.122036233282415
-241.20952101110794	35.8104463564523
-314.33729224085306	-37.31732487329282
-231.94274444106173	45.07722292649851
-245.18959547708124	31.830371890479
-274.64959801920537	2.3703693483548705
-280.9350089135483	-3.9150415459880605
-276.2515090240127	0.7684583435475361
-289.8597915128999	-12.839824145339662
-252.3427607166746	24.677206650885637
-268.93043875989	8.089528607670218
-253.9913831852396	23.02858418232063
-294.30655403776524	-17.286586670204997
-294.9334213251064	-17.913453957546153
-321.616090338132	-44.59612297057174
-256.7693290873654	20.250638280194835
-292.069074526306	-15.049107158745755
-257.1672822499755	19.85268511758477
-304.80347826114354	-27.783510893583298
-303.32560822444117	-26.305640856880927
-293.2883474708438	-16.26838010328356
-234.8735178997527	42.14644946780754
-259.4619640677634	17.558003299796837
-302.6293602790034	-25.609392911443138
-273.6380707668946	3.381896600665641
-284.30997142379834	-7.290004056238104
-306.25645156986917	-29.23648420230893
-323.67252419946504	-46.6525568319048
-283.26712871836986	-6.24716135080962
-262.3195714463878	14.700395921172458
-268.27357268085376	8.74639468670648
-264.93434824354387	12.085619124016375
-246.9839100215691	30.03605734599114
-259.188660337612	17.83130702994822
-285.20576055513135	-8.185793187571107
-245.0531893211524	31.966778046407853
-244.20459136214828	32.81537600541196
-277.8497732797337	-0.8298059121734696
-274.2838548854566	2.7361124821036356
-291.5890310851033	-14.569063717543031
-258.84782729915656	18.172140068403678
-270.9807079128155	6.039259454744752
-322.44705944596404	-45.4270920784038
-284.506721207938	-7.486753840377787
-281.82914396824395	-4.809176600683713
-286.6950398116101	-9.675072444049874
-289.4141842603936	-12.394216892833356
-280.395329429834	-3.37536206227378
-261.41393998450854	15.606027383051696
-293.430463156627	-16.410495789066772
-285.43107361016934	-8.411106242609094
-256.0872819947477	20.932685372812557
-247.68939183453818	29.330575533022056
-279.90118231370485	-2.8812149461446097
-290.2927060249281	-13.272738657367881
-293.00979119081654	-15.989823823256302
-260.3392670545514	16.680700313008856
-247.99335556334023	29.02661180422001
-272.29842243696527	4.721544930594973
-291.2268009886107	-14.206833621050464
-280.2405418097847	-3.2205744422244607
-279.9445858646582	-2.924618497097981
-249.5924157868654	27.427551580694853
-290.19711697231884	-13.177149604758597
-252.27582709458562	24.74414027297462
-282.9870894636629	-5.967122096102685
-274.22789127220364	2.792076095356606
-296.861025358267	-19.84105799070676
-290.59763478207657	-13.577667414516327
-286.98969279646604	-9.969725428905804
-276.8784703397328	0.1414970278274268
-318.1353991346628	-41.115431767102564
-272.9985042576232	4.021463109937031
-254.1271966035643	22.89277076399594
-293.6872481745018	-16.667280806941562
-305.0734422434403	-28.053474875880056
-257.484059627976	19.535907739584218
-255.16244506692652	21.85752230063372
-308.62104616963967	-31.601078802079428
-272.5875068487008	4.432460518859443
-257.3354104570249	19.68455691053532
-317.8129879685226	-40.793020600962336
-292.53176537190353	-15.51179800434329
-226.97885419450955	50.04111317305069
-264.0098355727901	13.010131794770132
-262.401005768807	14.61896159875323
-293.8337578199067	-16.81379045234644
-262.39137646216165	14.628590905398596
-258.3467687748858	18.673198592674453
-285.63028527661714	-8.610317909056903
-281.58389801327627	-4.563930645716027
-222.5887386992768	54.43122866828344
-257.06145634038745	19.95851102717279
-245.65575718963424	31.364210177925997
-275.8934210472731	1.1265463202871615
-261.57693302595777	15.44303434160247
-300.50889374629384	-23.488926378733595
-306.8593025761152	-29.839335208554985
-302.00864269957725	-24.98867533201701
-241.81365894940296	35.20630841815728
-324.14248605461813	-47.12251868705789
-280.2212649985964	-3.201297631036141
-276.23885860018396	0.7811087673762813
-305.5133385473969	-28.493371179836686
-285.6908187423474	-8.670851374787162
-309.63814684148434	-32.6181794739241
-262.18087109745153	14.839096270108712
-307.297267337061	-30.277299969500746
-278.39592734078957	-1.3759599732293282
-340.6018765679988	-63.58190920043853
-270.760887279183	6.259080088377232
-294.5150908891888	-17.495123521628557
-291.45955511928383	-14.439587751723593
-300.0626322377289	-23.042664870168664
-300.90079818513965	-23.880830817579408
-263.73107519398815	13.288892173572094
-278.34373627733345	-1.3237689097732073
-272.2548415296556	4.765125837904634
-317.6376798565985	-40.61771248903824
-237.5512284188231	39.468738948737155
-228.50509435276814	48.5148730147921
-286.48044430341594	-9.460476935855695
-240.90192024947515	36.11804711808509
-234.82482010607106	42.19514726148918
-248.28020851194066	28.739758855619584
-308.96383523105084	-31.943867863490595
-222.88595811623287	54.13400925132737
-258.4023873098418	18.617580057718442
-264.5104536372315	12.509513730328763
-340.0714373446904	-63.05146997713018
-264.5596417235725	12.460325643987744
-292.1472821919529	-15.12731482439267
-243.50036314811638	33.51960421944386
-269.93261603994375	7.087351327616489
-263.6178170244171	13.402150343143148
-300.8503551464169	-23.830387778856675
-322.5633316815734	-45.54336431401316
-260.7870483934317	16.232918974128552
-259.4712992925275	17.548668075032765
-261.00939538367	16.01057198389026
-317.8292366108731	-40.80926924331288
-269.3633066384869	7.656660729073337
-250.1986771607995	26.82129020676075
-263.8228154046306	13.197151962929638
-253.91679662736038	23.103170740199857
-304.05410037993767	-27.034133012377424
-261.28456472040176	15.73540264715848
-270.61049706665705	6.409470300903195
-274.0281494232409	2.9918179443193367
-262.1738082490561	14.846159118504147
-257.27791527742426	19.742052090135985
-304.82722831406187	-27.80726094650163
-278.6145229401232	-1.5945555725629674
-290.0624740252029	-13.042506657642662
-293.5798480593299	-16.55988069176965
-247.91696915265544	29.1029982149048
-308.8968599234873	-31.876892555927043
-306.4017409938029	-29.381773626242648
-295.3034279896752	-18.283460622114944
-273.76684229201834	3.2531250755419023
-285.2513173243138	-8.231349956753547
-203.2277002992128	73.79226706834743
-297.4331028618986	-20.41313549433835
-262.8089339178337	14.211033449726528
-304.33060749031625	-27.310640122756013
-271.64601978773914	5.373947579821106
-246.083604462991	30.93636290456925
-284.5115621762457	-7.491594808685477
-325.3236412238844	-48.30367385632417
-275.4026286762315	1.6173386913287686
-349.95278106873644	-72.9328137011762
-279.5038963746852	-2.4839290071249707
-252.00486211262665	25.015105254933587
-315.3446858686153	-38.32471850105503
-237.43410219335834	39.5858651742019
-276.94485107973065	0.07511628782958724
-296.336003744284	-19.316036376723787
-294.4444488893137	-17.424481521753478
-241.54334629540296	35.476621072157286
-265.8249652916207	11.195002075939556
-322.9749803445962	-45.95501297703595
-251.95165463977224	25.068312727787998
-258.0885623209693	18.931405046590953
-289.1960276737305	-12.176060306170257
-251.26479375774994	25.7551736098103
-278.5063878370061	-1.486420469445875
-265.30923052854683	11.710736839013407
-310.2265907508632	-33.20662338330294
-312.68273365387773	-35.66276628631749
-290.2925743487363	-13.272606981176068
-313.63386289454553	-36.61389552698529
-276.68491061183937	0.33505675572087057
-242.6193849883062	34.40058237925405
-274.6454655856874	2.374501781872823
-256.0395247015918	20.98044266596844
-273.8708508369969	3.149116530563333
-308.79030398265655	-31.770336615096312
-273.93943366721993	3.080533700340311
-248.42580265073826	28.59416471682198
-257.7788784451919	19.241088922368363
-252.6362893860574	24.383677981502842
-288.60629515855595	-11.58632779099571
-297.87808660875504	-20.8581192411948
-314.96339617635437	-37.943428808794124
-248.67265848874428	28.347308878815966
-305.11906224903265	-28.09909488147241
-303.5105367989532	-26.49056943139294
-264.99142923547384	12.028538132086396
-308.11974065942246	-31.09977329186222
-276.80696008206775	0.2130072854924947
-236.4943261935337	40.52564117402653
-279.6504988979946	-2.630531530434382
-250.73466858978696	26.285298777773278
-286.26453501813427	-9.244567650574027
-274.74616077751176	2.27380659004848
-279.738658042385	-2.7186906748247566
-264.7897367510819	12.230230616478366
-283.36811436799377	-6.348147000433528
-276.29452442975213	0.7254429378081113
-302.92985427360014	-25.9098869060399
-289.6389442318837	-12.618976864323486
-300.6805796550257	-23.660612287465483
-261.96491292170737	15.055054445852875
-275.16573142469184	1.8542359428683994
-276.53254374651493	0.4874236210453091
-265.2991001764827	11.72086719107756
-260.67063026996817	16.34933709759207
-296.10274361370153	-19.082776246141293
-295.1132398918349	-18.093272524274653
-274.27940441743027	2.74056295012997
-325.7014640007624	-48.68149663320219
-281.67962167206184	-4.659654304501601
-288.77530676700604	-11.755339399445802
-287.8614283529683	-10.841460985408048
-306.71561680916835	-29.69564944160811
-239.8495224481963	37.170444919363945
-247.76292349844203	29.257043869118206
-281.4310708108174	-4.411103443257161
-281.3907397936205	-4.3707724260602845
-294.07300219689984	-17.053034829339595
-289.21865847240457	-12.198691104844329
-269.1444035842074	7.875563783352845
-282.21673293982946	-5.196765572269214
-281.492855496043	-4.472888128482737
-277.8427554785672	-0.8227881110069575
-229.9981142379334	47.021853129626834
-254.97562488538875	22.044342482171487
-280.45691493819373	-3.4369475706334924
-319.3478443171703	-42.32787694961007
-276.5451027457971	0.4748646217631176
-294.5289795459908	-17.509012178430567
-250.04499956257547	26.97496780498477
-294.43276884343555	-17.412801475875312
-238.10732809853704	38.9126392690232
-283.1674279211807	-6.147460553620476
-252.03101789297267	24.98894947458757
-280.16068904287437	-3.1407216753141256
-306.0650851577598	-29.045117790199583
-279.4972707278435	-2.4773033602832584
-268.483193921617	8.536773445943254
-252.23982647911959	24.780140888440656
-304.4235934136455	-27.403626046085265
-262.11701747906824	14.902949888492003
-261.06059356559905	15.959373801961192
-276.4241498887646	0.5958174787956523
-244.57744343829887	32.44252392926137
-250.50904631795908	26.510921049601166
-303.824468263229	-26.804500895668752
-236.8010132285786	40.218954138981644
-296.10206720753246	-19.082099839972216
-250.0690152599787	26.950952107581543
-284.95856186813813	-7.938594500577892
-316.50759366541075	-39.48762629785051
-247.67601604353018	29.34395132403006
-284.69584762531355	-7.675880257753306
-281.54381621482804	-4.5238488472678
-278.57583123989076	-1.5558638723305194
-301.3464530093266	-24.32648564176634
-290.25349962987144	-13.2335322623112
-296.8934798870692	-19.87351251950895
-280.9080849138341	-3.888117546273861
-263.38728899548784	13.632678372072405
-294.94068455688154	-17.920717189321294
-312.90332223407364	-35.8833548665134
-296.7226790521168	-19.70271168455656
-286.0653609554943	-9.045393587934086
-252.3576333906463	24.662333976913942
-286.2532938271402	-9.233326459579985
-268.9353526922865	8.08461467527377
-267.2503714988057	9.76959586875455
-283.3405570027613	-6.320589635201031
-277.247089647623	-0.22712228006275836
-215.11639718358543	61.90357018397481
-287.70870897660694	-10.688741609046701
-260.60578499321906	16.41418237434118
-257.2542712430082	19.76569612455205
-269.81820280713924	7.201764560420997
-280.0872265431031	-3.0672591755428584
-252.77349606836702	24.246471299193217
-259.7458022415163	17.274165126043954
-260.75475106808204	16.265216299478197
-267.8866521708774	9.133315196682815
-261.8376595869418	15.18230778061843
-263.84788749383785	13.172079873722396
-277.6188214299987	-0.5988540624384768
-316.76308727839984	-39.743119910839596
-234.6220323871899	42.39793498037034
-300.178760637537	-23.15879326997674
-258.65187194442166	18.368095423138584
-249.20277849633618	27.81718887122406
-311.9827739875405	-34.962806619980256
-259.817036492103	17.20293087545724
-284.4622779579882	-7.442310590427951
-269.6806940220927	7.339273345467518
-297.0089634293914	-19.98899606183113
-292.25214067300163	-15.232173305441393
-299.4581695519524	-22.43820218439214
-278.38087366855376	-1.3609063009935198
-262.0699542299631	14.950013137597125
-330.3655574178052	-53.34559005024494
-238.25653777340682	38.76342959415342
-282.1708540583282	-5.150886690767948
-289.21479662661346	-12.194829259053222
-282.9573606378622	-5.937393270301982
-297.635929210454	-20.61596184289374
-297.23398466328996	-20.214017295729718
-268.2397142323394	8.780253135220846
-308.54764673951337	-31.527679371953127
-282.5568190971904	-5.536851729630143
-283.84546512392313	-6.825497756362893
-296.90192757077654	-19.881960203216295
-264.46693728106817	12.553030086492072
-307.63832002261967	-30.618352655059425
-288.62405380505567	-11.604086437495425
-241.78970366804475	35.23026369951549
-320.1408102491337	-43.12084288157348
-287.5312412576682	-10.511273890107987
-289.4237508611628	-12.403783493602532
-237.2759344959564	39.74403287160385
-308.9678142671842	-31.947846899623983
-294.9272766764412	-17.90730930888094
-274.3649088931057	2.655058474454563
-310.2053915857328	-33.18542421817256
-281.83472684268105	-4.814759475120809
-278.21215702490787	-1.192189657347626
-247.6249760626893	29.394991304870928
-282.9529343581749	-5.932966990614659
-253.1820014208866	23.83796594667365
-273.90116806275233	3.118799304807908
-315.8667674396061	-38.84680007204588
-268.049338291698	8.970629075862234
-243.9722404804275	33.04772688713274
-291.6291051439844	-14.609137776424177
-271.8655713638805	5.154396003679722
-312.74276471330865	-35.722797345748404
-291.29554601632896	-14.275578648768715
-268.6221304370634	8.397836930496851
-282.2800000055509	-5.260032637990662
-280.1391145729945	-3.119147205434274
-294.9792366338157	-17.959269266255433
-301.6436414889254	-24.623674121365184
-279.9641334217236	-2.944166054163361
-318.06646034874626	-41.04649298118602
-300.10515387512766	-23.085186507567414
-307.793524475354	-30.77355710779375
-252.75769453896697	24.262272828593268
-343.13691269454335	-66.11694532698311
-259.9598569221494	17.060110445410828
-277.7635522006245	-0.743584833064233
-262.635103898771	14.384863468789263
-300.7393662935579	-23.719398925997666
-262.65246833930047	14.367499028259772
-263.673453853226	13.34651351433422
-279.26357728984345	-2.2436099222832127
-283.1791277904636	-6.159160422903369
-321.0966963508186	-44.07672898325836
-244.25910331417305	32.760864053387195
-279.01631267014506	-1.996345302584814
-270.98891077227796	6.03105659528228
-255.09006948740767	21.929897880152566
-309.0713749517386	-32.05140758417838
-280.06280438794835	-3.042837020388106
-271.8180114687644	5.201955898795859
-278.18766352277504	-1.1676961552147986
-226.66423931845253	50.35572804910771
-249.82693159761453	27.19303576994571
-272.77027213335583	4.24969523420441
-238.21391734237164	38.8060500251886
-294.2632252889967	-17.243257921436452
-265.38719870533583	11.632768662224407
-236.33091922399086	40.68904814356938
-288.58707341960013	-11.56710605203989
-286.06976482079386	-9.049797453233623
-233.81542130471695	43.20454606284329
-245.08150506823637	31.938462299323874
-275.91071104036433	1.109256327195908
-314.2228690609414	-37.202901693381136
-279.9065757668364	-2.886608399276156
-301.42350809981195	-24.403540732251713
-301.26571390842633	-24.245746540866094
-312.74825028461834	-35.728282917058095
-254.5960807718298	22.423886595730437
-297.81686590288206	-20.796898535321816
-305.87287391503247	-28.85290654747223
-278.75640349854854	-1.7364361309882952
-254.2492270053122	22.770740362248034
-279.7860162229559	-2.7660488553956384
-270.8392016280928	6.180765739467461
-259.86435096803376	17.15561639952648
-309.2563941753402	-32.236426807779935
-290.66340607281796	-13.643438705257722
-282.8000174287959	-5.78005006123567
-283.6498572976348	-6.629889930074569
-244.55658039308815	32.46338697447209
-285.5387232300059	-8.518755862445687
-305.0023918372977	-27.982424469737452
-252.3655747672097	24.654392600350548
-264.4748037118339	12.545163655726356
-268.32903606539963	8.690931302160607
-277.7933122879991	-0.7733449204388307
-287.5697297594384	-10.549762391878176
-241.5657987402306	35.454168627329636
-313.6867911908999	-36.666823823339655
-304.3088818428592	-27.288914475298952
-335.4175049222618	-58.39753755470156
-257.9535163972983	19.06645097026194
-319.3392830420858	-42.31931567452557
-263.67835226549556	13.34161510206468
-267.9533705617583	9.066596805801964
-264.08405798748623	12.935909380074008
-256.72773365672816	20.29223371083208
-266.0283235183238	10.991643849236425
-273.48463837992364	3.5353289876366034
-276.4243220673748	0.5956453001854243
-260.27139273011613	16.748574637444108
-310.637061494032	-33.617094126471784
-313.8907371361934	-36.87076976863318
-267.89539539161393	9.12457197594631
-289.37982943443836	-12.359862066878122
-313.23276499610125	-36.21279762854101
-265.34013006237416	11.679837305186084
-230.24787067350604	46.7720966940542
-311.2874990875503	-34.267531719990075
-260.80173743971005	16.21822992785019
-279.5339538006161	-2.513986433055834
-283.9223884910103	-6.90242112345004
-257.36719324575876	19.652774121801485
-248.8725339589369	28.14743340862333
-308.55071925723365	-31.53075188967341
-281.4551121476621	-4.435144780101837
-261.5428680344708	15.477099333089427
-281.91744653757684	-4.897479170016595
-277.8526276314738	-0.8326602639135672
-303.0353623941997	-26.015395026639453
-268.5212084431192	8.498758924441063
-256.1439089204146	20.876058447145624
-271.524055425653	5.495911941907252
-285.35144915454345	-8.331481786983204
-272.0571277375498	4.962839630010421
-289.2951377077339	-12.275170340173645
-246.63656765818502	30.383399709375226
-263.3552559486348	13.664711418925435
-277.7375296176402	-0.7175622500799363
-267.0063321919375	10.013635175622767
-284.95560045948565	-7.9356330919254106
-301.83562079569	-24.815653428129735
-275.6140101448041	1.4059572227561148
-292.6057731995466	-15.585805831986363
-327.2280128162752	-50.208045448714984
-284.5038149208636	-7.483847553303349
-273.09010183606784	3.9298655314923963
-288.275573691783	-11.255606324222754
-247.45718685723165	29.562780510328594
-308.96697569310396	-31.94700832554372
-262.2486834645029	14.771283903057338
-282.6322701725081	-5.612302804947831
-282.0266016924075	-5.006634324847255
-269.0892345591206	7.930732808439643
-275.21291087767946	1.8070564898807788
-315.6916223742524	-38.67165500669216
-258.9094502380545	18.11051712950575
-308.2495665096872	-31.229599142126972
-277.9397754168827	-0.9198080493224552
-248.52990433577412	28.49006303178612
-286.2844175208816	-9.264450153321377
-257.5795181709187	19.440449196641566
-319.5842598329696	-42.56429246540938
-262.1064004847945	14.913566882765735
-272.93894931274605	4.081018054814194
-323.3994476394369	-46.37948027187667
-283.54383160781487	-6.523864240254625
-287.956198102424	-10.936230734863784
-242.42097669747506	34.598990670085186
-250.52784653694158	26.49212083061866
-296.5720546348826	-19.55208726732235
-263.95037885738617	13.069588510174071
-273.30370235873175	3.7162650088284863
-251.4144400962619	25.605527271298342
-306.0391152261514	-29.019147858591168
-264.13025748935667	12.889709878203575
-254.6162769448934	22.40369042266684
-293.98533072947663	-16.96536336191639
-319.18558051955966	-42.16561315199942
-281.2488124556772	-4.228845088116941
-274.43736158494045	2.582605782619794
-248.05432448458356	28.96564288297668
-244.4420463844222	32.57792098313803
-257.92509590040623	19.094871467154007
-250.1858164070514	26.83415096050885
-309.65450058216135	-32.634533214601106
-254.31635143166255	22.703615935897687
-264.74059456769515	12.279372799865087
-282.3837077322028	-5.363740364642581
-256.52545213502214	20.494515232538106
-297.4915802276742	-20.471612860113964
-278.01098985756886	-0.9910224900086178
-290.2498302021491	-13.229862834588857
-306.40789794653443	-29.387930578974192
-274.4597554186699	2.5602119488903554
-271.63431207363516	5.385655293925083
-250.16198360916366	26.857983758396585
-270.70879031295095	6.3111770546092885
-261.85577736957254	15.164189997987705
-281.96180847896227	-4.941841111402027
-263.70274257998295	13.317224787577288
-265.10953643201407	11.910430935546174
-265.02042525698977	11.999542110570474
-232.6928653412984	44.327102026261855
-285.88287003151396	-8.862902663953719
-235.33683954425993	41.68312782330031
-309.0668058172383	-32.046838449678035
-279.31482038215523	-2.2948530145949917
-259.34480167760245	17.675165689957794
-280.00433508796465	-2.984367720404407
-281.62071078927744	-4.600743421717198
-297.02696258214615	-20.006995214585913
-275.2992921833289	1.720675184231368
-251.54969047843093	25.47027688912931
-293.2039536277376	-16.183986260177335
-287.53685358061244	-10.516886213052203
-260.53583160223985	16.48413576532039
-236.2062868666331	40.81368050092715
-269.77519073665513	7.244776630905108
-250.6389096117278	26.381057755832444
-333.0023172338047	-55.982349866244476
-278.00314062520243	-0.9831732576421928
-283.3192754260022	-6.299308058441966
-233.73715413502265	43.28281323253759
-278.5338456047544	-1.5138782371941488
-260.27359046109683	16.74637690646341
-282.02064223106623	-5.000674863505992
-315.65602330973394	-38.6360559421737
-266.36426312186137	10.655704245698871
-303.06182540854985	-26.04185804098961
-243.42719135041312	33.592776017147116
-319.00610307764924	-41.986135710089
-300.0451821759421	-23.02521480838186
-294.3455600984676	-17.325592730907374
-306.1622722771213	-29.142304909561062
-263.69788039637984	13.322086971180397
-251.59408731664786	25.425880050912383
-322.9103739462376	-45.89040657867736
-270.4696699871934	6.550297380366828
-287.09896581760455	-10.07899845004431
-282.93417296572494	-5.914205598164699
-285.9069936653328	-8.887026297772536
-281.45093479530675	-4.430967427746509
-266.18799816902225	10.83196919853799
-330.02445347075314	-53.0044861031929
-317.14458005180546	-40.12461268424522
-240.69850906122207	36.32145830633817
-260.5905475044788	16.42941986308142
-259.6366836120365	17.383283755523735
-272.91275545712466	4.107211910435581
-275.9483857900273	1.0715815775329247
-272.59653343092265	4.423433936637593
-252.68385499432821	24.336112373232027
-294.9745421794874	-17.95457481192716
-285.8175688462439	-8.797601478683646
-284.37031534402246	-7.350347976462217
-272.9784560495105	4.041511318049743
-304.1963037674073	-27.17633639984706
-250.90957129422947	26.110396073330776
-263.9536802103617	13.06628715719853
-298.0458551433481	-21.02588777578785
-283.65823591659915	-6.638268549038912
-267.96375227493314	9.056215092627099
-292.4839664582765	-15.463999090716243
-259.63055587646573	17.389411491094506
-292.1756567511989	-15.155689383638673
-281.87495814677874	-4.854990779218497
-304.68938908782053	-27.66942172026029
-290.73825449034535	-13.718287122785114
-263.8621532756011	13.157814091959153
-263.18331456947686	13.836652798083378
-231.81118253256915	45.20878483499109
-300.42691698943287	-23.406949621872627
-282.17828789164975	-5.158320524089504
-231.50954547162888	45.51042189593136
-292.524680121504	-15.50471275394375
-345.4727354772845	-68.45276810972427
-268.7555670685038	8.264400299056433
-241.12923557202936	35.89073179553088
-336.4299217933663	-59.40995442580606
-273.1922005535967	3.8277668139635352
-291.76572536760847	-14.745758000048227
-247.4086178416697	29.611349525890546
-286.5458391607031	-9.52587179314287
-258.6637019155392	18.356265452021034
-276.3311782855531	0.6887890820071334
-245.9759525916093	31.044014775950927
-272.11514518794917	4.904822179611074
-254.85005416598193	22.16991320157831
-289.6626600361565	-12.642692668596283
-286.23616469710447	-9.21619732954423
-313.5159475772894	-36.49598020972917
-307.8729083530421	-30.852940985481837
-256.2157853023023	20.80418206525792
-304.8111284921984	-27.791161124638165
-268.33839235777174	8.681575009788503
-256.99664375102344	20.0233236165368
-258.2827755910044	18.737191776555846
-260.84202834919466	16.177939018365578
-241.31895649075938	35.701010876800865
-259.0875180647932	17.932449302767054
-261.8144600641759	15.205507303384366
-241.01942542542434	36.0005419421359
-292.8022132465199	-15.782245878959657
-256.3128488041917	20.707118563368567
-242.25175384427035	34.76821352328989
-266.53273602786845	10.487231339691789
-306.1916716974161	-29.171704329855856
-228.1704921613496	48.84947520621063
-281.4471844873556	-4.427217119795387
-264.92008734517054	12.099880022389698
-271.5003124269502	5.519654940610053
-263.99336351785365	13.02660384970659
-248.1662132500574	28.85375411750283
-285.2960909784384	-8.27612361087813
-329.0990287709797	-52.07906140341947
-276.53645041162287	0.4835169559373753
-244.83279287236707	32.187174495193176
-271.22456093239504	5.795406435165205
-312.8588571330843	-35.83888976552407
-285.2577874000786	-8.237820032518357
-295.9120125397681	-18.892045172207872
-286.21887442809435	-9.198907060534111
-331.71541945021505	-54.69545208265481
-238.8938415521048	38.12612581545545
-325.43579011940943	-48.41582275184919
-232.33696292722794	44.6830044403323
-292.98465403232746	-15.964686664767214
-301.38604050388	-24.366073136319756
-274.1807242605942	2.8392431069660233
-277.47359719948923	-0.45362983192899264
-262.4122805879966	14.607686779563664
-278.45496302421867	-1.4349956566584297
-301.6582755796922	-24.63830821213196
-272.3868763020369	4.633091065523331
-259.3230699168858	17.69689745067444
-254.5590229975283	22.46094437003194
-231.03085883784712	45.98910852971312
-275.8486510981243	1.1713162694359198
-256.7385177844049	20.281449583155336
-256.2176064176825	20.802360949877766
-272.84920405370264	4.170763313857606
-279.46492484345123	-2.4449574758909876
-299.9381083761478	-22.918141008587554
-285.3937312397107	-8.373763872150448
-268.5926345766716	8.427332790888613
-307.1898311407645	-30.16986377320427
-253.58131667455797	23.438650693002273
-276.4520375132493	0.5679298543109326
-308.45406113209225	-31.434093764532008
-290.6452624503659	-13.625295082805678
-282.04852054452255	-5.028553176962305
-301.152057824475	-24.13209045691474
-253.167278689733	23.852688677827246
-274.3854746521907	2.6344927153695608
-277.5882175396187	-0.5682501720584696
-260.2713917661245	16.748575601435732
-317.6214762056848	-40.60150883812457
-271.74987432164977	5.270093045910471
-329.7089515460762	-52.688984178515966
-287.44072862985973	-10.420761262299493
-307.288440977784	-30.268473610223737
-285.1106037099749	-8.090636342414655
-270.13665866098796	6.883308706572279
-306.26107558211567	-29.241108214555425
-260.4582291977791	16.561738169781165
-229.11851015954068	47.901457208019565
-278.8318524136344	-1.811885046074167
-316.3110883187988	-39.291120951238554
-239.40513264106318	37.614834726497065
-280.78446350311475	-3.7644961355545092
-296.2439042923002	-19.223936924739974
-281.09750561363086	-4.077538246070617
-252.04214502768497	24.977822339875274
-246.5871015767703	30.432865790789947
-332.4445572970222	-55.424589929461945
-297.30424108294443	-20.284273715384188
-280.73670008923415	-3.716732721673907
-290.51104496097156	-13.491077593411319
-235.9697614560651	41.05020591149514
-269.5512857294603	7.468681638099952
-266.39440266525395	10.625564702306292
-258.7727160722066	18.247251295353635
-252.06818347104905	24.951783896511188
-265.87950193268676	11.140465434873477
-299.6164875659529	-22.596520198392682
-292.33862248351994	-15.3186551159597
-271.44631487307976	5.573652494480484
-249.40611079656134	27.613856570998905
-233.13963280242075	43.88033456513949
-267.3653820810801	9.654585286480142
-292.1952256743321	-15.175258306771866
-264.4892257112884	12.530741656271857
-265.19356216210195	11.826405205458286
-295.0604260962942	-18.040458728733938
-305.2265497717095	-28.20658240414923
-299.6468869710448	-22.626919603484566
-317.6322169266428	-40.61224955908256
-287.54012275765905	-10.520155390098807
-280.5216839304417	-3.5017165628814837
-245.64854833532496	31.37141903223528
-263.764893113425	13.255074254135252
-259.85845669978204	17.161510667778202
-290.21261877757985	-13.192651410019607
-275.2679255861663	1.7520417813939275
-272.0143432971459	5.005624070414342
-301.6911126011624	-24.671145233602147
-323.86139480897015	-46.841427441409905
-261.4926300044977	15.527337363062543
-238.5351223849362	38.484844982624054
-277.32875195216235	-0.3087845846021082
-250.89083554040604	26.129131827154197
-254.1102322549055	22.909735112654744
-295.33795103147764	-18.317983663917403
-259.63376294308597	17.386204424474272
-259.191454022694	17.828513344866224
-242.94857673605344	34.0713906315068
-319.2387132753143	-42.218745907754055
-272.9261339092414	4.093833458318841
-285.8244128310694	-8.804445463509182
-277.375312489538	-0.3553451219777344
-270.79840165010734	6.221565717452904
-291.5530387663535	-14.533071398793254
-266.44601029213715	10.573957075423095
-313.2419816710977	-36.222014303537435
-225.14724837528098	51.87271899227926
-229.46225839119194	47.5577089763683
-220.13790835762535	56.88205900993489
-265.8671884775618	11.152778889998444
-279.47789317265466	-2.457925805094419
-301.531554339083	-24.511586971522775
-278.0458358471738	-1.025868479613564
-295.0551425883537	-18.035175220793462
-270.8898780592504	6.1300893083098345
-288.3487966410399	-11.328829273479641
-312.81509447834884	-35.7951271107886
-224.49510303566836	52.52486433189188
-299.77094489138887	-22.750977523828624
-309.38324003190115	-32.36327266434091
-277.0472804004317	-0.027313032871461473
-245.19534195612556	31.82462541143468
-317.7881746288845	-40.76820726132428
-263.17741728790185	13.842550079658395
-285.7367004012563	-8.716733033696073
-263.14928465257304	13.870682714987197
-271.0957402886784	5.924227078881813
-267.97992122943884	9.040046138121397
-271.4366965801824	5.583270787377842
-214.0134950289726	63.00647233858763
-276.41880520912724	0.6011621584329987
-299.0522551189575	-22.032287751397234
-281.7962008261316	-4.776233458571369
-309.9076541187465	-32.887686751186266
-306.4758856908816	-29.455918323321384
-252.89876402075657	24.121203346803668
-228.47779967662842	48.54216769093182
-309.6664962274886	-32.64652885992837
-255.23130940605967	21.788657961500576
-280.2524038868947	-3.232436519334442
-305.44121541390683	-28.42124804634659
-280.8230767028804	-3.803109335320187
-285.3212738410735	-8.30130647351325
-299.0169887968446	-21.99702142928436
-229.13318497922643	47.88678238833381
-252.08667782905883	24.933289538501413
-291.4872329386058	-14.467265571045573
-308.37090864088583	-31.35094127332559
-231.75469716854474	45.265270199015504
-321.1938231575119	-44.17385578995163
-278.4959569225544	-1.4759895549941575
-286.73755556696466	-9.717588199404418
-273.181932632499	3.8380347350612283
-261.13258990695664	15.887377460603602
-299.86229134769434	-22.842323980134097
-249.57368470935813	27.446282658202108
-293.74021828171004	-16.7202509141498
-271.0385803052273	5.981387062332942
-269.2750122864168	7.7449550811434165
-266.7654606780639	10.254506689496338
-301.4899915346546	-24.47002416709438
-265.77905822068766	11.240909146872582
-284.80841790466417	-7.788450537103927
-269.25578494896087	7.7641824185993755
-294.0932700187337	-17.073302651173435
-266.7938480046801	10.226119362880127
-278.8596165884597	-1.839649220899446
-284.31159649958914	-7.291629132028902
-259.37221404448115	17.647753323079087
-284.8271791688099	-7.80721180124965
-257.7849621141582	19.23500525340205
-265.12015627290435	11.899811094655888
-274.18417377044585	2.835793597114389
-268.3929405465829	8.627026820977335
-287.96963601474323	-10.949668647182989
-297.9421084006977	-20.92214103313745
-279.1252372446839	-2.1052698771236464
-282.91898657197504	-5.899019204414799
-300.3685924725365	-23.348625104976236
-296.05042894137347	-19.030461573813227
-312.93837845905415	-35.91841109149391
-296.07781768362526	-19.057850316065014
-301.712540452973	-24.692573085412732
-269.8423614902791	7.177605877281167
-276.2283206982325	0.7916466693277471
-257.3984202824436	19.621547085116617
-279.1171293163139	-2.0971619487536373
-303.234902405377	-26.21493503781676
-303.1497703945284	-26.129803026968148
-267.850748333593	9.169219033967238
-279.2097553368881	-2.189787969327881
-334.31208985480094	-57.292122487240704
-287.3376997354431	-10.317732367882854
-285.5700225526603	-8.550055185100064
-296.29563319036293	-19.275665822802694
-266.5456231690701	10.474344198490144
-265.1812039567381	11.83876341082214
-272.1127853638105	4.907182003749767
-259.51462275345017	17.505344614110072
-278.5568037271665	-1.5368363596062409
-254.48708217862492	22.532885188935325
-231.64559724595944	45.374370121600805
-261.5964001672624	15.423567200297839
-299.3432950764041	-22.323327708843863
-289.301273815167	-12.281306447606767
-283.0960145055074	-6.076047137947171
-271.7002295640637	5.319737803496537
-304.79122985510236	-27.771262487542117
-270.218074031895	6.801893335665227
-288.6199500827575	-11.599982715197257
-241.43973881837934	35.5802285491809
-271.0265731685873	5.993394198972965
-288.46658794012234	-11.446620572562097
-285.41041025838837	-8.390442890828126
-234.1171887069582	42.90277866060205
-233.48735692818497	43.532610439375276
-292.20324202073294	-15.183274653172703
-272.5254101931719	4.494557174388319
-302.11562698879476	-25.095659621234518
-252.1578278938619	24.862139473698335
-278.20373303313005	-1.1837656655698083
-238.78919820008065	38.23076916747959
-306.0499980021055	-29.030030634545255
-308.9303670306477	-31.910399663087446
-249.6504585067965	27.369508860763744
-269.1675633657947	7.852404001765535
-282.6356279578691	-5.615660590308835
-249.0329566974038	27.98701067015645
-236.80332281250645	40.21664455505379
-299.6186040643011	-22.59863669674087
-284.9402162976699	-7.920248930109665
-289.8843108358638	-12.86434346830356
-272.57148926420683	4.448478103353409
-282.9948415055192	-5.974874137958977
-269.41539634238194	7.604571025178302
-304.190248634543	-27.170281266982784
-273.1947011912785	3.8252661762817297
-282.49774923438287	-5.477781866822625
-278.3612202509035	-1.3412528833432589
-282.0406230693266	-5.020655701766373
-264.54554638276073	12.474420984799508
-272.8310205753883	4.188946792171919
-244.88177663301082	32.138190734549426
-245.23163546928168	31.788331898278557
-231.08406053868435	45.935906828875886
-283.4960659462018	-6.47609857864154
-253.73532612466857	23.284641242891666
-262.24602916414057	14.773938203419675
-278.8628940491695	-1.8429266816092422
-247.6948408174872	29.325126550073037
-275.62839397029217	1.3915733972680755
-244.50470957782142	32.515257789738826
-296.1222809824763	-19.102313614916056
-264.9018684958215	12.118098871738766
-301.09298656218067	-24.07301919462043
-282.9242027820515	-5.904235414491268
-286.670482761831	-9.65051539427077
-295.93312958294024	-18.913162215379998
-224.68321321646414	52.3367541510961
-296.92700224715423	-19.907034879593994
-293.9599642796025	-16.93999691204226
-319.40186138806945	-42.38189402050921
-233.93924124539677	43.08072612216347
-262.4916595764449	14.528307791115367
-298.18397815207624	-21.164010784515995
-234.60404281139978	42.41592455616046
-280.4792851493335	-3.4593177817732794
-293.38651711263134	-16.366549745071097
-320.7641456203351	-43.74417825277487
-321.7298291566481	-44.70986178908788
-275.9993616503421	1.0206057172181318
-318.9161491180353	-41.89618175047508
-290.11128410908765	-13.091316741527407
-302.3711502831798	-25.351182915619574
-273.2733826315312	3.7465847360290354
-320.8689837966163	-43.849016429056064
-260.5319608586365	16.488006508923718
-230.06568971362918	46.95427765393106
-220.90107347801	56.118893889550236
-293.2545403973132	-16.234573029752937
-310.1042209468947	-33.08425357933447
-281.7857650227457	-4.765797655185452
-302.97904110124415	-25.95907373368391
-308.8280314606605	-31.808064093100256
-217.46658588526094	59.5533814822993
-271.4752689361272	5.544698431433062
-293.5808956738552	-16.560928306294954
-289.952246863883	-12.932279496322735
-276.1254817985251	0.8944855690351687
-283.18003276248834	-6.160065394928097
-269.5517419702597	7.468225397300557
-261.9397826730497	15.080184694510535
-309.01109300473087	-31.991125637170626
-258.5874808302256	18.432486537334626
-266.8425007327683	10.177466634791926
-307.29187688523285	-30.27190951767261
-246.60501389869802	30.414953468862223
-316.69426137660827	-39.674294009048026
-286.55848330616624	-9.538515938605997
-286.5016784486439	-9.481711081083631
-298.74396804085023	-21.724000673289993
-284.3609171828653	-7.340949815305066
-281.3903547128653	-4.370387345305062
-262.6926696431988	14.327297724361415
-273.5745548872006	3.445412480359664
-310.5032096535802	-33.48324228601996
-275.3060780645979	1.7138893029623432
-269.9582317529644	7.061735614595818
-256.58661425096994	20.433353116590297
-295.88074557553824	-18.860778207978
-277.9574662980527	-0.9374989304924384
-242.84001993276667	34.179947434793576
-285.6375032637812	-8.617535896220943
-285.47499424288304	-8.455026875322801
-294.195122694619	-17.175155327058746
-248.95840874790935	28.061558619650896
-256.4518360498119	20.56813131774834
-301.4179486451399	-24.397981277579674
-278.60187541620013	-1.5819080486398889
-230.99860677097655	46.02136059658369
-255.23070827347016	21.789259094090085
-263.06879162434103	13.95117574321921
-308.35883622754096	-31.33886885998072
-272.3941198418548	4.625847525705467
-281.24599021675436	-4.226022849194123
-259.0583204488144	17.961646918745828
-258.80040823658834	18.219559130971902
-278.720207844403	-1.7002404768427368
-246.21337030335468	30.80659706420556
-246.22980432684614	30.790163040714106
-257.07340194055774	19.946565427002497
-296.58005610168817	-19.56008873412793
-260.73997918805304	16.2799881795072
-296.01370635760446	-18.99373899004422
-294.6271621543497	-17.607194786789478
-252.09225427643884	24.927713091121404
-239.52423176212375	37.495735605436494
-265.77582656297506	11.244140804585186
-230.3408154560098	46.679151911550434
-302.58669759584205	-25.566730228281813
-268.66687301401595	8.353094353544293
-287.80825983918527	-10.788292471625027
-271.82993600547394	5.190031362086302
-228.4648370912842	48.55513027627603
-296.0423093665964	-19.022341999036144
-254.97325430849065	22.04671305906959
-307.7114469930462	-30.691479625485954
-262.2388430775541	14.781124290006119
-238.8198320167217	38.200135350838536
-290.3252909405788	-13.30532357301854
-293.8999539826696	-16.879986615109374
-279.1439664768628	-2.123999109302531
-328.9866946655025	-51.96672729794227
-323.981171576736	-46.961204209175776
-271.459570020023	5.560397347537219
-299.38371440616226	-22.363747038602014
-299.7509039182556	-22.730936550695333
-284.9448284621108	-7.924861094550579
-278.652999104867	-1.6330317373067373
-298.10915999858895	-21.08919263102871
-265.8010035020057	11.218963865554542
-276.56620831031665	0.45375905724358745
-309.46278508907614	-32.442817721515894
-362.8323663749548	-85.81239900739456
-277.2390395451153	-0.2190721775550628
-308.9763114763851	-31.95634410882485
-296.85878333909983	-19.83881597153959
-280.2110917616888	-3.1911243941285647
-256.20331270318326	20.816654664376983
-254.33567671714314	22.684290650417097
-278.156962064059	-1.136994696498732
-288.19230207187553	-11.17233470431529
-319.11085286329813	-42.09088549573789
-298.53373924118256	-21.513771873622318
-285.07808785609865	-8.058120488538407
-258.98233455279166	18.037632814768585
-264.12230173749464	12.897665630065603
-320.4700600770089	-43.450092709448654
-319.22526053565576	-42.20529316809552
-296.48648588859265	-19.466518521032413
-261.7244904777695	15.295476889790734
-254.9351540241119	22.08481334344833
-275.40078148205845	1.6191858855017927
-289.5927650981981	-12.57279773063783
-299.02957463316176	-22.009607265601517
-260.714279893939	16.30568747362122
-268.5782243526706	8.441743014889653
-256.4928173137674	20.527150053792866
-296.0320005354666	-19.01203316790634
-229.1530918071008	47.86687556045945
-301.2565488852784	-24.23658151771815
-263.8570000411642	13.162967326396029
-313.7740834350339	-36.75411606747366
-243.71129042789886	33.30867693966138
-288.7875180909692	-11.767550723408931
-210.68355586156446	66.33641150599578
-272.4445917462513	4.575375621308922
-294.38207032823317	-17.362102960672928
-261.657224012663	15.362743354897248
-321.05472018026245	-44.03475281270221
-303.08273805304685	-26.062770685486612
-279.34581242124165	-2.3258450536814053
-279.3808120634281	-2.360844695867854
-290.8143640536951	-13.79439668613486
-247.03449559046618	29.985471777094062
-307.3939587761784	-30.373991408618167
-242.16402398568658	34.85594338187366
-222.29294825897574	54.7270191085845
-268.9520751209862	8.067892246574047
-302.28854347856446	-25.268576111004222
-322.99802005197176	-45.97805268441152
-240.01917232543252	37.00079504212772
-294.1556893862076	-17.135722018647357
-281.50049320482555	-4.480525837265304
-290.42448554142226	-13.404518173862016
-233.2611372652978	43.758830102262436
-253.60433860883546	23.41562875872478
-246.84441659808414	30.175550769476104
-249.00733228520454	28.0126350823557
-278.7536347180799	-1.7336673505196813
-316.0828434940418	-39.06287612648157
-288.0550520650509	-11.035084697490674
-258.62144199539813	18.398525372162112
-276.8016583142822	0.2183090532780625
-251.01832640503613	26.001640962524107
-262.5848059148198	14.43516145274043
-246.467040488024	30.552926879536244
-283.8762178847906	-6.8562505172303645
-256.45744148373393	20.56252588382631
-271.3353355981895	5.684631769370753
-269.6467132529147	7.373254114645533
-267.94973508704476	9.070232280515484
-290.1192039673702	-13.099236599809956
-281.20467388387675	-4.18470651631651
-310.70167231230204	-33.681704944741796
-297.57228430470474	-20.552316937144496
-229.358152680587	47.66181468697323
-254.30929207392234	22.710675293637905
-247.09033684466755	29.929630522892694
-283.6185462404906	-6.598578872930375
-254.7695417345172	22.25042563304305
-268.2502062525678	8.769761114992434
-263.2049007977117	13.815066569848568
-282.16952918498333	-5.149561817423091
-241.3963385126777	35.623628854882554
-220.70080069217562	56.31916667538462
-280.4339012745991	-3.4139339070388814
-285.4545789984191	-8.434611630858853
-310.8325491393121	-33.812581771751866
-249.6032157843079	27.416751583252335
-317.83130592415597	-40.81133855659573
-257.0810740794628	19.93889328809746
-231.34006980223836	45.67989756532188
-238.87052771492068	38.14943965263956
-285.02356164389545	-8.003594276335207
-281.99136631908965	-4.971398951529409
-253.16634946942992	23.853617898130324
-284.54343115648277	-7.523463788922527
-240.00506847166304	37.014898895897204
-267.1627162660521	9.857251101508155
-263.208671969675	13.81129539788526
-318.3459963514402	-41.32602898387995
-290.8364187532066	-13.81645138564636
-236.45982544640043	40.56014192115981
-299.3392462256093	-22.319278858049074
-252.0106025286446	25.009364838915644
-239.77444672237522	37.245520645185024
-285.00180698783566	-7.981839620275423
-266.3266605573231	10.693306810237118
-215.16182272186467	61.858144645695575
-271.4869150434466	5.533052324113669
-331.0438376643511	-54.02387029679085
-251.3617502068742	25.658217160686036
-266.8060658256223	10.213901541937958
-267.7209492159969	9.29901815156336
-287.1383849040945	-10.118417536534253
-300.94121799361216	-23.921250626051915
-238.18890882109605	38.83105854646419
-278.69037675449414	-1.6704093869338976
-276.51626100834306	0.5037063592171762
-269.38269532708415	7.637272040476091
-263.64593882837704	13.3740285391832
-246.04242617874894	30.9775411888113
-297.1988054028557	-20.178838035295485
-259.72579859359445	17.294168773965794
-256.13286596534505	20.887101402215194
-307.32484671766775	-30.304879350107512
-290.87467461634566	-13.854707248785417
-279.64662695286876	-2.6266595853085164
-269.0088798989678	8.01108746859245
-316.31205325539537	-39.29208588783513
-306.27019498205533	-29.25022761449509
-312.09972067274117	-35.07975330518093
-305.6612300206403	-28.641262653080048
-278.35504250389255	-1.335075136332307
-282.092575829644	-5.0726084620837355
-308.70559184508653	-31.68562447752629
-273.34594639155745	3.6740209760027938
-265.8523108470768	11.167656520483433
-238.1386583347999	38.88130903276033
-314.92925816724215	-37.90929079968191
-291.40615434837724	-14.386186980817001
-268.2272311064376	8.792736261122627
-335.5973221954269	-58.57735482786666
-269.23246321448147	7.787504153078771
-266.25297604768326	10.766991319876979
-265.31372878062444	11.706238586935797
-273.2684622102466	3.751505157313659
-222.15520085121585	54.86476651634439
-308.14889673355407	-31.128929365993827
-285.1694082051768	-8.149440837616567
-268.3983213291436	8.621646038416657
-249.3696443237646	27.65032304379565
-311.730973316277	-34.711005948716775
-287.8519137280169	-10.83194636045664
-293.697831370017	-16.677864002456772
-316.55485960476705	-39.534892237206805
-324.736075655565	-47.71610828800476
-298.39804018055344	-21.378072812993196
-261.5475698273154	15.472397540244856
-291.35957608589575	-14.339608718335512
-282.98929612864646	-5.969328761086217
-238.44284474230568	38.57712262525456
-250.69364304369861	26.326324323861627
-256.0771437012232	20.942823666337063
-255.02170475513464	21.998262612425606
-322.3462230452356	-45.32625567767536
-269.0000327074018	8.01993466015847
-275.62299252535064	1.3969748422096018
-272.990655694121	4.029311673439224
-316.8105865476469	-39.79061918008665
-295.65655360655416	-18.636586238993914
-208.49605562052653	68.52391174703371
-273.68980733281256	3.330160034747678
-259.56588273075664	17.4540846368036
-261.04675043679214	15.973216930768103
-274.3684929227098	2.6514744448504644
-273.8633420512129	3.156625316347345
-308.662927963444	-31.64296059588378
-297.0031750678832	-19.983207700322964
-283.9383445507197	-6.918377183159464
-283.4773361576304	-6.457368790070177
-270.23510594575106	6.7848614218091825
-301.204570110313	-24.18460274275276
-286.2397836213427	-9.219816253782483
-275.7553814764911	1.2645858910691459
-275.4995388501489	1.5204285174113465
-254.1663470061108	22.85362036144943
-281.58420838548824	-4.564241017927998
-286.8124214655041	-9.792454097943846
-282.3645893355211	-5.3446219679608475
-255.6981458011947	21.321821566365543
-262.94988755882565	14.07007980873459
-268.84683677716436	8.173130590395886
-288.21863327812076	-11.198665910560521
-223.75808146625837	53.261885901301866
-250.45512778001336	26.564839587546885
-256.45211628155863	20.56785108600161
-262.7275986729879	14.29236869457236
-295.02587130769876	-18.005903940138523
-245.90672806900017	31.113239298560075
-256.8106611999179	20.209306167642353
-237.86631623780028	39.153651129759965
-311.1043598211623	-34.08439245360205
-276.40665199588017	0.6133153716800734
-276.240884511914	0.7790828556462657
-284.90138843244546	-7.881421064885217
-258.997559227712	18.022408139848267
-320.68675680338544	-43.666789435825194
-294.2266146212574	-17.206647253697156
-228.87684517134818	48.14312219621206
-290.03817254342044	-13.018205175860203
-285.23770895115064	-8.217741583590396
-281.62281520518496	-4.602847837624722
-271.67744020322476	5.342527164335479
-256.3609119685503	20.659055399009958
-292.96558865116873	-15.945621283608489
-236.22724880644142	40.79271856111882
-275.1374390073693	1.8825283601909177
-292.2748823992957	-15.254915031735436
-260.1698156070857	16.850151760474546
-249.56646154824608	27.45350581931416
-291.8619738949861	-14.842006527425838
-282.46189621385616	-5.441928846295923
-257.2852837064643	19.734683661095914
-267.49719121456343	9.522776152996812
-278.8123976017892	-1.7924302342289593
-279.239289363723	-2.219321996162762
-328.6066021178636	-51.58663475030335
-273.5954829429907	3.4244844245695276
-328.83063766647734	-51.8106702989171
-287.07383039008033	-10.05386302252009
-274.89367914025985	2.1262882273003925
-250.65369758685898	26.36626978070126
-243.6772973010598	33.34267006650043
-303.81991362832974	-26.799946260769502
-271.5282155333776	5.491751834182651
-259.91824396837234	17.101723399187904
-289.05701038172316	-12.037043014162919
-266.3081754775563	10.711791890003951
-299.65677404976356	-22.636806682203314
-267.8550558409557	9.164911526604556
-329.1459315936741	-52.125964226113865
-267.6688537873493	9.35111358021095
-297.98814953016023	-20.968182162599987
-280.68823620249947	-3.6682688349392265
-301.3133905829823	-24.29342321542208
-301.1122090115901	-24.092241644029855
-307.200189802396	-30.18022243483574
-275.8923858731801	1.1275814943801379
-262.00232770565395	15.017639661906287
-264.27858911707204	12.741378250488196
-291.0376785434424	-14.017711175882141
-278.03108183219643	-1.0111144646361936
-305.67880230164934	-28.6588349340891
-303.12696149141317	-26.106994123852928
-238.72366333772567	38.29630402983457
-264.7611564473705	12.258810920189717
-271.7100326920268	5.309934675533441
-259.13527796690374	17.884689400656498
-295.5081736417274	-18.48820627416717
-307.43366777663374	-30.4137004090735
-272.71822903598564	4.301738331574597
-279.04122064472955	-2.0212532771693077
-291.72658407290197	-14.70661670534173
-284.03277470425434	-7.012807336694095
-262.25290633749006	14.767061030070181
-297.2643000763133	-20.244332708753063
-303.34941239187225	-26.329445024312008
-292.64804113459155	-15.62807376703131
-239.68871907269255	37.33124829486769
-284.0815086211156	-7.061541253555333
-299.97529785420244	-22.955330486642197
-263.0378537540751	13.982113613485126
-300.8372906486407	-23.817323281080462
-263.8721548262043	13.147812541355961
-277.92664593361457	-0.9066785660543246
-285.91115712497464	-8.891189757414395
-274.8715040509347	2.148463316625566
-309.12771960812876	-32.107752240568516
-293.1200021836199	-16.100034816059633
-289.1509523106875	-12.13098494312726
-252.14817384175745	24.871793525802786
-306.91803375572687	-29.898066388166626
-304.31052512884395	-27.290557761283708
-219.88539898131472	57.13456838624552
-278.29532269099633	-1.275355323436088
-304.8673617841783	-27.847394416618044
-241.72421744172658	35.29574992583366
-289.29477826231647	-12.274810894756229
-306.2189513041454	-29.198983936585137
-295.2241667527929	-18.20419938523264
-273.5620480320436	3.4579193355166353
-273.2115632755236	3.8084040920366533
-324.1830673661539	-47.16309999859368
-266.3943488419396	10.625618525620666
-257.1201925331921	19.899774834368145
-260.0621704109731	16.957796956587117
-280.0887469859959	-3.0687796184356557
-289.6009457405531	-12.580978372992831
-261.0849843917609	15.934982975799358
-286.51931772197037	-9.499350354410126
-301.3691105020485	-24.34914313448826
-287.12295365134975	-10.102986283789505
-325.53599460626043	-48.51602723870019
-260.21452808916416	16.80543927839608
-283.6869039110248	-6.666936543464544
-290.21024609020293	-13.190278722642688
-268.69704925282764	8.322918114732602
-234.85266192121395	42.16730544634629
-297.08162519588274	-20.061657828322495
-288.20655107239924	-11.186583704838995
-284.3783977171193	-7.3584303495590575
-252.760505019302	24.25946234825824
-275.8081804576146	1.2117869099456584
-261.59889722112763	15.421070146432612
-272.75457187614717	4.265395491413074
-256.11221679756324	20.907750569997006
-321.8642407076773	-44.84427334011707
-258.9366304350629	18.083336932497332
-285.76156244312784	-8.741595075567602
-268.4371679271795	8.582799440380768
-266.5440823137547	10.475885053805541
-270.0747382628693	6.945229104690952
-292.04395421226997	-15.023986844709725
-265.78269127394793	11.237276093612309
-243.12466142295358	33.89530594460666
-270.88890195987966	6.13106540768058
-277.4946240576615	-0.47465669010125566
-255.324004607443	21.695962760117254
-273.30114350551645	3.7188238620437915
-275.86655121084965	1.1534161567105912
-281.0445839920945	-4.0246166245342465
-252.6260219529873	24.393945414572954
-261.69619033134273	15.323777036217507
-232.5563639654943	44.46360340206593
-313.37027280628587	-36.35030543872563
-272.6302311220721	4.389736245488166
-278.98143958896304	-1.9614722214028006
-251.3460723859685	25.67389498159173
-290.1189165074689	-13.098949139908655
-271.19683498015416	5.823132387406076
-272.50600280980194	4.5139645577583
-278.57319402752233	-1.5532266599620925
-279.74579373646026	-2.725826368900016
-286.9861870833925	-9.966219715832267
-244.96165210047235	32.05831526708789
-273.8719202466969	3.148047120863339
-287.1840232874752	-10.164055919914972
-305.8691285497703	-28.849161182210082
-336.10689722291914	-59.0869298553589
-284.33314013161777	-7.313172764057526
-307.569945356147	-30.54997798858676
-283.3765699618021	-6.356602594241849
-268.81257636303104	8.2073910045292
-230.6838390354174	46.336128332142835
-300.871473676722	-23.851506309161778
-299.7603904291978	-22.740423061637557
-249.38757633555412	27.632391032006126
