Hf	deltaHf ref=-653.0855015606676
-666.9005103351838	-13.815008774516173
-652.6685509611734	0.41695059949415736
-662.6255484131862	-9.540046852518572
-646.100637421262	6.984864139405545
-655.4436970210982	-2.3581954604305793
-658.5821973986922	-5.496695838024607
-638.0599031552438	15.025598405423807
-673.482067962922	-20.396566402254393
-669.303712227399	-16.218210666731466
-676.6567829935111	-23.571281432843534
-660.4080165664664	-7.322515005798778
-677.892707218637	-24.80720565796946
-650.2946832109183	2.7908183497493155
-630.6342946377581	22.451206922909478
-654.4915018186903	-1.4060002580226865
-645.8796831577956	7.205818402871955
-665.5442018768981	-12.458700316230534
-677.7200337735585	-24.634532212890917
-627.9092474894014	25.176254071266158
-671.1329234720788	-18.04742191141122
-648.2804430434653	4.805058517202269
-671.9840823071308	-18.898580746463267
-653.7187642337985	-0.6332626731309574
-650.7629365087369	2.3225650519307237
-673.6464557669997	-20.5609542063321
-667.6181642803303	-14.532662719662767
-626.3829023842582	26.70259917640942
-623.4695163369352	29.615985223732423
-652.7706051789164	0.3148963817511685
-666.3367554020542	-13.251253841386642
-601.5187882771888	51.56671328347875
-680.0409137967681	-26.95541223610053
-673.1192223467106	-20.033720786042977
-641.3747586627605	11.71074289790704
-651.9537671427997	1.1317344178678468
-650.1967254781803	2.888776082487311
-657.2684654161449	-4.182963855477283
-649.5929535647911	3.492547995876521
-649.5568515614314	3.5286499992362224
-687.0938489959981	-34.008347435330506
-647.3201340376572	5.7653675230103545
-664.8153169843308	-11.72981542366324
-633.0930305502143	19.9924710104533
-663.691439934063	-10.605938373395475
-648.3570958099035	4.728405750764068
-624.9533241565105	28.13217740415712
-639.8420460538355	13.243455506832106
-640.4930867499961	12.592414810671471
-674.5928609576249	-21.507359396957327
-675.967146758182	-22.881645197514445
-671.7924413056053	-18.7069397449377
-655.2724459798656	-2.186944419197971
-656.4310788195171	-3.3455772588495165
-667.058556691266	-13.973055130598368
-663.3787587565776	-10.293257195909973
-648.0889372918928	4.996564268774819
-656.8097163437224	-3.7242147830547765
-650.4651248028558	2.620376757811755
-647.4498162653354	5.635685295332223
-664.6446514408335	-11.559149880165933
-642.7937632694548	10.291738291212823
-620.3057023114698	32.77979924919782
-663.8261333063301	-10.74063174566254
-663.0433874273031	-9.957885866635479
-660.2641575545886	-7.178655993920984
-624.6402418329262	28.44525972774136
-681.122468715289	-28.03696715462138
-681.2374357333929	-28.151934172725305
-645.139184991468	7.946316569199553
-615.1505313581611	37.93497020250652
-682.500094940292	-29.41459337962442
-646.1659550772629	6.919546483404702
-637.3227105881551	15.762790972512448
-657.6567759956697	-4.571274435002124
-659.98898293004	-6.903481369372457
-660.1257940214591	-7.040292460791534
-650.0944488222767	2.991052738390863
-623.879317488917	29.206184071750613
-649.729022249102	3.3564793115656357
-660.2693055020236	-7.183803941356018
-646.3003887584955	6.78511280217208
-677.3543988407937	-24.26889728012611
-683.4385633058728	-30.353061745205196
-671.5124396623751	-18.426938101707492
-670.6249383238783	-17.539436763210688
-660.973189992149	-7.887688431481365
-653.3339771542405	-0.24847559357294813
-659.8669774562759	-6.78147589560831
-650.9911412727552	2.094360287912423
-669.6870157894036	-16.60151422873605
-660.6317024079499	-7.546200847282307
-619.0552275901309	34.030273970536655
-655.6470343212886	-2.5615327606210485
-634.3842341838053	18.701267376862234
-644.596522010298	8.48897955036955
-683.8537127938935	-30.768211233225884
-640.0005660627385	13.08493549792911
-639.9555186848329	13.129982875834685
-657.806624807522	-4.721123246854404
-630.7273210644953	22.35818049617228
-684.3554935655147	-31.269992004847154
-645.5289751250411	7.556526435626438
-635.610868260369	17.474633300298592
-636.5827790001522	16.502722560515394
-643.3493320621374	9.736169498530217
-648.1150816198378	4.970419940829743
-676.0590515076938	-22.973549947026186
-625.0221979138323	28.063303646835266
-653.7041088426367	-0.6186072819691617
-658.5765958589791	-5.491094298311509
-707.8879239246771	-54.802422364009544
-639.3511324468009	13.734369113866705
-686.8735893715811	-33.78808781091357
-656.8187918408248	-3.7332902801572345
-657.3076366651685	-4.222135104500921
-648.7503553306915	4.33514622997609
-676.0130084256407	-22.92750686497311
-627.4815034060621	25.603998154605506
-664.4672117327746	-11.381710172106978
-652.9556111253505	0.12989043531706557
-656.1626425252643	-3.077140964596765
-652.3539897339824	0.7315118266851641
-670.5455274959559	-17.460025935288286
-650.827180182142	2.2583213785255793
-657.4843604709486	-4.398858910280978
-665.9864715077447	-12.900969947077101
-642.4583363410666	10.627165219601011
-659.7375023705999	-6.65200080993236
-655.8007310323474	-2.715229471679777
-636.4086233200387	16.676878240628866
-638.9777578892999	14.107743671367643
-619.5477653068547	33.53773625381291
-654.9961496906644	-1.9106481299968436
-638.4418242706915	14.64367728997604
-656.8302765845319	-3.7447750238643494
-664.5633135983835	-11.477812037715921
-649.9811815435996	3.1043200170679484
-651.7502455750246	1.3352559856430162
-664.8304464746789	-11.744944914011285
-660.2058399658881	-7.1203384052205365
-640.3041189091045	12.781382651563035
-688.8958902841141	-35.81038872344652
-652.0092579368966	1.0762436237710062
-644.7096005499943	8.37590101067326
-678.9786890576534	-25.893187496985774
-683.574835150549	-30.489333589881426
-661.3078962883619	-8.222394727694336
-631.1299290708439	21.95557248982368
-650.8744921377975	2.21100942287012
-669.9384974904124	-16.852995929744793
-651.5824506511153	1.5030509095522575
-641.642015165201	11.443486395466607
-634.2985684385812	18.78693312208634
-633.7790365459978	19.30646501466981
-670.4094552131019	-17.323953652434284
-668.1523691557695	-15.06686759510194
-644.1534506218914	8.932050938776229
-643.0839324922881	10.001569068379467
-643.242602011177	9.84289954949054
-618.706593206577	34.37890835409053
-648.2859894247549	4.799512135912664
-661.9258340959959	-8.840332535328344
-633.7185621785638	19.366939382103737
-669.6017460767935	-16.51624451612588
-662.7213951005715	-9.635893539903918
-640.1117585269558	12.973743033711798
-652.6833474698242	0.40215409084339626
-667.0419022361048	-13.95640067543718
-658.5812557851777	-5.495754224510165
-659.4685252653026	-6.383023704634979
-648.0433280966708	5.042173463996733
-637.8277588954543	15.2577426652133
-664.3343168011806	-11.248815240513068
-644.5144980189098	8.571003541757818
-639.1391879486791	13.946313611988444
-647.5721798213954	5.5133217392722145
-639.2430808937524	13.842420666915132
-656.3274083508759	-3.2419067902083043
-633.3834014129416	19.702100147726014
-658.2267721907001	-5.141270630032523
-638.2939914392655	14.791510121402098
-655.1611450936643	-2.0756435329967644
-629.2657970673927	23.819704493274912
-619.0737781583912	34.0117234022764
-630.9611806055063	22.124320955161238
-654.9394082460958	-1.8539066854282282
-654.2413123122706	-1.155810751602985
-633.251527650561	19.83397391010658
-651.819674968795	1.2658265918726102
-644.8530618670802	8.232439693587366
-625.1414042195711	27.944097341096494
-660.4862420453746	-7.4007404847070575
-671.1612444409866	-18.075742880319012
-629.5864023117638	23.499099248903804
-666.6348557450574	-13.549354184389813
-640.5369618533468	12.548539707320742
-641.000986706832	12.084514853835572
-638.2724200749535	14.813081485714065
-661.1163317725177	-8.030830211850116
-674.0065705071493	-20.921068946481682
-643.3225964231706	9.762905137497
-655.1159607006875	-2.030459140019957
-658.8143492381378	-5.728847677470185
-655.4208202113687	-2.3353186507010832
-653.1931229998763	-0.10762143920874223
-651.6102786161528	1.475222944514826
-637.0067956438461	16.07870591682149
-655.6844291010812	-2.5989275404135697
-668.2037699658713	-15.118268405203708
-658.8073307640907	-5.721829203423113
-643.4675383879685	9.617963172699092
-670.9572276519784	-17.871726091310848
-644.7126699910032	8.372831569664413
-666.4167456863388	-13.331244125671219
-672.3228867473836	-19.237385186715983
-667.1660546862868	-14.08055312561919
-666.9093630502348	-13.823861489567207
-657.8886798946651	-4.803178333997494
-664.6743234196792	-11.58882185901166
-646.1932830866017	6.892218474065885
-653.4979983125986	-0.4124967519310303
-646.0405281656595	7.044973395008128
-691.5786520310094	-38.49315047034179
-642.5206443453962	10.564857215271331
-653.5011541221929	-0.4156525615253486
-645.6365398169319	7.448961743735708
-667.4202747875706	-14.334773226903053
-644.3716305850421	8.713870975625468
-649.6431153131589	3.4423862475086935
-683.2135388838242	-30.128037323156605
-668.6079893438609	-15.522487783193355
-647.5111619928093	5.57433956785826
-670.7910880190784	-17.705586458410835
-653.76090000362	-0.675398442952428
-637.1336017898748	15.951899770792807
-650.8693151322541	2.2161864284134936
-610.426823099714	42.658678460953524
-679.8846674816041	-26.799165920936503
-678.017369524855	-24.931867964187404
-661.1791826766448	-8.093681115977233
-663.5908157661788	-10.50531420551124
-648.9239129501975	4.161588610470062
-661.0684207111071	-7.982919150439557
-634.5353689208741	18.550132639793446
-643.7474996858391	9.338001874828478
-646.8397159881306	6.245785572536988
-628.7928951003587	24.29260646030889
-639.8904143536811	13.1950872069865
-682.4589104029465	-29.373408842278877
-640.3183383628375	12.767163197830087
-654.3274132945107	-1.2419117338431533
-652.4559281110296	0.6295734496379737
-627.3976719831871	25.687829577480443
-663.9084679731923	-10.822966412524693
-657.6811675751405	-4.595666014472954
-641.1405883894358	11.944913171231747
-637.976700177026	15.108801383641548
-659.5736412099095	-6.48813964924193
-664.0617429236181	-10.976241362950532
-656.7019873634736	-3.6164858028059825
-649.5886944343683	3.4968071262992453
-659.7721961676316	-6.686694606964011
-644.9277272206846	8.157774339983007
-646.1345726362078	6.950928924459731
-639.0156887105722	14.069812850095332
-615.4074734259802	37.67802813468734
-656.4760604265493	-3.390558865881758
-661.3031892234167	-8.217687662749086
-653.8975270662513	-0.8120255055837333
-644.4257648880766	8.659736672590952
-636.2037337217362	16.88176783893141
-665.9722145903388	-12.886713029671228
-672.0501950721255	-18.96469351145788
-661.1492729618503	-8.063771401182748
-648.3380477206256	4.747453840041999
-661.5677974253367	-8.48229586466914
-621.1628054042985	31.922696156369057
-672.1740176772173	-19.088516116549727
-655.2438516340217	-2.158350073354086
-664.4771300164457	-11.391628455778118
-667.1543146697977	-14.068813109130133
-634.5831009340354	18.502400626632152
-683.6864140399439	-30.600912479276303
-660.7094654995481	-7.623963938880479
-626.7211541658789	26.364347394788638
-624.8691978232409	28.216303737426642
-639.3394148507386	13.746086709928932
-651.7653999459171	1.320101614750456
-674.5899039531532	-21.504402392485645
-654.1718002883308	-1.0862987276632339
-649.6944082462751	3.391093314392492
-639.6209126731437	13.46458888752386
-622.8678018451783	30.21769971548929
-658.8699848758288	-5.7844833151611965
-649.9241418062184	3.1613597544492222
-631.5729687919838	21.51253276868374
-670.1819107627553	-17.09640920208767
-640.329682515282	12.755819045385579
-639.7581764616652	13.327325099002337
-645.5486056607506	7.536895899916999
-658.9812369905585	-5.8957354298909195
-690.9042094628558	-37.81870790218818
-647.0691769581053	6.016324602562236
-633.6640718082954	19.421429752372205
-666.274951784947	-13.189450224279426
-663.9452829504035	-10.859781389735872
-650.6770609969853	2.408440563682234
-654.3563462238699	-1.270844663202297
-653.4393346511815	-0.3538330905139446
-643.7174503978049	9.368051162862685
-633.8879633858915	19.197538174776128
-619.6505048452118	33.43499671545578
-676.5853645980997	-23.49986303743208
-677.7134848533778	-24.62798329271027
-637.2468192611586	15.838682299508946
-656.1887939204053	-3.1032923597376794
-675.8537770916764	-22.76827553100884
-642.503925488144	10.581576072523603
-622.9127103789533	30.172791181714274
-646.5177665181864	6.5677350424812175
-638.6481379558272	14.437363604840357
-638.3068531562922	14.778648404375417
-601.4073190636291	51.678182497038506
-659.4137700192687	-6.328268458601087
-667.5356360502365	-14.450134489568882
-642.3438678819393	10.741633678728249
-665.559872650646	-12.474371089978376
-645.6692086330322	7.416292927635368
-664.401153548667	-11.315651987999445
-653.0102344416837	0.07526711898390204
-687.622599445679	-34.53709788501146
-655.3983238223182	-2.312822261650581
-656.19356777349	-3.1080662128224503
-663.1110093186026	-10.025507757934975
-661.6792301335836	-8.593728572916007
-644.020860398613	9.064641162054613
-653.5709023345435	-0.485400773875881
-664.9138762224638	-11.82837466179626
-617.7890572368515	35.296444323816104
-640.6778978060929	12.407603754574666
-662.063799618295	-8.978298057627399
-618.1317138489567	34.9537877117109
-652.0478907409006	1.0376108197669964
-641.6983785480725	11.387123012595112
-675.3087794502089	-22.22327788954135
-650.4570016244134	2.6284999362542294
-644.490701410733	8.5948001499346
-651.6756084252147	1.4098931354528759
-669.0144236243386	-15.928922063671052
-648.6693223138163	4.416179246851243
-639.2468486263415	13.838652934326092
-621.4893298467678	31.59617171389982
-672.7221167803391	-19.636615219671512
-674.7006392311769	-21.615137670509284
-661.0405955503402	-7.955093989672605
-642.3376571404106	10.747844420257024
-676.4098669467376	-23.324365386069985
-676.3933986126676	-23.307897052000044
-619.2241282545901	33.86137330607744
-661.4396642684469	-8.354162707779324
-650.0910193297195	2.9944822309480514
-670.0824288985632	-16.996927337895613
-643.2738250445864	9.811676516081207
-675.6143452153947	-22.528843654727098
-634.5181931578727	18.56730840279488
-619.1049813169693	33.980520243698265
-667.3134224231644	-14.22792086249683
-647.6769660745804	5.408535486087203
-657.4566374332817	-4.371135872614104
-646.7282941379699	6.357207422697684
-653.2317809713013	-0.14627941063372418
-666.945290255203	-13.859788694535382
-680.1445902008154	-27.05908864014782
-659.7465516044931	-6.661050043825526
-637.0115956355176	16.07390592515003
-641.9260841017704	11.159417458897224
-599.7394417240748	53.34605983659276
-656.3352450406119	-3.2497434799443
-652.961995685956	0.1235058747115545
-626.8026887814513	26.28281277921633
-650.0045210295821	3.0809805310855154
-643.4819266845179	9.60357487614965
-661.8605100281302	-8.775008467462612
-660.6093527579678	-7.523851197300246
-672.6431092190205	-19.557607658352936
-660.6328034761127	-7.547301915445132
-639.0445508465809	14.040950714086648
-660.4683105109607	-7.382808950293111
-664.3210348069433	-11.235533246275736
-650.4905087352554	2.5949928254121915
-643.9035878004679	9.181913760199677
-672.7578084627339	-19.67230690206634
-671.1807570225383	-18.095255461870693
-659.7985520959073	-6.713050535239745
-677.8010347695263	-24.715533208858687
-663.890749138448	-10.805247577780392
-657.6214453412567	-4.53594378058915
-650.2094681391782	2.87603342148941
-652.405162233149	0.6803393275185954
-658.0858935428141	-5.000391982146539
-648.9722442299999	4.113257330667693
-661.55643109004	-8.47092952937237
-656.4152941194943	-3.329792558826739
-655.4114652798626	-2.325963719194988
-660.0400655226431	-6.954563961975509
-666.484298906481	-13.398797345813364
-653.3441598653035	-0.258658304635901
-652.4531665351124	0.6323350255552214
-650.6513923900957	2.434109170571901
-664.7134786591805	-11.627977098512929
-648.4401562665762	4.645345294091385
-665.5484602786773	-12.462958718009759
-649.2513418686749	3.8341596919926815
-640.7926530909781	12.292848469689488
-658.2807452721054	-5.195243711437797
-619.9366636039804	33.1488379566872
-674.1014661256513	-21.015964564983733
-655.1558210146786	-2.0703194540110417
-630.754663732153	22.330837828514632
-642.279599437391	10.80590212327661
-629.1971403160014	23.888361244666157
-655.6319212199478	-2.546419659280218
-640.2486572365624	12.836844324105186
-631.8295820114317	21.25591954923584
-657.35427046534	-4.26876890467247
-672.5330714710171	-19.447569910349557
-658.6328487463934	-5.547347185725812
-677.4378246832521	-24.352323122584494
-675.5432030660913	-22.457701505423756
-632.030795389338	21.0547061713296
-663.2752859220955	-10.189784361427883
-665.998009521124	-12.912507960456423
-626.8418040237038	26.243697536963737
-618.5925058601306	34.492995700536994
-660.0018372548975	-6.916335694229929
-653.7088619676533	-0.6233604069857392
-668.6677117242534	-15.582210163585842
-627.8548393997653	25.230662160902284
-662.3728431744557	-9.287341613788158
-624.3269987146077	28.758502846059855
-672.0674358253773	-18.981934264709707
-657.6645237463699	-4.5790221857023425
-668.4514409723515	-15.36593941168394
-633.9341162578085	19.151385302859126
-677.1548854806633	-24.069383919995744
-673.7878846083358	-20.702383047668263
-632.9871114516454	20.098390109022148
-648.8843976892704	4.201103871397208
-651.4802473912014	1.6052541694662068
-633.9887915796307	19.096709981036838
-656.759349687537	-3.673848126869416
-633.5486428483155	19.536858712352114
-665.0195844354048	-11.934082874737214
-638.4094259283911	14.67607563227648
-667.7842995048732	-14.69879794420558
-661.8058872721622	-8.7203857114946
-651.6280219895007	1.457479571166914
-673.338393978006	-20.252892417338444
-655.0064949320977	-1.920993371430086
-648.6843263289948	4.401175231672823
-647.5972538221276	5.48824773853994
-650.5642979428694	2.5212036177981645
-622.1957323202687	30.88976924039889
-637.3852221528532	15.700279407814378
-653.7776269894557	-0.6921254287881311
-670.63344827526	-17.5479467145924
-636.6112587772832	16.474242783384398
-645.9325931928934	7.1529083677742165
-647.117880134977	5.967621425690595
-647.0951101973942	5.990391363273375
-628.3382995059246	24.747202054742957
-653.5680383153549	-0.4825367546873167
-656.084278427169	-2.99877686650143
-652.1127198903005	0.9727816703671124
-646.2663035367032	6.819198023964418
-643.1107162899743	9.974785270693246
-667.9370831785081	-14.851581617840566
-643.8057242334644	9.279777327203192
-635.2991457604685	17.78635580019909
-627.2566150491939	25.828886511473684
-647.224604033795	5.860897526872577
-681.8213664090608	-28.73586484839325
-642.0866418985706	10.998859662096947
-674.0859201675803	-21.000418606912717
-669.713033044728	-16.627531484060455
-656.3308372083584	-3.2453356476908084
-663.0881218090826	-10.002620248415042
-658.329207834834	-5.24370627416647
-647.8531452133493	5.232356347318273
-668.2170262797908	-15.131524719123263
-655.1211589627374	-2.0356574020697735
-659.3336401882871	-6.248138627619483
-625.5491831518766	27.536318408790976
-644.1811111243323	8.904390436335234
-663.2313330117786	-10.145831451111007
-676.6108821407424	-23.525380580074852
-640.9040998018054	12.181401758862194
-662.2538859595543	-9.168384398886701
-662.0978173223439	-9.012315761676291
-644.4925921424465	8.592909418221097
-675.5178629832399	-22.432361422572285
-659.5703380082441	-6.4848364475765266
-658.2910721644466	-5.2055706037790515
-666.27088732635	-13.18538576568244
-653.5424296397132	-0.4569280790456105
-638.9488673902988	14.13663417036878
-640.6660917088329	12.419409851834644
-675.3051578458862	-22.21965628521866
-651.6116911974559	1.473810363211669
-650.6030679669811	2.4824335936864372
-656.6692365778317	-3.5837350171641447
-624.8125184312403	28.272983129427303
-640.4894332470021	12.596068313665455
-650.1125032509617	2.972998309705872
-648.194954509835	4.890547050832538
-641.3981007097345	11.687400850933045
-651.0598310343221	2.0256705263454933
-675.6372920128806	-22.551790452213027
-656.8861830811538	-3.8006815204862505
-642.3237123825993	10.761789178068284
-667.3663493768136	-14.280847816145979
-640.2945545245193	12.790947036148282
-631.5368878629115	21.548613697756082
-652.9515563576015	0.13394520306610502
-648.3005132269054	4.784988333762158
-669.4440867793919	-16.35858521872433
-620.409239635791	32.6762619248766
-652.0406805343982	1.0448210262693465
-630.8095556305079	22.27594593015965
-648.7197217150706	4.36577984559699
-669.098167904961	-16.012666344293393
-672.878658164921	-19.793156604253454
-641.9916719870116	11.093829573655967
-645.0643285774158	8.021172983251745
-643.7438426842155	9.34165887645213
-651.0526562566693	2.0328453039983287
-640.1325429025628	12.952958658104762
-660.4107170246598	-7.325215463992208
-645.9693058343719	7.1161957262957
-663.8574124507313	-10.771910890063737
-639.3289760485231	13.756525512144435
-638.9131605773173	14.172340983350296
-633.7630664888884	19.322435071779182
-652.0560763931599	1.0294251675077248
-652.9705983345802	0.1149032260873355
-652.1686184455348	0.916883115132805
-648.4042974396898	4.681204120977782
-650.9647444453321	2.1207571153354365
-672.486800499918	-19.40129893925041
-676.8126268961523	-23.727125335484743
-630.8700382142151	22.215463346452452
-667.0116871242817	-13.926185563614126
-643.9172007464686	9.168300814199029
-647.5889391843693	5.496562376298243
-651.9885917324746	1.09690982819302
-669.4705127584921	-16.385011197824497
-636.4509384169824	16.634563143685227
-668.0703218973531	-14.984820336685516
-647.389467151911	5.696034408756532
-671.1083624843332	-18.022860923665576
-674.6417828073781	-21.55628124671057
-650.3282546712317	2.757246889435919
-629.0744579626944	24.011043597973185
-632.410974239162	20.674527321505593
-649.5156092886054	3.569892272062134
-660.7259995372324	-7.640497976564802
-651.6618116281925	1.4236899324750993
-657.4943382161318	-4.408836655464256
-628.4839699317699	24.601531628897646
-643.658140704606	9.427360856061568
-618.7781549761885	34.30734658447909
-653.8031555129446	-0.7176539522770327
-647.558295537764	5.527206022903556
-664.3193316878051	-11.23383012713748
-665.1733086572958	-12.08780709662824
-639.6800106455221	13.405490915145492
-673.4632520335608	-20.37775047289324
-625.3342389039635	27.751262656704057
-665.8329072022634	-12.747405641595833
-638.13672837576	14.948773184907623
-646.0187571268352	7.066744433832355
-648.9052775590562	4.18022400161135
-671.9969849632935	-18.91148340262589
-651.700497731671	1.3850038289965596
-638.8757086552678	14.209792905399809
-634.4502114691595	18.635290091508068
-655.4600115818785	-2.374510021210881
-661.6028233290881	-8.517321768420516
-657.8757947399454	-4.790293179277796
-650.8927267581921	2.192774802475469
-633.5326533501966	19.552848210470984
-653.1181331246507	-0.03263156398315914
-637.0372785779355	16.048222982732113
-658.0534536685909	-4.967952107923338
-667.2573439781727	-14.171842417505104
-679.8904170942724	-26.8049155336048
-653.2580836558363	-0.17258209516876377
-676.3318699993715	-23.24636843870394
-674.2600954490363	-21.17459388836869
-638.7027187436643	14.382782817003317
-677.8515221958687	-24.76602063520113
-644.6390206673123	8.446480893355329
-645.2685748420945	7.816926718573086
-625.1811102850361	27.904391275631497
-676.7107252816668	-23.6252237209992
-650.7547138055843	2.3307877550832927
-674.1542710749663	-21.068769514298765
-658.6464942292541	-5.56099266858655
-700.1682946215906	-47.082793060922995
-644.2935077666361	8.791993794031441
-666.7549637246002	-13.669462163932621
-627.4022351083868	25.683266452280805
-665.2715053677557	-12.186003807088127
-646.5111508871369	6.5743506735307164
-639.2701324533728	13.815369107294828
-637.8149299772804	15.270571583387209
-639.5974198331996	13.488081727467943
-635.743776811275	17.341724749392597
-646.6790095330098	6.406492027657805
-650.4542083989536	2.631293161713984
-648.0189790310278	5.066522529639769
-668.3745151233043	-15.289013562636683
-681.1258624673819	-28.04036090671434
-645.119450613146	7.96605094752158
-650.1956811469454	2.889820413722191
-636.4857920850218	16.599709475645795
-645.031722755305	8.053778805362526
-664.0686751882195	-10.983173627551878
-653.4642515643382	-0.3787500036705751
-637.9369690690828	15.148532491584774
-654.6742662349016	-1.5887646742339712
-680.1684597772428	-27.082958216575207
-669.464922574075	-16.37942101340741
-685.6145086234783	-32.529007062810706
-658.1521446432043	-5.066643082536757
-644.773400717374	8.312100843293592
-644.1529205581055	8.932581002562074
-649.9537418543068	3.1317597063607536
-653.4924894062451	-0.4069878455775324
-657.9190617113663	-4.833560150698759
-672.4552298576627	-19.369728296995163
-640.7478284449489	12.337673115718644
-669.6467659647924	-16.561264404124813
-673.7962128201207	-20.71071125945309
-652.1988731815827	0.8866283790848684
-668.4608160623347	-15.375314501667162
-656.08988619516	-3.004384634492453
-645.3824247266339	7.703076834033709
-644.916331086587	8.169170474080602
-647.7458861714576	5.339615389209939
-660.4022858190174	-7.316784258349799
-667.2718603798594	-14.18635881919181
-640.8486159156482	12.236885645019356
-650.4418043643991	2.6436971962684765
-665.3940246341981	-12.308523073530523
-672.5515326424675	-19.466031081799883
-665.2706691138619	-12.185167553194333
-650.2312624578653	2.8542391028022394
-659.0017102091106	-5.916208648442989
-660.0907431878904	-7.005241627222858
-651.9371779626117	1.1483235980558675
-661.8174832570539	-8.731981696386356
-662.2679763440565	-9.182474783388898
-669.1526242902501	-16.06712272958248
-672.8906460790486	-19.805144518380985
-653.0830098517936	0.0024917088740039617
-672.9974049546463	-19.91190339397872
-674.5236041765484	-21.43810261588078
-662.8986479281621	-9.813146367494483
-638.7725835769261	14.3129179837415
-658.4866890674048	-5.4011875067371875
-639.3771814872625	13.708320073405048
-664.7820698763999	-11.696568315732293
-633.1384696121268	19.947031948540825
-654.6549595125716	-1.5694579519040417
-627.4788435141845	25.606658046483062
-671.3966733199077	-18.311171759240096
-653.5064316661619	-0.4209301054943353
-640.0602527277542	13.025248832913348
-661.2680803261346	-8.182578765467042
-664.9886422756126	-11.903140714945039
-658.5275203055526	-5.44201874488499
-657.2092254234185	-4.123723862750921
-660.3831525178275	-7.297650957159931
-662.4354643212746	-9.349962760607013
-648.8391685781125	4.246332982555032
-631.5689228882138	21.51657867245376
-632.882572920952	20.202928639715537
-669.263645030197	-16.17814346952946
-626.6337567515611	26.451744809106458
-631.3204349737089	21.76506658695871
-671.6184239226159	-18.532922361948295
-670.6365907310565	-17.551089170388877
-642.5429154601179	10.54258610054967
-622.3962134181811	30.689288142486475
-635.8703473129017	17.215154247765895
-656.5251736465316	-3.4396720858640037
-658.7381714526446	-5.652669891976984
-654.0106542448511	-0.9251526841835584
-652.7468320899234	0.3386694707442075
-641.8468013575066	11.238700203160988
-644.6330918404155	8.452409720252035
-623.9787413724289	29.106760188238695
-665.8098521921374	-12.72435063146986
-658.4610625753003	-5.375561014632694
-664.3442739976917	-11.258772437024163
-646.0521843458582	7.033317214809358
-636.2265974786596	16.85890408200794
-672.560328413022	-19.474826852354454
-662.8573759836318	-9.771874422964174
-670.515371005592	-17.429869444924407
-642.1093051562084	10.976196404459188
-652.3698206445724	0.7156809160951525
-670.6419031119322	-17.55640155126457
-634.7836029165946	18.301898644072935
-637.5582236459768	15.527277914690785
-661.6936912918636	-8.608189731196035
-650.6208314422283	2.464670118439244
-678.4063402593774	-25.32083869870985
-633.7091264665532	19.376375094114337
-669.2156315595957	-16.13012999892817
-642.6141089826879	10.471392577979714
-643.5263916020222	9.559109958645422
-647.7974228917328	5.288078668934759
-669.0758352270523	-15.990333666384686
-645.5765394654181	7.508962095249444
-632.4528057500893	20.632695810578298
-654.9652938585086	-1.8797922978410497
-646.9801203503039	6.105381210363703
-640.8456779953731	12.2398235652945
-640.090201460599	12.995300100068562
-653.5352544267835	-0.4497528661158867
-661.5168789673653	-8.43137740669772
-660.3638558604462	-7.278354299778584
-668.5059434773166	-15.420441916648997
-671.8594645261064	-18.77396296543884
-642.71257466519	10.372926895477576
-614.6851588549207	38.40034270574688
-663.8113752977979	-10.725873737130314
-671.9702089068478	-18.88470734618022
-664.0726419371958	-10.98714037652826
-661.913014685927	-8.82751312525943
-645.0115889659382	8.073912594729336
-674.5445675579713	-21.459065997303696
-639.6939692250044	13.391532335663214
-652.1444212325032	0.9410803281643894
-646.8909799066778	6.194521653989796
-667.768953536829	-14.68345197616145
-657.0062047478159	-3.9207031871483196
-659.9418302411386	-6.8563286804710515
-652.6495518803304	0.4359496803372167
-629.3625604680446	23.722941092622932
-650.2611827264363	2.824318834231235
-646.9077384186849	6.177763141982723
-662.1556514323047	-9.070149871637113
-639.0777602603657	14.00774130030186
-660.4093405770718	-7.323839016404236
-636.6851950923037	16.40030646836385
-656.3420068338337	-3.2565052731661126
-655.533559453982	-2.448057893314399
-622.3052133756746	30.78028818499297
-637.4460553552954	15.639446205372224
-644.9349861616965	8.150515398971038
-649.2666988069423	3.818802753725322
-628.0387436002957	25.046757960371906
-662.9251925011804	-9.83969094051281
-657.3403993993588	-4.2548978386912495
-675.4331465765308	-22.347645015863236
-646.6174043130186	6.468097247648984
-659.1323642415691	-6.04686268090154
-646.4499874540661	6.635514106601477
-647.2522851927379	5.833216367929708
-637.9857117973324	15.099789763335139
-655.2852354490487	-2.199733888381161
-653.7370556173146	-0.6515540566470008
-629.0693570076428	24.016144553024787
-639.7456716840561	13.339829876611475
-635.9361306080418	17.14937095262576
-661.216091123747	-8.130589563079411
-648.1702613556872	4.915240204980364
-622.3540655296702	30.73143603099743
-651.2697987994934	1.8157027611741796
-622.5070369287741	30.57846463189344
-643.9073098222607	9.178191738406895
-666.6963716020864	-13.61087004141882
-641.5931727419838	11.492328818683745
-669.6666876581903	-16.581186097522732
-650.2466766187745	2.838824941893108
-658.987833283597	-5.902331722929375
-657.7172392222155	-4.631737661547959
-670.9335534580632	-17.848051897395635
-655.5252877955672	-2.439786234899657
-669.9352265896623	-16.849725028994726
-653.3609190057787	-0.27541744511108845
-685.1089472657068	-32.023445705039194
-652.4457384358857	0.6397631247818936
-678.9784886374719	-25.892987076804275
-653.2490623521035	-0.1635607914358843
-690.7940639631297	-37.70856240246212
-630.0838673597491	23.001634200918488
-657.1047440594002	-4.019242498732638
-645.1744525050044	7.91104905566317
-667.9885546893229	-14.903053128655301
-646.803421835345	6.282079725322546
-647.8083678189023	5.277133741765283
-660.2214781122339	-7.135976551566273
-661.3239558467349	-8.238454286067281
-650.6228342659479	2.462667294719722
-693.6500539347062	-40.56455237403861
-642.2996107170356	10.785890843631933
-640.7609143924083	12.324587168259313
-660.5856667055223	-7.500165144854691
-631.5723809410001	21.51312061966746
-635.3178070365566	17.767694524110993
-638.2453781252143	14.840123435453279
-670.3697110344247	-17.284209473757073
-652.2934824484573	0.7920191122102551
-622.6194021558795	30.46609940478811
-687.4865235950738	-34.401022034406196
-663.4657012544512	-10.380199693783652
-661.7797425125782	-8.694240951910615
-655.8764246365636	-2.7909230758959893
-645.3534691552804	7.7320324053871445
-625.4611812353714	27.62432032529614
-650.1130068558441	2.9724947048234753
-656.2474822200484	-3.161980659380788
-676.0187466086527	-22.93324504798511
-664.6725274408991	-11.587025880231522
-669.9948320251888	-16.90933046452119
-678.3462650882311	-25.26076352756354
-618.0431915096588	35.042310051008826
-659.9082135327508	-6.822711972083198
-642.4483284167536	10.63717314391397
-650.9049302176454	2.180571343022166
-650.0087874904157	3.07671407025191
-638.2524397403931	14.833061820274452
-620.608702492772	32.47679906789563
-656.492124584317	-3.406623023649445
-660.2685218777215	-7.183020317053888
-650.965018769627	2.1204827910405584
-669.7747899514679	-16.689288390800357
-669.1901489367183	-16.104647376050707
-631.2835985732845	21.801902987383073
-646.1212440683912	6.964257492276374
-638.1419986649589	14.943502895708662
-666.3472734089473	-13.26177184827975
-660.6515108118356	-7.566009251167998
-650.6353099758444	2.4501915848231874
-631.6998952097374	21.385606350930175
-662.4725338721355	-9.38703231146792
-662.4484629716198	-9.362961410952266
-664.0535756430936	-10.968074082426028
-668.4326456829031	-15.347144122235477
-640.2222604684821	12.86324109218549
-666.7658165003695	-13.68031493970193
-683.6154558404114	-30.529954279743833
-689.6963867950135	-36.610885234345915
-643.8392365384962	9.246265022171428
-676.7791322544972	-23.69363069382962
-665.3448910142351	-12.259389453567564
-645.0517876043041	8.0337139563635
-651.7803268955786	1.3051746650889982
-656.244227596896	-3.1587260362284724
-662.3425993722803	-9.257097811612766
-659.6878964724774	-6.602394911809824
-672.9805040544188	-19.895002493751235
-643.9491967111999	9.136304849467706
-658.4673697737917	-5.381868213124108
-704.6671627594214	-51.581661198753864
-652.5673625587833	0.5181390018842649
-643.1569230320047	9.92857852866291
-649.2695957008282	3.815905859839404
-661.8770448481546	-8.791543287487002
-646.6925011025041	6.393000458163442
-663.0538795632774	-9.968378002609825
-661.9308725471665	-8.845370986498892
-672.3549717871238	-19.26947022645618
-625.1710540715894	27.914447489078157
-656.6837720061185	-3.5982704454509076
-667.0576801210291	-13.972178560361499
-649.7876348276213	3.2978667330462486
-643.6307611023249	9.454740458342712
-643.2720260512897	9.813475509377895
-646.0508965852669	7.034604975400725
-645.4298904041816	7.655611156485975
-654.6477979174988	-1.5622963568312116
-677.5327816138333	-24.44728005316574
-656.3175496819777	-3.232048121310072
-630.2890128570898	22.79648870357778
-650.544653251377	2.5408483092905954
-668.8389943405809	-15.753492779913358
-619.5917229533252	33.49377860734239
-657.7314962285627	-4.645994667895138
-655.4701448335718	-2.3846432729042135
-636.6439287499115	16.441572810756043
-666.6367676133987	-13.55126605273108
-638.2574041285434	14.828097432124196
-644.493308179709	8.592193380958633
-648.6615943733077	4.423907187359873
-665.2830288770374	-12.197527316369815
-653.8623100878785	-0.7768085272109602
-642.7415228188793	10.343978741788305
-651.2059082657388	1.8795932949287817
-642.9185566075203	10.166944953147322
-640.5609518136944	12.524549746973207
-665.7646759709341	-12.679174410266569
-643.7568834991716	9.328618061495945
-652.112528678862	0.9729728818056174
-644.441314776911	8.644186783756595
-653.0334175097987	0.05208405086887069
-667.7243572537436	-14.638855693076039
-643.9656223233496	9.119879237317946
-643.125516914838	9.959984645829536
-656.5001199371936	-3.4146183765260503
-647.4621130719197	5.623388488747878
-660.1874041868605	-7.101902626192896
-672.113770852523	-19.028269291855395
-677.663142737717	-24.577641177049372
-630.9866039944345	22.098897566233063
-662.4600729685799	-9.374571407912299
-665.2268184439336	-12.141316883265972
-677.3656171802022	-24.280115619534627
-665.1372643075183	-12.051762746850727
-643.2129772924409	9.872524268226698
-660.5285430451795	-7.443041484511923
-648.139872594521	4.945628966146614
-646.6992333033004	6.386268257367192
-658.9674919767303	-5.881990416062763
-654.0328689338521	-0.9473673731845338
-655.098196090682	-2.0126945300144143
-624.5988485360167	28.486653024650877
-641.733889316517	11.351612244150601
-643.8200715445446	9.265430016122991
-654.9274770345828	-1.8419754739152268
-658.6227451858749	-5.5372436252073385
-650.5088722647224	2.5766292959451675
-657.624924762832	-4.539423202164471
-638.3582764075718	14.727225153095787
-634.9632195408803	18.122282019787235
-629.6824798743937	23.40302168627386
-638.5265734094601	14.55892815120751
-628.2075263533798	24.877975207287818
-663.2083640704977	-10.122862509830156
-666.4596349711819	-13.374133410514332
-635.422280460788	17.663221099879593
-680.6836439364879	-27.598142375820316
-647.0312047910875	6.054296769580105
-631.7228039223291	21.36269763833843
-659.3688086870998	-6.283307126432192
-653.5446746098341	-0.45917304916656576
-651.0018803193407	2.0836212413269095
-658.7619510157265	-5.676449455058901
-646.6806516159731	6.404849944694433
-672.0332972641218	-18.947795703454176
-675.7858749030738	-22.700373342406237
-657.5622989793364	-4.476797418668866
-671.0192958353027	-17.933794274635147
-667.1798613096644	-14.094359748996794
-636.428307549696	16.65719401097158
-665.4187040711286	-12.333202510460978
-668.1125296565178	-15.027028095850255
-658.6400349706992	-5.554533410031581
-662.7930764558723	-9.707574895204743
-650.3590526911894	2.7264488694781903
-672.0367622978692	-18.951260737201665
-677.3523048550587	-24.26680329439114
-682.1511509615984	-29.06564940093085
-668.7937155504069	-15.708213989739306
-689.838439120259	-36.75293755959137
-652.7659363043667	0.319565256300848
-674.6386091986378	-21.553107637970243
-669.1475725128721	-16.06207095220452
-666.9474156735114	-13.861914112843806
-662.377333925705	-9.291832365037408
-656.3617732778248	-3.276271717157215
-658.5028524464751	-5.4173508858075365
-661.9383486074976	-8.852847046829993
-660.7390033121801	-7.653501751512522
-659.0869660836061	-6.001464522938477
-656.7752072053727	-3.6897056447051
-649.0170662588089	4.068435301858699
-637.6629766391006	15.422524921566946
-657.6379663975849	-4.552464836917352
-636.4173190871543	16.668182473513298
-672.9368233491432	-19.851321788475616
-655.0485798539185	-1.9630782932508737
-673.6900592497723	-20.604557689104695
-671.6663999075708	-18.58089834690327
-614.0963347914394	38.98916676922818
-657.30053469424	-4.215033133572433
-651.1898415245405	1.895660036127083
-652.2935986066468	0.7919029540207703
-681.0026872420158	-27.9171856813482
-646.3144339803139	6.7710675803537015
-659.46152816831	-6.376026607642416
-637.1648079953038	15.920693565363763
-671.9912391665448	-18.90573760587722
-643.2186030109178	9.866898549749749
-660.5655723952395	-7.480070834571961
-655.9494382603616	-2.8639366996940225
-652.0852017098978	1.0002998507698067
-679.4312772333096	-26.34577567264205
-687.803928358614	-34.71842679794645
-645.7549863588529	7.3305152018147055
-667.5775098488257	-14.492008288158104
-647.3366197234891	5.748881837178487
-643.3385425169427	9.746959043724928
-645.6340307290839	7.45147083158372
-660.88691943906	-7.801417878392385
-649.7130467658453	3.3724547948222607
-641.0684571761985	12.017044384469045
-628.6844402062297	24.401061354437843
-647.1626127656664	5.9228887950011995
-658.5793384144663	-5.493836853798712
-644.7639043523404	8.321597208327148
-653.3015365839701	-0.21603502330253832
-656.22356539265	-3.1380638319824357
-648.3674536280041	4.718047932663467
-658.8140813253294	-5.728579764661845
-672.7683081635796	-19.682806602912024
-662.377992049197	-9.292490488529438
-655.0160989553724	-1.9305973947048187
-650.389885857544	2.6956157031236216
-639.3227665492623	13.762735011405312
-664.0906033574602	-11.005101796792587
-648.534655954415	4.550845606252551
-682.4935088246593	-29.40800726399175
-646.9227871437497	6.162714416917879
-635.0653776559802	18.020123904687352
-676.6785929589705	-23.59309139830293
-670.6036943013487	-17.518192740681116
-636.9944802182899	16.091021342377644
-649.360719877167	3.7247816835006233
-649.3530329559753	3.732468604692258
-658.552907148277	-5.467405587609392
-631.3043295337584	21.78117202690919
-652.6193966262099	0.4661049344576895
-685.671603325015	-32.586101764347404
-674.3185011652995	-21.232999604631914
-644.3228350683521	8.762666492315475
-667.3024544721584	-14.216952911490807
-692.0762614262521	-38.99075986558455
-650.0299724623792	3.055529098288389
-631.7646913957315	21.32081016493612
-636.5341069082378	16.551394652429735
-673.6276533023802	-20.542151741712587
-642.5870742969737	10.498427263693884
-660.7119496789992	-7.626448118331609
-649.5099468531143	3.5755547075532377
-665.804826715862	-12.719325155194383
-641.088791971898	11.99670958876959
-654.2612840698448	-1.1757825091772247
-677.7901116413295	-24.70461008066195
-651.9577492273993	1.1277523332682904
-643.9793865558049	9.106115004862659
-616.7932031319533	36.292298428714275
-665.1775649538786	-12.092063393210992
-650.133796951256	2.951704609411536
-666.407696153753	-13.322194593085442
-655.182266434701	-2.096764874033397
-661.9146572648779	-8.82915570421028
-685.1878872658299	-32.102385705162305
-660.5971547357794	-7.51165317511186
-629.9139068472023	23.17159471346531
-667.1191999765751	-14.033698415907566
-641.4087425955686	11.676758965098998
-655.9435556281996	-2.8580540675320663
-643.5781308035539	9.507370757113677
-649.999492089456	3.0860094712115824
-652.0329261852485	1.05257537541911
-659.3620945542234	-6.276592993555823
-642.675756673375	10.409744887292618
-639.7485200886613	13.3369814720063
-656.1133887936767	-3.0278872330090962
-671.283434036176	-18.197932475508424
-654.9313701060773	-1.8458685454097576
-657.0161231330885	-3.9306215724209324
-655.3215783091609	-2.2360767484933604
-629.9802426206761	23.105258939991472
-656.4641651068405	-3.378663546172902
-646.2835255518321	6.8019760088354815
-664.2235991069638	-11.138097546296194
-661.2376563722964	-8.152154811628861
-666.4640560051366	-13.378554444469046
-662.0267382092889	-8.94123664862127
-634.7431319232446	18.342369637422962
-655.2434422652177	-2.1579407045501284
-644.6259757640828	8.459525796584785
-648.1985789258206	4.8869226348469965
-649.2943076699912	3.791193890676368
-682.4302088092545	-29.34470724858693
-666.283696122252	-13.198194561584387
-652.080713264545	1.0047882961225696
-640.3873621937992	12.698139366868418
-649.4167565448033	3.6687450158642605
-640.4060278399729	12.67947372069466
-637.8505982328961	15.234903327771463
-681.1734283875439	-28.087926826876355
-646.2715860483177	6.813915512349922
-632.0037694965313	21.081732064136304
-653.4975482451728	-0.4120466845051851
-650.4180558501566	2.667445710510947
-672.3438775400746	-19.258375979406992
-659.8493197749658	-6.763818214298226
-654.9456073494393	-1.8601057887717616
-657.6227035722286	-4.537202011561021
-671.1399269132407	-18.054425352573162
-662.3395066046969	-9.254005044029327
-648.5683155494798	4.517186011187732
-659.0978280292356	-6.012326468568062
-627.6991121363999	25.38638942426769
-681.0011899539268	-27.915688393259188
-665.5096168217888	-12.424115261121187
-667.3315564286195	-14.246054867951898
-651.9852466726034	1.100254888064228
-652.1602037970324	0.9252977636351716
-656.9266701318147	-3.8411685711471364
-666.1364597212696	-13.050958160602022
-643.6897195447409	9.39578201592667
-667.2076739435897	-14.122172382922145
-658.6027754071574	-5.517273846489843
-620.8756149020219	32.2098866586457
-662.2960957041823	-9.210594143514754
-670.7034731655904	-17.617971604922786
-714.6321246763282	-61.54662311566062
-642.090443752636	10.99505780803156
-651.9528591654844	1.1326423951832112
-675.4596388181262	-22.374137257458642
-668.6770261388037	-15.591524578136159
-666.0385129685919	-12.95301140792435
-657.946722134674	-4.861220574006438
-661.2400644461623	-8.15456288549467
-660.9387999448982	-7.853298384230584
-644.6384173314609	8.447084229206666
-651.8394881041777	1.2460134564898908
-632.9458744876492	20.139627073018346
-666.1351218974914	-13.049620336823864
-662.0956464665533	-9.010144905885682
-626.2166507844404	26.86885077622719
-667.4619802229163	-14.3764786622487
-645.2510832770085	7.8344182836590335
-664.3942110978123	-11.30870953714475
-654.1735686974307	-1.0880671367631294
-634.0877824519584	18.997719108709134
-652.5722813849161	0.5132201757514849
-657.4577117785402	-4.3722102178726345
-649.6432737720779	3.442227788589662
-677.0803400903706	-23.994838529702974
-633.0940555539155	19.991446006752085
-635.5091368497115	17.576364710956113
-636.9768368022515	16.108664758416126
-645.3765609016873	7.708940658980282
-678.7210950192994	-25.635593458631774
-659.8589746029056	-6.773473042238038
-644.5325779178993	8.552923642768292
-679.0810121022105	-25.9955105415429
-653.8022382111112	-0.7167366504436359
-646.0966641845762	6.988837376091396
-633.5948453226183	19.49065623804927
-626.5746575831608	26.510843977506738
-646.6603302373433	6.425171323324321
-669.8518966415313	-16.76639508086373
-640.0666102655114	13.018891295156209
-634.962818203453	18.122683357214555
-661.5323378795174	-8.446836318849819
-633.7612391268076	19.324262433859985
-664.1141006494172	-11.028599088749615
-648.3737003744345	4.71180118623306
-672.3016923820423	-19.216190821374767
-630.5840161690312	22.50148539163638
-633.8739174972461	19.21158406342147
-636.2871790744421	16.798322486225516
-638.4131116114613	14.672389949206263
-652.0293139619635	1.0561875987041276
-653.3292226876829	-0.24372112701530568
-660.0005668702825	-6.915065309614874
-666.7293751600255	-13.643873599357903
-655.2501744924111	-2.164672931743553
-653.099941522948	-0.014439962280448526
-637.7012634076409	15.384238153026672
-650.2115808609406	2.873920699727023
-648.6972617470192	4.388239813648397
-657.0920147156457	-4.006513154978165
-642.3595458862719	10.725955674395664
-666.2372654709789	-13.151763910311274
-626.5074274838144	26.578074076853227
-660.1483324089959	-7.0628308483283035
-659.5841630852256	-6.498661524557974
-651.556228698656	1.5292728620115668
-685.0340887723023	-31.94858721163473
-612.1265132154977	40.95898834516993
-658.1516728381857	-5.066171277518151
-641.8920116171821	11.193489943485474
-659.7189328314444	-6.633431270776782
-638.9187801001417	14.166721460525878
-635.2585324297715	17.826969130896032
-644.5160237332339	8.56947782743373
-627.479587875062	25.60591368560563
-645.963217924861	7.122283635806525
-681.6796062491658	-28.59410468849819
-644.1893957694001	8.896105791267473
-668.7851758680072	-15.699674307339592
-662.9198502295649	-9.834348668897292
-639.7190433453243	13.3664582153433
-677.3640966443518	-24.278595083684195
-635.0413167033576	18.04418485731003
-666.9521331451424	-13.866631584474817
-677.1347123988844	-24.049210838216823
-616.0864596077763	36.999041952891275
-663.9450604656186	-10.859558904950973
-652.8673804114687	0.21812114919885062
-641.8471906807272	11.2383108799404
-654.1253572359155	-1.0398556752479635
-653.4385885669208	-0.35308700625319034
-618.1527591512886	34.93274240937899
-677.7022451345283	-24.61674357386073
-680.6218278955084	-27.53632633484085
-651.6750190660996	1.4104824945679866
-662.9888070179613	-9.903305457293754
-676.651721711346	-23.56622015067842
-651.6204056817105	1.4650958789570723
-636.2912644462367	16.79423711443087
-655.5789902558781	-2.4934886952105444
-683.2485859195176	-30.16308435885003
-662.2907940095056	-9.205292448838009
-661.4324318253084	-8.346930264640832
-647.2436068887064	5.8418946719611995
-657.7916066914795	-4.70610513081192
-655.5776864625395	-2.4921849018719513
-658.9970488651479	-5.911547304480337
-660.2991536999643	-7.213652139296755
-637.4800301077075	15.605471452960046
-649.6439261769583	3.441575383709278
-636.4569539579561	16.62854760271148
-672.2609583844487	-19.175456823781133
-650.8636712189646	2.2218303417030256
-650.8272392671379	2.2582622935296968
-685.3928186879084	-32.30731712724082
-704.4878385933871	-51.402337032719515
-635.2724187871381	17.81308277352946
-646.0819531362677	7.0035484243999235
-679.6062491285729	-26.520747567905346
-649.791228274803	3.2942732858646195
-682.9997757749979	-29.914274214330362
-656.5651040716211	-3.479602510953555
-679.5778298325195	-26.492328271851875
-656.7752251806551	-3.6897236199874897
-642.3349394954157	10.75056206525187
-643.6553926191	9.430108941567596
-654.818220414355	-1.7327188536874019
-670.1825400566331	-17.097038495965535
-664.1707662251019	-11.085264664434362
-647.6714090549385	5.414092505729059
-658.1843622597107	-5.0988606990431435
-669.5205236991633	-16.435022138495697
-655.9046103561586	-2.819108795491047
-666.2206345812765	-13.135133020608919
-657.3978645219349	-4.312362961267354
-639.4013990240228	13.684102536644787
-665.8103518836315	-12.724850322963903
-671.7973075469954	-18.711805986327818
-618.2379268848626	34.847574675804935
-634.9369282999423	18.148573260725243
-633.1700815107788	19.91542004988878
-676.175699196453	-23.090197635785444
-669.0682387276202	-15.982737166952575
-652.3810690906712	0.7044324699963909
-635.8874785244288	17.198023036238737
-641.9375913700087	11.147910190658877
-666.116443586262	-13.030942025594413
-630.4719890545412	22.613512506126426
-649.6793115112114	3.4061900494561996
-659.2477178969884	-6.162216336320853
-629.0657907242885	24.01971083637909
-635.7407400416732	17.344761518994346
-655.9751758185621	-2.8896742578945123
-652.1150790282	0.9704225324676372
-663.157384880079	-10.071883319411427
-647.451952116261	5.633549444406526
-646.0140987330406	7.0714028276270255
-654.8581151911521	-1.7726136304845568
-679.2555795298131	-26.170077969145495
-667.7437251429537	-14.658223582286155
-665.8631531910387	-12.77765163037111
-664.5742868427651	-11.488785282097524
-707.8680331754031	-54.78253161473549
-624.6057454804422	28.479756080225343
-660.4146997314119	-7.329198170744348
-632.8754001972438	20.210101363423746
-651.1143026066302	1.9711989540373906
-653.1559476671273	-0.07044610645971261
-667.30574538575	-14.220243825082434
-669.0877094244233	-16.002207863755757
-661.2356142372182	-8.150112676550634
-646.1699815869679	6.915519973699702
-674.3095733756663	-21.22407181499875
-641.5245797870039	11.560921773663722
-649.9605323290625	3.124969231605064
-678.9985405779616	-25.913039017294068
-620.908730530663	32.1767710300046
-630.3291732515381	22.756328309129458
-637.0958203647924	15.989681195875164
-635.9092759846417	17.1762255760259
-660.7909302690705	-7.705428708402906
-645.205666078883	7.879835481784539
-678.4487311064904	-25.363229545822833
-649.9096479663449	3.175853594322689
-637.4762491822648	15.609252378402743
-675.0134272859314	-21.927925725263776
-638.9083955229025	14.177106037765043
-638.2693350132786	14.816166547389003
-664.524301048793	-11.438799488125369
-654.8442086852037	-1.7587071245361585
-649.839429046976	3.2460725136916153
-672.6751491596397	-19.58964759897208
-656.7711235784982	-3.6856220178306103
-638.5469281469295	14.53857341373805
-671.2599131312918	-18.174411570624216
-657.6694359012354	-4.583934340567794
-685.7302260093156	-32.64472444864805
-642.8180294072254	10.267472153442213
-670.6213532468419	-17.535851686174283
-673.0185258616866	-19.93302430101903
-659.2781114923591	-6.19260993169155
-662.8930494309925	-9.807547870324925
-650.379828984197	2.7056725764705334
-675.988285392249	-22.902783831581473
-642.7560926396282	10.32940892103943
-637.8242658654517	15.261235695215873
-647.8038015313386	5.281700029328931
-660.0320369695719	-6.94653540890431
-649.1888468553252	3.896654705342371
-662.7810200999256	-9.695518539258046
-673.8689402953487	-20.783438734681113
-673.3288127386359	-20.24331117796828
-638.8447204437862	14.240781116881408
-631.5086167741856	21.57688478648197
-645.2005438559163	7.884957704751287
-652.6269341478646	0.45856741280294955
-659.2675746776686	-6.182073117000982
-650.9510359090809	2.134465651586652
-634.5073137391764	18.578187821491156
-634.9294354479816	18.15606611268595
-641.9066894338348	11.178812126832781
-664.640843397955	-11.555341837287415
-639.9910827621816	13.094418798486004
-655.5884441520202	-2.502942591352621
-654.7159726403943	-1.6304710797267035
-649.6913715610162	3.3941299996513408
-637.3171514531305	15.768350107537117
-640.993671492778	12.091830067889532
-663.5845887860805	-10.49908722541295
-673.114768980874	-20.029267420206452
-667.6096758825761	-14.524174321908504
-664.7152108664332	-11.629709305765573
-664.0272091310353	-10.941707570367726
-644.6420899980758	8.443411562591791
-668.7593136209935	-15.673812060325872
-659.4495172094203	-6.364015648752684
-662.2776293049565	-9.192127744288882
-647.5648273388679	5.520674221799709
-654.1042822126064	-1.0187806519388687
-656.0340705025765	-2.9485689419088885
-653.1134069412246	-0.02790538055705838
-670.2150292405449	-17.129527679877356
-657.2126513168214	-4.127149756153813
-658.5316658258844	-5.446164265216794
-640.0329291721164	13.052572388551198
-668.604490192537	-15.518988631869433
-690.2385642511535	-37.15306269048597
-640.345469795534	12.740031765133608
-632.8822641492179	20.203237411449663
-644.6100603953118	8.475441165355733
-665.3193907008563	-12.233889140188694
-661.4203457520225	-8.334844191354932
-645.0918282364028	7.993673324264819
-670.1153241697057	-17.029822609038092
-622.5789840464013	30.506517514266307
-640.4107233131535	12.674778247514041
-688.9027543645816	-35.817252803914016
-644.6109866362413	8.47451492442633
-682.5416583883225	-29.456156827654922
-642.9243656007629	10.161135959904641
-658.9938050708324	-5.908303510164842
-681.7283794482819	-28.642877887614304
-648.5920201145518	4.493481446115766
-660.3040169676706	-7.218515407002997
-632.5180458872519	20.56745567341568
-645.5097182676718	7.575783292995766
-640.298175382125	12.787326178542571
-656.2175135432217	-3.132011982554104
-632.4366062344225	20.64889532624511
-669.6477660089904	-16.56226444832282
-655.1285988991322	-2.0430973384645768
-643.508465063368	9.57703649729956
-631.8723164010034	21.213185159664135
-661.3576333269766	-8.27213176630903
-673.4527787403958	-20.367277179728262
-626.1599775768873	26.925523983780295
-659.1563153119814	-6.070813751313835
-658.9095023692526	-5.8240008085849695
-670.7190635672478	-17.633562006580178
-638.4364265292415	14.649075031426037
-672.0987047856497	-19.013203224982135
-669.5983165755051	-16.512815014837543
-655.6966287151618	-2.61112715449417
-649.5664239483476	3.519077612319961
-659.2933688619405	-6.207867301272927
-649.3301235381687	3.755378022498917
-644.4166073118568	8.66889424881083
-640.4617825334017	12.623719027265906
-667.582133131963	-14.496631571295438
-657.8321468178938	-4.7466452572261915
-652.420086967194	0.6654145934735425
-677.4522744851301	-24.366772924462566
-665.3092647932526	-12.223763232585043
-640.2253670923119	12.860134468355682
-617.7179477468189	35.367553813848644
-657.8498170293342	-4.764315468666609
-626.7200439627804	26.365457597887143
-645.0132147227878	8.072286837879801
-654.6701350519024	-1.5846334912348539
-619.6981640133481	33.387337547319476
-661.42921588851	-8.343714327842463
-678.2886357464185	-25.20313418575097
-632.0311463037388	21.05435525692883
-643.5175696783872	9.56793188228039
-647.516294971766	5.569206588901579
-656.3201738361558	-3.234672275488265
-623.0547090360078	30.030792524659773
-672.7940523680181	-19.708550807350548
-675.4773723748103	-22.39187081414275
-671.2610435146371	-18.175541953969514
-639.7746523653504	13.310849195317132
-658.3465901032496	-5.2610885425820015
-665.701048887614	-12.615547326946398
-650.094277049112	2.991224511555629
-652.5598173132339	0.5256842474336736
-634.6433565146754	18.44214504599222
-641.7946729466667	11.29082861400093
-660.6799122876137	-7.59441072694608
-655.713053146831	-2.627551586163463
-666.7329703603637	-13.647468799696071
-666.8095913540628	-13.724089793395251
-662.0831030508443	-8.997601490176748
-656.1166811920002	-3.031179631332634
-660.2064935615808	-7.1209920009132475
-652.6745825653661	0.410918995301472
-632.8737360471741	20.211765513493447
-640.3026336352223	12.782867925445316
-662.3259221497456	-9.240420589077985
-637.2637408547625	15.821760705905035
-624.446475136664	28.639026424003532
-647.0336346446011	6.051866916066501
-648.8886849172877	4.1968166433798615
-649.4900424046964	3.5954591559711844
-640.0118723194637	13.07362924120389
-650.9631281497595	2.1223734109080397
-633.5054877920948	19.580013768572826
-657.6731161220114	-4.587614561343798
-665.7293186852066	-12.643817124539055
-667.9778898323302	-14.89238827166264
-676.0258112561014	-22.940309695433825
-657.6255806930885	-4.540079132420942
-642.9299936836642	10.155507877003402
-651.8475033801396	1.2379981805279385
-654.979863405274	-1.8943618446064647
-669.8360317988436	-16.750530238175998
-656.9180206589399	-3.8325190982723143
-669.4687442261666	-16.383242665498983
-650.8395991909956	2.245902369671967
-645.1447880357327	7.940713524934836
-664.4770265650759	-11.391525004408322
-656.565698769834	-3.480197209166363
-665.4806874487722	-12.395185888104606
-648.7559920248341	4.329509535833495
-646.900038161536	6.1854633991315495
-642.5335316683804	10.551969892287161
-642.4396191926671	10.645882368000457
-625.6517125192213	27.43378904144629
-664.5203634130767	-11.434861852409085
-648.6137073783493	4.471794182318263
-645.343087209435	7.742414351232583
-641.3894486747622	11.696052885905374
-673.2777178112474	-20.192216250579804
-636.3766607598982	16.708840800769394
-654.0352325528975	-0.9497309922298882
-657.910317622579	-4.824816061911406
-651.6968915977804	1.3886099628871307
-654.8125440922622	-1.727042531594634
-655.9794978441669	-2.893996283499291
-623.5587286797409	29.52677288092673
-674.0002433360087	-20.9147417753411
-655.6514673984666	-2.5659658377990127
-673.126288670569	-20.04078710990143
-638.7743562170244	14.311145343643147
-638.7667616698191	14.31873989084852
-669.1622160979196	-16.076714537251974
-671.881346410536	-18.795844849868445
-633.5635082296385	19.52199333102908
-637.607670838438	15.477830722229555
-640.5513225954664	12.534178965201136
-637.7253570507919	15.360144509875681
-639.9434476910856	13.142053869582014
-671.4519151523882	-18.36641359172063
-652.2898814047685	0.795620155899087
-652.2170622424046	0.8684393182629719
-648.2011038788942	4.884397681773407
-649.1652835907471	3.920217969920486
-648.6999261680057	4.385575392661849
-650.9554718783065	2.130029682361055
-662.1361854793095	-9.05068391864188
-660.1924392414103	-7.106937680742703
-638.5922883033518	14.493213257315801
-643.2077584720564	9.877743088611169
-640.6976299065163	12.38787165415124
-662.3763332849076	-9.290831724239979
-646.4410097355312	6.644491825136356
-661.9141101027953	-8.828608542127768
-655.0044157245893	-1.9189141639217269
-649.3392979383525	3.746203622315079
-670.648199287115	-17.562697726447368
-660.4817994906216	-7.396297929954017
-633.7433829161046	19.342118644563016
-635.293853954633	17.79164760603453
-639.5944124332918	13.491089127375744
-648.9943197386629	4.091181822004728
-632.0385162831981	21.046985277469503
-641.4708748476578	11.614626713009784
-631.2542472825326	21.83125427813502
-648.961216726183	4.12428483448457
-665.0338146731547	-11.948313112487085
-648.1457447874591	4.939756773208501
-677.6085427277603	-24.523041167092742
-652.4395229131505	0.6459786475170404
-641.5827249174063	11.502776643261313
-632.6885610213676	20.396940539299976
-668.0451385239021	-14.959636963234516
-659.9133160563824	-6.827814495714847
-653.1203538835571	-0.034852322889491916
-659.522376509779	-6.43687494911137
-666.254346837598	-13.16884527693037
-671.7544648776411	-18.66896331697353
-622.6528814849325	30.43262007573503
-661.3204730397147	-8.23497147904709
-636.4864873850483	16.59901417561923
-600.5648891410847	52.5206124195829
-662.024535090447	-8.939033529779408
-661.784380146174	-8.698878585506463
-670.616555970354	-17.531054409686476
-676.2547546561282	-23.16925309546059
-663.4407166510236	-10.355215090356069
-665.0425947303474	-11.957093169679865
-645.2824754282656	7.80302613240201
-665.1268339930566	-12.041332432389027
-643.4158185760198	9.669682984647807
-686.9579329711441	-33.872431410476565
-664.5427530165352	-11.457251455867663
-613.6686859571955	39.41681560347206
-633.1749510990803	19.910550461587263
-663.3066774807985	-10.221175920130918
-666.3848539816854	-13.29935242101783
-656.28359749848	-3.198095937812468
-662.0782231685471	-8.992721607879503
-678.5531302530026	-25.467628692334983
-643.1267468008909	9.958754759776639
-646.7849455632268	6.300555997440824
-658.0743443425044	-4.9888427818368655
-652.5590144967018	0.5264870639657602
-661.0174636399197	-7.931962079252116
-631.9291148989751	21.156386661692522
-660.5225416747735	-7.437040114105912
-665.1726848720455	-12.087183311377885
-643.6062476216057	9.479253939061891
-637.5336037112165	15.551897849451052
-653.1475829526198	-0.06208139195223339
-669.669442588015	-16.583941027347464
-622.1341800405235	30.95132152014412
-654.2799575248964	-1.1944559642288368
-654.0485880405058	-0.963086479838239
-655.3065690615795	-2.221067500911886
-664.0310287393686	-10.945527178701013
-657.9901336526846	-4.904632092016982
-656.8401579024676	-3.7546563418000005
-631.6169444823927	21.4685570782749
-650.8000918660136	2.2854096946539357
-668.6501907828379	-15.564689222170273
-655.4067822298266	-2.321280669159023
-622.4992238432051	30.586277717462508
-645.5023400182426	7.583161542424932
-679.7354283486666	-26.649926787998993
-653.981631280697	-0.8961297200294212
-651.9015851070171	1.183916453650454
-661.8366895058307	-8.75118794516311
-676.1651878536968	-23.079686293029226
-652.8975973063962	0.187904254271416
-641.6302477059244	11.455253854743205
-635.3164682710076	17.76903328966
-650.8991317118807	2.1863698487868533
-647.697770771093	5.387730789574562
-646.5142192348021	6.571282325865468
-662.7459417112577	-9.660440150590148
-667.6004670860302	-14.51496552536264
-681.2593717653535	-28.173870204685954
-631.7571920244836	21.32830953618395
-641.237090577476	11.84841098319157
-650.9471438689388	2.138357691728743
-618.233182645391	34.852318915276555
-649.8177645763963	3.2677369842713233
-636.503361329279	16.58214023138862
-651.5779323750057	1.5075691856618505
-645.8548074412274	7.230694119440159
-649.4063728397186	3.6791287209489383
-643.06926129763	10.016240263037616
-657.3396995740359	-4.2541980133682955
-660.8280268274129	-7.742525266745361
-642.1824014432086	10.903100117458962
-666.4198135635988	-13.334312002931256
-642.6368804713011	10.448621089366497
-633.0024821504367	20.083019410230918
-657.940230649855	-4.854729089187458
-678.548960656789	-25.46345909612137
-660.3125525683163	-7.227051007648697
-628.8756598755017	24.209841685165884
-623.3392511334268	29.74625042724074
-657.153322094603	-4.067820533935446
-646.585050818353	6.50045074231457
-656.0191817541372	-2.933680193469627
-660.1256821667075	-7.0401806060399394
-639.6024810867266	13.483020473940996
-638.2134262676	14.87207529306761
-642.8819750690773	10.20352649159031
-637.1976032876	15.887898273067549
-683.6388113559397	-30.55330979527207
-679.0494754827405	-25.96397392207291
-662.990541572176	-9.90504001150839
-660.2174680446506	-7.131966483982978
-660.4686516500833	-7.383150089415722
-674.4401740810599	-21.35467252039234
-653.0615940051675	0.02390755550004542
-683.759709784109	-30.674208223441383
-655.2670436161743	-2.181542055506725
-643.2102215587684	9.875280001899227
-684.2603317722851	-31.174830211617518
-707.7893259650036	-54.703824404336046
-643.6317281142865	9.453773446381092
-653.8842679969557	-0.7987664362881333
-671.32425702624	-18.238755465572467
-622.9533386944267	30.132162866240833
-640.8187628692422	12.266738691425417
-631.5533092922005	21.532192268467043
-633.1081915386194	19.977310022048187
-668.0350903273093	-14.949588766641682
-648.5653671570644	4.520134403603151
-648.892749481095	4.192752079572529
-648.0818737691325	5.003627791535109
-649.7199555990692	3.3655459615984
-645.6133086121872	7.4721929484803695
-658.0180079111769	-4.932506350509357
-695.7551073657987	-42.66960580513114
-653.0846258216943	0.0008757389732636511
-655.1902184938253	-2.1047169331577606
-660.8256270615848	-7.740125500917202
-669.0568333702859	-15.971331809618277
-661.3693314007132	-8.283829840045655
-676.2420010204542	-23.156499459786573
-637.0610588204754	16.02444274019217
-664.1449425030032	-11.059440942335641
-638.424972476193	14.660529084474547
-669.6662310252314	-16.580729464563774
-634.5603751527842	18.525126407883363
-662.6672289885055	-9.581727427837905
-653.0033570417318	0.08214451893582009
-665.852880284644	-12.767378723976435
-628.1837115717235	24.901789988944074
-638.9229739096945	14.162527650973061
-638.8769477550113	14.208553805656265
-659.6917974868729	-6.606295926205348
-655.8717471141017	-2.786245553434128
-628.1944724935047	24.89102906716289
-657.509418200515	-4.423916639847448
-680.0311917255049	-26.945690164837288
-667.9426460674031	-14.857144506735494
-648.5135009761316	4.572000584535999
-644.9533166472856	8.132184913381934
-648.0958516842102	4.989649876457406
-660.2559479802612	-7.170446419593645
-614.9697787188516	38.11572284181602
-638.1551182142457	14.930383346421877
-662.4670489613372	-9.38154740066966
-667.9358388206047	-14.850337259937078
-656.6544638242221	-3.5689622635545675
-622.1864350592541	30.899066501413472
-682.011860874557	-28.926359313889407
-686.8013350590072	-33.715833498339634
-645.418773763743	7.666727796924533
-645.8908131204544	7.194688440213213
-639.8149588785482	13.270542682119412
-652.6824175088141	0.4030840518535115
-641.3594142169923	11.726087343675317
-649.1478538316615	3.9376477290061302
-665.0868398731864	-12.001338312518783
-662.2645329978723	-9.179031437204685
-657.4587553811025	-4.373253820434911
-648.581485015794	4.504016544873593
-648.5584892708166	4.527012289850973
-685.1629457217523	-32.07744416108471
-648.5603638717321	4.5251376889355015
-665.0012732078785	-11.915771647210931
-663.309891332482	-10.224389771814458
-642.0201495204119	11.065352040255675
-655.0956342800228	-2.0101327193551697
-649.2174456195089	3.868055941158673
-666.3899714851168	-13.304469924449222
-666.2132766603199	-13.127775099652354
-658.1837152931139	-5.098213732446311
-641.1449048886889	11.94059667197871
-647.7701754684558	5.315326092211762
-638.9728549746969	14.112646585970651
-650.1308122778019	2.954689282865729
-663.9310060789167	-10.845504518249072
-635.3611722577652	17.724329302902333
-649.3956470366566	3.689854524011025
-633.6420506239983	19.44345093666925
-644.9895164043874	8.095985156280221
-648.0255913734318	5.0599101872358005
-644.9012414665949	8.18426009407267
-643.8355491516295	9.249952409038087
-649.2215691842894	3.863932376378216
-666.9226678408622	-13.837166280194651
-655.6468161387484	-2.5613145780807827
-677.7195686735968	-24.634067112929188
-650.32373959503	2.761761965637561
-645.7370047406757	7.348496819991851
-617.3765573584124	35.708944202255225
-663.7120860524765	-10.626584491808899
-649.9804791908418	3.105022369825747
-638.2295800383899	14.85592152227764
-664.6309122488483	-11.54541068818071
-644.9634701747154	8.122031385952141
-652.5733826787209	0.5121188819466624
-628.2315811515027	24.853920409164857
-661.5375091241904	-8.452007563522784
-649.777446664014	3.30805489665363
-650.440754381113	2.6447471795545425
-678.0736457650373	-24.988144204369746
-645.6730053112433	7.412496249424294
-628.9086585322393	24.176843028428266
-648.9013060969182	4.184195463749347
-622.0465660041255	31.03893555654213
-638.7801944175908	14.305307143076789
-658.1363273771885	-5.050825816520955
-685.6773821359557	-32.59188057528809
-677.4952912874751	-24.409789726807503
-656.6845519317021	-3.5990503710345365
-672.0126518861098	-18.9271503254422
-680.6463715802993	-27.560870019631693
-671.6179181737707	-18.532416613103123
-648.4193666269011	4.666134933766443
-648.7080966222447	4.377404938422842
-655.810063823842	-2.724562263174448
-655.344597182574	-2.2590956219064537
-652.8867423766815	0.19875918398611248
-649.9216009192633	3.163900641404325
-679.127158138569	-26.04165657790145
-625.3074131381172	27.778088422550354
-646.6765982077222	6.4089033529453445
-676.6384270060689	-23.552925445401343
-664.1855268075187	-11.100025246851146
-636.1167509095858	16.96875065108179
-660.832464044116	-7.746962483448442
-660.0983264643173	-7.012824903649744
-656.1540441771385	-3.0685426164709497
-671.4184722463715	-18.332970685703913
-672.8567946452413	-19.7712930845737
-673.2161331741836	-20.130631613516016
-656.9585745162212	-3.8730729555536527
-684.0276876004236	-30.942186039756052
-653.9318935218789	-0.8463919612113386
-655.8991847983734	-2.8136832377058454
-635.6560848716936	17.429416688974015
-653.9318809580463	-0.8463793973787688
-655.2538765985983	-2.168375037930673
-654.333679130289	-1.2481775696214754
-665.9317398458543	-12.8462382851867
-664.0161185423958	-10.930616981728235
-650.5395430471281	2.5459585135395173
-644.2817235315624	8.80377802910516
-657.1280866646148	-4.042585103947204
-622.4275223855393	30.657979175128276
-657.9353760952245	-4.849874534556875
-640.3948815800131	12.690619980654446
-672.7791963895024	-19.69369482883485
-623.5706786296969	29.514822930970695
-664.0790041822647	-10.993502621597145
-657.7390683756557	-4.653566814988153
-661.4201393146241	-8.334637753956486
-674.8268539470619	-21.741352386394283
-658.9132120451713	-5.827710484503768
-670.0885138745243	-17.003012313856743
-657.0569967523506	-3.9714951916830614
-660.5656085534602	-7.480106992792571
-665.9602449821714	-12.874743421503808
-647.7436854794387	5.341816081228899
-641.2846734333898	11.800828127277782
-638.1801259430531	14.905375617614482
-636.4797445660397	16.605756994627882
-662.669758559251	-9.584256998583442
-659.985102319205	-6.899600758537417
-635.553390021395	17.53211153927259
-641.1044894758261	11.981012084841495
-683.2508753757747	-30.16537381510716
-675.8566145609539	-22.771113000286277
-623.5950735565739	29.4904280040937
-648.063774509169	5.021727051498601
-636.2055252223681	16.879976338299457
-641.7502804624264	11.335221098241163
-659.7568405897355	-6.671339029067894
-675.8552136612298	-22.769712100562174
-666.1323778393153	-13.046876278647687
-670.3272475550066	-17.241745994339
-643.518967769417	9.56653379125055
-633.1766787465485	19.90882281411905
-648.8776020688119	4.207899491855642
-645.4070075517111	7.678494008956477
-655.5572549318777	-2.4717533712100703
-658.9478824552089	-5.862380894541275
-653.0557758997775	0.029725660890107974
-637.1038022157618	15.981699344905792
-676.8025423798126	-23.71704081914504
-654.8873282048908	-1.8018266442231834
-655.9410772965521	-2.8555757358844858
-654.9482686799483	-1.862767119280761
-627.8693778274055	25.216123733262066
-646.4245893299403	6.660912230727263
-632.9103415917662	20.175159968901426
-634.8354714153274	18.250030145340133
-634.6756993673507	18.409802193316864
-633.6959580268185	19.389543533849064
-656.5702422889763	-3.4847407283086795
-670.1585802901127	-17.073078729445115
-631.8251955640326	21.260305996634997
-629.0042776809014	24.081223879766185
-611.8748342214558	41.210667339211795
-664.6461335819504	-11.5606320212828
-659.5070088603416	-6.421507299673976
-650.7670121219007	2.3184894387668464
-660.8313294875725	-7.745827926904894
-674.8754750701364	-21.789973509468837
-643.6116054346376	9.473896126030013
-665.7918040267132	-12.7063024660456
-632.4940826838892	20.591418876778334
-664.30493891075	-11.219437350082444
-668.9045766955996	-15.819075134932064
-662.8390188797084	-9.753517319040839
-663.4326071081914	-10.347105547523824
-634.1486931358113	18.93680842485628
-658.5867186054411	-5.501217044773512
-644.5012749101033	8.584226650564233
-647.058681933343	6.026819627324585
-646.8941104640135	6.191391096654115
-660.1091335730916	-7.023632012424059
-646.0957595996033	6.989741961064283
-648.1358073406618	4.949694220005767
-646.9782632994347	6.107238261232851
-659.0478383446052	-5.962336783937644
-661.5698155103773	-8.484313949709758
-648.7146307535468	4.370870807120809
-679.3621419619476	-26.27664040128002
-681.0136192934469	-27.928117732779356
-642.3003071438752	10.785194416792365
-656.9284059177326	-3.842904357064981
-662.6210008669177	-9.53549930625013
-647.2033425360742	5.88215902459342
-608.8121387982565	44.273362762411125
-646.2675938821803	6.817907678487245
-680.22527395013	-27.13977238946245
-655.4576373285554	-2.372135767887812
-659.0940235685148	-6.008522007847205
-655.6925848259589	-2.607083265291294
-653.7530441856243	-0.6675426249566954
-656.0095796993292	-2.924078138661571
-651.518968059524	1.5665335011435673
-657.027876158204	-3.9423745975364
-632.7169905789369	20.36851098173065
-667.7360650380024	-14.6505634773348
-652.1090049529621	0.9764966077054851
-664.3584602220681	-11.27295866140048
-629.9003459789265	23.185155581741128
-658.5005422335989	-5.4150406729313545
-652.4429961240849	0.6425054365827236
-632.057012304128	21.028489256539615
-663.9079607379854	-10.822459177317796
-648.0410094329445	5.0444921277230605
-652.7253109486364	0.3601906120311469
-663.4434630786009	-10.35796151793329
-669.5818096981266	-16.496308137458982
-641.9329522300859	11.152549330581678
-653.6098225859341	-0.5243210252665449
-658.0295656682456	-4.944064107578015
-659.4636128653538	-6.378111304686172
-664.4358466888834	-11.35034512821585
-657.819092709472	-4.733591148804408
-662.3678289672707	-9.282327406603144
-656.8400818896362	-3.7545803289685864
-647.0095632322946	6.075938328373013
-662.144949309778	-9.059447749110404
-635.2142360014432	17.871265559224412
-669.8407471979035	-16.75524563723593
-670.4134389946294	-17.32793743396178
-664.1377868067821	-11.05228524611448
-631.6915147352438	21.39398682542378
-635.5211922668559	17.564309293811675
-659.662294012337	-6.576792451669462
-658.9563560769484	-5.870854516280815
-660.6680387307597	-7.58253717009211
-650.9691180837863	2.1163834768813103
-640.7789630300131	12.306538530654507
-664.7361614996216	-11.65065993895405
-645.933866961178	7.1516345994896255
-660.7744734576145	-7.688971896946896
-668.7658661419291	-15.680364581261529
-659.0401883003533	-5.954686739685712
-662.782071732584	-9.696570171916392
-665.0736743521002	-11.98817279143259
-656.3461361292457	-3.260634568578098
-632.7150015262478	20.37050003441982
-645.6323447630739	7.453156797593692
-660.6676415489519	-7.582139988284325
-631.0825165638698	22.00298499679775
-630.8200551892105	22.265446371457074
-666.4594241134646	-13.373922552797012
-675.5106742570815	-22.425172696413938
-639.0413628751294	14.0441386855382
-651.641716434754	1.4437851259135641
-689.1863530768487	-36.10085151618114
-660.6147736052981	-7.529272044630488
-645.3353656014542	7.750135959213367
-648.4167132582979	4.668788302369649
-648.4778927161997	4.607608844467904
-672.2635271132631	-19.1780255525955
-647.2776858366733	5.807815723994281
-664.8562810025351	-11.77077944186749
-637.6482826751771	15.437218885490438
-661.6151037194531	-8.529602158785565
-671.9405008068888	-18.85499924622127
-642.7850313262197	10.300470234447857
-660.0331032096465	-6.947601648978889
-674.8106691313033	-21.725167570635676
-655.9931759784113	-2.907674417743692
-647.6662055413644	5.419296019303147
-653.9276109553639	-0.8421093946963083
-645.3162495868919	7.769251973775681
-667.7824970599786	-14.696995499311015
-623.9939599065865	29.091541654081084
-659.4287392840661	-6.343237723398488
-672.1196622963644	-19.034160735696787
-648.8117850090666	4.273716551600955
-641.5323476293006	11.553153931366978
-656.1717030250466	-3.0862014643789735
-636.0234913774648	17.0620101832028
-660.7154824231866	-7.629980862519005
-633.3401780891754	19.745323471492156
-664.7128301366929	-11.62732857602532
-646.0648692705026	7.02063229016494
-674.4487293655866	-21.363227804919006
-627.3843420024086	25.70115955825895
-651.2013082057701	1.884193354897434
-655.6104229357616	-2.5249213750939816
-667.1787262452008	-14.093224684533197
-667.4522670781471	-14.366765517479507
-676.4394865274835	-23.353984966815915
-670.256781342573	-17.17127978190547
-653.2038037936318	-0.11830223296419717
-643.0856297375167	9.999871823150897
-643.5714433356361	9.514058225031476
-625.5313487429694	27.554152817698196
-653.6931577265086	-0.6076561658410355
-669.293879153719	-16.20837759305141
-659.0050755181173	-5.919573957449757
-638.8215016032509	14.263999957416672
-645.9688250961071	7.116676464560442
-643.0408965871493	10.04460497351829
-639.7690091896684	13.316492370999185
-648.6940922113308	4.3914093493367545
-671.5849018938488	-18.499400333181256
-668.9014417896278	-15.815940228960244
-649.1656907832248	3.9198107774427626
-649.8444182547855	3.241083305882057
-644.1399666349635	8.945534925704123
-675.917768896953	-22.83226733628544
-681.4803715511398	-28.394869990472216
-651.4064657365552	1.6790358241123613
-665.8625022440856	-12.77700068341801
-650.9665756455679	2.1189259150996804
-651.6596973494625	1.4258042112051044
-617.4003127874048	35.68518877326278
-661.9106776043072	-8.825176043639658
-668.2955799428046	-15.210078382136999
-641.1421100711623	11.943391489505302
