Hf	deltaHf ref=-66.00185522011313
-66.50507305892685	-0.5032178388137254
-55.54300580479182	10.45884941532131
-67.44393818562682	-1.4420829655136913
-62.657043903737275	3.3448113163758535
-75.48448584641162	-9.482630626298487
-69.34540981019242	-3.343554590079293
-61.523083100479624	4.478772119633504
-72.23523167520622	-6.233376455093094
-82.18548286826123	-16.183627648148104
-97.23385089367227	-31.23199567355914
-55.46671725014173	10.535137969971402
-85.25427844271186	-19.252423222598736
-80.42786622867285	-14.426011008559726
-39.492604910612926	26.509250309500203
-68.31102408467129	-2.30916886455816
-65.73487408561638	0.26698113449674565
-84.77121891733847	-18.769363697225344
-85.90571726498317	-19.90386204487004
-60.12231395285059	5.879541267262539
-78.56717410863209	-12.56531888851896
-71.10900089045614	-5.107145670343016
-80.19839262323373	-14.196537403120601
-67.86931799711462	-1.8674627770014922
-75.87063715816336	-9.868781938050233
-77.56998245222209	-11.568127232108964
-79.12777669796057	-13.125921477847442
-40.465128679583785	25.536726540529344
-32.94137483448728	33.06048038562585
-65.811338283906	0.19051693620713195
-59.665604689266246	6.336250530846883
-21.44726662893524	44.55458859117789
-87.94700691192563	-21.945151691812498
-77.97985129080777	-11.977996070694644
-58.54572354376293	7.456131676350196
-69.6973409625484	-3.6954857424352667
-79.41759658925591	-13.41574136914278
-79.90402991910966	-13.902174698996532
-52.438321307001814	13.563533913111314
-80.61861262981844	-14.616757409705315
-96.76596483886394	-30.76410961875081
-56.49714093218651	9.504714287926618
-80.01361474164011	-14.011759521526983
-50.356182147478165	15.645673072634963
-66.50387820226612	-0.5020229821529938
-62.27578720257449	3.726068017538637
-47.83633536998829	18.165519850124838
-63.342524961938096	2.659330258175032
-51.59393097639847	14.40792424371466
-91.41626916215907	-25.41441394204594
-69.27870535247936	-3.276850132366235
-67.42825176895573	-1.4263965488426038
-67.62679008622806	-1.624934866114927
-70.86357096618892	-4.861715746075788
-73.07523092961353	-7.073375709500397
-74.0513728142964	-8.049517594183271
-67.91710759608983	-1.9152523759767064
-81.42027927428578	-15.418424054172647
-53.30613538946497	12.695719830648159
-54.59882759342733	11.403027626685798
-80.97069015997701	-14.968834939863882
-50.62200392278325	15.379851297329878
-36.23571938824031	29.766135831872816
-79.69137603050191	-13.689520810388785
-82.65944638388325	-16.65759116377012
-74.1503579681216	-8.148502748008468
-55.45889228072198	10.542962939391145
-100.32425000124792	-34.32239478113479
-85.93377105842089	-19.93191583830776
-59.258578794184785	6.743276425928343
-37.527938194207735	28.473917025905394
-83.53444195001654	-17.532586729903414
-56.538022137332945	9.463833082780184
-49.028561138975846	16.973294081137283
-73.19803061653371	-7.1961753964205855
-76.57667822494702	-10.574823004833888
-64.50470052582975	1.497154694283381
-54.76818135072105	11.233673869392078
-39.648245706985534	26.353609513127594
-63.29848222827283	2.703372991840297
-67.3597496059651	-1.3578943858519779
-62.01961040355533	3.9822448165577953
-86.5097148096888	-20.507859589575673
-88.51069314117055	-22.50883792105742
-69.28922777796694	-3.287372557853814
-70.1807653136261	-4.178910093512968
-75.37000101178134	-9.368145791668212
-57.10120425750799	8.900650962605141
-80.15423696515651	-14.152381745043385
-56.78739142491983	9.214463795193296
-72.56588575549401	-6.56403053538088
-71.04202052895423	-5.040165308841097
-36.21785354464234	29.78400167547079
-73.14752042593906	-7.145665205825935
-55.293553796500845	10.708301423612284
-44.57701697733725	21.424838242775877
-92.11725911911932	-26.115403899006196
-53.582776839872594	12.419078380240535
-48.460732016296305	17.541123203816824
-59.264682784144014	6.737172435969114
-50.41559406923486	15.586261150878272
-90.77442217529321	-24.772566955180082
-44.93454266781052	21.06731255230261
-66.60365679910907	-0.6018015789959463
-62.32069697788981	3.6811582422233187
-48.852719086046335	17.149136134066794
-74.63770229759982	-8.635847077486687
-99.64718540594774	-33.64533018583461
-52.65493789774925	13.346917322363879
-77.63335613383103	-11.6315009137179
-69.12131425581035	-3.1194590356972185
-103.51276340769843	-37.5109081875853
-43.36796237349196	22.633892846621166
-86.03977703049756	-20.037921810384432
-67.51153229068447	-1.5096770705713425
-70.5747188591981	-4.5728636390849715
-52.06320332364564	13.93865189646749
-85.31196557385417	-19.310110353741038
-50.2450699911046	15.756785229008528
-70.26341435573565	-4.2615591356225195
-73.50329498614744	-7.501439766034309
-63.11669400746038	2.885161212652747
-63.493965397442	2.5078898226711317
-75.21495765614097	-9.213102436027839
-53.730308082477194	12.271547137635935
-85.91487181456475	-19.91301659445162
-93.0093948447379	-27.00753962462477
-57.90382248620742	8.098032733905711
-77.50204260976759	-11.500187389654457
-75.17428913600313	-9.172433915889997
-57.80577069784928	8.196084522263845
-61.998366673955815	4.003488546157314
-31.819354120887937	34.18250109922519
-78.14531712447794	-12.143461904364813
-68.47350535217126	-2.47165013205813
-62.14659659797914	3.855258622133988
-87.46290056721634	-21.46104534710321
-72.48645745206747	-6.484602231954341
-62.0023481038065	3.9995071163066314
-73.85218348823989	-7.850328268126759
-75.13634723560105	-9.134492015487922
-63.67515929208318	2.326695928029949
-78.19666164681118	-12.194806426698051
-67.76760736216826	-1.7657521420551348
-76.93409462885617	-10.932239408743044
-82.69383932056232	-16.69198410044919
-94.84693360911339	-28.845078389000264
-92.08839668145671	-26.086541461343586
-44.22030363714882	21.781551582964312
-71.89527803136886	-5.893422811255732
-87.14092184714397	-21.139066627030843
-69.72077464125911	-3.7189194211459835
-55.425027525320246	10.576827694792883
-52.64079460784566	13.361060612267465
-50.40890999082919	15.592945229283941
-85.8544153082025	-19.852560088089376
-79.52826369220426	-13.526408472091134
-70.62709099432547	-4.625235774212342
-76.882178669161	-10.880323449047864
-56.06202190391056	9.939833316202566
-50.14496211789671	15.856893102216418
-67.85642562172004	-1.8545704016069067
-78.12410751203285	-12.122252291919722
-50.047282145328126	15.954573074785003
-74.65228128718306	-8.65042606706993
-59.55205030105432	6.449804919058806
-69.96966200454924	-3.9678067844361067
-75.23851668404538	-9.23666146393225
-82.9359193365585	-16.93406411644537
-81.76299305755535	-15.76113783744222
-69.278418365428	-3.276563145314867
-54.93127247570234	11.070582744410785
-51.01286189398385	14.988993326129275
-82.0486465363924	-16.04679131627927
-69.03872480289871	-3.0368695827855845
-50.077155454388475	15.924699765724654
-65.34473158351327	0.657123636599863
-58.90208891309746	7.0997663070156705
-54.341239432439096	11.660615787674033
-63.00610473210551	2.995750488007616
-62.13003566951235	3.871819550600776
-58.73731589582755	7.264539324285579
-71.02253452232114	-5.020679302208009
-41.57114320214757	24.43071201796556
-40.51943743979652	25.48241778031661
-60.85700870260777	5.144846517505357
-60.14929100132437	5.852564218788757
-77.79403625536949	-11.792181035256363
-59.77075764791377	6.23109757219936
-69.70209999610094	-3.7002447759878123
-65.9552172201497	0.04663799996342277
-48.09725683106669	17.90459838904644
-90.3537430908095	-24.351887870696373
-84.51361774541007	-18.511762525296945
-52.19234440717125	13.80951081294188
-92.20932676092932	-26.207471540816186
-74.25263561094332	-8.250780390830187
-49.077963553382205	16.923891666730924
-56.28093745376688	9.720917766346247
-69.72837827065675	-3.7265230505436193
-73.70270016105357	-7.700844940940442
-56.768310391510084	9.233544828603044
-66.04115271118505	-0.039297491071920376
-65.9264396307976	0.07541558931552572
-57.31109438559221	8.690760834520916
-60.917098146257985	5.084757073855144
-66.10250671804394	-0.10065149793081218
-45.98623324087245	20.015621979240677
-63.85998928365595	2.1418659364571795
-80.46858799648041	-14.46673277636728
-73.60705871265824	-7.605203492545115
-70.04923813298089	-4.047382912867761
-69.20187118190958	-3.2000159617964528
-48.61012705283653	17.391728167276597
-67.42215843318851	-1.4203032130753854
-71.35620815369336	-5.3543529335802305
-62.46973509809183	3.532120122021297
-70.19213535819878	-4.1902801380856545
-64.8650403119959	1.1368149081172305
-82.28504606922658	-16.283190849113453
-62.81295664573415	3.1888985743789817
-67.91066020946752	-1.908804989354394
-56.47318477294763	9.528670447165496
-108.53440121771425	-42.53254599760112
-63.03992575783056	2.961929462282569
-65.29121139893547	0.7106438211776549
-56.6746969553046	9.327158264808531
-78.13588913504506	-12.134033914931933
-52.20875761821523	13.793097601897898
-85.07099150120345	-19.069136281090323
-73.78317298964836	-7.781317769535235
-73.80020230558736	-7.798347085474234
-59.15839094273403	6.843464277379098
-86.96122578966467	-20.959370569551538
-75.33607637882093	-9.334221158707805
-44.43060270481371	21.57125251529942
-59.04522624801618	6.956628972096951
-45.81113031231368	20.19072490779945
-84.4322853585895	-18.430430138476368
-91.80510758601892	-25.80325236590579
-71.37042522599083	-5.3685700058777
-74.48185064353171	-8.479995423418586
-86.47909706285142	-20.477241842738295
-69.13858532727178	-3.1367301071586553
-58.16212422153919	7.839730998573941
-61.19393111607357	4.807924104039557
-72.83160996630474	-6.829754746191611
-51.55428370551678	14.447571514596348
-59.73778540224018	6.264069817872951
-94.81941996195243	-28.817564741839305
-59.85534146085271	6.146513759260415
-78.73384590574139	-12.731990685628261
-63.46892857593636	2.5329266441767686
-41.951332329727364	24.050522890385764
-80.41986312150263	-14.418007901389501
-76.85483156090638	-10.852976340793248
-56.40390379607422	9.59795142403891
-58.87326564627298	7.128589573840145
-70.17948092726007	-4.1776257071469445
-69.41565508295614	-3.413799862843007
-65.26208783967601	0.7397673804371152
-58.76959643338202	7.232258786731109
-70.43827261242993	-4.436417392316798
-52.02637730918511	13.97547791092802
-63.38932520886598	2.612530011247145
-61.34320204079856	4.65865317931457
-49.205533879254716	16.796321340858412
-67.24752085166116	-1.245665631548036
-74.5106763311255	-8.508821111012367
-74.70159638511402	-8.699741165000887
-56.56061310402444	9.441242116088688
-45.41403940076859	20.58781581934454
-84.99563199489646	-18.993776774783328
-84.47168519577687	-18.469829975663743
-87.32098019467091	-21.31912497455778
-64.07984887023346	1.9220063498796662
-75.33769940350473	-9.3358441833916
-45.92836765787658	20.07348756223655
-75.57543008123181	-9.573574861118686
-66.15786356819305	-0.15600834807992214
-77.6434866373879	-11.641631417274766
-83.23694749738067	-17.23509227726754
-69.08506749816885	-3.0832122780557256
-101.97995625074552	-35.97810103063239
-74.75322927266686	-8.751374052553729
-62.48593995649432	3.5159152636188082
-50.87258628819697	15.129268931916158
-50.678945429134245	15.322909790978883
-54.73469667101605	11.267158549097076
-101.58166010442662	-35.57980488431349
-57.187571922133856	8.814283297979273
-72.63622164777777	-6.634366427664645
-63.86724473858928	2.1346104815238505
-53.47056428278162	12.531290937331505
-77.56889729849215	-11.567042078379018
-60.76517790373188	5.236677316381247
-58.70567522565986	7.296179994453269
-85.20397587580234	-19.202120655689214
-39.38564714176616	26.616208078346972
-62.44483798592998	3.5570172341831494
-70.1509839768755	-4.149128756762366
-72.49610588099173	-6.494250660878606
-101.79191178579501	-35.79005656568188
-55.589291226000995	10.412563994112134
-51.89224850210891	14.109606718004216
-83.05091839155509	-17.049063171441958
-65.62512163725339	0.37673358285974246
-58.93432586690912	7.067529353204009
-64.1921662195077	1.809689000605431
-81.84064751549019	-15.838792295377061
-70.15939736644074	-4.157542146327614
-55.31452428309282	10.687330937020306
-60.02608728738275	5.975767932730378
-90.17405620408542	-24.17220098397229
-80.82753139859275	-14.825676178479625
-57.627765648945996	8.374089571167133
-65.63247028576595	0.3693849343471811
-78.95616739403201	-12.95431217391888
-51.92528447189986	14.076570748213271
-39.79855665856164	26.20329856155149
-70.30269118570001	-4.300835965586884
-60.773215357169164	5.2286398629439645
-57.94552138063452	8.056333839478611
-26.85117191404285	39.15068330607028
-59.12833645714133	6.873518762971798
-83.66941020551755	-17.667554985404422
-66.95192101508152	-0.9500657949683955
-74.07790249130491	-8.076047271191783
-56.25661590082606	9.745239319287066
-74.02075764728076	-8.018902427167632
-63.30769208711578	2.694163132997346
-92.50078622389853	-26.4989310037854
-63.058945817354896	2.9429094027582323
-61.9616370826902	4.040218137422926
-79.56602783205605	-13.564172611942922
-75.42259254235839	-9.420737322245259
-68.25900914552628	-2.2571539254131494
-52.728308954376615	13.273546265736513
-72.80969571119792	-6.807840491084789
-36.1254785475671	29.87637667254603
-63.860122447853854	2.1417327722592745
-60.17766229349078	5.824192926622345
-48.251811184402385	17.750044035710744
-63.41980748451758	2.582047735595552
-61.31342742369313	4.688427796420001
-87.01053069574706	-21.008675475633936
-58.90690757784475	7.09494764226838
-61.0530610082628	4.948794211850327
-52.54839815067541	13.453457069437718
-87.47890541067179	-21.477050190558657
-59.23367589110282	6.768179329010309
-54.252454038824425	11.749401181288704
-55.38449550507946	10.617359715033672
-82.30241006654839	-16.30055484643526
-69.40726272932667	-3.4054075092135463
-77.85342689643446	-11.851571676321328
-72.06597734524846	-6.064122125135327
-68.78140881109582	-2.7795535909826867
-89.05639531155472	-23.054540091441595
-38.95072157773254	27.05113364238059
-76.02395788490546	-10.022102664792328
-82.71941289832327	-16.71755767821014
-69.98030259259983	-3.9784473724866984
-49.83362039795472	16.16823482215841
-78.56524987294549	-12.563394652832358
-64.199934111994	1.8019211081191315
-39.87602998601366	26.125825234099466
-74.53944027278928	-8.53758505267615
-49.27974000169931	16.72211521841382
-69.21173227122787	-3.209877051114745
-65.68708855831798	0.31476666179514723
-75.14706962944771	-9.145214409334585
-79.88696879825736	-13.885113578144228
-85.7498162737015	-19.74796105358837
-64.34748378844822	1.654371431664913
-52.786354184382134	13.215501035730995
-57.29322390671447	8.708631313398655
-35.74008137253847	30.26177384757466
-73.24932074958494	-7.24746552947181
-75.01971374343563	-9.017858523322502
-62.87156939350686	3.1302858266062685
-68.99331420870882	-2.9914589885956957
-69.55197337359866	-3.5501181534855277
-58.663289517723086	7.338565702390042
-66.14477077750641	-0.14291555739328032
-83.62360778814624	-17.621752568033116
-66.03179401701206	-0.029938796898932196
-59.83876781599835	6.163087404114776
-76.73025669701607	-10.728401476902945
-83.80680849952338	-17.804953279410256
-66.60595655898803	-0.6041013388748979
-64.00172309746856	2.0001321226445725
-75.35141760580015	-9.349562385687022
-74.29789666527219	-8.296041445159062
-67.23587047106273	-1.2340152509495965
-96.51036842561595	-30.508513205502823
-71.28250048016932	-5.28064526005619
-52.85312159783504	13.148733622278087
-64.08476702659252	1.9170881935206125
-63.184138231596506	2.8177169885166222
-68.70474884982693	-2.702893629713799
-47.746018861157125	18.255836358956003
-73.04568000058359	-7.043824780470459
-70.15435131100682	-4.152496090893692
-52.583053995198924	13.418801224914205
-67.47785794413218	-1.4760027240190539
-80.26224075712386	-14.260385537010734
-58.94862039322331	7.05323482688982
-57.06829995419545	8.933555265917676
-56.67589309024194	9.325962129871186
-78.20006179890922	-12.19820657879609
-64.98171289246099	1.0201423276521382
-77.36781225733145	-11.365957037218323
-82.0969642882396	-16.095109068126476
-59.24763013751951	6.754225082593621
-75.40440247516241	-9.402547255049285
-48.07327706864314	17.928578151469992
-70.93518927426928	-4.933334054156148
-79.37800038109569	-13.37614516098256
-34.05474921502761	31.947106005085516
-52.56723147854652	13.434623741566611
-43.10586953790195	22.895985682211176
-53.708761931672115	12.293093288441014
-59.29066082365759	6.711194396455539
-57.86115673320316	8.140698486909969
-73.17286355593248	-7.1710083358193515
-80.39113321195916	-14.38927799184603
-73.6007436275672	-7.598888407454069
-86.75961624654016	-20.757761026427033
-89.32977829431044	-23.327923074197315
-51.42086838924885	14.580986830864276
-68.28990168469178	-2.288046464578656
-74.89682471321291	-8.89496949309978
-61.37051451837621	4.631340701736917
-50.56643588678568	15.435419333327445
-83.75721462115914	-17.755359401046007
-55.477506783338384	10.524348436774744
-91.18301585306332	-25.181160632950196
-59.370551018916075	6.631304201197054
-71.30240364692733	-5.300548426814203
-42.397103402740385	23.604751817372744
-81.17601172167494	-15.17415650156181
-71.6944233832605	-5.692568163147371
-75.89858777244669	-9.89673255233356
-57.15834038851469	8.84351483159844
-82.82303687990358	-16.821181659790454
-87.1276733332256	-21.125818113112473
-40.30985550101329	25.69199971909984
-53.64442803140852	12.357427188704605
-57.79109069976991	8.210764520343218
-46.96005941215705	19.041795807956078
-71.80780918591196	-5.805953965798835
-49.93567303711322	16.06618218299991
-66.77436274102226	-0.7725075209091301
-61.36993085084984	4.631924369263288
-65.11034113209323	0.8915140880199033
-67.90688649113733	-1.9050312710241997
-58.86331954265049	7.138535677462642
-86.26148241605412	-20.259627195940993
-69.09976370362571	-3.097908483512583
-63.37460826318281	2.627246956930321
-58.11193007507106	7.889925145042071
-66.09555769282312	-0.09370247270999243
-49.978803123608	16.023052096505126
-48.15326018747734	17.848595032635785
-62.38503146818991	3.6168237519232207
-92.0736833760952	-26.071828155982075
-54.1208377545249	11.88101746558823
-63.63595210468199	2.365903115431138
-48.37438690164569	17.627468318467436
-47.23946405572357	18.762391164389555
-58.62379526981974	7.378059950293391
-79.91725366232865	-13.915398442215519
-63.50337916638679	2.4984760537263355
-78.5255433959887	-12.523688175875577
-64.9189526427858	1.0829025773273315
-53.71648455897818	12.285370661134948
-78.16113343004551	-12.159278209932381
-51.429582718212686	14.572272501900443
-59.61717988670577	6.384675333407358
-59.21358224536968	6.78827297474345
-57.7375822839808	8.264272936132329
-95.5065478978199	-29.50469267770677
-54.9135129179617	11.088342302151432
-87.26429523073463	-21.262440010621503
-76.86789623588854	-10.866041015775409
-74.9908576212242	-8.989002401111065
-73.85146463306452	-7.849609412951395
-71.3119888965434	-5.310133676430269
-65.13550289766724	0.8663523224458913
-83.99787048296136	-17.996015262848232
-62.65442808193481	3.3474271381783183
-80.11991543636984	-14.118060216256708
-61.241256108789884	4.760599111323245
-56.08036234704056	9.921492873072566
-70.0397423003437	-4.0378870802305755
-97.68834907754214	-31.686493857429014
-69.64523573376798	-3.643380513654847
-75.53947360226309	-9.537618382149958
-67.44885866147385	-1.447003441360721
-53.77612026736321	12.225734952749917
-81.68542142914382	-15.683566209030687
-73.84519456600398	-7.843339345890854
-73.3422637608223	-7.340408540709177
-68.47186547761382	-2.4700102575006895
-74.93496326675674	-8.93310804664361
-58.96095186893078	7.040903351182351
-61.217469755347764	4.784385464765364
-80.04998938553624	-14.048134165423107
-53.38162701876578	12.620228201347345
-63.02677089915821	2.9750843209549203
-74.95298583093833	-8.951130610825203
-35.14732698524901	30.85452823486412
-58.45990039582691	7.541954824286222
-62.505678397412765	3.496176822700363
-54.71102544061293	11.2908297795002
-60.515485082220465	5.4863701378926635
-80.25311920471583	-14.251263984602701
-70.56727026870655	-4.565415048593422
-74.40606596814038	-8.404210748027253
-55.401772479903656	10.600082740209473
-72.34140593127674	-6.339550711163611
-66.08234021227551	-0.0804849921623827
-50.79604533455719	15.205809885555936
-73.74210297308898	-7.740247752975847
-71.42921569429606	-5.427360474182933
-70.3147867339562	-4.312931513843068
-48.76055582699925	17.241299393113877
-59.18165877902217	6.820196441090957
-60.28783920473367	5.714016015379457
-63.47206207332644	2.5297931467866874
-66.36034067803709	-0.3584854579239618
-79.65084921254171	-13.648993992428586
-59.916573420565754	6.085281799547374
-65.92157334184455	0.08028187826857902
-66.52748037800345	-0.5256251578903175
-63.29010793941276	2.711747280700365
-58.99049218789739	7.0113630322157405
-57.06905108973885	8.93280413037428
-70.49790827770491	-4.49605305759178
-72.3021406956527	-6.300285475539567
-65.69706215679477	0.30479306331835687
-46.89850155731844	19.10335366279469
-46.669928805275475	19.331926414837653
-69.47939369165985	-3.4775384715467226
-73.55069289643731	-7.548837676324183
-71.11119769681542	-5.109342476702295
-72.1909420266588	-6.189086806545674
-69.30488620234834	-3.3030309822352137
-79.49924874913856	-13.49739352902543
-97.42532302087645	-31.42346780076332
-49.0272434019266	16.97461181818653
-77.96558018882794	-11.963724968714814
-53.119628659215294	12.882226560897834
-58.877327604290684	7.124527615822444
-60.20566007122986	5.796195148883271
-88.71170866622421	-22.709853446111083
-50.264639113882794	15.737216106230335
-77.80866155924602	-11.80680633913289
-61.64294545182062	4.358909768292506
-68.42061537471315	-2.4187601546000224
-77.27542962294544	-11.27357440283231
-48.45955480881682	17.54230041129631
-57.99986678340653	8.001988436706597
-41.368065751141756	24.633789468971372
-68.57417695048795	-2.5723217303748243
-72.72315305370145	-6.7212978335883236
-67.58480715430639	-1.582951934193261
-76.43923565420707	-10.437380434093939
-49.33533235399088	16.66652286612225
-48.73398812289676	17.267867097216367
-37.29115549259447	28.71069972751866
-71.43358360767749	-5.4317283875643625
-55.248461591318545	10.753393628794583
-100.52971019594995	-34.52785497583682
-88.4055618419138	-22.403706621800666
-42.35492804982502	23.64692717028811
-82.15691025665589	-16.155055036542763
-45.56355869467231	20.43829652544082
-65.98848443131143	0.013370788801694289
-56.7941725592668	9.20768266084633
-57.163287342219036	8.838567877894093
-66.6900473949631	-0.6881921748499735
-91.92502127545455	-25.923166055341426
-61.73320392156026	4.268651298552868
-63.37951556264895	2.622339657464181
-53.114526263596844	12.887328956516285
-64.16689719624853	1.8349580238646013
-61.68158743360843	4.320267786504701
-74.74031436187076	-8.73845914175763
-68.28067927106756	-2.2788240509544266
-48.58414881937503	17.417706400738098
-64.09898120054865	1.9028740195644787
-69.05598903914367	-3.0541338190305396
-53.65567397983111	12.346181240282021
-79.45433297078714	-13.452477750674007
-83.32073986936163	-17.318884649248503
-70.00925961237087	-4.00740439225774
-85.04213108989504	-19.040275869781908
-70.95379928124609	-4.951944061132963
-59.43367831678776	6.568176903325366
-85.80027072394884	-19.798415503835713
-54.07768542144774	11.924169798665389
-56.06739486568992	9.934460354423209
-47.546956678239866	18.454898541873263
-96.90673542973533	-30.904880209622206
-65.93976030768542	0.06209491242771037
-85.02573790398898	-19.023882683875854
-67.98301203204616	-1.9811568119330332
-96.41101487316197	-30.409159653048846
-56.11343654014351	9.888418679969618
-81.80886252705247	-15.80700730693934
-41.382049528342094	24.619805691771035
-75.36946452077834	-9.367609300665208
-68.12184383864812	-2.1199886185349897
-60.82666746982292	5.175187750290206
-54.576300077793775	11.425555142319354
-61.08926353001013	4.912591690103
-54.120688567053065	11.881166653060063
-53.122233643275166	12.879621576837962
-67.93521259321867	-1.9333573731055367
-62.70413867758768	3.2977165425254498
-83.36591225486197	-17.36405703474884
-98.27911166456622	-32.27725644445309
-59.9409385923195	6.060916627793631
-71.52230573527638	-5.5204505151632475
-58.44269418367773	7.559161036435398
-57.29524641370378	8.70660880640935
-52.61680743342592	13.38504778668721
-65.95933845410624	0.0425167660068837
-45.370397448334614	20.631457771778514
-71.58320174876869	-5.581346528655558
-94.96212475661602	-28.960269536502892
-91.50430481962982	-25.502449599516694
-102.49391782712925	-36.49206260701612
-73.8143917636248	-7.812536543511669
-63.669390501336665	2.332464718776464
-68.83543902805692	-2.8335838079437963
-55.53046994451731	10.471385275595821
-51.45018358765671	14.551671632456419
-58.74562331423519	7.256231905877939
-84.06099664954533	-18.059141429432202
-53.856141261594956	12.145713958518172
-76.0331024462416	-10.031247226128471
-71.27223980441929	-5.270384584306157
-69.63320925160812	-3.6313540314949933
-71.09445356026706	-5.092598340153927
-71.55404828958714	-5.552193069474015
-62.12386040230783	3.877994817805302
-57.026161342123004	8.975693877990125
-57.42196803981503	8.579887180298101
-68.27621559689439	-2.27436037678126
-82.36531341387897	-16.363458193765837
-70.04381845404575	-4.04196323393262
-54.86452253331524	11.13733268679789
-79.42718944966916	-13.425334229556029
-66.65674509009702	-0.6548898699838901
-83.13146901642764	-17.129613796314516
-67.8378632727167	-1.8360080526035745
-57.31104341479519	8.690811805317935
-66.07608662605205	-0.0742314059389173
-71.12074568374962	-5.11889046363649
-73.91296148556145	-7.911106265448325
-81.55526878586394	-15.553413565750816
-79.70679316294124	-13.70493794282811
-77.1936654883452	-11.191810268232075
-68.92640197416628	-2.9245467540531536
-75.65681741638261	-9.65496219626948
-79.00719868653547	-13.005343466422346
-67.44005214785872	-1.4381969277455937
-49.74779874433304	16.25405647578009
-57.969406160560965	8.032449059552164
-49.26265734169871	16.739197878414416
-63.92639020922658	2.0754650108865462
-45.516845678938324	20.485009541174804
-52.19164015412977	13.810215065983357
-47.35134828806483	18.6505069320483
-65.20159510345408	0.8002601166590466
-79.86025503950665	-13.858399819393526
-45.77654913085868	20.225306089254445
-84.24198093671882	-18.24012571660569
-65.99208307926753	0.009772140845598187
-79.96879796096479	-13.966942740851664
-86.36180168759026	-20.35994646747713
-72.32859300681454	-6.326737786701415
-67.06349794220884	-1.061642722095712
-66.62218102445192	-0.6203258043387905
-44.7293032168877	21.272552003225428
-61.77896554892365	4.222889671189478
-76.31691852280207	-10.315063302688941
-50.28180160538474	15.720053614728386
-57.432521090259314	8.569334129853814
-76.34070762065537	-10.338852400542237
-81.52692160598824	-15.525066385875107
-64.36750736701512	1.6343478530980065
-47.7355176172118	18.26633760290133
-66.74318255411933	-0.7413273340062005
-64.41196923949471	1.5898859806184191
-75.05709506733407	-9.055239847220946
-74.52490038973198	-8.523045169618854
-58.38078988715867	7.621065332954458
-48.34388439597976	17.657970824133372
-52.30989165929938	13.691963560813747
-43.191994635474174	22.809860584638955
-75.60140344211547	-9.59954822200234
-74.97152029476862	-8.969665074655495
-84.22594940438145	-18.224094184268324
-70.91350134777028	-4.91164612765715
-67.40444535892172	-1.4025901388085913
-78.02245715975593	-12.020601939642802
-74.77434252124519	-8.77248730113206
-79.19707623678411	-13.195221016670985
-44.507822427533455	21.494032792579674
-72.22435883645673	-6.222503616343602
-79.20872121678119	-13.206865996668057
-50.05588794014918	15.945967279963952
-62.41920501160209	3.5826502085110405
-85.72248839971732	-19.720633179604192
-52.75309731859167	13.248757901521458
-76.99878346310149	-10.99692824298836
-65.31347133648384	0.6883838836292853
-82.50600988585799	-16.504154665744863
-44.03915523333714	21.962699986775988
-59.748933153683964	6.252922066429164
-60.42436854743434	5.577486672678788
-72.60782127251011	-6.60596605239698
-66.29213076369203	-0.2902755435789004
-52.66779013162747	13.334065088485659
-60.48264711519593	5.5192081049171975
-58.99872148843721	7.003133731675916
-51.09238226008026	14.909472960032872
-48.811243170929146	17.190612049183983
-53.56590473269031	12.435950487422815
-70.07224151206034	-4.070386291947216
-83.44506743986719	-17.44321221975406
-79.4394813568492	-13.437626136736071
-85.81562335595524	-19.81376813584211
-64.13348631127744	1.8683689088356914
-32.50325214028132	33.49860307983181
-81.49563978476951	-15.49378456465638
-88.90991671827075	-22.908061498157622
-69.12721030876716	-3.1253550886540324
-64.83277870437311	1.1690765157400165
-63.43513457936794	2.5667206407451886
-80.14217983334535	-14.140324613232224
-51.10573271936889	14.89612250074424
-59.15353528597049	6.848319934142637
-70.66952238560631	-4.667667165493185
-101.77864327487484	-35.77678805476171
-58.618152194429484	7.383703025683644
-73.41248505463452	-7.410629834521387
-74.69304025625613	-8.691185036142997
-42.348854487323905	23.653000732789224
-66.35363408273994	-0.3517788626268157
-63.0269497701797	2.9749054499334306
-78.99302503379155	-12.991169813678425
-68.41593802274153	-2.4140828026284
-74.63921860601701	-8.637363385903882
-47.756972251545875	18.244882968567254
-48.35168106552598	17.650174154587148
-86.83335664556805	-20.831501425454917
-46.8563494626346	19.14550575747853
-55.4787695459149	10.523085674198228
-58.32006050937932	7.681794710733811
-75.32208279918856	-9.320227579075436
-33.720640828373206	32.28121439173992
-64.11848677378154	1.8833684463315876
-66.11657168831013	-0.11471646819700254
-88.73921327930154	-22.73735805918841
-69.46712855283701	-3.465273332723882
-68.0176643547297	-2.0158091346165747
-56.641978115671435	9.359877104441694
-62.00186018352403	3.999995036589098
-46.340444294901744	19.661410925211385
-79.07385020996887	-13.071994989855739
-79.49693157837325	-13.495076358260121
-57.1441899017577	8.85766531835543
-63.50526190756361	2.496593312549521
-49.18454022405646	16.817314996056666
-60.46200829808228	5.539846922030847
-57.64488103751361	8.356974182599515
-37.8889475991659	28.112907620947226
-56.07598666370765	9.925868556405476
-34.554637138264724	31.447218081848405
-65.5839754997273	0.41787972038582666
-79.55235197571025	-13.550496755597123
-63.52676287777874	2.475092342334392
-67.0512489383386	-1.049393718225474
-58.24018079732056	7.7616744227925665
-63.17387005162024	2.827985168492887
-74.91808285891463	-8.916227638801502
-88.6817843937956	-22.679929173682467
-63.34020990526048	2.661645314852649
-80.33129603381391	-14.329440813700785
-52.26843099466939	13.733424225443741
-96.32475647033286	-30.32290125021973
-70.10871431841085	-4.1068590982977184
-81.73599179922027	-15.734136579107144
-68.02648645053566	-2.0246312304225285
-83.71468158822833	-17.712826368115202
-43.76350968909398	22.23834553101915
-66.80062923153898	-0.7987740114258486
-67.885685029511	-1.8838298093978665
-98.26157833836484	-32.25972311825171
-69.77901612762659	-3.777160907513462
-55.80919448329084	10.19266073682229
-67.29550904870709	-1.2936538285939605
-75.61711468412838	-9.615259464015253
-63.00526340305666	2.996591817056469
-97.51731431300001	-31.515459092886886
-56.52214326919645	9.47971195091668
-53.35004992346373	12.6518052966494
-88.53872282893869	-22.53686760882556
-47.569766485363715	18.432088734749414
-65.79549712573359	0.20635809437953867
-73.84863556404022	-7.846780343927094
-90.9000582242065	-24.898203004093375
-58.128330041580256	7.873525178532873
-39.34318437439512	26.658670845718007
-95.1236513821045	-29.12179616199137
-66.06582023038797	-0.06396501027484192
-75.60107881144947	-9.59922359133634
-79.13772635511711	-13.135871135003981
-59.95190412592498	6.049951094188145
-62.21816091433581	3.783694305777317
-78.58784077453171	-12.585985554418585
-76.5635745092354	-10.561719289122266
-90.79757292465226	-24.79571770453913
-78.15838396762271	-12.156528747509583
-96.36266720127466	-30.360811981161532
-89.15585787072493	-23.1540026506118
-30.973907149715586	35.02794807039754
-64.00312102033647	1.9987341997766634
-58.29677792975278	7.70507729036035
-69.44549764328846	-3.4436424231753335
-81.58776223944594	-15.585907019332808
-45.62459236514266	20.377262854970468
-39.38448053454201	26.61737468557112
-49.707626178386334	16.294229041726794
-65.05394901749102	0.9479062026221072
-65.16239503057884	0.839460189534293
-77.5994332459654	-11.597578025852272
-93.02583197435021	-27.023976754237083
-39.50574522265239	26.496109997460735
-76.332047248105	-10.33019202799187
-59.09912182630657	6.902733393806557
-76.34992800023471	-10.348072780121583
-74.29614742861165	-8.294292208498518
-63.29000696132286	2.711848258790269
-49.969117817205614	16.032737402907514
-75.0699788175393	-9.068123597426165
-64.23575430820208	1.7661009119110531
-89.71030751068471	-23.708452290571586
-71.71794538847323	-5.716090168360097
-67.02329946703546	-1.0214442469223286
-77.13531884619303	-11.133463626079902
-71.57645502374223	-5.5745998036290985
-79.21162208542088	-13.209766865307756
-70.01071813415044	-4.008862914037309
-77.77225466785464	-11.77039944774151
-83.31587178829656	-17.314016568183433
-64.42131081682462	1.5805444032885134
-57.59083445114672	8.41102076896641
-59.65244743603259	6.34940778408054
-61.93384307139647	4.068012148716662
-75.57547522005777	-9.57361999994464
-75.01456514584285	-9.012709925729723
-52.83644196422253	13.165413255890599
-74.81505066931865	-8.813195449205523
-112.16524339587929	-46.16338817576616
-56.53566570389236	9.466189516220766
-64.14420123369061	1.8576539864225197
-62.01156477881747	3.990290441295656
-80.29535249376792	-14.293497273654793
-64.6477817761756	1.3540734439375228
-57.6092461883222	8.392609031790926
-67.670405094816	-1.668549874702876
-71.91798652044096	-5.916131300327834
-59.457357728299456	6.544497491813672
-68.15226699541242	-2.1504117752992897
-63.01044731993758	2.9914079001755454
-61.404013077639746	4.597842142473382
-60.884386377611435	5.117468842501694
-72.3251854259565	-6.3233302058433765
-56.96769196007378	9.03416326003935
-58.73631845266797	7.265536767445155
-65.78777864492301	0.2140765751901199
-84.83357835824287	-18.831723138129746
-70.60543374151027	-4.603578521397139
-62.42537271214539	3.5764825079677394
-69.56450196100784	-3.5626467408947065
-72.89600976269728	-6.894154542584147
-42.94692587294273	23.0549293471704
-67.20854531039228	-1.206690090279153
-59.67344011789689	6.3284151022162405
-49.61052534908819	16.391329871024936
-78.9645394443273	-12.962684224214172
-63.22792153037014	2.7739336897429894
-47.3302481983396	18.671607021773525
-60.48959915394377	5.512256066169357
-85.24702401807596	-19.245168797962833
-59.62660056464526	6.37525465546787
-75.0167263087628	-9.01487108864967
-63.563538621811375	2.4383165983017534
-53.13282986041892	12.869025359694206
-55.74671325524693	10.255141964866198
-80.00404467399355	-14.002189453880419
-57.32398564069305	8.677869579420076
-60.70018847504113	5.301666745071998
-56.66533662558365	9.33651859452948
-80.71971953946783	-14.717864319354703
-79.93961101009197	-13.937755789978837
-58.25145479447971	7.750400425633416
-57.61422149313009	8.38763372698304
-74.9284418308948	-8.92658661078167
-53.04781891328318	12.954036306829948
-75.01259458088177	-9.010739360768639
-75.92019058175217	-9.918335361639038
-84.44138444724237	-18.439529227129242
-58.42412468282279	7.577730537290336
-69.49661018744379	-3.494754967330664
-75.75432703445264	-9.752471814339515
-84.60135469468375	-18.59949947457062
-73.12261774262012	-7.120762522506993
-53.15115737478342	12.850697845329705
-68.28463929048164	-2.282784070368507
-56.12672033640271	9.875134883710416
-73.96907277109719	-7.96721755098406
-62.500005381267755	3.5018498388453736
-74.79878960037465	-8.796934380261519
-69.5570558754466	-3.555200655333465
-42.43722244220268	23.564632777910447
-61.93835287703993	4.063502343073196
-51.47715053627914	14.524704683833988
-72.5327807522103	-6.5309255320971715
-64.86551045126404	1.136344768849085
-62.20551961354656	3.796335606566572
-63.68597330700729	2.315881913105841
-58.748792963268414	7.253062256844714
-48.52265708901402	17.47919813109911
-56.35047559885285	9.651379621260276
-49.7659246291573	16.23593059095583
-36.505147438320336	29.496707781792793
-52.73296499324212	13.268890226871008
-70.08573449337425	-4.083879273261118
-44.53418882408593	21.467666396027198
-91.69570882645937	-25.693853606346238
-50.2253262725703	15.776528947542829
-45.81656800843345	20.18528721167968
-80.29167284301226	-14.289817622899136
-63.661924523147235	2.3399306969658937
-75.137663369524	-9.135808149410877
-55.932211870835516	10.069643349277612
-76.39384445219045	-10.391989232077322
-70.56247053619015	-4.560615316077019
-91.93182502127317	-25.92996980116004
-70.86437167397386	-4.862516453860735
-76.71565826178127	-10.713803041668143
-86.38649467156799	-20.38463945145486
-49.02095712363959	16.98089809647354
-68.37569394088356	-2.3738387207704363
-74.85603845189186	-8.854183231778734
-70.65715311347455	-4.655297893361421
-68.85623997926311	-2.85438475914998
-62.59901775467594	3.4028374654371873
-67.97238880490337	-1.970533584790246
-79.5165429434405	-13.51468772332737
-85.19902748512547	-19.19717226501234
-67.31944610174693	-1.3175908816338051
-87.4279368956181	-21.426081675504975
-68.87492257566052	-2.8730673555473913
-76.8428090737784	-10.840953853665269
-74.29974272143451	-8.297887501321384
-63.55632104964613	2.445534170466999
-67.27028354593355	-1.2684283258204232
-59.629563700668285	6.372291519444843
-83.55036022262217	-17.548505002509046
-62.87941062178149	3.12244459833164
-66.54666993968428	-0.5448147195711499
-75.69261992151448	-9.69076470140135
-73.08911190621299	-7.087256686099863
-75.72304266053695	-9.721187440423819
-43.71533337873413	22.286521841379
-68.91951025071327	-2.9176550306001445
-59.95783811105363	6.044017109059496
-68.82458186927985	-2.822726649166725
-66.76994156223961	-0.7680863421264803
-69.43579184041889	-3.433936620305758
-83.12237461017364	-17.120519390060508
-46.66928669039632	19.33256852971681
-72.11066340470867	-6.108808184595546
-62.16258037105442	3.839274849058711
-68.6458447423415	-2.6439895222283667
-87.1735500303316	-21.17169481021847
-63.41733530589997	2.5845199142131605
-81.24288870807365	-15.241033487960522
-58.36267081944831	7.639184400664817
-71.76060963251663	-5.758754412403505
-58.79192199326505	7.209933226848079
-79.69744228407805	-13.695587063964922
-72.56298962211301	-6.56113440199988
-82.09693440807902	-16.095079187965894
-83.66010121391307	-17.658245993799937
-99.55125354204071	-33.54939832192758
-59.1055056965474	6.896349523565732
-83.00350000506884	-17.001644784955715
-58.693978510031656	7.307876710081473
-58.78758931877243	7.214265901340696
-56.68054945746414	9.32130576264899
-63.06806528320746	2.9337899369056686
-71.43142024744017	-5.429565027327044
-55.25791389747471	10.74394132263842
-49.646826037255295	16.355029182857834
-63.33969422749075	2.6621609926223755
-84.63967979681044	-18.637824576697312
-56.93141825756035	9.070436962552776
-64.69765359048185	1.3042016296312795
-59.24294400033111	6.758911219782021
-70.48314721883659	-4.481291998723464
-74.35738922604511	-8.355534005931986
-86.7846315042029	-20.782776284089778
-62.54097602177214	3.46087919834099
-61.55699264921574	4.444862570897385
-55.38743161386671	10.614423606246419
-53.56990110299236	12.431954117120767
-79.60362824760384	-13.601773027490708
-60.77891671589029	5.222938504222839
-94.240845921317	-28.238990701203875
-65.9531390961624	0.04871612395072589
-45.77907422689756	20.222780993215565
-78.16238162931992	-12.160526409206796
-83.00564832106326	-17.003793100950134
-54.88588536893664	11.115969851176487
-50.95704418199463	15.044811038118496
-76.02943867246947	-10.027583452356339
-79.09145068334189	-13.089595463228761
-51.49376287619677	14.50809234391636
-71.68141320340371	-5.679557983290579
-89.68487930733542	-23.683024087222293
-90.86011677172652	-24.858261551613396
-54.979044260710424	11.022810959402705
-86.25381521684037	-20.251959996727237
-91.2005758511718	-25.198720631058677
-76.35872361779045	-10.356868397677317
-59.38653576728254	6.61531945283059
-56.717776435964396	9.284078784148733
-81.79645953042788	-15.794604310314753
-51.61153113808402	14.39032408202911
-97.56166158546554	-31.559806365352415
-61.729800946936365	4.272054273176764
-74.69093546947849	-8.689080249365361
-52.76268924580515	13.23916597430798
-58.80704431158526	7.19481090852787
-81.53713756857039	-15.535282348457258
-85.46505210382608	-19.463196883712953
-55.63006488095422	10.371790339158906
-55.09428056953627	10.907574650576862
-84.88698981510103	-18.885134594987903
-63.45694749198307	2.544907728130056
-70.95878117962135	-4.956925959508226
-59.163060386605565	6.8387948335075635
-86.20352630684508	-20.20167108673195
-79.18778042168421	-13.18592520157108
-73.24539753445285	-7.24354231433972
-50.22336566534656	15.778489554766566
-87.49004817761167	-21.48819295749854
-65.07528266981396	0.92657255029917
-58.486541616932726	7.515313603180402
-55.295938307927344	10.705916912185785
-69.94994942481432	-3.948094204701192
-55.15199737199734	10.84985784811579
-71.9709451938165	-5.969089973703376
-49.30209645940201	16.69975876071112
-64.1504113325195	1.851443887593632
-88.55157553665637	-22.549720316543244
-84.30079568464723	-18.2989404645341
-76.89115292220819	-10.889297702095064
-61.53036744782591	4.471487772287219
-68.96606791115343	-2.964212691040302
-52.54333672304935	13.458518497063778
-66.31038536281127	-0.30853014269814594
-70.68109662151116	-4.679241401398031
-72.64718835366372	-6.645333133550594
-75.92506152985013	-9.923206309736997
-73.02179858167662	-7.019943361563492
-58.436253903526875	7.565601316586253
-44.54555330004811	21.456301920065016
-70.5435926075065	-4.541737387393368
-72.41155008950452	-6.409694869391387
-60.08684229862271	5.9150129214904155
-66.82439558484336	-0.8225403647302301
-80.73647571805347	-14.734620497940341
-75.03828211333027	-9.03642689321714
-63.364630568101774	2.637224652011355
-56.293167063455684	9.708688156657445
-63.596265165846916	2.405590054266213
-61.070245182991556	4.9316100371215725
-58.751372822020556	7.250482398092572
-85.43178323206527	-19.429928011952143
-64.9602142053977	1.0416410147154238
-50.15579918600858	15.84605603410455
-56.38606653431495	9.61578868579818
-61.05884004077822	4.943015179334907
-72.67611754315155	-6.67426232303842
-72.70820346685511	-6.706348246741982
-60.26418455538666	5.7376706647264655
-63.24030283996987	2.7615523801432573
-87.02659445007018	-21.02473922995705
-92.64628779108759	-26.64443257097446
-60.62868191118329	5.373173308929836
-78.34672799772531	-12.344872777612181
-48.04021993080684	17.961635289306287
-96.772426089547	-30.770570869433868
-74.17437893654139	-8.172523716428259
-76.13903364314908	-10.137178423035948
-65.09280271972827	0.9090525003848597
-54.33911254479469	11.66274267531844
-59.360345560175546	6.641509659937583
-85.55199126005616	-19.550136039943027
-62.881056865370255	3.120798354742874
-87.04980100619875	-21.04794578608562
-68.19129355237826	-2.1894383322651265
-46.38210590511741	19.619749314995715
-71.68264561586554	-5.68079039575241
-65.32636418443732	0.6754910356758046
-105.37545665622608	-39.37360143611295
-58.98618008503988	7.015675135073252
-62.22183919027745	3.7800160298356786
-96.06522656394233	-30.063371343829203
-68.6494290054238	-2.6475737853106693
-60.77387931000564	5.227975910107489
-60.25108825760114	5.750766962511989
-65.6933569320449	0.3084982880682219
-83.69050657505292	-17.688651354939793
-63.56840376527404	2.433451454839087
-55.57759762393695	10.424257596176176
-48.17695064930601	17.82490457080712
-78.22215157642356	-12.220296356310428
-69.26028798057675	-3.25843276046362
-58.19639219094685	7.805463029166276
-81.17888002868719	-15.17702480857406
-67.47373055847717	-1.4718753383640433
-63.530592219000454	2.471263001112675
-63.96912709778414	2.03272812232899
-49.58926921065583	16.4125860094573
-51.84039989420714	14.16145532590599
-71.89846578284639	-5.896610562733258
-42.83298989085458	23.16886532925855
-84.56714810037963	-18.565292880266497
-53.65040213770996	12.351453082403168
-47.925867684955364	18.075987535157765
-47.90965117318271	18.09220404693042
-55.73139310063422	10.270462119478907
-96.54439399660484	-30.54253877649171
-74.17520139155974	-8.17334617144661
-52.79152398838639	13.210331231726741
-91.19154075741105	-25.18968553729792
-73.17559797521105	-7.173742755097919
-58.22968547618663	7.772169743926497
-52.895394296653166	13.106460923459963
-40.15644333616953	25.845411883943598
-59.50660575307708	6.4952494670360466
-68.80726731061301	-2.8054120904998854
-58.51020002509037	7.491655195022759
-52.77265739980655	13.229197820306581
-66.2481665503569	-0.2463113302437705
-25.776292855420678	40.22556236469245
-72.59021473413165	-6.588359514018521
-51.36971649619815	14.632138723914977
-84.17429737109202	-18.172442150978895
-53.96798321284447	12.033872007268656
-41.83878906193283	24.1630661581803
-52.74224989751244	13.259605322600692
-71.51022568718915	-5.50837046707602
-67.79096163235087	-1.789106412237743
-61.585089145568844	4.4167660745442845
-61.02572975781956	4.976125462293567
-82.29465655031387	-16.292801330200746
-68.6229085890213	-2.6210533689081785
-67.76798205316888	-1.7661268330557505
-54.51416223495332	11.48769298515981
-67.5183399013026	-1.5164846811894677
-66.68618680390361	-0.6843315837904811
-83.89440956435143	-17.892554344238306
-61.975101172587955	4.0267540475251735
-74.3886981403252	-8.386842920212075
-34.42203024141642	31.579824978696706
-66.8082293051543	-0.8063740850411705
-78.4583080143552	-12.456452794242068
-66.08085210986471	-0.07899688975157915
-95.23728587637603	-29.235430656262906
-43.36536009319249	22.636495126920636
-72.08756961328478	-6.085714393171656
-52.59876166347246	13.40309355664067
-73.0213007587358	-7.019445538622676
-67.49864355526958	-1.4967883351564524
-66.82546747108287	-0.8236122509697452
-69.65622439724982	-3.6543691771366866
-46.84917956230353	19.152675657809596
-48.269619781369755	17.732235438743373
-108.19430752989726	-42.19245230978413
-68.55378094428167	-2.551925724168541
-71.16677930927696	-5.164924089163833
-67.6990272870157	-1.6971720669025672
-49.04868501661119	16.95317020350194
-87.53172749668599	-21.52987227657286
-58.13225224338973	7.8696029767233995
-84.1825239179511	-18.180668697837973
-91.60405154672341	-25.602196326610283
-38.82355240485637	27.178302815256757
-56.16501999102044	9.836835229092685
-51.746384701151754	14.255470518961374
-58.40879804423318	7.593057175879949
-64.61268472832896	1.3891704917841707
-58.96977226021269	7.0320829599004355
-38.6326062162029	27.369249003910227
-84.43460965507845	-18.432754434965318
-86.69421696571814	-20.692361745605012
-70.25554496306583	-4.253689742952702
-79.49098192956305	-13.48912670944992
-85.23853418410587	-19.236678963992745
-63.64737234270294	2.3544828774101916
-59.894132410051014	6.107722810062114
-72.9852514314102	-6.983396211297077
-81.95901454127167	-15.957159321158542
-67.7666326576277	-1.7647774375145673
-65.44935052221123	0.5525046979018953
-63.69015314974101	2.311702070372121
-67.94467309600302	-1.9428178758898866
-63.37056549321866	2.6312897268944653
-58.94780948554259	7.054045734570536
-64.38041932077473	1.621435899338394
-58.151989655167625	7.849865564945503
-59.10349395157979	6.8983612685333355
-41.661414979409955	24.340440240703174
-82.4860002656628	-16.484145045549667
-60.391413407311546	5.610441812801582
-51.63899597406132	14.362859246051812
-74.15206663334399	-8.150211413230863
-111.6721626389103	-45.670307418797165
-50.20687097019115	15.794984249921981
-53.24700147711562	12.754853742997511
-101.74663021283638	-35.74477499272325
-54.50687020291522	11.494985017197905
-80.68338200636796	-14.681526786254835
-56.716265987545256	9.285589232567872
-82.07293766723748	-16.071082447124354
-59.098744462628446	6.903110757484683
-55.94373491059966	10.05812030951347
-55.19704952823528	10.804805691877846
-57.52452115321509	8.477334066898038
-63.043282830577	2.9585723895361298
-73.5019097933459	-7.500054573232774
-71.32261383988813	-5.320758619775006
-72.5775226141545	-6.575667394041375
-80.6987977997546	-14.696942579641473
-57.28242378677393	8.719431433339196
-73.4043830513751	-7.4025278312619776
-58.927008570701645	7.074846649411484
-62.68658306189761	3.315272158215521
-68.09883737767674	-2.096982157563616
-65.64664611348277	0.35520910663035465
-50.95874786846113	15.043107351651997
-64.66435504661646	1.3375001734966645
-57.0430202022894	8.95883501782373
-63.891353072255214	2.1105021478579147
-80.61005856765993	-14.608203347546805
-46.839714406784395	19.162140813328733
-43.24000731343264	22.761847906680487
-69.76171211021435	-3.7598568901012186
-82.17117557960452	-16.169320359491394
-40.884866057704556	25.116989162408572
-63.76929680612963	2.2325584139834973
-64.61594291417575	1.3859123059373815
-57.44444913892082	8.557406081192312
-51.18262385006389	14.819231370049238
-62.216459623500185	3.7853955966129433
-67.59308755023673	-1.5912323301236029
-79.1221109701714	-13.120255750058277
-60.005771822789455	5.996083397323673
-58.97411148185935	7.0277437382537755
-66.42880827352789	-0.4269530534147634
-80.88236907895632	-14.880513858843187
-72.29246835525416	-6.2906131351410295
-71.69310183932109	-5.691246619207959
-59.07994405397628	6.9219111661368515
-99.7423149903029	-33.74045977018977
-40.23830888212839	25.763546337984735
-72.75707082133019	-6.75521560121706
-43.06724564145995	22.93460957865318
-77.18913795584965	-11.187282735736517
-60.60151314202673	5.400342078086396
-60.936656271840974	5.065198948272155
-75.3512613591142	-9.349406139001076
-62.2446698343542	3.7571853857589304
-63.22337792661571	2.778477293497417
-73.93811655500619	-7.936261334893061
-63.61087974698464	2.390975473128492
-63.9709374001163	2.03091781999683
-83.61344477167447	-17.611589551561337
-36.626979486979025	29.374875733134104
-57.696120464918266	8.305734755194862
-59.20269405712904	6.799161162984092
-59.67641610174766	6.325439118365466
-70.16993164242601	-4.168076422312879
-67.48746848542802	-1.4856132653148961
-86.12610448738857	-20.124249267275445
-71.97079974116647	-5.968944521053345
-55.27545939151466	10.72639582859847
-84.93843809552934	-18.936582875416207
-59.41058942319657	6.591265796916559
-60.50253638381989	5.4993188362932415
-81.32607864219469	-15.324223422081559
-70.3421926954529	-4.340337475339766
-53.99999010194594	12.001865118167188
-77.50672859057383	-11.5048733704607
-74.36105575883855	-8.359200538725418
-52.13249229294749	13.86936292716564
-75.75987688641041	-9.758021666297282
-69.40931424263405	-3.407459022520925
-99.3578081233122	-33.35595290319907
-55.487595529847084	10.514259690266044
-91.02349791097956	-25.02164269086643
-79.39073355673324	-13.38887833662011
-76.81353570527287	-10.81168048515974
-81.42656250128354	-15.424707281170413
-62.58436941725674	3.4174858028563904
-78.11497531045322	-12.11312009034009
-58.497589637764094	7.504265582349035
-44.32974652807613	21.672108692037
-59.18132661765273	6.820528602460399
-72.07263191960962	-6.070776699496491
-56.86823092001438	9.133624300098745
-75.55250216637657	-9.550646946263441
-86.53681124791044	-20.534956027797307
-78.28923373696168	-12.287378516848548
-44.92677567669895	21.075079543414176
-49.409441607166144	16.592413612946984
-64.32485862217297	1.6769965979401604
-75.22628783702245	-9.224432616909326
-73.42629997629271	-7.424444756179582
-67.16074648510991	-1.1588912649967824
-48.490928678189874	17.510926541923254
-55.92828269542085	10.073572524692281
-62.487373819602425	3.5144814005107037
-58.09487622721505	7.906978992898075
-52.99353333398764	13.008321886125486
-62.11226954271703	3.8895856773960986
-68.4720777925381	-2.470222572424973
-70.66132007982966	-4.659464859716536
-61.926684750104386	4.075170470008743
-59.63673408956535	6.365121130547777
-51.26008740655968	14.741767813553452
-65.94245927314338	0.05939594696974382
-71.24966164408985	-5.247806423976726
-69.5889190367511	-3.587063816637965
-70.58634420123278	-4.584488981119648
-69.41761565676867	-3.415760436655546
-84.76966445250443	-18.7678092323913
-76.51021396485018	-10.508358744737052
-77.75346305705031	-11.751607836937183
-71.38360809435696	-5.38175287424383
-83.65744359322568	-17.65558837311255
-60.603679293910744	5.398175926202384
-58.074660670025395	7.927194550087734
-78.50982063479611	-12.507965414682985
-66.67475061881711	-0.6728953987039858
-65.009220579514	0.9926346405991353
-62.36856567606307	3.633289544050058
-71.4186776973788	-5.416822477265669
-95.05327662337956	-29.05142140326643
-46.17716713662091	19.82468808349222
-29.654413132017424	36.347442088095704
-59.79044358394319	6.211411636169942
-67.32856813787518	-1.3267129177620518
-66.25713658887113	-0.25528136875800556
-63.53442104299617	2.4674341771169566
-65.83971741970024	0.16213780041289283
-49.21361985669361	16.788235363419517
-63.092246619117276	2.9096086009958526
-92.72585692941217	-26.724001709299046
-59.409395786073645	6.592459434039483
-76.18004097211676	-10.178185752003628
-60.25382706006937	5.748028160043759
-67.08210378586088	-1.0802485657477519
-89.3826232167689	-23.380767996655777
-50.41924141209026	15.58261380802287
-76.69612600972184	-10.694270789608709
-32.277610916439215	33.72424430367391
-63.22061835726933	2.781236862843798
-53.39275871974539	12.609096500367741
-55.55891535916314	10.442939860949991
-54.11473563573824	11.887119584374886
-73.17875184899319	-7.176896628880058
-69.865248377921	-3.8633931578078773
-72.10126203200932	-6.099406811896188
-59.843195454609	6.158659765504126
-67.49488994476857	-1.4930347246554447
-87.51989651279152	-21.51804129267839
-33.580521264359476	32.42133395575365
-74.82951436419395	-8.827659144080826
-74.67888700061891	-8.677031780505786
-79.74525232984021	-13.743397109727084
-42.31601305173396	23.685842168379168
-71.7080560232848	-5.706200803171669
-65.68263447679644	0.31922074331669137
-59.33534257947619	6.666512640636938
-69.4140552652884	-3.4122000451752683
-76.13948844842386	-10.137633228310733
-61.833951478502485	4.167903741610644
-64.0300973465041	1.9717578736090218
-42.510749941020975	23.491105279092153
-83.04439110209793	-17.042535881984804
-70.91615992779995	-4.914304707686824
-69.1967535625067	-3.1948983423935715
-73.25069495328214	-7.248839733169007
-66.64534421741561	-0.6434889973024838
-43.749451817957805	22.252403402155323
-35.12215757121746	30.87969764889567
-79.49991975322925	-13.498064533116121
-38.38692895419669	27.614926265916438
-63.31196111971664	2.6898941003964865
-70.01398713572277	-4.012131915609643
-54.35708351041691	11.644771709696215
-67.13419823458977	-1.1323430144766462
-87.61158185999236	-21.609726639879227
-57.017981385854426	8.983873834258702
-60.03958309538436	5.96227212472877
-56.53521161567048	9.466643604442652
-78.2353642425937	-12.233509022480575
-55.74348085551034	10.258374364602787
-82.79137417837634	-16.789518958263216
-88.34486022432836	-22.34300500421523
-84.21958027066873	-18.2177250505556
-61.806459702222554	4.195395517890574
-57.8994300254694	8.102425194643729
-71.2815409507734	-5.279685730660276
-57.77567720143131	8.226178018681821
-69.1494230741068	-3.147567853993678
-41.82911116129114	24.17274405882199
-66.05453407994216	-0.052678859829029534
-52.13168954084401	13.870165679269121
-75.06852825313987	-9.066673033026746
-63.08985978104326	2.9119954390698695
-75.14702809932211	-9.145172879208985
-78.96340923198883	-12.961554011875705
-66.16285471545277	-0.1609994953396381
-57.71772374487634	8.28413147523679
-65.94521868629678	0.056636533816345036
-49.21666793213669	16.78518728797644
-45.905678311048604	20.096176909064525
-77.19298712442693	-11.191131904313806
-51.71556474376709	14.28629047634604
-42.48665743367607	23.515197786437056
-58.56166504840664	7.44019017170649
-58.220213897590355	7.781641322522773
-67.67417555259314	-1.6723203324800124
-56.799100759874335	9.202754460238793
-62.94158049482073	3.060274725292402
-59.80656891677651	6.195286303336616
-88.5607443748581	-22.558889154744975
-84.05353049195261	-18.051675271839486
-71.18945816091443	-5.187602940801298
-100.18779513963679	-34.18593991952366
-73.54817499891075	-7.546319778797624
-74.46054335852247	-8.458688138409343
-65.78842743403808	0.21342778607504442
-60.7248753790104	5.2769798411027296
-78.91032640186901	-12.908471181755885
-75.31071380460205	-9.308858584488917
-68.59952988703887	-2.597674666925741
-81.66417800669885	-15.662322786585719
-66.60664514568495	-0.6047899255718221
-71.6178412527938	-5.6159860326806665
-73.79593223064737	-7.794077010534238
-71.53643354603852	-5.534578325925395
-58.823305127296834	7.178550092816295
-62.921975512208945	3.0798797079041833
-61.69662367462885	4.305231545484276
-65.32731880010985	0.6745364200032782
-47.41745451626636	18.584400703846768
-75.32515924871993	-9.323304028606799
-55.512936630859684	10.488918589253444
-49.51088200757519	16.490973212537938
-58.057788836324534	7.944066383788595
-86.50776682702278	-20.50591160690965
-68.39316097533307	-2.391305755219946
-71.01703500510345	-5.015179784990323
-63.31956026898703	2.682294951126096
-76.45314022397949	-10.45128500386636
-73.9643965698983	-7.96254134978517
-65.29341477079149	0.7084404493216425
-47.90453128796659	18.097323932146537
-74.72964266967617	-8.727787449563039
-62.37019998258481	3.631655237528321
-64.03713458392164	1.9647206361914868
-56.08656466677937	9.915290553333762
-51.036507206778396	14.965348013334733
-82.25100801882078	-16.249152798707655
-68.3504311548372	-2.3485759347240673
-70.91825508233748	-4.9163998622243525
-56.40449397561176	9.597361244501371
-66.23235720924865	-0.23050198913551867
-43.51282410867722	22.489031111435906
-57.7166481213703	8.28520709874283
-88.51267181041337	-22.510816590300237
-58.46625288258517	7.535602337527962
-51.494915522444416	14.506939697668713
-49.64702116294072	16.35483405717241
-52.758955949319414	13.242899270793714
-64.39185123280046	1.6100039873126661
-66.91931388423697	-0.917458664123842
-70.7138886713278	-4.7120334512146655
-74.1189764286232	-8.11712120851007
-70.00289806238877	-4.001042842275638
-63.820734113671705	2.1811211064414238
-62.18831363585056	3.813541584262566
-76.18328369653906	-10.181428476425936
-55.357521617027004	10.644333603086125
-73.85145230998612	-7.8495970898729865
-59.71388735898515	6.2879678611279815
-59.23783727486304	6.764017945250089
-81.20021480144939	-15.198359581336263
-66.40140928190382	-0.3995540617906954
-55.448922234374976	10.552932985738153
-47.93017082096637	18.07168439914676
-40.51031611814548	25.491539101967646
-68.71100024316408	-2.709145023050951
-53.239225606389	12.76262961372413
-60.6773835362678	5.324471683845331
-49.121656242160014	16.880198977953114
-53.54693504262693	12.454920177486201
-69.83826340141101	-3.836408181297884
-63.796954940944914	2.204900279168214
-78.04047382521682	-12.038618605103693
-62.09005401457986	3.9118012055332656
-69.67927999322862	-3.67742477311549
-60.56286501920701	5.438990200906119
-70.70091896602977	-4.699063745916646
-73.276556922769	-7.274701702655875
-60.62243214930501	5.379423070808116
-72.40313307529001	-6.401277855176886
-80.80557900850405	-14.803723788390926
-87.23164223562205	-21.22978701550892
-48.3994570730633	17.602398147049826
-73.57949687687366	-7.577641656760534
-61.84528817380348	4.156567046309647
-35.5109860013458	30.49086921876733
-67.9671137860773	-1.9652585659641773
-70.63694363387773	-4.635088413764606
-75.8304389751415	-9.828583755028376
-90.72275616855629	-24.72090094844316
-84.60557993534027	-18.603724715227145
-71.32550732064416	-5.323652100531035
-64.18800383183995	1.8138513882731786
-65.7025138982194	0.29934132189373486
-57.79673741378653	8.205117806326598
-87.8618811871697	-21.860025967056572
-69.28796490158717	-3.286109681474045
-35.69790743400378	30.303947786109347
-51.61772108629381	14.384134133819316
-68.8447440588993	-2.842888838786166
-86.17214667053346	-20.170291450420336
-70.38275776173256	-4.3809025416194345
-84.50734666338982	-18.505491443276696
-75.91104243051674	-9.909187210403616
-53.09755377672124	12.904301443391887
-55.285585397474705	10.716269822638424
-74.5944810666974	-8.59262584658427
-80.11206387641002	-14.11020865629689
-68.1990307087676	-2.197175488654466
-46.56870262297022	19.433152597142907
-65.71231929652137	0.2895359235917567
-66.1002781723059	-0.0984229521927773
-59.564022696459205	6.437832523653924
-51.86758004527516	14.134275174837967
-67.74055990304484	-1.7387046829317114
-81.3571073526168	-15.355252132503665
-45.68918468415947	20.312670535953657
-88.23500729149097	-22.233152071377845
-85.3801115062947	-19.378256286181568
-62.43673360337422	3.5651216167389066
-77.71622174848605	-11.71436652837292
-70.36197578670405	-4.360120566590922
-69.54330589136814	-3.5414506712550065
-47.337708624500436	18.664146595612692
-65.66623611566908	0.3356191044440493
-76.85418267245265	-10.852327452339523
-58.990430803364205	7.011424416748923
-47.042393192036315	18.959462028076814
-65.52523691367102	0.4766183064421057
-83.22726519019349	-17.225409970080364
-57.2331708142942	8.76868440581893
-48.1284420448778	17.873413175235328
-71.06106921197213	-5.0592139918589965
-83.47152666019835	-17.46967144008522
-62.53262281082286	3.469232409290271
-58.707517452150995	7.2943377679621335
-44.47526934940694	21.526585870706185
-74.79156794173329	-8.789712721620162
-60.2075106183315	5.794344601781631
-68.34966545308859	-2.347810232975462
-65.27597599457519	0.7258792255379376
-73.67813775564579	-7.676282535532664
-92.3860695429889	-26.384214322875778
-49.499673173906984	16.502182046206144
-51.16408789748536	14.83776732262777
-81.52830300947105	-15.526447789357917
-41.7725426256861	24.22931259442703
-60.46551479511115	5.536340425001981
-62.88766768808861	3.1141875320245163
-62.64811795225839	3.35373726785474
-63.37242552230461	2.6294296978085185
-66.23240459214	-0.23054937202687142
-59.51738610611798	6.4844691139951465
-77.42694327180513	-11.425088051692
-73.12965881581337	-7.127803595700243
-48.7364378507759	17.26541736933723
-66.35372033445171	-0.3518651143385796
-63.225905900463175	2.7759493196499534
-49.9806310549379	16.021224165175227
-66.59561696958414	-0.5937617494710139
-80.42372060834757	-14.421865388234437
-76.8483987758868	-10.846543555773678
-49.480429819710906	16.521425400402222
-38.537747049426315	27.464108170686814
-82.0734454261096	-16.071590205996472
-42.83286104143778	23.168994178675348
-74.24277168854175	-8.240916468428622
-60.495591281664446	5.506263938448683
-35.37727066252998	30.624584557583148
-71.80917060516956	-5.807315385056427
-67.6352733008375	-1.6334180807243683
-45.04627288148774	20.95558233862539
-85.74250639476529	-19.740651174652157
-94.2121068443507	-28.21025162423757
-69.73434072581446	-3.7324855057013338
-65.8443888679744	0.1574663521387265
-75.44549045874598	-9.44363523863285
-86.99704417415202	-20.995188954038895
-70.22000563159824	-4.218150411485112
-92.33812607935258	-26.33627085923945
-53.35762574568659	12.644229474426538
-58.12062580564677	7.881229414466361
-96.7131440296275	-30.71128880951437
-120.07153409370082	-54.06967887358769
-53.03603362142027	12.965821598692855
-71.7153258297171	-5.713470609603974
-70.98260474255082	-4.980749522437691
-44.62965912239312	21.372196097720007
-60.34802437798359	5.653830842129537
-52.12377924362815	13.878075976484979
-45.099763201373634	20.902092018739495
-80.49770374706574	-14.495848526952614
-70.35953851573728	-4.357683295624156
-73.41949221962429	-7.41763699951116
-67.04453594377853	-1.0426807236653985
-68.2301733987974	-2.228318178684276
-63.92963665782597	2.072218562287162
-68.40202207026456	-2.400166850151436
-105.27228885282827	-39.27043363271514
-75.55407820202387	-9.552222981910745
-68.17650626481779	-2.1746510447046603
-51.443259751197246	14.558595468915883
-59.36881566145027	6.633039558662858
-70.99950000303076	-4.997644782917632
-88.24923437466938	-22.247379154556256
-57.13148108425818	8.870374135854945
-60.25265983864526	5.749195381467871
-41.49004968860979	24.51180553150334
-73.16766690533265	-7.1658116852195235
-44.08730343612703	21.9145517839861
-64.40792759429903	1.5939276258141035
-69.58095072881994	-3.579095508706814
-82.63761975232634	-16.635764532213216
-42.61903498553008	23.38282023458305
-69.90290740768839	-3.90105218757526
-37.89499045652926	28.10686476358387
-66.16291565884464	-0.16106043873151066
-71.91409346002771	-5.912238239914586
-48.98823375793151	17.013621462181618
-76.56897266556777	-10.567117445454642
-93.44771563241235	-27.445860412299226
-65.42636256134435	0.5754926587687805
-70.67816882101621	-4.676313600903086
-62.96741276147665	3.0344424586364767
-61.74516518612515	4.256690033987979
-80.47651230513881	-14.474657085025683
-48.693543938765714	17.308311281347414
-46.63950110370794	19.362354116405186
-67.84215828253079	-1.8403030624176608
-79.97721559631324	-13.975360376200115
-73.44039923977695	-7.438544019663823
-47.93889814912697	18.062957070986158
-78.57257379258087	-12.57071857246774
-88.8380455635183	-22.83619034340518
-56.24906535766647	9.752789862446662
-55.626845626202766	10.375009593910363
-65.35501486574364	0.6468403543694876
-72.25181943909271	-6.249964218979585
-61.415352576541835	4.5865026435712934
-60.552994148644274	5.448861071468855
-78.99230418623344	-12.990448966120312
-68.25111316246918	-2.249257942356053
-62.20849396642595	3.7933612536871806
-63.32460776227387	2.6772474578392575
-59.80576773913933	6.196087480973802
-79.8795563568842	-13.877701136771066
-59.297148173913655	6.7047070461994736
-62.671628837152156	3.330226382960973
-55.40913574864541	10.592719471467717
-65.56998720882117	0.43186801129195374
-67.04307434981317	-1.041219129700039
-59.069659260747784	6.932195959365345
-87.48162870378152	-21.479773483668396
-71.28594673184713	-5.284091511734005
-65.67835009711277	0.32350512300035916
-68.87468187343481	-2.872826653321681
-62.367418731590504	3.634436488522624
-58.13273656753742	7.8691186525757075
-54.13813619806612	11.863719022047007
-62.28989339129336	3.711961828819767
-41.01576861479268	24.986086605320452
-59.74885499146191	6.253000228651217
-45.09607360396919	20.90578161614394
-62.92615956252709	3.0756956575860386
-53.66922034359456	12.332634876518568
-52.46501627569384	13.536838944419287
-56.06346090433223	9.938394315780897
-77.7757095363763	-11.773854316263169
-86.79019386694424	-20.788338646831107
-50.769145556607754	15.232709663505375
-79.66363959957968	-13.661784379466553
-49.90245309025201	16.09940212986112
-53.88984172133357	12.112013498779561
-22.624757378142448	43.37709784197068
-89.62205949726783	-23.6202042771547
-77.37918584995211	-11.37733062983898
-53.58328830036632	12.418566919746809
-80.57605223754078	-14.57419701742765
-50.63728242755175	15.364572792561376
-70.06082825806376	-4.058973037950636
-53.807095975861074	12.194759244252054
-86.88886493228935	-20.887009712176223
-64.18975846418331	1.8120967559298151
-46.24009629025974	19.761758929853386
-66.36685359381087	-0.3649983736977447
-46.686081564387194	19.315773655725934
-50.67566828594724	15.32618693416589
-64.34422662627773	1.6576285938353976
-46.04566229825147	19.956192921861657
-55.17187960371527	10.82997561639786
-81.15169232706691	-15.149837106953782
-95.59691404556949	-29.595058825456363
-77.93305919447309	-11.93120397435996
-73.06115284071572	-7.059297620602592
-77.30318709954597	-11.301331879432837
-74.38930083165039	-8.38744561153726
-89.14803067099862	-23.146175450885494
-69.26577327110724	-3.263918050994107
-69.63888638703654	-3.637031166923407
-76.06908143590269	-10.06722621578956
-74.53727886036947	-8.53542364025634
-62.5579841737476	3.4438710463655298
-49.025760287192014	16.976094932921114
-83.33141650104378	-17.329561280930648
-46.197557083657074	19.804298136456055
-66.74306977858075	-0.7412145584676182
-93.61062897441158	-27.608773754298454
-71.1887189786489	-5.186863758535765
-53.140060164716914	12.861795055396215
-60.97301007728535	5.028845142827777
-70.58728627929528	-4.585431059182156
-61.43353134549986	4.56832387461327
-82.3082971486642	-16.306441928551067
-90.46493116891222	-24.463075948799087
-78.83532261520892	-12.833467395095795
-69.06453032193392	-3.062675101820787
-84.70523659868783	-18.703381378574704
-54.42517477552471	11.576680444588419
-63.40193281203253	2.5999224080806016
-47.27936420647754	18.72249101363559
-79.23105578825786	-13.229200568144734
-64.90688562318107	1.09496959693206
-64.00111733778473	2.0007378823283943
-92.63092366793578	-26.629068447822647
-58.41181184257445	7.590043377538677
-77.16361034069129	-11.161755120578164
-57.9768386794444	8.02501654066873
-71.5659456672133	-5.56409044710017
-42.81258997986012	23.189265240253008
-71.44364517361689	-5.441789953503758
-65.15008641593747	0.8517688041756628
-74.64845855266182	-8.646603332548693
-50.81712859472324	15.184726625389885
-74.62755919714115	-8.625703977028024
-64.44539349276462	1.5564617273485055
-64.2288500276322	1.7730051924809231
-93.19428715715046	-27.192431937037327
-83.83963548201288	-17.837780261899752
-69.7972696177371	-3.795414397623972
-57.59025008587784	8.411605134235288
-77.44388314205432	-11.44202792194119
-72.18568563294545	-6.183830412832322
-47.894542774562495	18.107312445550633
-52.538261310203296	13.463593909909832
-62.494089653954205	3.5077655661589233
-53.89938663593645	12.102468584176677
-79.65647680027766	-13.65462158016453
-65.82946162002779	0.17239360008534277
-60.516591297308395	5.485263922804734
-59.65184189058206	6.350013329531066
-90.57260733075825	-24.570752110645117
-82.11203175613488	-16.110176536021754
-24.207794000422354	41.794061219690775
-63.872561662558354	2.1292935575547745
-58.34153557282704	7.660319647286087
-48.94859717784718	17.053258042265952
-67.93352379782888	-1.9316685777157545
-71.27456511858188	-5.272709898468747
-83.40636381436204	-17.40450859424891
-76.94179182411469	-10.93993660400156
-45.69537514738337	20.306480072729755
-61.95374701640546	4.04810820370767
-56.903355429740685	9.098499790372443
-59.30160145302804	6.700253767085087
-67.51670180108928	-1.5148465809761547
-63.050540456845255	2.951314763267874
-50.975938832640594	15.025916387472535
-54.73683280809789	11.265022412015242
-74.34321116826183	-8.341355948148703
-69.62311727357016	-3.6212620534570306
-78.63939401462127	-12.637538794508146
-70.35246860443155	-4.350613384318422
-43.42285021002178	22.57900501009135
-52.36364466015081	13.638210559962317
-49.04791459037958	16.95394062973355
-54.68407453673578	11.31778068337735
-53.24859852815868	12.753256691954448
-58.43733599420236	7.564519225910772
-72.69913291597047	-6.697277695857338
-91.81455991933623	-25.812704699223104
-55.49903990058962	10.502815319523506
-58.75886260887498	7.242992611238151
-29.716949658103175	36.28490556200995
-66.34185658203793	-0.3400013619248057
-76.10370044199087	-10.101845221877738
-65.2491684894471	0.7526867306660279
-70.97286416387803	-4.9710089437649
-77.39469496926037	-11.392839749147242
-66.6921675308026	-0.6903123106894782
-63.520149862174065	2.481705357939063
-46.83551663282421	19.16633858728892
-69.50127620122518	-3.4994209811120527
-83.59663125311496	-17.594776033001835
-79.68919552893064	-13.687340308817511
-76.0920877431549	-10.090232523041777
-45.244940178642054	20.756915041471075
-64.59102107563237	1.4108341444807593
-38.24072929454857	27.761125925564556
-66.18947650384368	-0.1876212837305502
-70.12040664789535	-4.118551427782222
-63.5733784061799	2.42847681393323
-57.67830917986291	8.323546040250221
-62.47836662456254	3.523488595550589
-65.5121075514821	0.4897476686310256
-54.090755743678955	11.911099476434174
-74.7212635222372	-8.719408302124066
-62.692710022753516	3.309145197359612
-95.76385593067832	-29.76200071056519
-93.57670377261681	-27.57484855250368
-56.0738445162701	9.928010703843029
-78.30760153211892	-12.305746312005795
-71.78672927153681	-5.784874051423685
-72.62130754409597	-6.619452323982841
-31.200303926138503	34.801551293974626
-59.213115072684076	6.788740147429053
-89.03392408442457	-23.03206886431144
-74.71856248604897	-8.716707265935838
-56.78402822407085	9.217826996042277
-60.32902723428421	5.672827985828917
-64.17051813856094	1.831337081552192
-75.5429069070801	-9.541051686966966
-64.2512209748588	1.7506342452543322
-59.54879037225189	6.453064847861242
-62.50401429510245	3.497840925010678
-88.7068533867409	-22.704998166627774
-61.739010097188356	4.262845122924773
-89.73177884203912	-23.72992362192599
-51.55561873573467	14.44623648437846
-80.94503006458987	-14.943174844476744
-62.38652388658963	3.6153313335235
-51.98967137067527	14.01218384943786
-72.49187126474723	-6.490016044634103
-73.10719388069853	-7.105338660585403
-62.06091123609664	3.940943984016485
-75.53195430932689	-9.530099089213763
-74.53941165721196	-8.537556437098829
-59.72046484913014	6.28139037098299
-53.22185532638693	12.779999893726199
-77.69935478646809	-11.697499566354963
-62.75335691888765	3.2484983012254816
-81.81506159077114	-15.813206370658008
-67.96765908691165	-1.9658038667985238
-73.42277565561969	-7.420920435506559
-60.50246049054701	5.49939472956612
-69.40762189769745	-3.4057666775843245
-58.327731410192854	7.674123809920275
-61.60704960715381	4.394805612959317
-77.74591847529379	-11.744063255180663
-71.5276308901434	-5.525775670030271
-76.60872116890684	-10.606865948793711
-47.02590562090924	18.975949599203886
-73.25519903160463	-7.253343811491504
-68.20815039680608	-2.2062951766929473
-65.74255372572813	0.2593014943849994
-80.28247152353148	-14.280616303418356
-44.270649432232375	21.731205787880754
-48.198385951005974	17.803469269107154
-73.64944051416248	-7.64758529404935
-61.40250340386271	4.599351816250419
-80.68096838157223	-14.6791131614591
-88.08715656582214	-22.085301345709013
-78.92134892760666	-12.91949370749353
-86.67987458771537	-20.678019367602246
-68.57065509221727	-2.5687998721041367
-66.68645722472726	-0.6846020046141348
-42.276400111810716	23.725455108302413
-57.27078989626759	8.731065323845542
-84.8343690332608	-18.83251381314767
-50.246307802246946	15.755547417866183
-58.922787325404414	7.0790678947087144
-80.61749266016565	-14.615637440052524
-75.00131133594411	-8.99945611583098
-57.20158571305225	8.800269507060875
-72.16163664471102	-6.159781424597895
-95.24797574808187	-29.246120527968742
-67.46064595829964	-1.458790738186508
-43.66314045866463	22.3387147614485
-66.17877831379016	-0.17692309367703274
-65.37092638060719	0.6309288395059411
-79.25751475062722	-13.255659530514095
-63.40506257416425	2.596792645948881
-77.49900812771236	-11.49715290759923
-61.00771850310272	4.994136717010406
-65.57935094788124	0.42250427223189035
-94.46482632098056	-28.462971100867435
-56.415020507882645	9.586834712230484
-60.15518705281144	5.8466681673016865
-75.61183500677586	-9.609979786662734
-72.72426722320094	-6.722412003087811
-48.750411335879534	17.251443884233595
-69.04743860350433	-3.045583383391204
-63.89795916656155	2.10389605355158
-58.958898467556054	7.042956752557075
-44.98334706233297	21.01850815778016
-76.24731859267055	-10.245463372557424
-77.02387667832815	-11.022021458215022
-57.96784551400785	8.03400970610528
-49.80136797712336	16.200487242989766
-73.18985169278173	-7.187996472668601
-58.907704033327235	7.0941511867858935
-69.44412970399432	-3.4422744838811923
-51.02733419110743	14.9745210290057
-68.92575195860124	-2.9238967384881107
-63.607824598939686	2.3940306211734423
-76.99914946484066	-10.997294244727527
-60.58424486713781	5.417610352975316
-68.02457284826093	-2.0227176281478023
-67.33805387149775	-1.3361986513846205
-75.65094197846199	-9.649086758348858
-77.03949701750977	-11.037641797396645
-84.90546566543932	-18.903610445326194
-72.50923163770355	-6.507376417590422
-69.54731817222498	-3.5454629521118477
-58.20949733674067	7.7923578833724605
-67.21855785298837	-1.21670263287524
-39.587570245092564	26.414284975020564
-84.83793363379525	-18.836078413682117
-71.30730420001643	-5.3054489799033036
-66.90207428533037	-0.900219065217243
-42.57078137535288	23.43107384476025
-70.14432857592917	-4.142473355816037
-56.22418897004397	9.77766625006916
-63.67600957389229	2.3258456462208414
-61.05716181975592	4.94469340035721
-75.92300492115325	-9.921149701040122
-72.09787418390485	-6.096018963791721
-56.332487433339764	9.669367786773364
-58.907735128689154	7.094120091423974
-69.27137523006101	-3.2695200099478825
-86.14494272912131	-20.143087509008183
-90.94533552168875	-24.94348030157562
-64.85990766927577	1.141947550837358
-76.63007518549281	-10.628219965379685
-69.96876387862582	-3.9669086585126934
-52.61694692911121	13.38490829100192
-25.31861330781109	40.68324191230204
-71.55521816937696	-5.553362949263828
-79.96590212177986	-13.964046901666734
-62.799996427586365	3.201858792526764
