Hf	deltaHf ref=287.7477644979684
279.09328045495414	-8.654484043014236
275.06581822943036	-12.681946268538013
277.4230593575797	-10.324705140388687
324.43068531516684	36.682920817198465
271.939301061708	-15.808463436260354
267.98230723370426	-19.765457264264114
272.23340298063914	-15.514361517329235
258.1697109318214	-29.57805356614699
258.2118804230143	-29.535884074954083
259.7265083853293	-28.021256112639094
263.6234688073185	-24.124295690649888
298.16081980963855	10.413055311670178
282.7559684531464	-4.991796044821967
304.88380335424364	17.136038856275263
295.0385780064701	7.290813508501742
296.02676809198084	8.279003594012465
273.4193683827928	-14.328396115175565
276.9615912013126	-10.786173296655761
253.7702856255949	-33.97747887237347
237.65090418081883	-50.09686031714955
319.16716945544096	31.41940495747258
277.18604525928305	-10.561719238685328
279.20070306518966	-8.547061432778719
270.6037995788377	-17.143964919130667
291.3888871677212	3.6411226697528036
306.0474760820819	18.29971158411354
311.01591464170116	23.268150143732782
265.45175247462095	-22.29601202334743
277.0530318855038	-10.694732612464577
287.20780703296106	-0.5399574650073191
302.30010024181894	14.552335743850563
272.332327065293	-15.41543743267539
288.9576697784235	1.209905280455132
305.2074381254809	17.45967362751253
274.82992723387935	-12.91783726408903
275.2689433084327	-12.478821189535665
290.07491756502924	2.3271530670608627
309.2503966530515	21.50263215508312
284.2139481826619	-3.533816315306467
257.5248171513252	-30.222947346643195
324.63433180858766	36.886567310619284
297.3429294634573	9.595164965488948
287.58938966784837	-0.1583748301200103
264.1217099809167	-23.62605451705167
282.76918936526846	-4.978575132699916
242.4273095595002	-45.320454938468174
285.2926752641527	-2.45508923381567
291.4111592438297	3.6633947458612965
277.96961700724415	-9.778147490724223
302.91911783479947	15.171353336831089
287.71868365683105	-0.029080841137329116
283.41646312567383	-4.331301372294547
273.63941717912013	-14.108347318848246
270.14729173635925	-17.600472761609126
309.76392703075754	22.016162532789167
313.1044617893079	25.356697291339515
311.743624873476	23.99586037550762
322.08495978046477	34.337195282496396
290.40021543955874	2.6524509415903594
306.1184589876669	18.370694489698508
315.64609482872976	27.898330330761382
283.0509058292394	-4.696858668728964
260.20577055373207	-27.54199394423631
288.12510046124436	0.37733596327598207
285.89440863920237	-1.8533558587660082
302.4028673673186	14.65510286935023
248.22508842646704	-39.52267607150134
260.94257346267324	-26.805191035295138
269.7307876713624	-18.01697682660597
276.531967280944	-11.215797217024374
288.25678315323813	0.509018655269756
292.61135612511345	4.86359162714507
267.3556707291012	-20.3920937688672
277.9115182849512	-9.836246213017148
267.1636817362617	-20.584082761706668
267.0851180806515	-20.662646417316864
269.50741371463147	-18.240350783336908
300.2907612408911	12.542996742922696
266.5716082366146	-21.176156261353754
292.6284825849892	4.880718087020796
286.7182156787915	-1.0295488191768527
283.74046992459836	-4.007294573370018
255.1746707449659	-32.57309375300247
295.8173545689809	8.069590071012499
313.50971228361806	25.76194778564968
282.372231436066	-5.375533061902388
311.1608046707136	23.41304017274524
318.84082721194346	31.093062713975087
276.85565318732034	-10.892111310648033
247.51436885948561	-40.23339563848276
282.64592823050253	-5.101836267465842
333.1495744355364	45.40180993756803
246.07000083936356	-41.67776365860482
296.3235583449153	8.575793846946908
278.3313386257235	-9.416425872244872
269.9540903136388	-17.793674184329575
284.1253898063463	-3.622374691622099
301.07414240783174	13.326377909863368
272.6424391827334	-15.10532531523495
301.15907862596424	13.411314127995865
298.92696823396756	11.179203735999181
264.99845519407455	-22.749309303893824
294.47245607499127	6.724691577022895
293.56809394422663	5.820329446258256
334.32562643673947	46.57786193877109
295.6998974986221	7.952133000653703
308.8027227364094	21.05495823844103
311.58710957769864	23.839345079730265
285.70078797520756	-2.046976522760815
304.1062508901253	16.35848639215692
256.666617336656	-31.0811471613124
289.8614600273889	2.113695529420511
268.25075050108927	-19.497013996879105
315.75076967868	28.003005180711625
303.2739249879981	15.526160490029724
270.0380312755172	-17.709733222451177
262.7657481216905	-24.982016376277898
277.9980322900395	-9.7497322079289
283.69124171417417	-4.0565227837942075
277.8044014835926	-9.943363014375791
250.65094686017466	-37.09681763779372
312.41829437276675	24.670529874798376
291.6467965023642	3.899032004395849
275.3749797713702	-12.372784726598184
271.3831244612541	-16.364640036714263
304.12489359121747	16.377129093249096
277.15692851826526	-10.590835979703115
292.5988803383828	4.851115840414423
315.2361164962661	27.48835199829773
328.1278140163361	40.38004951836774
299.64249255811075	11.89472806014237
336.7922353511115	49.04447085314314
282.09124860482035	-5.6565158931480255
301.77753362719005	14.029769129221677
338.60196188951005	50.854197391541675
259.9094114364728	-27.83835306149558
229.90811807845813	-57.839646419510245
261.3242075063193	-26.423556991649093
258.8650463547695	-28.882718143198872
274.2289782752362	-13.51878622273216
298.30155980432966	10.55379530636128
264.6282294288124	-23.119535069155972
266.16462004069973	-21.583144457268645
298.98941309897265	11.241648601004272
297.08609519855446	9.338330700586084
275.247281195467	-12.50048330250138
310.4624339137684	22.714669415800017
271.46661276815786	-16.281151729810517
252.0098613386238	-35.73790315934457
264.3920837904173	-23.355680707551073
258.98340144290916	-28.76436305505922
300.4382888439307	12.69052434596233
276.46530530667434	-11.282459191294038
289.7896517131033	2.0418872151349206
238.74012374259684	-49.00764075537154
268.7670045336002	-18.98075996436819
259.0762956218553	-28.671468876113067
286.040097644642	-1.7076668533263728
264.6299712604835	-23.117793237484875
292.0755049920138	4.327740494045429
247.23867072387867	-40.509093774089706
246.28836111120683	-41.45940338676155
303.6402529501814	15.892488452213001
269.63069238703093	-18.117072110937443
285.39110302691034	-2.3566614710580325
281.86796547657497	-5.87979902139341
286.2520075464002	-1.4957569515681826
316.0492488129551	28.301484314986737
287.7285641752845	-0.019200322683900595
286.85946575599	-0.8882987419783603
308.3318790443903	20.584114546421915
292.98978624106013	5.242021743091755
265.8746569113594	-21.873107586608967
262.96250539411477	-24.785259103853605
335.1881953953437	47.440430897375336
308.4949142249555	20.747149726987118
263.76522131044686	-23.982543187521514
270.9762699034057	-16.771494594562682
348.3352972736196	60.5875327756512
299.62843733880646	11.880672840838088
294.1766640769659	6.428899578997516
282.4774531716851	-5.270311326283263
300.0151406821554	12.267376184187015
297.1190560296839	9.371291531715542
305.2029627466275	17.455198248659144
294.760795376644	7.013030878675636
307.3780267619607	19.630262263992336
291.8454137437532	4.097649245784851
325.24211284544646	37.49434834747808
257.748497817682	-29.999266680286382
306.8922134556654	19.144448957697023
249.0654969221526	-38.682267575815786
266.8971254529627	-20.850639045005664
305.4910212510752	17.743256753106834
287.608988735143	-0.1387757628253894
267.5728242166827	-20.17494028128567
304.3666403878472	16.618875889878836
310.63820282923035	22.890438331261976
321.73852642742196	33.99076192945358
279.2638394127301	-8.483925085238297
269.91441201947083	-17.833352478497545
271.89365276668315	-15.85411173128523
280.7719996620165	-6.97576483595185
297.1109993143785	9.363234816410113
286.61242789605086	-1.1353366019175155
279.7093779450682	-8.038386552900192
328.1240038781419	40.3762393801735
277.9309050702744	-9.816859427693998
270.4595165472877	-17.28824795068067
283.75042323612644	-3.997341261841939
283.2472797809772	-4.5004847169911955
279.5790780477276	-8.168686450240784
282.8698503840881	-4.8779141138802515
279.9349350118303	-7.812829486138071
257.6610648947556	-30.086699603212764
288.05253782423307	0.30477332626469433
272.00914451942873	-15.738619978539646
305.2622477390999	17.51448324113153
287.6773666837419	-0.07039781422645319
277.5386977507172	-10.2090667472512
279.9613891582433	-7.786375339725055
288.6525369694594	0.9047724714910146
289.94026760680055	2.1925031088321703
319.0840262892328	31.336261791264405
252.76968342661195	-34.97808107135643
269.0762848512698	-18.67147964669857
283.97623215166305	-3.771532346305321
289.28606906674605	1.5383045687776757
297.6790307863287	9.931266288360348
300.463163158742	12.715398660773644
284.70111751188443	-3.0466469860839425
305.67026408107114	17.922499583102763
270.328271046996	-17.419493450972368
317.79752229141224	30.04975779344386
306.51492737712607	18.767162879157695
283.52508948101814	-4.222675016950234
318.3170528809881	30.56928838301974
282.5635625156886	-5.184201982279774
297.0591112308778	9.311346732909442
316.5844459449457	28.83668144697731
291.4613287171399	3.7135642191715306
311.52139945855225	23.773634960583877
306.41727813692916	18.66951363896078
253.94497303274903	-33.80279146521934
344.84443600141304	57.09667150344467
269.59104157331086	-18.156722924657515
343.81307338025573	56.065308882287354
366.12899324370875	78.38122874574037
283.7065622994872	-4.041202198481187
310.64074444723	22.892979949261644
271.712599003515	-16.035165494453395
270.16755879178737	-17.580205706181005
277.80937624794234	-9.938388250026037
302.32039362528513	14.572629127316759
294.2047510858559	6.4569865878875135
275.8350656815622	-11.912698816406191
257.9467819513541	-29.80098254661425
331.8533959410582	44.105631443089806
284.97613712382946	-2.771627374138916
313.29753263900267	25.549768141034292
343.2704884109865	55.522723913018126
274.222899336661	-13.524865161307389
281.966990975054	-5.780773522914387
295.7405568275156	7.992792329547228
293.2687664498829	5.5210019519145135
282.3742538580139	-5.373510639954475
272.5922793480734	-15.155485149894957
290.2670208503426	2.5192563523742137
297.44044428583794	9.692679787869565
295.7260354261983	7.978270928229904
255.69906528003258	-32.04869921793579
292.67167314059253	4.923908642624156
288.5955105852502	0.8477460872818483
322.0148561724366	34.26709167446825
292.3164994906859	4.568734992717509
263.9833953470682	-23.764369150900166
286.1808418274762	-1.566922670492204
275.83463013955253	-11.913134358415846
265.5519939834797	-22.195770514488686
300.4053445393968	12.657580041428446
281.97370940709	-5.774055090878392
296.05644137977134	8.308676881802967
273.1400418287688	-14.607722669199575
303.28287746013876	15.535112962170388
276.41239716617775	-11.335367331790621
321.13449537898333	33.386730881014955
322.5580255104599	34.81026101249154
309.14970647450747	21.401941976539092
294.1404301159949	6.392665618026513
298.05853332326143	10.310768825293053
252.3537646352509	-35.393999862717465
300.8469791703995	13.099214672431117
300.5318299826925	12.784065484724124
310.78429475511285	23.036530257144477
285.3383414063449	-2.4094230916234665
297.98723406065466	10.239469562686281
266.5408250463245	-21.206939451643848
296.9914482531188	9.243683755150414
291.3720047785776	3.6242402806092286
297.218407926501	9.47064342853264
282.4865638848008	-5.261200613167603
299.4944825792648	11.746718081296422
261.87209067840223	-25.875673819566146
330.9712176522174	43.223453154249
318.5772697683154	30.829505270347
274.37900666585693	-13.368757832111442
285.65471645014105	-2.093048047827324
298.7557706958053	11.008006197836949
288.29631214923785	0.5485476512694731
309.1578741892902	21.41010969132185
272.8864334720004	-14.861331025967957
291.30568876557146	3.5579242676030844
307.91942122520624	20.17165672723786
282.77809534907493	-4.969669148893445
299.0085584071224	11.260793909154017
304.94006340131665	17.192298903348274
273.7115837977638	-14.036180700204568
272.9577711151381	-14.78999338283029
272.69913322681015	-15.048631271158229
329.7181811055364	41.97041660756804
324.4968204675991	36.74905596963072
299.2413129861837	11.49354848821531
282.6113436787003	-5.136420819268096
287.80850480660075	0.06074030863237567
277.43556051061233	-10.312203987356042
294.25689909271233	6.509134594743955
284.117625621979	-3.63013887598936
267.08060936338944	-20.667155134578934
250.41145226513828	-37.336312232830096
293.88412032768457	6.136355829716194
261.70729298884027	-26.04047150912811
286.8432388758104	-0.9045256221579621
233.67671531485604	-54.071049183112336
309.3741266061282	21.62636210815981
265.82482950622426	-21.922934991744114
273.0114021355715	-14.736362362396903
243.03858643828636	-44.70917805968202
269.90796318484564	-17.839801313122734
312.58592402222195	24.83815952425357
292.15753505320964	4.409770555241266
256.9166571874105	-30.831107310557854
308.1581817131394	20.410417215171037
272.2274628483595	-15.520301649608882
293.7982974225618	6.050532924593426
295.59216243596376	7.844397937995382
227.92346288782056	-59.82430161014781
258.5911144779405	-29.156650020027882
259.58435970318016	-28.16340479478822
262.87035207454966	-24.87741242341872
288.26559852774	0.5178340297716204
299.7803529912656	12.032588493297226
326.2083197683408	38.460555270372424
271.60938376916084	-16.138380728807533
291.17840242209996	3.430637924131588
320.2493174766153	32.50155297864694
255.13342444319488	-32.61434005477349
252.05961086179224	-35.68815363617614
274.93076550051256	-12.816998997455812
298.2677951351382	10.520030637169839
254.0280754519502	-33.719689046018175
285.2105769385983	-2.537187559370068
282.8495978805461	-4.898166617422248
284.4316880536956	-3.316076444272767
292.7601433387484	5.012378840780002
318.86389816808725	31.11613367011887
278.24145203607833	-9.506312461890047
286.62486148516683	-1.1229030128015438
280.524810992489	-7.222953505479381
280.0810079626411	-7.666756535327295
283.5168570257104	-4.230907472257968
321.1659791755831	33.41821467761474
299.5663797548353	11.818615256866906
300.9803377354422	13.232573237473844
320.8466528527809	33.098888354812516
285.27379378186225	-2.4739707161061233
279.3648256766049	-8.382938821363496
330.1279400634833	42.380175565514946
312.528349040704	24.780584542735596
279.7499336490894	-7.997830848878948
265.94404001374124	-21.803724484227132
245.08608431913518	-42.661680178833194
278.5421507387676	-9.205613759200787
267.0980123401844	-20.64975215778395
305.1696619645102	17.42189746654185
275.30836343055336	-12.43940106741502
278.9069438390746	-8.84082065889379
303.30656468871376	15.558800190745387
270.5115693580322	-17.23619513993617
287.2907384998128	-0.4570259981555864
282.612458295482	-5.13530620248639
284.1360099946781	-3.6117545032902854
266.47519805433905	-21.27256644362933
276.53695582544816	-11.210808672520216
309.50381222108473	21.756047723116353
263.89834131756135	-23.84942318040703
272.61813321279107	-15.129631285177311
257.08194855609537	-30.665815941873007
273.2041058432681	-14.543658654700266
261.7684183890545	-25.979346108913887
250.1545420466885	-37.59322245127987
299.90318657607924	12.15542207811086
275.8243267942765	-11.923437703691889
276.4484787789573	-11.299285719011095
297.26012200022734	9.512357502258965
255.72750723985	-32.02025725811836
265.85960464869487	-21.888159849273507
282.68368294777093	-5.064081550197443
321.9499186845663	34.20215418659791
301.323249433541	13.575484935572604
264.46051746979566	-23.287247028172715
324.0846581337849	36.33689363581652
266.83648109971756	-20.911283398250816
318.24981344449253	30.502048946524155
266.38278965009005	-21.36497484787833
284.54302229947854	-3.204742198489839
282.75952782819724	-4.98823666977114
270.6897068924903	-17.058057605478098
236.14838515600633	-51.59937934196205
304.58030781231565	16.832543314347276
294.7318016523371	6.984037154368707
253.21717705583643	-34.530587442131946
305.7079931529318	17.96022865496343
263.29811400390673	-24.449650494061643
248.29842905274046	-39.449335445227916
266.67788215118554	-21.069882346782833
286.9605475198935	-0.7872169780748663
290.6998236673847	2.952059169416316
249.44729729694	-38.30046720102837
245.17594411221427	-42.57182038575411
267.42871845718975	-20.31904604077863
285.72388417454414	-2.023880323424237
281.62362705114566	-6.124137446822715
294.51584439442587	6.768079896457493
316.4029133016905	28.655148803722113
240.60647976160027	-47.14128473636811
294.36255345339515	6.614788955426775
255.25729471858568	-32.49046977938269
295.2942591983322	7.546494700363837
296.35703664066597	8.609272142697591
258.1536428333514	-29.594121664616978
272.7722661342871	-14.975498363681254
300.1033817650626	12.355617267094203
265.4611938410547	-22.286570656913682
236.98358607416077	-50.76417842380761
249.35821692983365	-38.38954756813473
323.97042624798115	36.222661750012776
280.7164474198965	-7.031317078071879
293.85564037510113	6.107875877132756
296.8250660630168	9.077301565048401
261.7235760278584	-26.024188470109948
295.8392483337396	8.091483835771214
337.9768557309165	50.22909123294812
291.44335619633995	3.6955916983715724
251.47681873491302	-36.27094576305535
271.8441365255006	-15.903627972467802
300.47559152807145	12.727827030103072
268.41430822291505	-19.333456275053322
299.5159481173635	11.768183619395131
298.4564457772961	10.70868127932772
292.15869816809055	4.410933670122176
290.28821789594286	2.5404533979744883
283.6516011857041	-4.0961633122642525
305.47886516779755	17.731100669829175
306.6897949043217	18.942030406353297
269.034207744817	-18.71355675315135
300.49958107003687	12.751816572068492
289.13426109883795	1.3864966008695774
278.43812816179917	-9.309636336169206
331.44764452301234	43.69988002504397
280.6859428384508	-7.061821659517591
303.51493693716685	15.767172439198475
266.7516999174425	-20.996064580525854
288.1527706967484	0.4050061987800291
277.3558377531902	-10.391926744778175
260.2271902374653	-27.520574260503054
305.1709668676652	17.42320236969681
289.04120883629577	1.2934443383273901
302.30716760462593	14.559403106657555
272.0761276845463	-15.671636813422083
311.70727512275545	23.95951062478707
297.09531907117554	9.347554573207162
276.31920162991656	-11.428562868051813
294.32423927980045	6.576474781832076
283.6241020805922	-4.123662417376181
295.2601132046569	7.512348706688499
274.42906750874164	-13.318696989226737
296.7132625059042	8.965498007935821
301.44698905297474	13.699224555006367
275.03582675519493	-12.711937742773443
273.24929723583256	-14.498467262135819
295.02844123446476	7.280676736496389
284.98942444120104	-2.758340056767338
307.1797110232313	19.4319465252629
305.00446548330575	17.256700985337375
246.11296078801598	-41.63480370995239
262.58517648256594	-25.162588015402434
330.29511452773505	42.547350029766676
323.4925420245584	35.74477752659004
295.7359736877136	7.988209189745248
342.13725898425247	54.38949448628409
297.0453385793974	9.297574081429048
283.58339834700956	-4.164366150958813
306.0179396546758	18.27017515670741
293.64389295777283	5.8961284598044585
301.7155684978373	13.96780399986892
282.68600446167903	-5.061760036289343
282.964939501517	-4.782824996451382
281.10215233583796	-6.645612162130419
276.511726805273	-11.23603769269539
238.7871830543175	-48.96058144365088
257.54143488707115	-30.206329610897228
311.9459545923913	24.1981900944229
276.67370572316787	-11.074058774800505
309.74753207259556	21.999767574627185
290.7341507746335	2.9863862766651437
312.25219483282336	24.504430334854987
283.932562785298	-3.8152017126703868
246.94132693179046	-40.80643756617792
280.77109226671956	-6.976672231248813
303.9211893350751	16.173424837106722
291.64975842816267	3.901993930194294
306.83854427174293	19.090779773774557
265.8230264570614	-21.92473804090696
290.9087352761001	3.160970778131741
292.290164703971	4.54240020600264
271.0836203014499	-16.664144196518464
331.69591125696235	43.94814675899397
290.2577441323977	2.509979634429328
279.5338379041662	-8.21392659380217
302.86723685653334	15.119472358564963
315.9508739535543	28.203109455585945
305.95985260901426	18.212088111045887
290.0637164246021	2.3159519266337156
254.92318623018429	-32.82457826778409
327.2007097232002	39.452945225231815
317.78332890122175	30.035564403253375
252.27052644393035	-35.477238054038025
298.1692359750762	10.421471477107843
317.43414102174785	29.686376523779472
290.1459853325235	2.3982208345551044
278.1762805796773	-9.571483918291051
319.6168403473005	31.869075849332148
292.843686859824	5.095922361855628
229.4017117585193	-58.34605273944908
251.43043907573366	-36.31732542223472
253.5192426759043	-34.22852182206407
277.1593387662163	-10.588425731752068
299.1210146443212	11.373250146352802
297.0236859202144	9.275921422246029
288.0056038986971	0.2578394007286988
245.4144938687553	-42.333270629213075
281.6676610238522	-6.080103474116186
305.93038607848786	18.18262158051948
311.66939080599906	23.92162630803068
270.3864377755256	-17.361326722442755
317.80624543533696	30.058480937368586
289.1775687232169	1.4298042252485175
268.9575163723078	-18.790248125660582
368.14275977567223	80.39499527770386
259.0748371685061	-28.672927329462254
232.61240370235674	-55.13536079561163
281.5599821496456	-6.1877823483227985
261.0269664968385	-26.72079800112988
270.0019416485614	-17.745822849406977
334.8990689020596	47.151304404091206
276.68115072118445	-11.066613776783925
303.367348466187	15.619583968218649
291.9402819314294	4.192517433461035
283.14874305494806	-4.59902144302032
279.9301608217086	-7.8176036762597505
290.47706434774074	2.72929984977236
288.43300514451613	0.6852406465477543
272.7716341655635	-14.976130332404864
259.21917480069015	-28.52858969727822
276.54291674512416	-11.204847752844216
289.5017544441819	1.7539899462135509
280.78896539024055	-6.9587991077278275
290.9699951640817	3.222230666113319
273.7108312125077	-14.036933285460691
322.32805491132814	34.58029041335976
297.8056387096461	10.0578742116777
291.54099262056326	3.7932281225948827
290.75567492876354	3.007910430795164
310.77736050472805	23.029596006759675
286.8793367143683	-0.8684277836000547
297.1552542807788	9.407489782810444
299.35854166641576	11.610777168447385
268.5815507839455	-19.166213714022888
309.568737726748	21.82097322877962
293.75822362772516	6.010459129756782
302.74636710540136	14.998602607432986
306.6203228726975	18.872558374729124
292.12639835922374	4.378633861255366
317.55350517588005	29.805740677911672
304.5185030050073	16.770738507038914
305.1807480149021	17.432983516933746
273.1637437538032	-14.584020744165173
265.82910318537535	-21.91866131259303
296.9191219302614	9.171357432293007
290.0022085175172	2.254444019548828
243.62325245360472	-44.124512044363655
308.6553916884607	20.90762719049235
297.1884188700081	9.440654372039717
323.45942083213805	35.711656334169675
274.36807289137715	-13.379691606591223
301.94723076092697	14.199466262958595
296.4382635771929	8.690499079224537
271.1666395109226	-16.58112498704577
274.81616448676715	-12.931600011201226
291.3276595645314	3.57989506656304
251.1703590580458	-36.577405439922586
291.0351449223256	3.287380424357252
265.5169609452735	-22.23080355269485
296.4479217497886	8.700157251820201
284.38705891803176	-3.360705579936621
260.6466362937811	-27.101128204187262
263.2361111427038	-24.51165335526457
280.6504523390052	-7.097312158963177
245.01081724064926	-42.736947257319116
262.9512791814216	-24.79648531654675
263.1711949961339	-24.576569501834456
294.7038935601034	6.956129062135005
287.99107126813243	0.2433067701640539
296.3823205670654	8.634556069097016
266.5202169009156	-21.227547597052762
320.6481846251866	32.90042012721824
289.5482024154065	1.8004379174381029
319.713809948504	31.966045450535603
345.06601114789584	57.31824664992746
261.9911715887159	-25.756592909252504
299.0981102442186	11.350345746250241
294.3126766435183	6.564912145549897
254.50758473760135	-33.24017976036703
269.5396624538719	-18.20810204409645
275.5747040893205	-12.17306040864787
289.1729736360451	1.4252091380767524
292.57812839895115	4.830363900982775
296.6864463391269	8.938681841158541
302.10514127335256	14.357376775384182
307.7093994717164	19.961634973748005
283.4317271001367	-4.316037397831678
287.51659562932247	-0.23116886864590924
282.81745257700305	-4.930311920965323
277.1221317237235	-10.625632774244878
314.484248158233	26.73648366026464
283.1029960853214	-4.644768412646954
318.3712697623144	30.623505264346022
274.3664104773946	-13.38135402057378
301.5934873508252	13.845722852856852
302.42793806951005	14.680173571541673
256.0270414002319	-31.72072309773648
275.28651271318296	-12.461251784785418
280.3479912341157	-7.399773263852694
264.2953689368463	-23.452395561122103
303.2068501197812	15.459085621812847
277.83267907896	-9.915085419008392
270.2654735147683	-17.482290983200073
241.68355954930513	-46.064204948663246
269.7368255724744	-18.010938925493974
300.8328330825337	13.085068584565306
270.6566090721047	-17.09115542586369
278.78537553709094	-8.962388960877433
284.5219919093527	-3.225772588615655
273.5529738160133	-14.194790681955055
320.3495847170728	32.60182021910441
301.10490249836795	13.357138000399573
278.3984150065683	-9.349349491400062
251.3795846638116	-36.36817983415676
271.15918579066266	-16.588578707305714
280.40076566909767	-7.34699882887071
312.66926558167535	24.92150108370697
290.56749561449607	2.8197311165276915
277.20995218353556	-10.537812314432813
311.3975250257084	23.64976052774
292.6885950523304	4.940830554362037
286.25586885612785	-1.4918956418405287
245.21290995020746	-42.534854547760915
322.3159027757668	34.568138277798425
293.19905256445264	5.451288066484267
286.9305262075089	-0.8172382904594997
290.8530546663845	3.1052901684161043
307.77017427925813	20.022409781289753
290.797060990228	3.0492964922596
237.14504031540338	-50.602724182565
283.03288931781054	-4.714875180157833
264.262392115694	-23.485372382274363
323.3022367623219	35.554472264353535
330.69428386114515	42.946519363176776
255.2206183362453	-32.52714616172307
313.6143444929351	25.86657999496674
301.02695454028645	13.279190042318078
267.51632022673067	-20.231444271237706
261.61384959223716	-26.133914905731217
306.3387364524263	18.590971954457927
293.31375773769315	5.565993239724776
265.5293659052134	-22.218398592754966
302.03155478829495	14.283790290326579
283.0807714830028	-4.666993014965556
302.1509334493915	14.40316895142314
274.3291096361084	-13.418654861859977
302.75199401731	15.004229519341607
279.9133673579657	-7.834397140002693
292.1117898900723	4.36402539210394
240.22637741969294	-47.52138707827544
269.0625792911763	-18.685185206792085
265.1542224739554	-22.593542024013004
304.5667393525385	16.818974854570115
302.63962815318	14.891863655211637
261.63475705389493	-26.113007444073446
251.0735014910045	-36.67426300696388
286.11042113413197	-1.6373433638364077
274.3933886533944	-13.354375844573951
277.2804437055332	-10.467320792435203
284.2277827739911	-3.519981723977253
283.22526977342415	-4.522494724544231
285.58843851871126	-2.159325979257119
276.69700427625713	-11.050760221711244
256.85539558241936	-30.892368915549014
262.1244862334882	-25.623278264480177
269.5997050876925	-18.14805941027589
266.30988391355123	-21.437880584417144
277.42408523953264	-10.323679258435732
279.82106479854184	-7.9266996994265355
261.4980014096239	-26.24976308834448
264.79859122993577	-22.94917326803261
282.1500725490935	-5.5976919488748536
266.2654549769962	-21.482309520972194
268.5308205705972	-19.216943927371176
262.26543897215953	-25.482325525808847
316.093394826605	28.345630328636616
319.9922024269784	32.24443792901002
312.7189134013045	24.971148903336143
263.0000803467722	-24.747684151196154
288.5456232908785	0.7978587929101195
323.8358002394546	36.08803574148624
243.60300631793717	-44.144758180031204
270.0043665744909	-17.74339792347746
272.72334502544464	-15.024419472523732
337.3572182197698	49.6094537218014
286.0279278114779	-1.7198366864904528
306.75862705776154	19.010862559793168
337.5672061636454	49.819441665677004
295.8251668423348	8.07740234436642
284.12429869741237	-3.623465800556005
236.23612360542967	-51.51164089253871
327.78923895961117	40.04147446164279
258.9426009723414	-28.805163525626995
268.5942631543315	-19.15350134363689
293.54914241355647	5.801377915588091
276.2098003338054	-11.537964164162986
286.6143957696789	-1.133368728289497
294.6730094812395	6.925244983271114
297.8611823264094	10.113417828441015
285.94863456997183	-1.799129927996546
236.7118492074972	-51.035915290471166
263.4129862630237	-24.33477823494468
275.33192985919806	-12.41583463877032
285.94350165665884	-1.8042628413095372
291.82316673750967	4.07540223954129
305.97734853862704	18.229584040658665
300.1082215002846	12.360457002316252
277.7004657422097	-10.047298755758675
285.3620138891877	-2.385750608780654
283.76290952765186	-3.984854970316519
302.25235898336024	14.504594485391863
260.1432260568275	-27.604538441140903
279.54321586108045	-8.204548636887921
313.27973378305825	25.531969285089872
296.7553136955997	9.007549197631306
338.1067862246003	50.35902172663191
323.9328953946845	36.185130896716146
272.9013168948025	-14.84644760316587
295.94719062550786	8.199426127539482
237.57251316786488	-50.17525133010349
289.89858761258284	2.150823114614468
300.81937852672337	13.071614028754993
267.1641257950999	-20.583638702868484
264.6131553849721	-23.13460911299626
335.4723217613667	47.72455726339831
261.06039326843376	-26.68737122953462
326.1257572539492	38.37799275598081
288.40335018743855	0.6555856894701719
328.1122856327441	40.364521134775714
287.8885016304287	0.14073713246034458
290.7805147929633	3.032750294994912
289.98395636910783	2.2361918711394537
288.20281249917963	0.455048001211253
247.75264399903455	-39.99512049893383
310.25665816111933	22.508893663150957
262.6521964745355	-25.09556802343286
267.7273323680004	-20.020432129967958
279.7575000324453	-7.990264465523069
319.33277289428435	31.58500839631597
295.8361100216155	8.088345523647149
298.1615791581883	10.413814660219941
300.74544876606006	12.997684268091689
254.03215992221004	-33.715604575758334
271.6491513018721	-16.098613196096267
283.3877549945776	-4.360009503390756
300.3100069249652	12.562242426996818
302.77815369019146	15.030389192223083
242.78276499829582	-44.96499949967256
282.68844367769117	-5.0593208202772075
291.9522979812048	4.204533483236446
277.3470717876501	-10.400692710318253
262.9505684400813	-24.79719605788705
349.9443966674028	62.19663216943445
283.58544253091014	-4.162321967058233
296.75186689228786	9.004102394319489
296.4939759730208	8.746211475052405
291.3895035571498	3.6417390591814183
311.36292139199423	23.61515689402586
245.5002354951742	-42.24752900279418
274.52276817089506	-13.224996327073313
308.29559861074296	20.54783411277458
276.22898673165975	-11.51877776630863
276.6938731259018	-11.053891372066573
256.3509474488404	-31.396817049128003
291.0685837421791	3.3208192442107247
291.40925696383266	3.661492465864285
312.80533235187096	25.057567853902583
279.9165557741092	-7.831208723859163
281.0520197905592	-6.695744707409176
303.78191559373437	16.034151095765992
288.6567139908023	0.9089494928339263
288.72628306239704	0.9785185644286685
257.91045326550585	-29.837311232462525
311.909165687963	24.16140118999465
268.4415205771241	-19.30624392084428
283.0487447597573	-4.699019738211064
270.775280874472	-16.972483623496373
321.63908379679407	33.89131929882569
298.8755545298648	11.127790031896438
300.15606322746527	12.408298729496892
275.45969471885684	-12.288069779111538
299.599163929119	11.85139943115064
290.23083408859594	2.483069590627565
275.4385101432584	-12.309254354709992
285.2501204809835	-2.49764401698485
286.18221680625203	-1.565547691716347
299.8929764604275	12.145211962459143
291.96883486431244	4.221070366344065
285.4729684201905	-2.2747960777778644
316.2629542127127	28.515189714744338
310.3263166076961	22.578552109727752
301.9532713017273	14.205506803758908
304.8669635217105	17.119199023742112
292.70466792944563	4.956903431477258
281.2424801018372	-6.505284396131174
303.9272181875879	16.17945368961955
307.8335622626203	20.085797764651943
329.01531695858495	41.26755246061657
257.7160891541592	-30.031675343809184
299.4922836104691	11.744519112500711
281.0571295447756	-6.6906349531927845
286.9572182262803	-0.790546271688072
305.71599608799653	17.968231590028154
310.2286738867427	22.480909388774307
285.4646036436773	-2.2831608542910544
327.17538986564824	39.427625367679866
320.00044574271516	32.25268124474678
292.2539035896646	4.506139091696241
293.5912803966515	5.843515898683108
285.54912956495747	-2.198634933010908
303.64389783384314	15.896133335874765
287.58700640949456	-0.16075808847381268
314.83595283197275	27.08818833400437
297.9570792982434	10.209314800275024
255.51259354457062	-32.235170953397756
277.5874319487214	-10.16033254924696
289.7295101374496	1.9817456394812325
284.3886270003007	-3.359137497667689
304.3304981778368	16.582733679868397
242.54915811884194	-45.19860637912643
317.94303776284715	30.19527326487878
274.8208847352383	-12.926879762730096
246.13679253751098	-41.61097196045739
293.2284225790666	5.480658081098227
244.7411085217048	-43.00665597626357
287.6957416383396	-0.05202285962877795
299.4292027631912	11.681438265222823
357.9787485996806	70.23098410171224
268.80960979096045	-18.938154707007925
293.3601861047667	5.612421606798307
274.75781150267204	-12.989952995296335
284.69413967187785	-3.0536248260905268
258.3837018250218	-29.364062672946602
244.8593004921443	-42.88846400582406
299.72298937113584	11.975224873167463
300.9727951236003	13.225030625631916
260.79882206663234	-26.948942431336036
282.0533004104821	-5.694464087486267
281.1475402030067	-6.600224294961663
339.9467929469559	52.19902844898752
317.0060750484575	29.258310550489114
249.47921897279076	-38.268545525177615
277.1311602068184	-10.616604291149997
256.33946802074416	-31.408296477224212
288.9776600626231	1.2298955646547256
280.83913201895695	-6.90863247901143
306.6867172063233	18.93895270835492
271.97256627105736	-15.775198226911016
264.68597146151507	-23.06179303645331
312.81712933656155	25.069364838593174
323.48542899714295	35.73766449917457
265.05315704489686	-22.694607453071512
283.4658243001052	-4.28194019786315
289.3077757255108	1.560011227542418
320.99971860580473	33.251954107836355
301.4826021824577	13.734837684489321
292.43054881011113	4.682784312142758
297.22245146082633	9.474686962857959
286.1200794093041	-1.6276850886642933
267.64519064090774	-20.102573857060634
309.6606244873713	21.912859989402932
273.17463132416225	-14.573133173806127
331.08334465435684	43.33558015638846
295.87153532770964	8.123770829741261
287.86044710007474	0.11268260210636072
300.7948154723293	13.0470509743609
257.1404990364993	-30.60726546146907
295.61695212635306	7.8691876283846796
246.79580567412114	-40.951958823847235
278.08420808124566	-9.663556416722713
300.1992159149834	12.45145141701505
279.4371883661682	-8.31057613180019
288.0757489581759	0.32798446020751726
270.84567455752614	-16.902089940442238
290.00822533719685	2.2604608392284717
307.66387126327237	19.916106765303994
308.5194740748869	20.77170957691851
315.34091770443985	27.59315320647147
273.13161730597704	-14.616147191991331
301.8815490397995	14.133784541831119
293.60775364793	5.859989149961621
316.3402692312687	28.592504733300302
284.5097412336493	-3.238023264319054
286.164922139624	-1.582842358344351
289.1976923222849	1.4499278243165463
303.34622402901215	15.598459531043773
274.33001014699613	-13.417754350972245
322.091931156627	34.34416665865865
278.73721387457255	-9.01055062339583
274.5496632048474	-13.198101293120999
283.0958985341006	-4.651865963867749
317.1651093606509	29.417344862682512
307.3630735295613	19.615309031592915
281.26258625228576	-6.485178245682619
275.93035489977257	-11.817409598195809
308.1458340737466	20.39806957577821
260.3318673164634	-27.415897181504988
269.74078189744824	-18.006982600520132
312.42446987908835	24.676705381119973
302.6712953297413	14.92353083177295
263.4088687503411	-24.338895747627248
316.2711620500507	28.523397552082315
302.2854511727367	14.537686674768338
298.60893247400446	10.861167976036086
281.0344592954082	-6.71330520256015
291.15974063406094	3.4119761360925622
310.7970302758352	23.04926577786682
283.28207551276347	-4.465688985204906
287.787951516237	0.04018701826862525
255.0449271883429	-32.702837309625465
257.512035019174	-30.235729478794383
305.1899883561003	17.44222385813191
276.3100649555002	-11.43769954246818
276.1478456725038	-11.599918825464556
295.1028011432084	7.355036645240034
278.73836760431215	-9.00939689365623
283.2398732266177	-4.5078912713506725
309.7693877333243	22.021623235355946
281.17299919208955	-6.574765305878827
299.25766510499153	11.509900607023155
275.23046121966246	-12.517303278305917
308.29558743429	20.54782293632161
309.0776216071702	21.32985710920184
308.2813988024448	20.533634304476436
286.8519017022066	-0.8958627957617864
287.905515048102	0.1577505501336418
287.9419604856251	0.19419598765671253
317.101738732936	29.35397423496761
318.13297591118527	30.385211413216894
251.5100394483182	-36.23772504965018
272.0734277249597	-15.67433677300869
288.25245864730306	0.5046941493346822
285.9523964251733	-1.7953680727950996
279.5512146802087	-8.19654981775966
281.43960672430904	-6.308157773659332
290.1814483941874	2.4336838962190086
292.017241159005	4.269476661036606
285.47639235833987	-2.271372139628511
241.8992446056821	-45.848519892286276
296.49782877332683	8.750064275358454
283.2891246371458	-4.458639860822586
296.8677935625331	9.120029064564733
279.1971915601628	-8.550572937805555
320.9377549335207	33.18999043555232
310.79653090957646	23.048766411608085
263.06719554429793	-24.680568953670445
264.49143965730246	-23.25632484066591
301.3946735346711	13.64690903670271
267.02431821222336	-20.723446285745013
284.91514266962105	-2.832621828347328
293.4359441130967	5.68817961512832
297.1679195018681	9.420155003899708
248.35411545254675	-39.393649045421625
270.51496357884236	-17.23280091912602
300.91530293855095	13.167538440582575
280.75744535110636	-6.990319146862021
318.9563334834841	31.20856898551574
289.6326830624333	1.884918564464897
273.46454060889874	-14.283223889069632
318.6020059910973	30.85424149312894
310.14631228207355	22.398547784105176
297.953344101554	10.205579603585647
281.7314533357151	-6.01631116225326
288.5001747907684	0.7524102928000502
299.7068840133455	11.959119515377097
265.9736415059909	-21.774122991977492
304.2426869504291	16.49492245246074
261.4148437663701	-26.33292073159828
288.232974752262	0.4852102542936336
262.39131934725657	-25.356445150711806
274.5513125072633	-13.1964519907051
275.33863964522817	-12.409124852740206
225.7556933205945	-61.99207117737387
257.2712372862173	-30.47652721175109
278.6364381646293	-9.111326333339093
334.2259211886288	46.4781566906604
295.07469597996015	7.326931481991778
309.0117866405947	21.264022142626345
309.66308841560596	21.91532391763758
311.63580866631156	23.888044168343185
267.471964286817	-20.275800211151363
292.3410709913317	4.593306493363343
235.05369873687079	-52.69406576109759
251.0555614551143	-36.69220304285409
315.4496634707196	27.701898972751223
256.76345163947764	-30.98431285849074
264.95359058038076	-22.794173917587614
229.8663167855869	-57.88144771238149
274.2497254713401	-13.498039026628248
309.3804056662214	21.63264116825303
329.6818909720044	41.93412647403602
290.88790241634916	3.1401379183807876
275.8906549220431	-11.857109575925278
293.85468813848485	6.10692364051647
332.8867200038533	45.13895550588495
264.40468464169163	-23.343079856276745
286.94761616082025	-0.8001483371481299
278.9569547101003	-8.790809787868056
295.07056478578517	7.32280028781679
257.0997358991611	-30.648028598807286
296.47507606918435	8.727311571215978
290.64304552186724	2.8952810238988604
252.01541229366768	-35.732352204300696
259.4529580114634	-28.294806486504967
295.288605319571	7.540840821602615
304.63149049120176	16.883725993233384
289.54947023476626	1.801705736797885
258.5896473494816	-29.15811714848678
302.5188365497182	14.771072051749798
297.88638746456337	10.138622966594994
309.5437575321433	21.7959930341749
287.16228477971373	-0.5854797182546463
272.7063713953124	-15.041393102656002
279.0806660079273	-8.667098490041099
305.88599812361855	18.138233625650173
298.5826452753411	10.834880777372746
301.44526164267364	13.697497144705267
301.8862900536208	14.13852555565245
266.3996494926126	-21.348115005355794
293.6485085916668	5.900744093698449
277.6288838236381	-10.118880674330285
307.0635036213519	19.315739123383537
298.53818426656863	10.790419768600259
276.66545061479184	-11.082313883176539
283.6589575717392	-4.088806926229154
224.34272600854666	-63.40503848942171
283.4139874500418	-4.33377704792656
261.9270075975531	-25.82075690041529
261.01648896647595	-26.73127553149243
278.72849132742186	-9.019273170546512
297.30377741903277	9.556012921064394
265.28313848261524	-22.464626015353133
279.2270237397045	-8.520740758263855
300.732262527223	12.98449802925461
290.38133371535724	2.6335692173888674
300.73153386771656	12.983769369748188
275.2794617016355	-12.468302796332864
297.57320394511254	9.825439447144163
312.0383014310667	24.290536933098338
291.15391833709356	3.4061538391251815
293.87584040645953	6.128075908491155
267.35632469764306	-20.391439800325315
294.3894979484924	6.641733450524043
254.8473421792026	-32.90042231876578
273.4085487474243	-14.3392157505441
289.22127677389864	1.4735122759302612
325.2478138427853	37.500049344816944
309.93611717334926	22.188352675380884
270.38977539981926	-17.35798909814912
289.81223614127003	2.0644716433016583
278.5445321869068	-9.203232311061583
297.2724239407856	9.52465944281721
294.03258186989325	6.284817371924873
289.3449096637508	1.5971451657824218
296.8184072097668	9.070642711798428
290.9666409481163	3.2188764501479454
310.8697612643903	23.121996766421944
288.4227681021169	0.6750036041485146
301.3022733284036	13.554508830435225
324.9263068035237	37.17854230555531
274.3197244166534	-13.428040081314975
287.51507432533464	-0.23269017263373826
243.56499339043722	-44.18277110753115
265.76001032302366	-21.987754174944712
258.6096996880827	-29.13806480988569
299.909661476808	12.16189697883965
270.99061077673315	-16.757153721235227
297.25988458616695	9.512120088198571
299.16072422109056	11.412959723122185
269.720398097825	-18.027366400143364
245.81198711421376	-41.93577738375461
318.6911796282823	30.94341513031395
298.01690171004367	10.269137212075293
284.22452343430115	-3.5232410636672284
259.8967829126944	-27.850981585273985
326.5971278593227	38.849363361354335
280.2967461776155	-7.451018320352887
274.93112318571576	-12.816641312252614
300.2323634430671	12.484598945098696
295.9756540826659	8.22788958469755
296.7273560670313	8.979591569062904
260.2935646409772	-27.45419985699118
291.7906259050381	4.042861407069722
304.0075611996893	16.259796701720916
286.35398844391085	-1.3937760540575255
269.67406733894524	-18.07369715902314
317.05523193419714	29.307467436228762
272.5361418653359	-15.211622632632498
277.19144135563903	-10.556323142329347
269.5903796531223	-18.157384844846092
249.3115159434986	-38.436248554469785
297.21223858290097	9.46447408493259
271.0823896097448	-16.665374888223596
284.3488937391251	-3.398870758843259
296.68657581397775	8.938811316009378
261.06710271277035	-26.680661785198026
291.39861901049363	3.6508545125252567
277.1906113440512	-10.55715315391717
282.5980918329754	-5.149672664992977
285.6144482691473	-2.1333162288210588
315.11639248665807	27.368627988689695
272.80501309989114	-14.942751398077235
315.51946851521126	27.771704017242882
275.93543935285044	-11.812325145117939
291.82653762446927	4.0787731265008915
302.24753339564114	14.499768897672766
300.86603621949536	13.11827172152698
304.74928793963255	17.001523441664176
321.274619495149	33.526854997180635
304.5676654572183	16.819900959249935
311.14143579757575	23.393671299607377
335.523736680729	47.7759721827606
255.15670103677468	-32.5910634611937
299.6848814471762	11.937116949207848
302.3047406308927	14.55697613292432
316.66690775350645	28.919143255538074
302.4174782514768	14.669713753508404
298.4535249757776	10.705760477809235
255.27426584239794	-32.47349865557044
247.236540578497	-40.51122391947138
312.910905453495	25.163140955526615
277.8020937981076	-9.945670699860784
287.2145518315395	-0.5332126664288808
284.3744614753253	-3.3733030226430856
289.7661166608471	2.0183521628787275
305.3803190999336	17.63255460196524
297.29698706857954	9.549222570611164
312.1222460608572	24.374481562888832
272.3172088351733	-15.430555662795086
281.84297989937687	-5.904784598591505
285.94043302728306	-1.8073314706853125
297.16680885173474	9.419044353766367
289.0620850997096	1.3143206017412012
275.23478961708526	-12.512974880883121
273.69082458273834	-14.056939915230032
281.27800656148094	-6.46975793648744
297.15974125720305	9.411976759234676
283.59509342332814	-4.152671074640239
261.60457196930867	-26.14319252865971
295.482099634641	7.734335136672598
284.5457853564897	-3.2019791414786596
302.28579149162607	14.538026993657695
279.9595249724246	-7.788239525543759
309.5375125426238	21.789748044655425
334.8737787791345	47.126014281166135
246.40448757863697	-41.3432769193314
291.6616772795408	3.913912781572435
281.5734607195648	-6.174303778403555
304.38453201447766	16.63676751650928
307.32038596461854	19.572621466650162
309.9207681673018	22.17300366933341
295.0492448586468	7.301480360678397
335.3550789846361	47.60731448666775
251.51764573640168	-36.2301187615667
300.99539323110577	13.24762873313739
266.61503171138094	-21.13273278658744
251.7356311725328	-36.01213332543557
273.22143380982953	-14.526330688138842
287.6151433918006	-0.13262110616778955
319.85077357979236	32.103009081823984
291.11599560734095	3.368231109372573
284.2389790372711	-3.508785460697254
238.48240360415576	-49.26536089381261
337.33578370517563	49.58801920720725
242.6225408846388	-45.12522361332958
305.8617600565797	18.11399555861135
290.4418067285172	2.6940422305488028
342.2792736986324	54.531509200664004
257.2700744053457	-30.47769009262265
254.96890395753354	-32.778860540434835
312.8040218508998	25.056257352931425
206.40805985804974	-81.33970463991864
291.9188804129247	4.171115914956317
279.09423254660425	-8.65353195136413
268.2065605396659	-19.541203958302503
283.2193957424773	-4.528368755491101
265.5995895757099	-22.148174922258477
300.5476815062305	12.799917008262128
264.0860328349975	-23.66173166297085
277.8722782054413	-9.875486292527057
257.3080047881543	-30.439759709814098
274.46091578691477	-13.286848711053608
276.6675386553564	-11.08022584261198
270.2820429661245	-17.465721531843883
213.96330199530559	-73.78446250266279
293.23129240589543	5.483527907927055
269.6180229691984	-18.129741528769955
288.4836537929244	0.7358892949559959
260.6578907970564	-27.089873700911994
265.58239369944414	-22.165370798524236
252.91615763325746	-34.83160686471092
281.2576982715421	-6.490066226426279
271.8748252762037	-15.872939221764682
331.82711751229573	44.07935301432735
292.76356402806624	5.0157995300978655
269.24110198705085	-18.506662510917522
318.15133852145146	30.40357402348309
296.554499939319	8.806735441350611
298.680182617771	10.932418119802605
276.5595422615318	-11.188222236436559
277.7432591937707	-10.004505304197664
294.90536027962145	7.157595781653072
283.05630837775453	-4.691456120213843
278.85607462191757	-8.891689876050805
297.9808797826284	10.233115284660016
278.9280434825217	-8.819721015446703
247.7025159416683	-40.045248556300066
286.04177970116353	-1.7059847968048416
307.6029781823475	19.855213684379123
276.35104787908705	-11.396716618881328
299.2778511605596	11.530086662591202
265.8391756491349	-21.90858884883346
317.54414478752216	29.79638028955378
279.45979301742256	-8.28797148054582
255.90901752529527	-31.838746972673107
271.2006164319776	-16.54714806599077
301.131095154344	13.38333065637562
265.5578366839348	-22.18992781403358
328.0298609336481	40.282096435679705
298.80846646141646	11.060701963448082
286.62356374564325	-1.1242007523251232
334.5139576761306	46.76619317816221
311.1069994682351	23.359234970266698
285.4880694656916	-2.2596950322767952
284.60859370250756	-3.1391707954608137
267.24071754885	-20.507046949118376
290.52307362329367	2.7753091253252933
282.22822977538664	-5.519534722581739
256.8119139333597	-30.9358505646087
267.92143077237625	-19.82633372559212
306.5924414500062	18.844676952037844
280.0074660913254	-7.740298406642978
289.1211548563754	1.3733903584070504
312.2805411507309	24.53277665276255
251.69780703433418	-36.0499574636342
273.5159188913843	-14.231845606584102
288.6109200984959	0.8631556005275343
276.37874780655176	-11.369016691416618
270.37334311355	-17.374421384418383
294.23581726865297	6.48805277068459
310.7596109994941	23.011846501525724
288.1966925370528	0.44892803908442147
312.6106774882085	24.862912990240147
318.8894282439308	31.141663745962433
284.9611841652098	-2.7865803327586036
286.85201463457116	-0.8957498633972136
281.90792686719425	-5.839837630774127
289.06465423571564	1.3168897377472604
297.29309976070573	9.545335262737353
260.7722447300642	-26.97551976790419
274.1597593264617	-13.588005171506666
311.66393356304826	23.916169065079885
290.1437997108172	2.396035212848801
307.8676733069754	20.11990880900703
283.1192100038191	-4.628554494149284
271.0192619849134	-16.72850251305499
293.6244414757551	5.876676977786701
272.71842282462086	-15.029341673347517
292.95443637478667	5.206671876818291
290.6509743883092	2.903209890340804
291.4877305209105	3.739966022942099
267.9252463626929	-19.82251813527546
279.2951283621099	-8.452636135858484
280.80203769679275	-6.945726801175624
285.58391702431464	-2.163847473653732
276.0431105791525	-11.704653918815893
275.96554736628815	-11.782217131680227
280.5028589919987	-7.244905505969655
268.339447360939	-19.40831713702937
331.01925417469675	43.27148967672838
267.39406425249973	-20.353700245468644
225.4775498884431	-62.27021460952528
262.8082876901338	-24.93947680783458
320.0331474892758	32.285382991307415
274.4346485267909	-13.313115971177467
279.61896661654674	-8.128797881421633
263.02509533582116	-24.722669162147213
277.44334396062396	-10.304420537344413
233.26420829388582	-54.48355620408256
286.2722916990627	-1.4754727989056846
269.83769568831696	-17.91006880965142
241.17911514250073	-46.56864935546764
285.25273463454715	-2.495029863421223
307.5907464043433	19.842981906374916
279.89666958357185	-7.851094914396526
274.8466486402779	-12.901115857690456
312.8886622186422	25.14089772067382
255.2248027996414	-32.52296169832698
310.2020955733772	22.454331075408845
284.8764326833355	-2.8713318146328675
298.4393435860423	10.691579088073922
291.7417248473815	3.9939603494131006
329.6557604698194	41.90799597185105
287.6657977413436	-0.08196675662475172
281.82248890157126	-5.925275596397114
266.7318198981396	-21.0159445998288
271.43715373127117	-16.31061076669721
309.8558266777566	22.10806217978825
267.8105814267204	-19.937183071248
342.4548875909989	54.70712309303053
270.0073540017932	-17.740410496175173
273.7789171316129	-13.968847366355476
270.3449408628242	-17.40282363514416
242.62573418220774	-45.12203031576064
294.7743868789424	7.026622380974004
341.38764837850096	53.63988388053258
294.92046995922493	7.172705461256555
268.19055454943947	-19.557209948528907
306.361296976191	18.613532478222623
294.1435349053084	6.395770407340024
302.941478823954	15.193714325985638
320.2957121215316	32.54794762356323
261.6547820837025	-26.09298241426586
319.9234440939784	32.17567959601001
303.35307161760494	15.605307119636564
293.0591055526041	5.3113410546357045
320.07368186081504	32.32591736284667
296.5795435979838	8.83177910001541
282.445083767236	-5.302680730732391
300.93695376540046	13.189189267432084
330.851612558867	43.1038480608986
294.049891098259	6.302126600290649
260.95418884839665	-26.79357564957172
269.5813402021616	-18.16642429580679
305.54519513313636	17.797430635167984
254.71249543423102	-33.03526906373736
302.4275460407246	14.679781542756245
231.51201891650481	-56.23574558146356
272.7273630184521	-15.020401479516295
280.42378975072853	-7.323974747239845
292.81619000305574	5.068425505087362
280.3916309740037	-7.356133523964672
288.0771169810344	0.3293524830660317
283.46564563247586	-4.282118865492521
288.3074836550243	0.5597191570559517
255.71614888271353	-32.03161561525485
316.3900994047165	28.642334906748147
307.8470975125986	20.099333014630247
244.5482992969067	-43.199465201061685
274.59943657338073	-13.148327924587647
280.8072990914973	-6.9404654064710485
285.8510044438029	-1.8967600541654974
315.14604534441816	27.39828084644978
302.4764180838559	14.728653585887514
306.86897348289705	19.12120898492867
274.15386376968155	-13.593900728286826
274.4252306157453	-13.32253388222307
289.2941314598741	1.5463669619057328
293.76996331408947	6.02219881612109
283.352842409777	-4.394922088191379
289.8655030361136	2.117738538145204
265.65054049005477	-22.09722400791361
288.8273423174854	1.0795778195169987
306.87425996989106	19.12649547192268
276.4372243953715	-11.31054010259686
297.3902222783093	9.64245778034092
280.5548708346053	-7.192893663363066
299.0421632305391	11.294398732570698
303.46579480331485	15.718030305346474
300.5793285557905	12.831564057822106
284.25515144744924	-3.4926130505191395
292.03411726127007	4.286352763301693
321.0080958689526	33.260331370984204
293.8102858811347	6.062521383166313
311.32558953989275	23.57782504192437
294.0667271725127	6.318962674544309
299.10201747564344	11.35425297767506
263.46663821535395	-24.281126282614423
293.5624292554733	5.814664757504943
349.11286467290694	61.36510017493856
309.82912895441615	22.081364456447773
304.32209624760645	16.574331749638077
294.86745207330597	7.119687575337593
264.7700084185074	-22.97775607946096
257.3481343639308	-30.39963013403758
289.03254684622726	1.2847823482588865
266.5375231244273	-21.210241373541066
302.76247328773235	15.014708789763972
274.28432790824655	-13.463436589721823
293.07265059364937	5.324886095680995
306.8492564986539	19.10149200068554
299.5595079792568	11.811743481288431
309.8392458688343	22.09148137086595
254.2117375760011	-33.53602692196728
290.9197469776721	3.171982479703729
295.8009287776243	8.053164279655903
301.8615401733571	14.113775675388752
301.7482136414349	14.00044914346654
278.8388831738724	-8.908881324096
285.91652325861133	-1.8312412393570412
308.14781974411954	20.40005524615117
253.8244985572258	-33.92326594074257
307.96506333617646	20.21729883820808
322.71175953334233	34.963995035373955
307.920938257101	20.173173759132624
265.43907864557906	-22.308685852389317
286.7720092947878	-0.9757552031805972
276.7077189417635	-11.04004555620486
337.47634273648356	49.72857823851518
287.1997291596802	-0.5480353382881731
254.5304242579753	-33.217340239993064
306.93748476013053	19.189720262162155
316.31418020581106	28.56641570784268
291.7568667499166	4.009102251948207
294.89628490884417	7.14852041087579
320.23500239615015	32.487237898181775
280.1188510120431	-7.628913485925295
279.5206877201147	-8.227076777853654
281.29835692561966	-6.4494075723487185
295.5034408401137	7.755676342145307
292.20094822492894	4.45318372696056
289.61375355730917	1.8659890593407908
279.80219095296553	-7.945573545002844
251.62819877171052	-36.11956572625786
260.5088132912518	-27.238951206716592
296.07471849228233	8.326953994313953
291.8557516194872	4.107987121518818
279.1211137605008	-8.626650737467571
337.20156310995145	49.453798611983075
286.9832085258552	-0.7645559721131576
290.91648104290863	3.168716544940253
292.9499690691758	5.202204571207403
305.76861374723586	18.020849249267485
283.3117101969131	-4.436054301055265
283.8630121523768	-3.8847523455915507
299.5738498677695	11.826085369801149
285.6301726497498	-2.1175918482185807
275.5949693301248	-12.152795167843578
220.13784789727862	-67.60991660068976
317.27588863471675	29.528124136748374
288.54062392621046	0.7928594282420818
303.64029664645415	15.89253214848577
295.9741628776122	8.226398379643797
277.2637640251508	-10.48400047281757
291.4173966507099	3.669632152741542
308.835980648468	21.088216150499647
284.8762342406429	-2.871530257325503
294.6844616765905	6.936697178622126
270.0714422225158	-17.67632227545255
284.3902586213829	-3.357505876585492
284.9997289832266	-2.7480355147417868
294.0822105799328	6.3344460819644155
306.71983448023303	18.972069982264657
282.82968620726234	-4.918078290706035
290.83020488449466	3.0824403865262866
295.3802045878859	7.632440089917509
290.23474901970104	2.4869845217326656
275.9963755079828	-11.751388989985571
275.3001108371557	-12.447653660812648
304.0892525566181	16.341488058649702
270.6400955609009	-17.1076689370675
305.96781815428614	18.22005365631776
294.7246954930327	6.976930995064322
302.9494549535469	15.2016904555785
298.97584660993226	11.228082111963886
276.2252234987703	-11.5225409991981
280.3118831363411	-7.435881361627253
314.2525362967884	26.504771798820002
241.61830500597927	-46.12945949198911
285.52077104133997	-2.2269934566284064
311.52090428525327	23.77313978728489
297.75715953026	10.00939503229165
276.4430840588487	-11.304680439119693
293.2353032602717	5.487538762303302
271.4819823700548	-16.265782127913553
326.37782567304595	38.63006117507757
299.18482365193114	11.437059153962764
283.95262129674876	-3.7951432012196165
297.7113029938212	9.963538495852845
331.5939939893745	43.84622949140612
282.22115260928905	-5.5266118886793265
319.6583732943421	31.910608796373708
315.78147615095287	28.033711652984493
330.16827959992435	42.42051510195597
310.6256594603786	22.87789496241021
289.29466068392713	1.546896185958758
247.7296676565041	-40.018096841464285
289.29418064220437	1.546416144235991
302.39245171910653	14.644687221138156
303.5915565399503	15.843792041981942
307.0193753655206	19.271610867552226
303.25124435921526	15.503479861246888
302.86273702958925	15.114972531620879
256.25425917892636	-31.493505319042015
274.1167326827147	-13.631031815253664
304.8121666666869	17.064402168718516
253.78268548971602	-33.96507900825236
308.181849224917	20.43408472694864
314.9058511617207	27.15808666375233
301.51765751530394	13.769893017335562
284.1916048892911	-3.5561596086772624
295.7862631958581	8.038498697889736
333.9982589511513	46.25049445318291
288.9149039885254	1.1671394905570196
298.45737047025096	10.709605972282588
281.33274985678355	-6.4150146411848255
252.45336938926113	-35.29439510870725
276.6676295525852	-11.080134945383179
319.29537057124463	31.547606073276256
273.6913774699372	-14.056387028031168
304.4286067653032	16.68084226733481
294.62838178055455	6.880617282586172
284.67249312307314	-3.0752713748952374
308.17621849291237	20.428453994943993
310.82051066382184	23.07274616585346
294.90852314786963	7.160758649901254
309.4635939297462	21.71582943177782
283.5744822286527	-4.173282269315678
291.39017468481535	3.6424101868469734
267.9590231679488	-19.788741330019548
292.66678068398534	4.919016186016961
329.1671297216547	41.41936522368633
287.09568745887583	-0.6520770390925463
238.95208544678673	-48.79567905118165
280.8576751583917	-6.890089339576662
296.42023887258466	8.672474374616286
327.40280236788595	39.65503786991758
282.52272478192964	-5.2250397160387365
286.51381964487	-1.2339448530983645
287.1046810128776	-0.6430834850907559
262.75924169580895	-24.988522802159423
304.09789921222756	16.350134714259184
292.21145584185643	4.463691343888058
330.13145389849007	42.38368940052169
309.67786162512704	21.93009712715866
274.00784069845605	-13.739923799512326
276.0970089288915	-11.650755569076864
303.14533757331293	15.397573075344553
255.22316498744686	-32.52459951052151
270.38815292614373	-17.359611571824644
292.7099204247955	4.9621559268271085
258.09583687980404	-29.651927618164336
275.0681445839894	-12.679619913978968
289.2073507223561	1.459586224387749
287.08693463733863	-0.6608298606297467
290.51617972075684	2.7684152227884624
267.9235486512501	-19.82421584671829
289.982123712269	2.234359214300639
328.3463518710217	40.598587373053306
292.35936385141605	4.611599353447673
283.7521666099513	-3.9955978880170733
257.7712295067343	-29.976534991234075
294.8144567667353	7.0666922687669285
304.88298445487663	17.13521995690826
325.0907519807245	37.34298748275614
285.50461090519303	-2.243153592775343
276.21519825738716	-11.532566240581218
284.305464971347	-3.4422995266213547
262.71328772080807	-25.034476777160307
258.01390191781894	-29.733862580149435
265.13804148683477	-22.60972301113361
289.7743710348171	2.0266065368487034
295.28497318823275	7.537208690264379
296.7345176875263	8.98675318955793
262.08244157670043	-25.665322921267943
282.70326081008744	-5.044503687880933
304.4474304110939	16.6996659131255
261.36109910768783	-26.38666539028054
311.99569668766554	24.247932189697167
280.62275551747217	-7.1250089804962045
333.1011211499593	45.35335665199091
298.278929747032	10.531165249063633
306.95125187025616	19.203487372287782
284.96898314390484	-2.7787813540635398
314.37385606003437	26.626091562065994
278.64672772729165	-9.101036770676728
294.682832725159	6.935068227190641
265.5844047020676	-22.16335979590076
285.50813829226746	-2.2396262057009153
305.3992158922213	17.651451394252945
301.5963661466397	13.84860164867132
316.45577013740177	28.708005639433395
282.55598292290443	-5.191781575063942
289.48085893376475	1.7330944357963745
294.13056195448945	6.382797456521075
309.5107406300688	21.762976132100448
327.21491394590913	39.467149447940756
258.380311384741	-29.367453113227384
267.8223635327325	-19.925400965235895
240.7385460139215	-47.00921848404687
258.8298002790419	-28.9179642189265
270.4038864160123	-17.343878081956063
238.29712908284483	-49.45063541512354
259.3720408367829	-28.375723661185475
273.77606446069177	-13.971700037276605
253.5369460729292	-34.21081842503918
268.2192005121054	-19.528563985863002
276.99655319866935	-10.75121129929903
311.3903620758086	23.642597577840206
283.2361078934503	-4.511656604518066
264.5501572977394	-23.19760720022896
307.3796082142965	19.63184371632815
275.79337461102324	-11.954389886945137
256.0843929616988	-31.66337153626955
299.5531523131961	11.805387815227732
281.1001860522977	-6.647578445670661
291.45945115470596	3.7116866567375837
295.9849263300442	8.237161832075799
270.2527314845086	-17.49503301345976
292.6642617354394	4.916497237471049
274.34669064052497	-13.401073857443407
273.89667579645385	-13.851088701514527
271.4847775462716	-16.262986951696803
238.67336576139706	-49.07439873657131
290.52706128545316	2.779296787484782
237.55489711626643	-50.192867381701944
300.1145006210448	12.366736123076407
256.40912688692543	-31.33863761104294
298.78637582974835	11.038611331779975
303.9208841018138	16.173119603845407
284.72332833730826	-3.024436160660116
284.29986512444367	-3.447899373524706
289.873099326813	2.125334828844643
272.55553362965503	-15.192230868313345
300.42990808494716	12.682143586978782
308.67340241201083	20.925637914042454
296.57072031819763	8.822955820229254
301.571703601165	13.823939103196608
296.2788861783068	8.531121680338401
304.8287060205642	17.080941522595822
287.6172606578787	-0.1305038400896592
264.2753595652633	-23.472404932705103
267.4059103030616	-20.341854194906773
296.44965811950016	8.70189362153178
302.6111076776745	14.863343179706135
268.04143302304357	-19.70633147492481
303.4910276439353	15.743263145966921
259.49442100439256	-28.253343493575812
307.9192124556742	20.171447957705823
282.54962436741545	-5.198140130552929
279.82394281192893	-7.923821686039446
310.25973051495595	22.51196601698757
280.85058818146564	-6.897176316502737
289.4843450663196	1.7365805683512008
308.0791377198496	20.331373221881222
280.9275722758487	-6.820192222119658
298.2005340641502	10.452769566181814
280.95625370089175	-6.791510797076626
291.4033147618632	3.6555502638948383
275.8399833804745	-11.907781117493869
260.79194541613316	-26.955819081835216
294.1672770279859	6.419512530017528
248.47906171025744	-39.268702787710936
284.49555776918925	-3.2522067287791288
289.9494315102077	2.2016670122393407
328.3316989062899	40.58393440832151
328.91950761631807	41.171743118349696
285.262017403062	-2.485747094906401
278.978364848563	-8.769399649405386
301.22200805261883	13.474243554650457
308.0687958538495	20.321031355881132
285.54362606113347	-2.20413843683491
277.82781047714735	-9.919954020821024
286.38262255874207	-1.3651419392263051
260.9728961133681	-26.774868384600268
286.3867926457045	-1.3609718522639014
322.5451819480534	34.79741745008505
272.342983187353	-15.404781310615363
249.66724019742315	-38.08052430054522
270.3656547181184	-17.382109779849998
281.0835768924465	-6.6641876055218745
303.0458464086717	15.298081910703331
312.1774716267558	24.429707128787413
286.072662769004	-1.6751017289643642
302.1149449212556	14.36718042328721
280.0977977310852	-7.6499667668831535
253.484847568647	-34.262916929321364
298.5419664475506	10.794201949582202
259.735530797467	-28.012233700501383
298.4209321014517	10.673167603483307
323.0055705006401	35.257806002671714
289.45688340357657	1.709118905608193
304.9165103822182	17.1687458842498
306.36562752127276	18.61786302330438
303.6756640404222	15.927899542453815
290.66020500310907	2.912440505140694
278.451415449383	-9.296349048585398
278.2770655506486	-9.470698947319761
290.84789003998077	3.1001255420123925
297.3823845375903	9.63462003962195
339.49572308245325	51.74795858448488
271.0651034215137	-16.68266107645468
284.5003225865242	-3.2474419114441844
285.3607963215057	-2.3869681764626876
262.0952460115971	-25.652518486371264
234.61072511045705	-53.13703938751132
282.87023789105507	-4.877526606913307
319.7699991229477	32.02223462497932
267.1024897678747	-20.64527473009366
280.247050506094	-7.500713991874363
270.3327878269068	-17.414976671061595
261.49602534619254	-26.251739151775837
308.74945716001304	21.00169266204466
312.20879617853126	24.461031680562883
281.8955118379402	-5.852252660028171
330.6373451713319	42.889580673363525
264.92997667636	-22.817787821608363
293.2048834191249	5.457118921156507
277.23638085661725	-10.51138364135113
252.34539596100723	-35.40236853696115
287.1056141848697	-0.6421503130986821
296.81044454305294	9.062680045084562
272.3430447646845	-15.404719733283855
304.28268844177575	16.53492394380737
289.3891588411664	1.6413943431980442
316.9440736837881	29.1963091858197
288.7396071162969	0.9918426183285192
272.45541316151713	-15.292351336451247
304.1259769912743	16.37821249330591
252.059010953077	-35.68875354489137
273.8420844752566	-13.90568002271175
311.0044549193138	23.25669042134541
310.69358993138513	22.945825433416758
293.56305324920896	5.815288751240587
256.9017566548012	-30.846007843167172
259.281841127204	-28.465923370764358
306.04029647784984	18.29253197988146
333.2836961101296	45.53593161216122
313.96827342448734	26.22050892651896
288.12155095905683	0.37378646108845714
295.67638000175276	7.9286155037843855
279.6270463787244	-8.120718119243975
260.70429135940714	-27.04347313856124
262.81323883039505	-24.934525667573325
312.40690298658075	24.65913848861237
294.31109241793666	6.5633279199682875
293.2140515478989	5.466287049930543
291.3731135960573	3.6253490980889183
306.7322786501921	18.98451415222371
292.63326747348975	4.885502975521376
283.10077710898105	-4.646987388987327
258.98826411544206	-28.759500382526312
239.36562134916522	-48.38214314880315
274.500988115515	-13.24677638245339
277.4970995458737	-10.250664952094667
310.0349288778837	22.28716437991534
320.091101820088	32.34333732211962
274.60996891484166	-13.137795583126717
252.2247525616861	-35.52301193628227
300.21350546580135	12.465740967832971
297.05548581997783	9.307721322009456
259.81257197022416	-27.93519252774422
243.26580028982636	-44.48196420814202
274.2400457725619	-13.507718725406448
313.20437864764455	25.45661414967617
310.243583519334	22.495819021365605
286.57351772717294	-1.1742467707954347
299.6244843309708	11.876719833002426
280.05860185942066	-7.689162638547714
273.6276404263065	-14.120124071661849
297.8179907536126	10.07022625564423
290.8851923607893	3.137427862820914
313.4001198579229	25.652355359954527
288.3978352034631	0.650070705494727
306.95515760457994	19.207393106611562
301.05947999713163	13.311715499163256
337.7891258047769	50.04136130680854
270.8451243721959	-16.90264012577245
327.81238384972886	40.064619351760484
284.3977369448133	-3.350027553155087
272.1816087061764	-15.56615579179197
256.84260363463756	-30.90516086333082
266.9685559605735	-20.77920853739488
284.85431280858967	-2.8934516893787077
263.66537519189507	-24.08238930607331
282.64262556654495	-5.105138931423426
203.26669331548538	-84.48107118248299
298.20515855791956	10.457394059951184
269.3085708205493	-18.439193677419098
284.7882331728636	-2.959531325104763
240.35674639194832	-47.391018106020056
260.40387017824315	-27.343894319725223
270.16823500499805	-17.579529492970323
315.8109391809724	28.063174683004036
326.27198838805117	38.524223890082794
303.5652314209895	15.81746692302113
277.69318700078503	-10.054577497183345
331.56356194663596	43.81579744866758
270.98057494881715	-16.767189549151226
317.3060962609182	29.55833176294982
296.35972999804864	8.61196550008026
295.7021325222907	7.954368024322321
301.7185277537231	13.970763255754719
284.03606253286335	-3.7117019651050214
288.6050858400143	0.8573213420459069
288.05322536069644	0.3054608627280686
271.62721539054684	-16.12054910742154
276.8113205332359	-10.936443964732462
270.8439384086253	-16.903826089343056
289.4587237990366	1.7109593010682147
313.4088907604185	25.661126262450125
294.2994764351336	6.551711937165237
271.714360232729	-16.03340426523937
298.27313418763725	10.525369689668878
269.73801737050445	-18.009747127463925
249.60395419452317	-38.14381030344521
295.9436495097055	8.195885011737118
299.7106128655599	11.962848367591505
297.64590575613175	9.898141258163378
262.5920671906518	-25.155697307316586
337.8892909356094	50.141526437641005
299.77819718103484	12.030432683066465
310.1672570860558	22.41949258808745
236.18695886650158	-51.56080563146679
320.7875697589355	33.039805260967114
296.42338126010355	8.675616762135178
287.38050580601185	-0.36725869195652194
310.65880677622255	22.911042278254172
266.0319016200977	-21.715862877870677
295.2880334362292	7.540268938260851
278.3268857686365	-9.42087872933189
262.3247934351405	-25.422971062827855
295.58385356779246	7.836089069824084
309.87842978869077	22.13066529072239
239.2285053840481	-48.51925911392027
235.45978569955543	-52.28797879841295
273.5549925387916	-14.192771959176753
287.4275728753585	-0.3201916226098547
279.68884921923956	-8.058915278728819
265.4638770643235	-22.28388743364485
310.88682197105874	23.13905747309036
317.78082426944667	30.033059771478293
273.9992103088901	-13.748554189078277
297.1554482889499	9.407683790981537
291.24104652554007	3.493282027571695
295.57774030490174	7.829975806933362
262.47989869257646	-25.26786580539192
289.47683962018556	1.729075122217182
312.41733192501334	24.669567427044967
297.5355248983272	9.78776040035882
329.52964205891686	41.78187756094849
283.07072350758455	-4.67704099038383
267.42914959525143	-20.318614902716945
284.35404456063617	-3.3937199373322073
278.114632551997	-9.6331319459714
263.0558243698927	-24.691940128075657
274.1999735088778	-13.547790989090572
319.42142502391863	31.673660525950254
311.0629319761377	23.315167478169315
329.2685494515047	41.52078495353635
296.5818302852734	8.834065787305008
289.1831450494522	1.4353805514838314
256.49548880779395	-31.25227569017443
331.9002035641336	44.15243906616524
272.34428971770313	-15.403474780265242
291.5508815171509	3.8031170191825368
301.34052708238806	13.592762584419688
264.2080751210763	-23.539689376892056
323.8765368126063	36.1287723146379
310.0178770546648	22.270112556696404
328.6316071081986	40.883842610230204
270.0695453712272	-17.67821912674117
270.5242076846501	-17.223556813318282
293.27398969696	5.526225198991597
297.05571663145594	9.30795213348756
285.0290333829783	-2.718731114990078
276.77945582439344	-10.968308673574938
279.2083403664022	-8.539424131566193
246.11746315121337	-41.630301346755004
280.2536638083423	-7.494100689626066
224.141900619625	-63.60586387834337
305.2594296722403	17.51166517427191
308.1304532192756	20.382688721307204
267.9387486615472	-19.809015836421167
298.6844039313458	10.936639433377422
335.3265284181419	47.578763920173515
285.89979343593797	-1.8479710620304104
307.88222583488306	20.134461336914683
297.2678179686357	9.520053470667335
300.5311745418897	12.783410043921322
304.3818316961718	16.63406719820341
269.3444936851177	-18.40327081285068
293.1906338914726	5.442869393504225
302.22985487753095	14.482090379562578
297.17908610876685	9.431321610798477
334.2242197396284	46.476455241660005
290.26445810642537	2.5166936084569898
298.66061297175685	10.912848473788472
330.8434231200102	43.09565862204181
310.96729410393374	23.219529605965363
299.77625556280174	12.02849106483336
268.6249771770984	-19.122787320869975
288.73472543314193	0.9869609351735562
302.02383026704985	14.27606576908147
282.0360340306382	-5.711730467330199
306.15642187791155	18.40865737994318
275.61208790014126	-12.135676597827114
306.3696024596596	18.6218379616912
323.1423267003432	35.3945622023748
301.9786936311887	14.230929133220343
268.3763729634541	-19.37139153451426
279.7253854079484	-8.022379090019967
271.6442008934121	-16.103563604556257
301.03667190084735	13.288907402878976
263.21662349024183	-24.531141007726546
248.91964059640515	-38.82812390156323
298.9513047259555	11.203540227987105
282.9561525610064	-4.791611936961999
306.29340371526115	18.545639217292774
277.18300837709313	-10.564756120875245
307.8684121145655	20.120647616597125
329.1366827057521	41.38891820778372
321.9151631144653	34.16739861649694
300.4834130178518	12.735648519883398
306.85129396096664	19.103529462998267
306.20262498338917	18.454860485420795
299.3554665836585	11.607702085690107
274.5139266041536	-13.23383789381478
314.41272523980507	26.664960741836694
236.8494859150399	-50.89827858292847
287.52018095820887	-0.2275835397595074
247.01944893715182	-40.728315560816554
313.34838062897535	25.600616131006973
317.29812971296116	29.55036521499278
279.0879987204701	-8.65976577749825
278.67818708844635	-9.069577409522026
282.0788772224353	-5.668887275533052
258.2087183009883	-29.539046196980053
272.7247372326113	-15.023027265357086
336.5750184477386	48.82725394977024
304.0943009313799	16.34653643341153
296.5379354100317	8.790170912063331
295.8110111885201	8.06324669055175
299.0231819150088	11.275417417040444
292.2108724710727	4.463107973104343
280.94162738963706	-6.806137108331313
328.88881019311003	41.141045695141656
268.2767271483047	-19.471037349663675
318.5611507438319	30.813386245863512
308.0511096355934	20.303345137625
277.1028390789018	-10.644925419066567
271.9657146092671	-15.782049888701295
303.6566702827134	15.908905784745002
286.03070320892067	-1.717061289047706
277.61551726592216	-10.132247232046211
266.49854533426907	-21.24921916369931
275.9246911878311	-11.82307331013726
276.80456430715486	-10.943200190813513
279.30826048372757	-8.43950401424081
290.0748098825009	2.327045384532539
308.25739774243476	20.509633244466386
275.7147575502625	-12.033006947705871
307.6310591747045	19.883294676736114
264.76920392457606	-22.978560573392315
300.2276035672133	12.479839069244917
285.1722504664088	-2.575514031559578
