Hf	deltaHf ref=-8.510073985857773
-21.334006082401785	-12.823932096544013
-11.087346904566104	-2.5772729187083314
-7.010305932014191	1.4997680538435816
-3.3563760880685294	5.153697897789243
-13.963741246571473	-5.453667260713701
-6.453659392293659	2.0564145935641136
-20.509108641603845	-11.999034655746073
-29.0597437827643	-20.549669796906528
-26.052811593003455	-17.542737607145682
-19.57483056487824	-11.064756579020468
-3.626741380631458	4.883332605226315
-11.479415273974766	-2.9693412881169934
-6.218837926052103	2.2912360598056694
-15.070635639462736	-6.560561653604964
0.810049960596487	9.32012394645426
9.02489905641717	17.53497304227494
-8.69034319968766	-0.18026921382988803
-0.41326935949898314	8.09680462635879
-21.029011541203246	-12.518937555345474
-40.34211464559182	-31.832040659734048
-0.9710635595589991	7.539010426298773
-22.455565086577437	-13.945491100719664
-11.383036325769964	-2.872962339912192
-19.73943510841916	-11.229361122561386
5.550031734568009	14.060105720425781
-26.385316489021235	-17.875242503163463
14.287825078299036	22.79789906415681
-37.66597441717447	-29.155900431316695
-9.862047372164554	-1.3519733863067813
-11.603748406789848	-3.093674420932075
-7.636532569584844	0.8735414162729285
-14.739293365423393	-6.22921937956562
-13.93678630451602	-5.426712318658247
-6.551827112944622	1.9582468729131506
-14.544578476900526	-6.034504491042753
-17.95310101665079	-9.443027030793019
-10.549992234683188	-2.0399182488254155
-17.889360464255034	-9.379286478397262
-19.081490708075464	-10.571416722217691
-23.573164772355696	-15.063090786497924
24.108166549037676	32.61824053489545
-2.4905055727983125	6.01956841305946
-27.658102011756156	-19.148028025898384
-17.709666088234982	-9.19959210237721
2.6759705484976877	11.18604453435546
-21.167134769228753	-12.65706078337098
-1.239371310276212	7.2707026755815605
-6.610246706758218	1.8998272790995543
-24.477054451487376	-15.966980465629604
-20.965351167830406	-12.455277181972633
3.864023759483942	12.374097745341714
-34.1009889468957	-25.590914961037925
2.7654986255614205	11.275572611419193
-0.23121544938901195	8.27885853646876
0.3406509153385997	8.850724901196372
-0.6051385718498494	7.904935414007923
1.6089969303896652	10.119070916247438
-6.322417699612444	2.1876562862453284
6.413113007499604	14.923186993357376
15.417919715272845	23.927993701130617
32.42618971680652	40.93626370266429
-12.284316212125006	-3.7742422262672335
-1.420475112838787	7.089598873018986
-5.596407005007379	2.913666980850394
-1.1944779274896717	7.315596058368101
-8.9339845653855	-0.42391057952772826
-22.508677036505716	-13.998603050647944
-10.612729191267746	-2.102655205409974
-14.265843946658308	-5.755769960800535
-16.607498863745306	-8.097424877887534
-15.212162020904245	-6.702088035046472
6.780149916633789	15.290223902491562
-10.200290585064678	-1.6902165992069058
-2.1947993674081516	6.315274618449621
-18.990785634644155	-10.480711648786382
-21.14021826361993	-12.630144277762156
-27.015672408012207	-18.505598422154435
-0.9939345517311011	7.516139434126671
-15.982636816571059	-7.4725628307132865
-4.099631973102689	4.410442012755084
-16.923071181056613	-8.412997195198841
-4.003481440468633	4.50659254538914
-31.41254140496737	-22.9024674191096
-2.438624373648665	6.071449612209108
11.486499892972759	19.99657387883053
-6.66283334961615	1.8472406362416223
10.286696884274832	18.796770870132605
-8.218490202842688	0.2915837830150849
-27.466225383829325	-18.956151397971553
-16.69884519967006	-8.188771213812288
-4.0893554494584095	4.420718536399363
-3.5481710285500156	4.961902957307757
-20.862330720589554	-12.352256734731782
-10.443594285036554	-1.933520299178781
-12.826247738714912	-4.316173752857139
-26.863001329399296	-18.352927343541523
-0.8087358095478265	7.701338176309946
19.326627753023175	27.836701738880947
-2.8865046630859723	5.6235693227718
-8.594006856856751	-0.08393287099897861
9.43083415431768	17.940908140175452
-24.766036913770833	-16.25596292791306
15.278274775514845	23.788348761372617
-1.4856136756540508	7.024460310203722
13.307077084983874	21.817151070841646
-17.183381980209262	-8.67330799435149
7.687125218394911	16.197199204252684
9.869364385845373	18.379438371703145
-23.691745045504533	-15.18167105964676
-1.5766316754567669	6.933442310401006
-23.99910697978764	-15.489032993929868
10.079090834350907	18.58916482020868
-17.289441263591172	-8.7793672777334
4.2664076397589525	12.776481625616725
16.263372991397162	24.773446977254935
1.4773613873433789	9.987435373201151
-32.09010690366692	-23.58003291780915
-29.288697665845277	-20.778623679987504
-4.3799259569829445	4.130148028874828
-9.326915170877939	-0.8168411850201664
-20.187231407665124	-11.677157421807351
-8.04007338403305	0.47000060182472225
-16.800969556982338	-8.290895571124565
-8.58868212115037	-0.07860813529259758
-19.199834498079028	-10.689760512221255
7.470371759295929	15.980445745153702
-4.503668297719443	4.006405688138329
-13.271414831132162	-4.76134084527439
11.55800937634497	20.068083362202742
10.468149153445964	18.978223139303736
-0.471363496643491	8.038710489214282
18.607539885483973	27.117613871341746
-11.394256607015151	-2.884182621157379
-18.913074017593928	-10.403000031736156
16.399459560841322	24.909533546699095
-12.817222282432951	-4.307148296575178
-32.312723847008485	-23.802649861150712
-17.791100131446612	-9.28102614558884
-33.92644958962471	-25.416375603766937
-3.891018139311811	4.619055846545962
9.793411554960883	18.303485540818656
-31.709652209913358	-23.199578224055585
-15.203741652706114	-6.6936676668483415
-0.6971199313890537	7.812954054468719
-19.34501536015584	-10.834941374298069
-8.033667223306722	0.47640676255105063
12.68649583123927	21.196569817097043
2.403509680825053	10.913583666682825
-43.253353776785545	-34.74327979092777
5.9125492452324835	14.422623231090256
-3.3365197561767417	5.173554229681031
-8.25385067223094	0.25622331362683326
-1.6616780635201138	6.848395922337659
-10.672860049908806	-2.1627860640510335
-44.07877329301543	-35.56869930715766
-16.81260406555218	-8.302530079694407
-11.387981538876076	-2.8779075530183036
-11.276915175924543	-2.7668411900667707
-23.52390988520044	-15.013835899342666
-1.6566023446181788	6.853471641239594
-21.588845622926485	-13.078771637068712
-11.048646495710884	-2.538572509853111
-22.48588442106545	-13.975810435207677
-27.147505536184937	-18.637431550327165
-14.046903188933967	-5.536829203076195
-21.24044283829123	-12.730368852433458
-23.617771714136936	-15.107697728279163
5.718342733412399	14.228416719270172
-12.862595922536158	-4.352521936678386
-1.8365807553533813	6.673493230504391
0.07885964709142002	8.588933632949193
-1.5718523541988105	6.938221631658962
5.61942225048854	14.129496236346313
-14.487464960137615	-5.977390974279842
2.5578736686469057	11.067947654504678
-3.9841443806114256	4.525929605246347
-18.877435983017378	-10.367361997159605
-6.284383833587228	2.225690152270545
36.027375011984375	44.53744899784215
-23.156966880040883	-14.646892894183111
-2.021214774239226	6.488859211618546
-8.609818202993367	-0.09974421713559423
-20.611116735814605	-12.101042749956832
-12.154001873201807	-3.6439278873440344
-9.806420441830298	-1.2963464559725253
-4.274904607733944	4.235169378123828
-22.82673907150881	-14.316665085651039
-23.836713483612286	-15.326639497754513
-7.573166118189576	0.9369078676681966
-28.284926473858533	-19.77485248800076
14.612574201254873	23.122648187112645
-35.0235182563453	-26.513444270487526
-0.22335089578398026	8.286723090073792
-10.895145564373408	-2.3850715785156353
-8.380574578700063	0.12949940715770936
-20.986210680309043	-12.47613669445127
-7.825182820769143	0.6848911650886294
2.6602005493653706	11.170274535223143
-4.483590314969362	4.02648367088841
-11.35391204899922	-2.8438380631414475
-10.496892509920755	-1.9868185240629828
-19.133783807567553	-10.623709821709781
6.3645737948784955	14.874647780736268
-8.829076750302804	-0.31900276444503106
-20.544489892909652	-12.03441590705188
-15.257900881243287	-6.747826895385515
18.471957043151022	26.982031029008795
-12.882183170481468	-4.372109184623696
-11.024244073913607	-2.5141700880558346
-3.9046635021046967	4.605410483753076
-11.938425579148927	-3.428351593291154
-8.434926840902946	0.07514714495482622
-6.580581180660985	1.9294928051967872
-17.220399030386645	-8.710325044528872
-18.373238232012838	-9.863164246155065
4.998452305258368	13.50852629111614
-19.961929037203546	-11.451855051345774
22.53694397502416	31.04701796088193
-9.931703458071453	-1.4216294722136809
-32.99805271433131	-24.487978728473536
-13.96865364443208	-5.458579658574308
-3.9356685718345688	4.574405414023204
-21.94799378125451	-13.437919795396738
2.1948240536979284	10.704898039555701
-41.440351026056916	-32.930277040199144
-14.02945277692622	-5.519378791068448
-9.301294217261486	-0.7912202314037131
-4.29156092298642	4.218513062871352
-6.263671837642207	2.246402148215566
0.22974109505896934	8.739815080916742
-12.864863327992381	-4.354789342134609
-9.23296965829347	-0.7228956724356976
-0.7055871547169517	7.804486831140821
-6.3403731350305605	2.169700850827212
-1.2102909490246674	7.299783036833105
-13.5959501635122	-5.085876177654427
8.673221268213936	17.18329525407171
-7.134746204425639	1.3753277814321336
-9.612890192435472	-1.1028162065776996
-2.6594821962905115	5.850591789567261
-13.343887568783131	-4.833813582925359
11.798735773186607	20.30880975904438
-5.760378065727011	2.749695920130762
-6.907194309901271	1.6028796759565012
13.64221865735756	22.152292643215333
-22.727517709038395	-14.217443723180622
8.730211088131298	17.24028507398907
35.71687572970707	44.22694971556484
-28.27059392512153	-19.76051993926376
3.4665039290224087	11.976577914880181
-15.467174289672286	-6.957100303814514
-18.316774158597283	-9.806700172739511
-10.184600796634797	-1.6745268107770244
19.86926175986021	28.37933574571798
2.173703962307016	10.683777948164789
-10.750915407280146	-2.240841421422374
-15.268920490078628	-6.758846504220855
14.496100830630283	23.006174816488056
-1.2027260638903243	7.307347921967448
-23.403589593025274	-14.893515607167501
13.602914269194414	22.112988255052187
-14.92746195187344	-6.417387966015667
-9.03932229563786	-0.5292483097800869
1.9855120753812372	10.49558606123901
-13.391229476347391	-4.881155490489618
-0.2540851954369572	8.255988790420815
-19.28863667773537	-10.778562691877596
8.544142828900775	17.054216814758547
-6.204816514302976	2.305257471554796
-15.641376347278012	-7.131302361420239
-22.0635942225678	-13.553520236710028
-3.5687732517805415	4.941300734077231
-6.763381836096116	1.7466921497616568
-13.73715041898383	-5.227076433126058
0.1699521060321132	8.680026091889886
-39.90560423903359	-31.39553025317582
-15.132359021427575	-6.622285035569803
0.21553035079280392	8.725604336650576
-28.565701766460435	-20.055627780602663
-2.9123760609042364	5.597697924953536
0.7956932412883617	9.305767227146134
-4.857253396509506	3.6528205893482664
-22.1064428621509	-13.596368876293127
-5.115579565634718	3.3944944202230545
-12.448096617471194	-3.9380226316134213
-1.7755795080126262	6.734494477845146
-3.348104151799518	5.1619698340582545
6.009977759636357	14.52005174549413
-7.650479994078225	0.8595939917795477
4.235372916747409	12.745446902605181
-32.92049981653388	-24.410425830676104
-2.8437498361642355	5.666324149693537
-3.825568753604486	4.6845052322532865
-6.000649394122476	2.5094245917352964
-16.574083451338694	-8.064009465480922
12.537909306006739	21.04798329186451
-20.740775779483258	-12.230701793625485
3.3191199281239534	11.829193913981726
4.492878106018296	13.002952091876068
-21.901371130411164	-13.391297144553391
0.17204223666642804	8.6821162225242
9.509905355243362	18.019979341101134
-19.478260172266047	-10.968186186408275
7.011545019562007	15.52161900541978
2.0209433222292574	10.53101730808703
-1.9067271749560604	6.603346810901712
-1.6253576723144505	6.884716313543322
-5.003518672656966	3.5065553132008063
-13.94691458509321	-5.436840599235438
-16.819713159461273	-8.3096391736035
-10.081228455503762	-1.5711544696459896
-16.516119176577078	-8.006045190719306
13.228761926347332	21.738835912205104
-17.12186486320995	-8.611790877352178
-16.553672782899113	-8.04359879704134
-14.131648697261582	-5.6215747114038095
-15.896450474964396	-7.386376489106624
-15.938521186214231	-7.428447200356459
-12.21592910036695	-3.705855114509177
11.81564419973013	20.325718185587903
1.9915368154282334	10.501610801286006
-9.576829107577097	-1.066755121719325
0.6181559909485514	9.128229976806324
-7.109173177090881	1.4009008087668917
-30.953781515960756	-22.443707530102984
-16.496758960620966	-7.986684974763193
-9.414029530319269	-0.9039555444614962
-8.329081631175242	0.18099235468253028
-28.036357279471005	-19.526283293613233
-40.13373389915493	-31.62365991329716
-27.51434142479836	-19.004267438940587
-14.183142422331613	-5.673068436473841
-49.072848118794965	-40.56277413293719
-7.497853353187267	1.0122206326705054
-35.39445278895134	-26.88437880309357
-5.969441151185194	2.5406328346725786
-22.950907817754953	-14.44083383189718
17.353275344499096	25.86334933035687
1.0957785192034208	9.605852505061193
-4.824247448098205	3.685826537759567
-17.201844733052596	-8.691770747194823
-0.31331137609656423	8.196762609761208
-14.332329024790553	-5.822255038932781
10.27289252778003	18.782966513637803
-12.788303920093924	-4.278229934236151
-33.52733902821335	-25.017265042355575
-7.79155326286552	0.7185207229922526
-26.765411961456877	-18.255337975599105
-4.596031211939291	3.9140427739184815
-11.853698268362379	-3.3436242825046065
9.91993688945088	18.430010875308653
13.13666368264542	21.646737668503192
-12.837796012911596	-4.327722027053824
-14.681458015173732	-6.171384029315959
5.388667202397599	13.898741188255372
-22.544983935583033	-14.034909949725261
-34.02649482245458	-25.516420836596808
-13.240115996199776	-4.730042010342004
5.358873544220231	13.868947530078003
-6.403914564868202	2.10615942098957
-23.489054454276513	-14.97898046841874
-18.851192684331792	-10.34111869847402
0.42692689092230296	8.937000876780075
-14.710812902249629	-6.200738916391856
-4.26829324915586	4.241780736701912
-25.008449746933067	-16.498375761075295
-4.917421670001815	3.5926523158559576
-16.332090771783143	-7.822016785925371
-1.186936510811094	7.3231374750466784
-41.6236685360315	-33.11359455017373
3.7983992984694197	12.308473284327192
-13.125789080605202	-4.615715094747429
-7.63096383698273	0.8791101488750428
1.8425063550997294	10.352580340957502
-16.76645182352938	-8.256377837671607
-3.6323661069806548	4.877707878877118
17.952233451785403	26.462307437643176
10.008189466042793	18.518263451900566
-15.948147854277224	-7.438073868419451
-19.554579594067647	-11.044505608209874
-35.1071158626916	-26.597041876833828
3.3896730922236458	11.899747078081418
-7.350009638769436	1.160064347088337
8.28952295601205	16.799596941869822
-0.1521120273870764	8.357961958470696
-10.82802523740672	-2.3179512515489478
-10.600216681272897	-2.0901426954151248
-26.494553329485527	-17.984479343627754
6.514404269098421	15.024478254956193
-0.5050473859998164	8.005026599857956
-11.021325773607415	-2.511251787749643
-18.09136503823963	-9.581291052381857
-9.981403230359021	-1.4713292445012485
2.6242468047160656	11.134320790573838
-21.2209785092097	-12.710904523351928
-7.858859385593561	0.6512146002642112
-13.461141096745152	-4.951067110887379
-21.882991302449838	-13.372917316592066
-13.056807221849041	-4.546733235991269
-30.565478774548566	-22.055404788690794
24.48637267079478	32.99644665665255
-5.171982121927314	3.338091863930458
5.057745816196373	13.567819802054146
-1.5332129287677816	6.976861057089991
-33.32923111733241	-24.81915713147464
-23.998463111701014	-15.488389125843241
-19.460625394135306	-10.950551408277533
0.06232934726297401	8.572403333120747
-1.1658915772174367	7.344182408640336
-22.739641933538834	-14.229567947681062
25.37627932723565	33.88635331309342
2.01501695601776	10.525090941875533
-7.784446748741786	0.7256272371159866
-16.056435615614348	-7.546361629756575
-15.918229801482696	-7.408155815624923
-19.768492101055628	-11.258418115197856
-15.270512840343756	-6.760438854485983
-27.102405575945042	-18.59233159008727
16.95511821857083	25.465192204428604
-16.504849289570004	-7.994775303712231
-19.715290370321483	-11.20521638446371
-0.746862367636524	7.7632116182212485
-38.47640450963506	-29.966330523777287
-24.390853045243304	-15.880779059385532
-26.53524613407778	-18.02517214822001
-7.2100357841961085	1.300038201661664
20.475010690471507	28.98508467632928
-39.218806213550735	-30.708732227692963
-32.78023266548978	-24.270158679632004
-20.80871607003489	-12.298642084177118
-13.647697399076307	-5.1376234132185346
-24.864155966203427	-16.354081980345654
-9.851295901197474	-1.3412219153397018
-2.820156768150511	5.689917217707261
-16.918616034262115	-8.408542048404342
-4.655929895223991	3.854144090633781
-28.782032959873206	-20.271958974015433
-7.1669998304247855	1.343074155432987
3.7843827263671557	12.294456712224928
-48.79398105764692	-40.283907071789145
-13.836332306764845	-5.326258320907073
-13.080416252731695	-4.570342266873922
-13.525048648848198	-5.014974662990426
-24.059713009378058	-15.549639023520285
-40.31805358944682	-31.807979603589047
9.569099194402341	18.079173180260113
-6.769474857061752	1.7405991287960205
-1.9858214369129854	6.524252548944787
-6.103908006739104	2.4061659791186685
-18.310391108553333	-9.80031712269556
0.28017004228907183	8.790244028146844
9.647939179444919	18.15801316530269
-16.61451360843482	-8.104439622577047
-24.563236756742	-16.053162770884228
-32.93089470438706	-24.420820718529285
-1.1068891111905685	7.403184874667204
-16.378947204186872	-7.8688732183290995
3.1119909801521572	11.62206496600993
-6.188892364411615	2.321181621446158
1.7500919351035265	10.260165920961299
-3.9560868610466713	4.553987124811101
4.1637099196480705	12.673783905505843
-2.628159510638099	5.8819144752196735
-5.937705282489944	2.572368703367829
-6.110246461107337	2.3998275247504353
-1.478241714740463	7.03183227111731
-12.100395476173318	-3.590321490315546
1.6673954308019603	10.177469416659733
1.7331605259781355	10.243234511835908
3.7647212465411286	12.274795232398901
-3.319230451616633	5.190843534241139
-14.407888553175027	-5.897814567317255
-12.264277872524573	-3.754203886666801
-11.172612079634447	-2.662538093776675
0.6624697391992669	9.17254372505704
-9.325314163030882	-0.8152401771731093
-19.716774263772706	-11.206700277914933
-4.568379957735189	3.9416940281225834
-23.709039246049244	-15.198965260191471
-2.0352493552824598	6.474824630575313
6.9649591309674435	15.475033116825216
-27.623266943625524	-19.11319295776775
-10.048585458844784	-1.538511472987011
-25.381410140708496	-16.871336154850724
-2.074183270215755	6.435890715642017
-24.85616868005006	-16.34609469419229
-16.09752828262269	-7.587454296764918
-8.214503436761035	0.2955705490967375
-11.329193196081789	-2.8191192102240166
1.7375317938379595	10.247605779695732
-13.513212668182561	-5.0031386823247885
-21.73280962631968	-13.222735640461906
0.9384868762602565	9.448560862118029
-19.126187512109638	-10.616113526251866
-25.294828691007453	-16.78475470514968
-9.660776729859819	-1.1507027440020465
2.8271879081761	11.337261894033873
8.491000415287388	17.00107440114516
-17.370983117489843	-8.86090913163207
12.998305156728136	21.50837914258591
-9.876849550387007	-1.3667755645292345
5.2805592840698665	13.790633269927639
2.22826689710503	10.738340882962802
2.138828480772034	10.648902466629806
1.740724272585183	10.250798258442956
-1.706274915367132	6.803799070490641
-1.612229747185367	6.8978442386724055
-5.643906434405537	2.866167551452236
-7.387921904625429	1.1221520812323433
-20.251271336445527	-11.741197350587754
-30.13760739355773	-21.627533407699957
-11.996753041571239	-3.4866790557134664
-1.3811946020038448	7.128879383853928
0.6517362302577823	9.161810216115555
-12.391797722590738	-3.8817237367329653
12.101888580265339	20.61196256612311
-11.986746541759814	-3.4766725559020415
-8.92094717411662	-0.4108731882588472
-7.0064370803271885	1.503636905530584
-0.48760855085554056	8.022465435002232
-7.773113466323295	0.7369605195344775
-6.486918562583625	2.0231554232741473
-30.354994962520024	-21.84492097666225
2.368512722215499	10.878586708073271
-18.823281325113086	-10.313207339255314
-7.87940658982977	0.6306673960280023
30.39223039546353	38.9023043813213
-6.653445309927221	1.8566286759305513
-18.723923432099284	-10.213849446241511
-7.7884026032740366	0.721671382583736
8.452318051760201	16.962392037617974
-15.51171895063878	-7.001644964781008
0.3227770694678185	8.832851055325591
-23.588099553057575	-15.078025567199802
-4.238849926198483	4.271224059659289
-4.592433323876932	3.9176406619808404
-5.660314490826451	2.8497594950313214
7.80678931487212	16.316863300729892
8.720506702021638	17.23058068787941
4.491466708280612	13.001540694138384
-27.056009042670368	-18.545935056812596
-0.8942375717276008	7.615836414130172
-0.3848028266044565	8.125271159253316
-16.73538512039947	-8.225311134541698
-18.383662407254334	-9.873588421396562
-9.360828679488506	-0.8507546936307335
-11.605552899560891	-3.0954789137031185
-23.39059936004621	-14.880525374188437
-6.637569399933156	1.8725045859246165
-10.136757754324819	-1.6266837684670463
-27.477503731916542	-18.96742974605877
3.364172254291887	11.87424624014966
-13.03435627723654	-4.524282291378768
1.945563084732683	10.455637070590456
-14.727590714214486	-6.217516728356713
-0.007749719207524208	8.502324266650248
6.0903696303970065	14.600443616254779
-8.977604756216053	-0.4675307703582803
16.643340214136813	25.153414199994586
-21.46570867700636	-12.955634691148589
-23.149131058966915	-14.639057073109143
-13.79368853354815	-5.283614547690377
-31.870984243531595	-23.360910257673822
-6.909224889369099	1.6008490964886732
5.547937098653463	14.058011084511236
-27.18163894585875	-18.67156496000098
9.497929956519627	18.0080039423774
6.168547031574533	14.678621017432306
-11.48370683389355	-2.973632848035777
-11.47877619168564	-2.968702205827867
-6.619306123310409	1.8907678625473636
-25.45122060972487	-16.9411466238671
-21.501283873931854	-12.991209888074081
-19.567404491343652	-11.05733050548588
0.7924213823019528	9.302495368159725
-0.6044050865718162	7.905668899285956
1.6860945580004483	10.19616854385822
-8.287130352230335	0.22294363362743752
-5.683227258396684	2.8268467274610884
8.068300969567034	16.578374955424806
3.6730322568940466	12.183106242751819
-13.414600144690368	-4.904526158832596
-6.838321108098782	1.6717528777589905
10.966915347674629	19.4769893335324
-12.795029309349658	-4.284955323491886
-0.000205740358680373	8.509868245499092
-3.781409547668474	4.728664438189298
-13.538848549764836	-5.028774563907064
3.8584858011411853	12.368559786998958
-7.184559068079281	1.3255149177784915
8.840780982161348	17.35085496801912
0.06690373602334887	8.576977721881121
-12.01447797900316	-3.504403993145388
-20.036190141600557	-11.526116155742784
-16.415431153964775	-7.9053571681070025
5.410613092567772	13.920687078425544
-6.881809219576709	1.6282647662810632
-24.836152962311346	-16.326078976453573
9.394195005431655	17.904268991289428
-7.106880207026435	1.4031937788313371
-36.53255043967208	-28.022476453814306
18.11691054558044	26.62698453143821
-13.458070692857902	-4.947996707000129
-1.4000484381946734	7.110025547663099
-9.96100355786318	-1.450929572005407
3.324447334557888	11.83452132041566
6.921593967413472	15.431667953271244
-0.28443201151519304	8.22564197434258
-28.86165924170625	-20.351585255848477
-21.5594899569666	-13.049415971108829
-33.08830118086614	-24.578227195008367
-2.146776436839602	6.363297549018171
-4.68909871286148	3.820975272996293
-13.678692338133871	-5.1686183522760984
-19.926665611001837	-11.416591625144065
-23.267438631960133	-14.75736464610236
-11.27606999750121	-2.7659960116434377
9.003695502749295	17.513769488607068
-31.781871232535806	-23.271797246678034
-4.016295804471767	4.493778181386006
-12.200464923033607	-3.6903909371758346
-11.779923160717473	-3.2698491748597007
-8.839667136974342	-0.32959315111656906
-10.898446193565789	-2.3883722077080165
-16.23640482099715	-7.726330835139379
6.641648155865667	15.15172214172344
-16.071954508425435	-7.561880522567662
-6.214625861201668	2.2954481246561045
17.609844018620905	26.119918004478677
-15.377150152821443	-6.86707616696367
-18.948384877094824	-10.438310891237052
-10.74557263181184	-2.235498645954067
-30.162357267236686	-21.652283281378914
-0.8421993040434899	7.667874681814283
-24.31146912532556	-15.801395139467786
-7.346896016457933	1.1631779693998396
-12.335578581315232	-3.82550459545746
6.672982009276282	15.183055995134055
-11.065194598577975	-2.555120612720202
4.529991135193384	13.040065121051157
-30.785357629979146	-22.275283644121373
2.979586247510568	11.48966023336834
-3.40233531447727	5.107738671380503
-14.297886392782559	-5.787812406924786
-6.688303030595009	1.821770955262764
-6.002512051648111	2.5075619342096616
5.365470715495874	13.875544701353647
-23.460098553205782	-14.95002456734801
-12.024138048128108	-3.514064062270336
13.10186009899492	21.61193408485269
-43.439731244213064	-34.92965725835529
-6.052057438163203	2.4580165476945695
-39.6643818591662	-31.154307873308426
-10.888433771095762	-2.37835978523799
-10.740175312498351	-2.230101326640579
1.9323266188615236	10.442400604719296
-24.01472307229112	-15.504649086433346
-33.285431390348705	-24.775357404490933
-31.358058924827375	-22.847984938969603
16.758008989472117	25.26808297532989
-2.541131945251138	5.968942040606635
-10.270200332565466	-1.7601263467076933
8.625864881093847	17.13593886695162
-7.3756410915417945	1.134432894315978
-6.134820751006075	2.375253234851698
-5.872347201777913	2.6377267840798595
-25.223811668071605	-16.713737682213832
-10.461368731998547	-1.9512947461407748
-22.38451556407078	-13.874441578213009
-15.412459792726324	-6.902385806868551
5.59538933409506	14.105463319952833
-10.166747077561624	-1.6566730917038512
-8.73464250446402	-0.22456851860624738
-5.089986128729535	3.4200878571282374
-11.459535951810423	-2.9494619659526506
-12.556240480979497	-4.046166495121724
-18.289584453207382	-9.77951046734961
10.909032485043397	19.41910647090117
-15.210204862739076	-6.700130876881303
-9.995400370212039	-1.4853263843542663
-22.951878056552843	-14.44180407069507
-4.11664529332181	4.393428692535963
0.9357508193528048	9.445824805210577
-39.492819975607446	-30.982745989749674
-4.268764096847619	4.241309889010154
-26.06900268188899	-17.558928696031217
-0.13436038773640746	8.375713598121365
7.958195391390589	16.46826937724836
-34.86180316851521	-26.351729182657436
12.552363240410457	21.06243722626823
8.430510248096951	16.940584233954723
-14.302198421541718	-5.792124435683945
-7.696346007109852	0.8137279787479201
7.444511314849777	15.95458530070755
10.25902726310899	18.769101248966763
-18.454227019171114	-9.944153033313341
-12.233098483219393	-3.723024497361621
-6.556896956779994	1.9531770290777786
16.584996509907185	25.095070495764958
-29.82474966480065	-21.314675678942876
-7.86189533711574	0.6481786487420322
-24.688790075565223	-16.17871608970745
-2.2933512646601883	6.216722721197584
-21.881987719837227	-13.371913733979454
5.429379462965997	13.93945344882377
-17.059211953147198	-8.549137967289425
-2.517709776355943	5.9923642095018295
-3.7610031720366095	4.749070813821163
-12.495930880930857	-3.985856895073084
-33.67137646452163	-25.161302478663856
-0.09538601245428424	8.414687973403488
-27.09602422754385	-18.585950241686078
-8.193422609828005	0.31665137602976756
-22.730581790154858	-14.220507804297085
11.761355028046935	20.271429013904708
-0.5933154515484347	7.916758534309338
-6.611169565742486	1.8989044201152865
-27.947733657882665	-19.437659672024893
-17.20096577072097	-8.690891784863197
-26.261210478722816	-17.751136492865044
-16.812812477529107	-8.302738491671334
-6.295489892134967	2.214584093722806
-8.262460486902157	0.2476134989556158
-10.834913213588763	-2.3248392277309904
-10.704908076154126	-2.1948340902963537
-14.57163204877422	-6.061558062916447
-34.360397468412586	-25.850323482554813
-10.683558505571156	-2.1734845197133836
-31.62007817810506	-23.11000419224729
22.626049652276677	31.13612363813445
8.841595606735908	17.35166959259368
5.582203650377167	14.09227763623494
-10.926747404290538	-2.416673418432765
0.6028379601223861	9.112911945980159
19.379812489419535	27.889886475277308
-35.92080589780805	-27.41073191195028
-21.794330102148407	-13.284256116290635
-9.408103513441048	-0.8980295275832759
2.449195310818439	10.959269296676212
-17.88016542555549	-9.370091439697717
-3.4022332539285998	5.107840731929173
2.8994331544266316	11.409507140284404
3.6861489835531103	12.196222969410883
2.15299065844313	10.663064644300903
-38.83797905191447	-30.3279050660567
-5.322426321127452	3.1876476647303207
-18.613963552500238	-10.103889566642465
-32.48993796892016	-23.979863983062387
-7.376547523552901	1.1335264623048715
-21.563456620887038	-13.053382635029266
-6.443077719461755	2.0669962663960177
-5.414945168970618	3.0951288168871542
-13.549111949589744	-5.039037963731971
-1.8212163444010656	6.688857641456707
-30.487401589071553	-21.97732760321378
-26.89522547409858	-18.38515148824081
-23.191811638190003	-14.681737652332231
-8.19250109528791	0.3175728905698634
-3.0597988374471896	5.450275148410583
19.563243342100876	28.073317327958648
-3.688989510625717	4.821084475232055
2.317593186005368	10.82766717186314
-10.956462281643937	-2.4463882957861642
-18.550435621790413	-10.04036163593264
-3.5584218335977056	4.951652152260067
-17.9862103574457	-9.476136371587927
-1.2279597061102976	7.282114279747475
-9.78889027051325	-1.278816284655477
2.42453085496102	10.934604840818793
2.7036541979499162	11.213728183807689
9.608115001060767	18.11818898691854
-7.139387928215612	1.3706860576421604
-4.132585618889308	4.377488366968464
-57.594493866676814	-49.08441988081904
-21.33322836381255	-12.82315437795478
4.700119308271795	13.210193294129567
-15.459522776026162	-6.94944879016839
-11.260137499729055	-2.7500635138712823
-8.342910690128221	0.16716329572955146
-20.454177872514876	-11.944103886657103
4.618409955382347	13.12848394124012
-14.670099120642291	-6.160025134784519
2.616100739901711	11.126174725759483
-4.337430430835113	4.17264355502266
-3.0317663551292497	5.478307630728523
-0.0214565793982473	8.488617406459525
-13.337268576546805	-4.827194590689032
-45.218612184388505	-36.70853819853073
5.101769609197916	13.611843595055689
-35.19415572844143	-26.684081742583658
-3.1689165982649428	5.34115738759283
-21.560099469756707	-13.050025483898935
16.707757836763747	25.21783182262152
-1.9940056957608903	6.516068290096882
-9.338473770058656	-0.828399784200883
-10.017972547841666	-1.5078985619838932
-22.55525210884359	-14.045178122985817
-8.690695659327204	-0.1806216734694317
-10.449769316616468	-1.9396953307586955
7.261832520150463	15.771906506008236
-9.766042485611862	-1.2559684997540899
-15.241954869966023	-6.73188088410825
-6.902098620132776	1.6079753657249967
-0.9338509141349931	7.576223071722779
-7.0068825864188256	1.503191399438947
-16.436770008495543	-7.9266960226377705
14.49506810380565	23.005142089663423
-11.030923699324077	-2.520849713466305
-36.92134067164868	-28.411266685790906
-15.805147304822341	-7.295073318964569
-14.40362869024527	-5.893554704387498
-8.545963530978653	-0.03588954512088094
-17.273599537974107	-8.763525552116334
-9.70469069049129	-1.1946167046335177
9.498956010345253	18.009029996203026
-8.232697890588199	0.27737609526957385
-3.1356392088606952	5.374434776997077
-36.25616864372266	-27.746094657864887
-22.17938940704032	-13.669315421182546
6.3633765681691585	14.873450554026931
3.884571956902917	12.39464594276069
5.525120970024844	14.035194955882616
-8.497853446923429	0.012220538934343494
-15.96508051840344	-7.455006532545667
-8.604830147084314	-0.09475616122654174
-8.747105718390841	-0.23703173253306886
-44.91777632071596	-36.407702334858186
-6.773942839685944	1.7361311461718287
-18.40091607479978	-9.890842088942009
-0.1764925245703779	8.333581461287395
-16.322604688296153	-7.81253070243838
6.14746394785773	14.657537933715503
7.182431838769233	15.692505824627005
-11.583412476295663	-3.073338490437891
-17.811512666016526	-9.301438680158753
-11.353748757163586	-2.843674771305814
-13.225257905182545	-4.715183919324772
0.28249235888081614	8.792566344738589
-3.4525576299753737	5.057516355882399
-15.838044093336677	-7.3279701074789045
-5.8840917941094375	2.625982191748335
-9.134653772915655	-0.6245797870578826
-28.24779266510147	-19.7377186792437
9.339825744307134	17.849899730164907
-5.0514330278935375	3.458640957964235
-2.6329575454116565	5.877116440446116
-4.370066994623514	4.140006991234259
-11.423001689047553	-2.91292770318978
-26.104141210326517	-17.594067224468745
4.22877964537777	12.738853631235543
7.555449460781645	16.065523446639418
16.748905533069163	25.258979518926935
-22.832210118741088	-14.322136132883315
-15.897651377574832	-7.387577391717059
2.9133337517226465	11.423407737580419
-3.7510834153769537	4.758990570480819
11.106342213158612	19.616416199016385
-13.871234084971249	-5.3611600991134765
-25.581823676632368	-17.071749690774595
12.313144669754664	20.823218655612436
-2.0923647270362125	6.41770925882156
-21.79633122987859	-13.286257244020817
-6.8257742077736765	1.684299778084096
7.6653198423476425	16.175393828205415
3.2514705484603184	11.76154453431809
-15.171184098548721	-6.661110112690949
-1.5924277632044976	6.917646222653275
4.129179494669486	12.639253480527259
-36.87316442900617	-28.363090443148394
-14.65953569193941	-6.149461706081638
-10.102544318445027	-1.5924703325872542
-6.074151993587904	2.4359219922698685
-2.29640177800745	6.213672207850323
-19.941356919149868	-11.431282933292096
8.963571466275724	17.473645452133496
-14.972011112634092	-6.46193712677632
-47.469215910995146	-38.959141925137374
-10.772385369779542	-2.2623113839217694
-21.314059448338114	-12.803985462480341
-5.499779588612611	3.0102943972451612
4.220301230382873	12.730375216240645
23.889633503920166	32.39970748977794
-25.27007908984949	-16.760005103991716
-6.522518319256662	1.9875556666011107
-14.726479178218753	-6.21640519236098
-5.144660170936433	3.3654138149213395
-26.02934815382166	-17.519274167963886
-36.53542226899724	-28.025348283139465
-3.274319193453877	5.235754792403895
-3.230647333581757	5.279426652276015
-9.831121603838866	-1.321047617981094
-0.4488015993380685	8.061272386519704
-32.3461893154569	-23.836115329599124
24.064668823829678	32.57474280968745
-0.6021081370387691	7.907965848819003
-29.692452155399835	-21.182378169542062
-26.969663882355846	-18.459589896498073
-29.098583751966245	-20.588509766108473
-15.53730939664517	-7.027235410787398
-16.768167228376726	-8.258093242518953
-4.009221894881804	4.500852090975968
-16.022609084135794	-7.512535098278022
-16.910640483362542	-8.40056649750477
3.6342460686895066	12.14432005454728
14.788988165305753	23.299062151163525
1.7197229363694788	10.229796922227251
3.637338982301415	12.147412968159188
-16.1786091515866	-7.6685351657288265
4.448476947003044	12.958550932860817
-0.13934241528902191	8.37073157056875
-3.4116431391054647	5.098430846752308
-0.9514051877819583	7.558668798075814
-32.23850044604903	-23.72842646019126
-14.723632203150075	-6.213558217292302
-11.880464012302284	-3.370390026444511
-14.57754808795714	-6.067474102099368
-10.18179232233949	-1.6717183364817174
-8.361022804016713	0.1490511818410596
-20.159012293229054	-11.648938307371282
11.393254069818184	19.903328055675956
-41.285398695745855	-32.77532470988808
-27.741894009090785	-19.231820023233013
-37.17341239131626	-28.66333840545849
-24.276899240340455	-15.766825254482683
9.431866694463068	17.94194068032084
-14.491524592737434	-5.981450606879662
-0.5685018567861988	7.941572129071574
-11.111127650267619	-2.6010536644098465
-1.1999435610893414	7.310130424768431
7.902808150788886	16.412882136646658
11.154288948203728	19.6643629340615
-14.991289529546222	-6.4812155436884495
-20.16896259823686	-11.658888612379087
-5.806210567364062	2.703863418493711
-2.82903707611392	5.6810369097438524
-1.7078897540310862	6.802184231826686
11.817136434448301	20.327210420306074
14.416484197953949	22.92655818381172
-22.973665436086478	-14.463591450228705
11.254329965962214	19.764403951819986
-18.476056897260307	-9.965982911402534
0.32755623520945676	8.83763022106723
-12.291539526454173	-3.7814655405964004
-25.200009937955357	-16.689935952097585
6.95610640304524	15.466180388903012
4.126439562274143	12.636513548131916
-1.3410180961624718	7.169055889695301
-25.663694498249853	-17.15362051239208
-18.094235079978418	-9.584161094120645
16.866815361604793	25.376889347462566
-41.39513235934707	-32.8850583734893
-12.576874632647261	-4.066800646789488
0.788534706847102	9.298608692704875
-4.542014385905233	3.9680595999525394
-14.187818710907479	-5.677744725049706
-8.206123357955832	0.3039506279019406
8.322244024605723	16.832318010463496
4.957686791817949	13.467760777675721
-12.431957039280562	-3.921883053422789
-9.47162842582172	-0.9615544399639475
-7.988363779903622	0.5217102059541503
-21.290553485782468	-12.780479499924695
-32.704465991334175	-24.194392005476402
-26.340025534304615	-17.829951548446843
-11.102978695806698	-2.5929047099489253
-9.072233325187582	-0.5621593393298099
-6.537970277223096	1.9721037086346769
-11.640728987750364	-3.130655001892592
1.4897618303760538	9.999835816233826
1.6733143135164283	10.1833882993742
-14.919007766472234	-6.408933780614461
1.1091337138671662	9.619207699724939
-4.118308304136619	4.391765681721154
-17.50220154851256	-8.992127562654787
-24.55388707079389	-16.04381308493612
-6.329576939516002	2.1804970463417703
24.54850454181299	33.05857852767076
-0.798549444644479	7.711524541213294
-24.889231589648873	-16.3791576037911
-2.8081271122616016	5.701946873596171
-13.68029307098611	-5.170219085128338
-6.0134635575492865	2.496610428308486
-0.7485842003558645	7.761489785501908
-2.817850437870831	5.692223547986941
-30.077277887711418	-21.567203901853645
-18.283229708071914	-9.773155722214142
-17.11620420975366	-8.606130223895889
-28.891335637982294	-20.381261652124522
-11.782336199493031	-3.2722622136352584
-2.149101280269562	6.36097270558821
-3.296807636751211	5.213266349106561
-36.194900144608866	-27.684826158751093
-29.773580157747958	-21.263506171890185
-9.860156063227507	-1.3500820773697342
-7.913566911524569	0.5965070743332035
-4.592616668186267	3.9174573176715057
-12.853031068935408	-4.342957083077636
6.300134252163232	14.810208238021005
-21.87550165557029	-13.365427669712517
-14.670128846217878	-6.1600548603601055
-17.599522786415648	-9.089448800557875
-2.0432377729054423	6.46683621295233
-14.30486177070695	-5.794787784849177
0.7538001759269974	9.26387416178477
-7.995793840430153	0.5142801454276196
2.096574623184395	10.606648609042168
-31.821491909101198	-23.311417923243425
-21.90986353293981	-13.399789547082037
-18.174206171683792	-9.66413218582602
-6.1890305799139895	2.321043405943783
9.8808228971496	18.390896883007372
-14.213726146129076	-5.703652160271304
-20.671652152396447	-12.161578166538675
8.665171487972955	17.175245473830728
-6.7840250791020225	1.72604890675575
0.20446353850577736	8.71453752436355
-14.14373899619811	-5.633665010340337
6.427274426390184	14.937348412247957
-21.743305120679608	-13.233231134821835
-16.07103220627748	-7.560958220419707
-6.575630820666149	1.9344431651916238
-21.39983477957564	-12.889760793717869
-1.5134862776582594	6.996587708199513
-8.08517580944742	0.4248981764103519
-2.7237885126493637	5.786285473208409
-8.17182786974142	0.3382461161163519
-24.42097683156014	-15.910902845702367
-9.3326120014505	-0.8225380155927269
-7.734607782444684	0.7754662034130888
3.7009384124351783	12.21101239829295
9.302132486943563	17.812206472801336
13.58696711909154	22.097041104949312
0.4741363312599134	8.984210317117686
0.02207304419728473	8.532147030055057
-36.09010571876995	-27.580031732912175
1.3569066387602362	9.866980624618009
-34.710577032176545	-26.200503046318772
-22.539628639828763	-14.02955465397099
8.897593104741944	17.407667090599716
-23.14994055166305	-14.639866565805278
-8.155058308792533	0.3550156770652393
-35.26119112479198	-26.751117138934205
-15.90611565591523	-7.396041670057457
11.901606927905348	20.41168091376312
-15.383006748223735	-6.872932762365963
1.890137663194153	10.400211649051926
-28.735412282364152	-20.22533829650638
1.2912037156959997	9.801277701553772
4.308131140456069	12.818205126313842
-27.705145397918997	-19.195071412061225
-11.509514327958343	-2.99944034210057
5.954499787784997	14.464573773642769
-9.676540869437915	-1.1664668835801422
-12.538591347740905	-4.028517361883132
-5.504285740859515	3.005788244998257
1.1736160731700949	9.683690059027867
-17.17511578628607	-8.665041800428298
-39.878643732507655	-31.368569746649882
-6.2791118629944975	2.230962122863275
11.40842695557815	19.918500941435923
-13.232165979232988	-4.722091993375216
-23.673811916113365	-15.163737930255593
-3.388790801048046	5.121283184809727
1.48802600552456	9.998099991382333
-20.01083035416802	-11.500756368310249
-10.32878273908561	-1.8187087532278383
-21.9104115500201	-13.400337564162328
-8.455869112750108	0.05420487310766475
7.31810147836525	15.828175464223023
-2.201032656045456	6.309041329812317
-5.63732523073547	2.872748755122302
-26.9555486597789	-18.445474673921126
-7.543789076353889	0.9662849095038837
-10.521899219839426	-2.0118252339816536
-13.268849102799024	-4.758775116941251
3.6685586335473346	12.178632619405107
-3.47589147465321	5.034182511204563
-15.046566064233659	-6.536492078375886
-5.124890671472414	3.3851833143853582
-18.42208594197716	-9.912011956119386
-22.340872775891214	-13.830798790033441
-21.404591125011095	-12.894517139153322
-16.43243009642599	-7.9223561105682165
-22.17227718774363	-13.662203201885859
-18.254352398431976	-9.744278412574204
-7.7263568865497945	0.7837170993079781
-19.784913478765404	-11.274839492907631
2.418986325897393	10.929060311755165
-5.428483576634491	3.0815904092232813
-5.8634839148696045	2.646590070988168
-13.225520301287062	-4.71544631542929
-11.785516215310665	-3.275442229452892
15.965995911031612	24.476069896889385
-10.87360682031128	-2.3635328344535083
-2.947456625272636	5.562617360585136
-25.639464007571107	-17.129390021713334
-19.31975620089058	-10.809682215032808
-18.70275832479517	-10.192684338937397
7.217587932103314	15.727661917961086
-13.9529125193191	-5.442838533461327
6.652887980747735	15.162961966605508
-4.191113166813622	4.31896081904415
-17.588496892200666	-9.078422906342894
-14.491253340468276	-5.981179354610504
-1.722347875530133	6.78772611032764
-15.346030084536935	-6.835956098679162
-7.840492712643638	0.6695812732141349
-8.554322571839904	-0.04424858598213177
-1.2749087023664032	7.235165283491369
9.724641838012147	18.23471582386992
3.5009503050708446	12.011024290928617
-7.478090618675807	1.0319833671819651
6.571777550455707	15.08185153631348
13.810702064987098	22.32077605084487
-13.200001590569329	-4.689927604711556
-7.723059429987799	0.7870145558699733
-34.94443437336729	-26.434360387509514
-26.724264459703292	-18.21419047384552
-25.71315859302983	-17.20308460717206
-22.054875146099832	-13.54480116024206
-33.63346982114733	-25.123395835289557
8.126504294293525	16.636578280151298
-14.708180080608756	-6.198106094750983
1.6904959817068885	10.200569967564661
-23.094390323178843	-14.58431633732107
7.047725053565344	15.557799039423116
-7.780640018162259	0.7294339676955133
-9.156796563515556	-0.6467225776577834
-22.833045836884295	-14.322971851026523
7.265801509234123	15.775875495091896
-14.273124579206225	-5.763050593348453
-1.4110810723038156	7.098992913553957
-6.310047250063391	2.2000267357943812
14.566473007365246	23.07654699322302
-1.7784085799109306	6.731665405946842
-27.469806840931298	-18.959732855073526
-13.315788258446148	-4.805714272588375
13.201420749315119	21.71149473517289
-10.8088293415464	-2.298755355688627
-31.96938692737301	-23.459312941515236
-10.125953061226639	-1.6158790753688663
-21.9418292925008	-13.431755306643026
-34.85247378672345	-26.342399800865678
-36.239798990628216	-27.729725004770444
-35.67970917206246	-27.169635186204687
17.61100319932605	26.12107718518382
-9.580300258957024	-1.0702262730992516
-10.263549768624827	-1.7534757827670546
10.2854870225013	18.795561008359073
-19.544779431733943	-11.03470544587617
-11.555533427029033	-3.0454594411712606
-0.4459245000149821	8.06414948584279
6.852018976245134	15.362092962102906
-1.7361660802386467	6.773907905619126
9.326425754177151	17.836499740034924
-19.073285731309326	-10.563211745451554
33.15610698853864	41.66618097439641
-25.902401873169467	-17.392327887311694
1.5752295577143087	10.085303543572081
-34.41728209207638	-25.907208106218604
-5.985585000479361	2.5244889853784116
-3.652550313742424	4.857523672115349
-8.296157802066475	0.21391618379129795
-6.320070452279353	2.1900035335784196
3.8585995359347436	12.368673521792516
-2.806926948364591	5.703147037493181
-21.53801792248548	-13.027943936627707
-4.234451415341638	4.275622570516134
-17.016754524655582	-8.50668053879781
11.506583489720768	20.01665747557854
9.698105447419337	18.20817943327711
-1.9051430259539046	6.604930959903868
-33.92680163684115	-25.416727650983375
-22.10303310782608	-13.592959121968306
-4.7852386713608865	3.724835314496886
2.376916539043421	10.886990524901194
3.033488445845549	11.543562431703322
-11.00625031589577	-2.496176330037997
-1.5221915236658532	6.987882462191919
11.48246511356713	19.992539099424903
-5.230298733735864	3.279775252121908
6.628917076700716	15.138991062558489
-15.552233364932064	-7.042159379074292
-5.099126835590752	3.4109471502670203
-1.4329452039789174	7.077128781878855
-4.874715388625802	3.6353585972319706
-16.860790117429744	-8.350716131571971
-10.480129661210114	-1.9700556753523415
-13.710255430251593	-5.20018144439382
-12.48636608472286	-3.9762920988650876
-27.728926438267692	-19.21885245240992
-15.462218031560653	-6.95214404570288
-1.0739235470506827	7.43615043880709
-20.840590934833628	-12.330516948975855
-16.64052110618347	-8.130447120325698
-3.390151044656406	5.1199229412013665
-24.33274337295431	-15.82266938709654
0.47858359186223254	8.988657577720005
16.57986955545796	25.089943541315733
-27.735116130058188	-19.225042144200415
-22.99960491964582	-14.489530933788046
4.689318993088207	13.19939297894598
5.347375120854238	13.85744910671201
-22.91682238755736	-14.406748401699588
9.417065968667274	17.927139954525046
2.202540736350173	10.712614722207945
4.4150728578272975	12.92514684368507
-35.31238485188503	-26.802310866027256
-3.884929398246342	4.62514458761143
-35.13240897218627	-26.622334986328497
-25.660160042400705	-17.150086056542932
-27.261110564341536	-18.751036578483763
-7.227481303013221	1.2825926828445517
10.49522379544517	19.005297781302943
-10.738549743397627	-2.2284757575398544
17.466777023775037	25.97685100963281
-27.529150292587175	-19.019076306729403
10.061396475636982	18.571470461494755
-13.411072838211723	-4.9009988523539505
2.8456274606754306	11.355701446533203
-4.92637277231249	3.5837012135452824
17.874617362834513	26.384691348692286
-18.69169942808064	-10.181625442222867
-26.217174784917617	-17.707100799059845
11.859338163794135	20.369412149651907
-48.867063711263356	-40.35698972540558
-1.1539917219749185	7.356082263882854
-21.10587688685034	-12.595802900992567
-14.162147855426767	-5.652073869568994
-21.70241328832769	-13.192339302469918
-23.30365041073371	-14.793576424875937
-4.66869705532433	3.8413769305334426
-22.184180415930925	-13.674106430073152
5.232292381969572	13.742366367827344
-41.72083789928426	-33.21076391342649
-10.249234429361124	-1.7391604435033514
-7.567863504319277	0.9422104815384955
-6.710288101323997	1.799785884533776
-44.895930963398015	-36.38585697754024
-6.9415872726792	1.5684867131785722
-8.733995725637826	-0.22392173978005303
-9.153136239151237	-0.6430622532934649
-20.796174427913385	-12.286100442055613
-24.648627941595507	-16.138553955737734
-16.971732347945974	-8.461658362088201
-13.27316360974207	-4.763089623884298
-15.782496593103744	-7.2724226072459714
-0.29016120295698045	8.219912782900792
-10.795569246384431	-2.285495260526659
-18.75182257132535	-10.241748585467576
1.744363550972892	10.254437536830665
-13.424536418326781	-4.9144624324690085
2.9565822429315887	11.466656228789361
-21.38381835308671	-12.873744367228937
-6.427839401131379	2.0822345847263932
-12.758339826174662	-4.24826584031689
-12.0397263911115	-3.529652405253728
-17.737034182133968	-9.226960196276195
-14.448538023044122	-5.93846403718635
9.771850589927752	18.281924575785524
-18.756052438392246	-10.245978452534473
11.7001770326345	20.210251018492272
-7.040802009684441	1.4692719761733315
-17.652048671171244	-9.141974685313471
-2.8642381770811625	5.64583580877661
-22.864313165494124	-14.354239179636352
1.1476788008543082	9.65775278671208
-6.0835823846907005	2.426491601167072
-22.6087439273512	-14.098669941493426
-28.28397878400999	-19.773904798152216
5.458244325079548	13.96831831093732
-4.212771903080167	4.297302082777605
2.4606576894978645	10.970731675355637
-7.817680229546269	0.6923937563115032
-16.958391563243524	-8.448317577385751
22.56584784104355	31.07592182690132
-10.21682193502481	-1.7067479491670383
-30.331803607780486	-21.821729621922714
-22.02348635624064	-13.513412370382866
-13.924078120148508	-5.414004134290735
-6.9433005765064735	1.566773409351299
-4.219551869912422	4.29052211594535
-28.77891337341559	-20.26883938755782
-13.369476869291859	-4.859402883434086
-3.2692085465647978	5.240865439292975
-22.95529469255841	-14.445220706700638
-19.91375700765336	-11.403683021795587
-6.535311840355163	1.9747621455026092
-33.71678118913103	-25.206707203273254
-14.932922030337679	-6.422848044479906
0.26255283611256175	8.772626821970334
-26.985560690690065	-18.475486704832292
-7.091745278795017	1.4183287070627557
3.6996038169994137	12.209677802857186
-7.598754434770555	0.9113195510872174
-15.324250836984604	-6.814176851126831
10.34787791488209	18.857951900739863
6.755053185387922	15.265127171245695
-7.104402328132593	1.405671657725179
-0.7454471449279225	7.76462684092985
-13.118338342272793	-4.60826435641502
7.230084746504261	15.740158732362033
-9.465305601163593	-0.95523161530582
-18.548847099806764	-10.038773113948992
-13.257520239295147	-4.747446253437374
10.235124240748817	18.74519822660659
-5.372830283926916	3.1372437019308563
-5.467102871462586	3.0429711143951863
-26.802225682939635	-18.292151697081863
6.593693965816172	15.103767951673944
-25.522923513327143	-17.01284952746937
-5.972114700187987	2.5379592856697855
-28.740630014752853	-20.23055602889508
1.9706097485062202	10.480683734363993
-13.184194620390073	-4.674120634532301
-10.95103688798251	-2.4409629021247383
-21.429063737447606	-12.918989751589834
-10.943509893030452	-2.4334359071726794
8.488556330364489	16.99863031622226
-13.715566125375219	-5.205492139517446
-14.827149705980148	-6.317075720122375
-14.617303929281363	-6.10722994342359
-10.319779043985065	-1.8097050581272924
7.767246182057832	16.277320167915605
-20.68932617439411	-12.179252188536339
-49.40936288523942	-40.899288899381645
-34.70288732685428	-26.19281334099651
4.044021219323739	12.554095205181511
-10.566145034605753	-2.056071048747981
-16.28038403649832	-7.770310050640546
-35.06560808571946	-26.55553409986169
5.492526671743079	14.002600657600851
-39.69998702287255	-31.189913037014776
-5.4553976640278705	3.054676321829902
-14.809873655399016	-6.299799669541244
-22.160192319887457	-13.650118334029685
-6.57678455031116	1.9332894355466124
-3.613728694643825	4.896345291213947
-12.9200927843455	-4.410018798487727
-14.777898843338946	-6.267824857481173
1.3713593513414963	9.881433337199269
-16.2837786146453	-7.773704628787527
-9.30978223702975	-0.7997082511719782
-10.042380332616332	-1.5323063467585598
-14.689891701764893	-6.17981771590712
-12.55881900716183	-4.0487450213040574
7.443730711758079	15.953804697615851
-28.79398884455138	-20.283914858693606
-11.859996241266956	-3.349922255409183
-23.236739984339394	-14.726665998481622
-3.847984971373691	4.662089014484081
-5.397684906329843	3.1123890795279294
6.2785155533886865	14.788589539246459
-0.45167313266271947	8.058400853195053
-15.401797186114592	-6.89172320025682
-5.210744499946188	3.299329485911585
-14.20876516359992	-5.698691177742148
-41.6999251804197	-33.189851194561925
2.2836261828736752	10.793700168731448
12.127715700170782	20.637789686028555
-15.121916248147201	-6.611842262289429
-12.774831366838654	-4.264757380980882
-5.42478180976893	3.085292176088842
-7.512280178973626	0.9977938068841468
11.676821243326529	20.1868952291843
-1.5482179796860436	6.961856006171729
-15.142017213733808	-6.631943227876036
-4.228364310420758	4.281709675437014
-5.000455117424892	3.509618868432881
-1.747101096848084	6.7629728890096885
1.779465562870726	10.289539548728499
10.821764529321925	19.331838515179697
-32.079717507277266	-23.569643521419493
15.936457393170102	24.446531379027874
18.404704920775956	26.914778906633728
-18.49337474643532	-9.98330076057755
-12.36718035325309	-3.8571063673953176
-12.407690313015948	-3.8976163271581754
0.17679589891061198	8.686869884768385
-28.92217868395953	-20.412104698101757
-14.171732782688807	-5.661658796831034
-33.18779638468247	-24.6777223988247
-17.14105648808315	-8.630982502225379
-8.37346606889757	0.1366079169602017
-2.9328274772093863	5.577246508648386
-19.019999131964752	-10.50992514610698
-23.342093314375845	-14.832019328518072
-15.883282286061032	-7.37320830020326
-5.440285342400486	3.0697886434572865
-6.596693421390839	1.9133805644669337
-2.4716247012226376	6.038449284635135
0.2812282594853315	8.791302245343104
-29.185620792599977	-20.675546806742204
-17.561549060887657	-9.051475075029884
-6.296061430043366	2.2140125558144064
3.92214985353651	12.432223839394283
17.420567715747282	25.930641701605055
7.699871426800499	16.20994541265827
1.7002620024025674	10.21033598826034
-17.24363921406318	-8.733565228205407
-30.11568703889195	-21.605613053034176
-23.929771025283728	-15.419697039425955
-12.327529122256848	-3.817455136399076
-5.043737022792513	3.4663369630652596
-1.3385810550650348	7.171492930792738
-23.35269100005523	-14.842617014197458
5.236858059611521	13.746932045469293
11.410750097292592	19.920824083150364
-13.201845599124383	-4.69177161326661
19.580318871874013	28.090392857731786
-3.7418496646175043	4.768224321240268
3.4191057540768526	11.929179739934625
-4.034055800617963	4.476018185239809
-12.339861121767782	-3.82978713591001
-6.7890542930223745	1.721019692835398
-12.985254202820826	-4.475180216963054
-13.029788650918519	-4.5197146650607465
-4.968758906045579	3.5413150798121933
7.841266226099222	16.351340211956995
-9.037039603962214	-0.5269656181044411
-12.900523156237497	-4.390449170379725
-29.917408887242956	-21.407334901385184
-4.089891595500987	4.420182390356786
14.470323938741174	22.980397924598947
3.5360847964287387	12.046158782286511
-1.450357490558119	7.059716495299654
1.2204549561386813	9.730528941996454
-27.119081679633993	-18.60900769377622
-15.60534738525591	-7.095273399398138
-1.6715321996859274	6.838541786171845
-30.87053258724761	-22.360458601389837
7.028842418595858	15.53891640445363
-16.51259528864891	-8.002521302791138
-16.330652139364858	-7.8205781535070855
-11.625190115836332	-3.11511612997856
-7.329100800689659	1.1809731851681136
9.04955670705688	17.559630692914652
-24.223741839840542	-15.71366785398277
-3.952163611943135	4.557910373914638
0.8315352021848668	9.34160918804264
0.19619128817733156	8.706265274035104
-7.070966327683593	1.43910765817418
-26.627639925264404	-18.11756593940663
-16.243655225375434	-7.733581239517662
7.964053042279673	16.474127028137445
-31.246913151288638	-22.736839165430865
-6.097301722290169	2.4127722635676037
-14.84289463636803	-6.332820650510257
-6.773726163981948	1.7363478218758246
-24.817094447139127	-16.307020461281354
-20.314204416409368	-11.804130430551595
-19.097354595124372	-10.5872806092666
5.636790540057817	14.14686452591559
-18.32682271743822	-9.816748731580446
-14.732247171091032	-6.22217318523326
9.328645326214726	17.8387193120725
-7.350473375689646	1.1596006101681269
5.667814217583626	14.177888203441398
-5.28726866760978	3.2228053182479925
19.631481355903205	28.141555341760977
-10.209125812053273	-1.6990518261955003
-15.717842042683216	-7.207768056825444
-18.081063688482274	-9.570989702624502
-4.64160559120198	3.8684683946557925
-6.259487888328906	2.250586097528867
-10.119252570101409	-1.6091785842436366
-10.295296539127477	-1.7852225532697048
-19.243014805772575	-10.732940819914802
-18.875231523129216	-10.365157537271443
-18.4572831506636	-9.947209164805827
-2.5179164218831573	5.992157563974615
-3.715487237158115	4.794586748699658
-2.188122876218287	6.321951109639485
-23.66456571710721	-15.154491731249436
-11.402518494488206	-2.892444508630433
-18.804491752544592	-10.29441776668682
2.3475671168447008	10.857641102702473
-1.997744106953789	6.512329878903984
-2.258425783668528	6.251648202189244
-2.8657880708821466	5.644285914975626
-12.862284205036005	-4.352210219178232
-20.322794167176355	-11.812720181318582
-24.654060296696727	-16.143986310838955
0.19206989820243336	8.702143884060206
5.577801304654102	14.087875290511874
-7.728865219961037	0.7812087658967357
-15.300044142558065	-6.789970156700292
-24.97703300167329	-16.46695901581552
-8.942904402964515	-0.43283041710674297
30.493644772624364	39.00371875848214
-32.683237633708515	-24.173163647850743
2.100170009146794	10.610243995004566
-18.02177389406704	-9.511699908209266
-9.595907143146789	-1.0858331572890165
-10.162718861360801	-1.6526448755030287
8.423436873362633	16.933510859220405
2.8235261420080207	11.333600127865793
-1.0932084743659942	7.416865511491778
-22.10641239730164	-13.596338411443867
-4.242386087932275	4.267687897925498
24.46527582602296	32.97534981188073
-5.288600006923545	3.2214739789342275
-15.03772256096697	-6.527648575109197
-21.894470088573755	-13.384396102715982
-17.609809368081798	-9.099735382224026
1.30309909850196	9.813173084359732
-4.653378663486976	3.856695322370797
-20.667223024353618	-12.157149038495845
-13.156859847648477	-4.646785861790704
-1.6257733919234596	6.884300593934313
-25.011247037943278	-16.501173052085505
5.562863698144909	14.072937684002682
-23.21013307544915	-14.700059089591377
-7.023760934997583	1.4863130508601898
0.9641061177347439	9.474180103592516
-12.590185507132148	-4.080111521274375
-0.5514298726090345	7.958644113248738
-3.504878510368755	5.0051954754890176
-10.087725454865605	-1.577651469007833
11.148280173936044	19.658354159793817
-6.410319687198964	2.0997542986588087
4.897880130595993	13.407954116453766
-8.3165300118241	0.1935439740336733
19.666273659010884	28.176347644868656
-3.570583112724009	4.939490873133764
1.8906009207742756	10.400674906632048
10.401555496540212	18.911629482397984
13.67879658338218	22.188870569239953
15.274279478765791	23.784353464623564
-10.300636837365047	-1.790562851507275
-24.220022406666132	-15.70994842080836
-19.81446435481182	-11.304390368954046
-1.1409984868848113	7.369075498972961
16.95277704055782	25.462851026415592
9.481255549183814	17.991329535041586
-21.726461319715483	-13.21638733385771
-2.7516686170244355	5.758405368833337
-29.802023324588546	-21.291949338730774
-17.10008059023373	-8.590006604375958
6.35746414094622	14.867538126803993
-25.688884828156617	-17.178810842298844
-7.344695356962504	1.1653786288952688
-3.01261170280911	5.497462283048662
-7.40193256010086	1.1081414257569122
1.7131398406884983	10.22321382654627
-8.70154230109317	-0.1914683152353973
8.111201875700615	16.621275861558388
13.871693088203145	22.381767074060917
-16.110190121308435	-7.600116135450662
-25.330056648138154	-16.81998266228038
-13.921426232530095	-5.4113522466723225
-10.940824325251626	-2.430750339393853
4.451507698849426	12.961581684707198
-26.569582992026582	-18.05950900616881
-9.054091735012364	-0.544017749154591
-10.365900524241326	-1.8558265383835533
2.576739120591199	11.086813106448972
17.292132051882916	25.80220603774069
3.6126649101891672	12.12273889604694
11.228455323910865	19.738529309768637
-2.6480043839443823	5.86206960191339
-7.485121025577129	1.0249529602806433
-23.057855512951093	-14.54778152709332
-25.55615071592608	-17.046076730068307
-33.30143179402937	-24.791357808171597
28.950276789891475	37.46035077574925
-2.2102154263745177	6.299858559483255
-19.4671855352032	-10.957111549345427
-10.943009508239513	-2.43293552238174
-11.693620019683905	-3.1835460338261328
2.8365332865826787	11.346607272440451
-5.436496860075451	3.0735771257823217
-0.4498197724430355	8.060254213414737
-14.195553602582251	-5.6854796167244785
-14.181410804678919	-5.671336818821146
2.954859171036631	11.464933156894404
-1.2138803149179438	7.296193670939829
11.217011152653257	19.72708513851103
-9.658739924289577	-1.1486659384318045
-13.892478996360907	-5.382405010503135
-14.366766695555881	-5.856692709698109
-2.979625681608624	5.530448304249148
-14.072033997098217	-5.561960011240444
-5.2372126032393425	3.27286138261843
-10.098880650530802	-1.5888066646730294
-14.07058757606562	-5.560513590207847
-21.6235125630307	-13.113438577172928
-16.134614814208064	-7.624540828350291
-23.746420042993734	-15.236346057135961
-1.571650856302469	6.938423129555304
-34.53458625343471	-26.024512267576938
1.2093212280627341	9.719395213920507
11.2852888002338	19.795362786091573
1.5572052873206559	10.067279273178428
-14.272276248481532	-5.7622022626237595
-33.82253066557011	-25.31245667971234
-1.8871017024327301	6.622972283425042
1.770389218810422	10.280463204668195
3.7657751073159744	12.275849093173747
-15.557393032297725	-7.047319046439952
-2.8049749201860976	5.705099065671675
-13.429879376705387	-4.919805390847614
-21.71486615991732	-13.204792174059548
-20.79285332253191	-12.282779336674139
-21.784509986999794	-13.274436001142021
-10.227758833902655	-1.7176848480448825
-9.93950956747419	-1.429435581616417
-12.88297064325586	-4.372896657398087
-26.645089099646313	-18.13501511378854
-9.321484097829554	-0.8114101119717816
-1.7638498528510098	6.746224133006763
-18.389704086305457	-9.879630100447685
4.58302570521785	13.093099691075622
3.0830436874560547	11.593117673313827
9.404399212278193	17.914473198135966
2.945118240382115	11.455192226239888
-4.928337241047004	3.581736744810769
18.12037009299395	26.630444078851724
3.663066952754278	12.17314093861205
-14.613108266222	-6.103034280364227
-11.28929824135109	-2.779224255493318
-7.9183671414909185	0.5917068443668541
-11.495793764541915	-2.9857197786841425
2.559146316768718	11.06922030262649
11.970088640783914	20.480162626641686
-4.712971993842686	3.7971019920150866
-9.049276285132393	-0.5392022992746206
-13.203668314975104	-4.693594329117332
-6.650894237169879	1.8591797486878932
-9.044677429189207	-0.5346034433314344
19.490116488220636	28.00019047407841
-19.343393106163305	-10.833319120305532
-23.92848409218702	-15.418410106329247
-43.47134657339181	-34.96127258753404
-24.454438573728723	-15.94436458787095
-20.269817915058113	-11.75974392920034
-31.840480652183643	-23.33040666632587
-36.485319608986785	-27.975245623129013
-8.775019981073157	-0.26494599521538476
-19.477874133238103	-10.96780014738033
-9.432286274849204	-0.9222122889914317
-20.866661250129866	-12.356587264272093
10.578649966704077	19.08872395256185
-5.02357676427043	3.486497221587342
-31.39119710621587	-22.881123120358097
4.910467813725816	13.420541799583589
-31.511011775972904	-23.00093779011513
-18.96846255622647	-10.458388570368697
-15.67907806943974	-7.169004083581967
-2.3699701343836495	6.140103851474123
-1.3198962407883954	7.190177745069377
-7.9531531305735115	0.556920855284261
9.832234271557653	18.342308257415425
-25.489690361948917	-16.979616376091144
1.8588384510688485	10.368912436926621
-19.09459379136085	-10.584519805503078
-19.062528590828762	-10.55245460497099
-34.27115498690243	-25.76108100104466
-17.111163143385667	-8.601089157527895
-36.31743553645053	-27.80736155059276
15.510450316297764	24.020524302155536
-12.482019736152026	-3.9719457502942532
-1.6450746134475338	6.864999372410239
2.584833261923748	11.09490724778152
-14.583918805165624	-6.073844819307851
-12.990175914889434	-4.480101929031662
-6.124102619844663	2.385971366013109
-6.362432999220502	2.1476409866372705
-8.038568474538508	0.47150551131926477
15.207441543275607	23.71751552913338
-5.485105232565431	3.0249687532923417
-1.2291571554493856	7.280916830408387
8.785239103864413	17.295313089722185
-20.887971979846654	-12.377897993988881
-10.286176056612632	-1.7761020707548596
-29.107830890844227	-20.597756904986454
-10.929900138417608	-2.4198261525598355
-1.2017500041153397	7.308323981742433
-3.4702305711513617	5.039843414706411
-23.05113531182421	-14.541061325966439
-0.7216929920220281	7.7883809938357444
-26.711219080073235	-18.201145094215462
1.6631295920117992	10.173203577869572
-9.734731580571562	-1.2246575947137899
-11.873271695262403	-3.3631977094046306
4.981732127136027	13.4918061129938
-17.293256181114586	-8.783182195256813
7.21346380889311	15.723537794750882
26.759132353504654	35.26920633936243
-5.243702150150668	3.2663718357071048
1.1498352053052514	9.659909191163024
-27.78040827705688	-19.270334291199106
10.593128267926048	19.10320225378382
-15.723204317186784	-7.213130331329012
-21.29662765204982	-12.786553666192049
-1.4934890484407077	7.016584937417065
-4.882744744817202	3.62732924104057
-20.42777331026143	-11.917699324403657
4.6126100344148	13.122684020272573
24.35145468851563	32.8615286743734
1.8523299866095186	10.362403972467291
-19.361532810512173	-10.8514588246544
-23.338233831160935	-14.828159845303162
4.026812036175514	12.536886022033286
-3.9492002564190187	4.560873729438754
0.774838576089067	9.28491256194684
0.6362486935134513	9.146322679371224
4.1397569463909605	12.649830932248733
-31.718014383387228	-23.207940397529455
-7.082672580105893	1.4274014057518798
6.5337758215931245	15.043849807450897
-17.238906639610533	-8.728832653752761
-20.171464887022623	-11.66139090116485
-16.263711172916985	-7.753637187059212
-9.198082650550234	-0.688008664692461
8.416368067762349	16.92644205362012
6.451472232237691	14.961546218095464
13.703583219353575	22.213657205211348
1.0164159877197818	9.526489973577554
-12.08515375228005	-3.5750797664222773
-27.506387079975568	-18.996313094117795
-0.6367587369574466	7.873315248900326
-21.920819006464328	-13.410745020606555
-8.630680127539264	-0.12060614168149186
-9.397481924094492	-0.8874079382367199
1.725022458438005	10.235096444295777
15.45600260091608	23.966076586773852
-8.890786745633406	-0.38071275977563346
19.18871350185084	27.698787487708614
-11.736538786299818	-3.226464800442045
-11.450871404279198	-2.9407974184214254
-22.67891207027121	-14.168838084413437
5.431209049692669	13.941283035550441
4.988858831765654	13.498932817623427
3.6978941128357548	12.207968098693527
-19.328115525579662	-10.81804153972189
-2.1273229555342112	6.382751030323561
-7.178681377041968	1.3313926088158041
-2.1076254522455855	6.402448533612187
-28.487697949324385	-19.977623963466613
-9.132756240793853	-0.6226822549360804
17.561889149251627	26.0719631351094
-15.099365312952315	-6.589291327094543
-14.996502915256016	-6.486428929398244
-11.68121494060749	-3.171140954749717
-26.629226552399516	-18.119152566541743
-2.6175576400388962	5.892516345818876
1.5104105075982517	10.020484493456024
-26.665354139765142	-18.15528015390737
3.14078255879879	11.650856544656563
-16.54879350113758	-8.038719515279809
9.28750342569704	17.797577411554812
-9.24252002769633	-0.732446041838557
-3.8533868466299026	4.65668713922787
-1.4405357166003085	7.069538269257464
3.8002942402702757	12.310368226128048
-22.229367321346828	-13.719293335489056
2.5969792682256667	11.10705325408344
6.586711929917627	15.0967859157754
13.115263255214202	21.625337241071975
-1.7536522613778942	6.756421724479878
-6.281732880201773	2.228341105656
6.735956007763278	15.24602999362105
-36.7437069793056	-28.233632993447827
-6.097842271509464	2.4122317143483087
5.023083407114726	13.533157392972498
-1.2901135598701075	7.219960425987665
-14.587316819754662	-6.077242833896889
-28.407158992395736	-19.897085006537964
-31.948000211935025	-23.437926226077252
-5.06758917460381	3.442484811253962
21.750128711809637	30.26020269766741
-6.044223157147528	2.465850828710245
-13.712025900302862	-5.20195191444509
-12.051336974528269	-3.5412629886704963
-16.581430241957307	-8.071356256099534
-14.370141455449513	-5.8600674695917405
-19.207173094390484	-10.697099108532711
-1.219592710480967	7.290481275376806
6.029431960817718	14.53950594667549
6.830596028211701	15.340670014069474
-17.26274801730021	-8.752674031442439
-10.227859310111555	-1.7177853242537822
-10.443796442731283	-1.933722456873511
-23.61611190887622	-15.106037923018448
-28.133619028402492	-19.62354504254472
-6.554350813549419	1.9557231723083532
-22.411879686781205	-13.901805700923433
-0.21613634217344213	8.29393764368433
-7.355151350592379	1.1549226352653932
-2.0231528852788614	6.486921100578911
-13.000083598145167	-4.490009612287395
-21.392432512166735	-12.882358526308963
-3.1683231041212565	5.341750881736516
-21.334965571903624	-12.824891586045851
-19.111010905388568	-10.600936919530795
-36.686815584737516	-28.176741598879744
-28.30572224990162	-19.795648264043848
-2.703077467795694	5.806996518062078
7.169799435435678	15.67987342129345
2.670387647969008	11.18046163382678
-1.3530775482328607	7.156996437624912
-26.477598488524265	-17.967524502666492
-6.541389004106051	1.9686849817517214
5.895060693106032	14.405134678963805
4.165958499407978	12.67603248526575
-0.3581400139852775	8.151933971872495
-21.404024555417593	-12.89395056955982
2.1948434563049233	10.704917442162696
5.280998425510305	13.791072411368077
5.650737453895388	14.16081143975316
-20.461153314213036	-11.951079328355263
3.1639337200789015	11.674007705936674
-20.430252546048607	-11.920178560190834
-23.377743585323216	-14.867669599465444
-17.517446073045605	-9.007372087187832
-34.647512229090964	-26.13743824323319
0.9402589205740952	9.450332906431868
0.05609250239952246	8.566166488257295
-13.49364775669953	-4.983573770841758
-57.66874753958534	-49.15867355372757
-1.3175142760343732	7.192559709823399
-26.360356625603046	-17.850282639745274
-17.500305808873847	-8.990231823016074
-31.74937878401822	-23.239304798160447
-7.30591791920294	1.204156066654832
-15.479346696684544	-6.969272710826772
2.577338378159155	11.087412364016927
16.62691619941627	25.136990185274044
-23.296062261736253	-14.78598827587848
-10.984427194108022	-2.4743532082502497
-2.474345073551987	6.035728912305785
-20.753699108838802	-12.24362512298103
4.981924456678215	13.491998442535987
-17.494117812148644	-8.984043826290872
-17.22814983393316	-8.718075848075387
5.274008832271036	13.784082818128809
-8.675282128137653	-0.16520814227988012
-3.8972720875432714	4.612801898314501
3.8240578388825526	12.334131824740325
0.14900670249637926	8.659080688354152
-20.80087353029073	-12.290799544432957
-17.09897036025056	-8.588896374392789
-5.1285795187765615	3.381494467081211
-10.387768423341797	-1.877694437484024
8.781457031323342	17.291531017181114
-31.347252295364044	-22.83717830950627
13.578232110852085	22.088306096709857
-1.7685228852539439	6.741551100603829
-42.835224602281116	-34.32515061642334
-34.18424961557746	-25.674175629719684
2.684492758485547	11.19456674434332
-19.245785811199923	-10.73571182534215
-19.260365433405852	-10.75029144754808
2.814213589644467	11.32428757550224
3.3617157156434843	11.871789701501257
-8.814762080871034	-0.3046880950132618
-43.36927530012751	-34.85920131426974
-5.39168711570953	3.1183868701482425
-13.289788984981598	-4.779714999123826
-23.574126943338953	-15.06405295748118
2.5659909124254483	11.07606489828322
0.1637182430670947	8.673792228924867
7.783215369479265	16.293289355337038
-8.473918863903847	0.03615512195392512
-7.38014543350134	1.1299285523564322
-6.3145968611540155	2.195477124703757
-6.340299576670688	2.1697744091870845
-21.574391898608766	-13.064317912750994
-35.81164191788109	-27.301567932023318
-13.387277428443369	-4.877203442585596
-32.807936073743505	-24.297862087885733
-26.029259154395433	-17.51918516853766
-10.154623897117446	-1.6445499112596735
2.6581920871424956	11.168266073000268
-7.277015503798495	1.2330584820592776
-20.918067821109318	-12.407993835251546
3.807929003221332	12.318002989079105
-1.634596881497302	6.8754771043604705
-1.0811989903710781	7.428874995486694
-16.95818825130543	-8.448114265447657
-0.14287033626594337	8.36720364959183
1.663372067744902	10.173446053602675
-27.202640658037737	-18.692566672179964
11.356221210854827	19.8662951967126
-23.746775019750814	-15.236701033893041
-30.956542991840863	-22.44646900598309
-13.431235900465865	-4.921161914608092
-14.614677764617838	-6.104603778760065
-34.11497929870954	-25.60490531285177
-2.1895146047287852	6.320559381128987
24.052324180552503	32.562398166410276
-1.7367986693540587	6.773275316503714
11.398267107211112	19.908341093068884
-10.536750034469762	-2.0266760486119892
-3.594337701736251	4.915736284121522
-29.867264049328398	-21.357190063470625
16.347520072882006	24.857594058739778
-16.321791617946175	-7.811717632088403
0.49167007149965514	9.001744057357428
-4.0278437219282495	4.482230263929523
-17.934506479946023	-9.42443249408825
-9.888471501454362	-1.378397515596589
21.328171803837293	29.838245789695065
-1.776218279662018	6.7338557061957545
-11.808298971202632	-3.2982249853448593
-14.68695782694401	-6.176883841086237
-13.857431488719769	-5.347357502861996
-24.2509003972488	-15.740826411391026
-16.8170657718844	-8.306991786026629
-9.775330543384072	-1.2652565575262997
-5.173855015779438	3.3362189700783347
-23.797801567645976	-15.287727581788204
-28.64126907876623	-20.131195092908456
-39.963982790814654	-31.453908804956882
-7.299490065994789	1.2105839198629837
-6.707320801335911	1.8027531845218618
-33.47032385417394	-24.96024986831617
-9.764145432888355	-1.254071447030583
10.97989870258182	19.489972688439593
-10.620208467877703	-2.11013448201993
-7.9933441664149285	0.516729819442844
-18.27850797062699	-9.768433984769217
25.21854360049049	33.728617586348264
-7.656601610102982	0.8534723757547908
-26.405473063871497	-17.895399078013725
-5.9629591796516905	2.547114806206082
-20.298323527841305	-11.788249541983532
2.182322448318999	10.692396434176771
8.161463964842667	16.67153795070044
-12.477271008302225	-3.967197022444452
-10.845111670609796	-2.335037684752024
18.759768392180675	27.269842378038447
4.509176099792356	13.019250085650128
-3.6299900621421983	4.880083923715574
-29.86882473779103	-21.358750751933258
-18.09746474027331	-9.587390754415537
-1.5830527695549534	6.927021216302819
-3.7691901161130517	4.740883869744721
-24.634901634756417	-16.124827648898645
-20.00346571798279	-11.49339173212502
-9.031248807998665	-0.5211748221408925
16.016828025228577	24.52690201108635
-24.79710788429354	-16.287033898435766
-14.912005438189837	-6.4019314523320645
-13.191730559443997	-4.681656573586224
-3.5014247502155484	5.008649235642224
-15.145517429777712	-6.6354434439199395
-2.7333279238925314	5.776746061965241
0.749591387433	9.259665373290773
-1.907538800919312	6.602535184938461
-13.396612306893687	-4.886538321035914
-3.7522246234117773	4.757849362445995
-5.279613149131066	3.2304608367267065
10.690066969505395	19.200140955363167
-9.717001947425771	-1.2069279615679989
23.62599382315541	32.136067809013184
12.65619598064525	21.166269966503023
-2.041665544213785	6.468408441643987
-5.941763567429618	2.5683104184281547
4.4170129713414354	12.927086957199208
-22.58299732034054	-14.072923334482766
0.9630778268431897	9.473151812700962
-41.89899671708251	-33.38892273122474
0.11547020237351546	8.625544188231288
-32.106544145270774	-23.596470159413002
8.775284230595688	17.28535821645346
27.411847275299195	35.92192126115697
-1.611275069296127	6.8987989165616455
-14.375804030799074	-5.8657300449413015
-4.349466178825125	4.1606078070326475
-6.227503917096939	2.2825700687608332
-16.39196270097152	-7.881888715113746
13.69902494040737	22.209098926265142
-3.310499912706902	5.19957407315087
-2.117527026403579	6.392546959454194
8.459633306501317	16.96970729235909
-13.6702358416848	-5.1601618558270275
-8.23460779373697	0.2754661921208026
-16.378001881054544	-7.867927895196772
11.31515392849117	19.825227914348943
-23.87892975029233	-15.368855764434556
17.351642900768027	25.8617168866258
-3.7737556769395013	4.736318308918271
-26.491557308818912	-17.98148332296114
-13.595091973974078	-5.085017988116306
5.909834384324611	14.419908370182384
-11.615151079601375	-3.1050770937436027
-8.941493127019086	-0.43141914116131375
-29.05747291199502	-20.547398926137248
-25.062799750685983	-16.55272576482821
-23.64549319379573	-15.135419207937957
-9.080724437092314	-0.5706504512345418
-5.130038662359468	3.380035323498305
-3.319984160578926	5.1900898252788465
-16.131063659541425	-7.620989673683653
6.009653095922957	14.51972708178073
-29.112271468712308	-20.602197482854535
-1.9883920577673706	6.521681928090402
6.729527082282701	15.239601068140473
