Hf	deltaHf ref=-14.423746621593239
-23.88947399674413	-9.465727375150891
-28.04689764192932	-13.623151020336081
-15.143369697318633	-0.7196230757253943
19.48518863283192	33.90893525442516
-20.738465102775592	-6.314718481182354
-8.892662414808512	5.531084206784726
-44.98981796838831	-30.56607134679507
-60.39555970514681	-45.97181308355357
-15.888799949222232	-1.4650533276289934
-38.561838532238255	-24.138091910645016
-19.880109677521034	-5.456363055927795
-22.481889899522287	-8.058143277929048
-21.644613681194244	-7.220867059601005
-31.753119518580718	-17.32937289698748
8.551308783854836	22.975055405448074
5.770707025650552	20.19445364724379
-22.621550777541927	-8.197804155948688
6.203646760091431	20.62739338168467
-32.741262636446265	-18.317516014853027
-45.93234796381927	-31.50860134222603
9.048766204642959	23.472512826236198
-28.821187081754545	-14.397440460161306
-41.95578606651594	-27.532039444922702
-34.908028627302485	-20.484282005709247
16.961893397244637	31.385640018837876
-31.226531769331416	-16.802785147738177
4.658717475183437	19.082464096776675
-71.22918107827041	-56.805434456677176
-19.817037035748	-5.393290414154762
-16.971328289023006	-2.5475816674297675
-26.286704025952133	-11.862957404358895
-7.919122871586808	6.504623750006431
-37.98670140733208	-23.56295478573884
-17.234489565155457	-2.810742943562218
-34.51585987254708	-20.092113250953844
-13.584083919275656	0.8396627023175824
-5.503566253632528	8.920180367960711
-34.61250426800012	-20.188757646406884
-30.50377069712755	-16.08002407553431
-37.11680278743057	-22.693056165837334
31.096959301088134	45.52070592268137
-13.854057093027734	0.5696895285655046
-51.31820271198427	-36.89445609039103
-22.482852137349767	-8.059105515756528
-2.9743732500288047	11.449373371564434
-59.55644122056452	-45.132694598971284
19.710176978441666	34.133923600034905
-18.611161236615374	-4.187414615022135
-22.410787615336233	-7.987040993742994
-32.08307784693221	-17.659331225338974
-6.25779209026274	8.165954531330499
-36.26589548026874	-21.8421488586755
-15.89264332365616	-1.4688967020629207
-16.182630008414492	-1.7588833868212532
11.645625165233866	26.069371786827105
-24.758813771528878	-10.33506714993564
18.43130578818767	32.85505240978091
-12.024700307164096	2.3990463144291425
0.5716258330280084	14.995372454621247
16.39948362675881	30.823230248352047
34.411157728718024	48.83490435031126
-21.35533109248405	-6.931584470890812
-18.822465534344303	-4.398718912751065
8.842297768358037	23.266044389951276
-12.361901077202276	2.0618455443909625
-12.694434354729822	1.7293122668634169
-25.176844516354834	-10.753097894761595
-4.673665356931963	9.750081264661276
-32.30990684517798	-17.88616022358474
-21.750726816586905	-7.326980194993666
-7.259425140517635	7.1643214810756035
1.585917155236018	16.009663776829257
-20.084480886530002	-5.660734264936764
2.54978492361937	16.97353154521261
-18.741907132156996	-4.318160510563757
-43.20839428847154	-28.7846476668783
-47.478193749477725	-33.05444712788449
7.437019919546799	21.860766541140038
-48.38748690744302	-33.96374028584978
-16.307606435679702	-1.8838598140864633
-12.73947464250574	1.684271979087498
-1.5357083488566445	12.888038272736594
-51.43283826197927	-37.00909164038603
-6.147640075760648	8.27610654583259
2.973408234487067	17.397154856080306
-29.40694765176937	-14.983201030176133
0.47543682764029427	14.899183449233533
-9.548910440652037	4.874836180941202
-40.70873029072442	-26.28498366913118
-37.05142045029112	-22.62767382869788
10.312577336262109	24.736323957855348
-0.8746505294334952	13.549096092159743
-34.412068644822796	-19.988322023229557
-18.27156932240956	-3.847822700816323
-24.69079801481763	-10.267051393224392
-15.397997355722111	-0.9742507341288729
-22.937675429879675	-8.513928808286437
2.5023599397458725	16.92610656133911
-12.322578944026247	2.101167677566991
-36.66330789970431	-22.23956127811107
26.614784389173508	41.03853101076675
-53.521504872573644	-39.097758250980405
34.90908189034184	49.33282851193508
10.807457298905717	25.231203920498956
9.932146845785098	24.355893467378337
-20.574717763557203	-6.150971141963964
21.60514087491123	36.02888749650447
-11.510660759035602	2.9130858625576366
-17.53672158992464	-3.1129749683314003
-12.61229116246301	1.8114554591302294
-11.404579910690302	3.0191667109029368
10.904646361151606	25.328392982744845
-15.93831241422646	-1.5145657926332206
4.659773231723591	19.08351985331683
23.52032712523163	37.94407374682487
-0.7918157602185261	13.631930861374713
-43.17703161939477	-28.75328499780153
-42.442682997593295	-28.018936376000056
-3.544268435428023	10.879478186165215
10.313004948831292	24.73675157042453
-26.32014476789533	-11.89639814630209
-22.506934772093302	-8.083188150500064
-15.510670487674872	-1.0869238660816336
-22.904150563532824	-8.480403941939585
-46.88410660233836	-32.460359980745125
8.138405566576182	22.56215218816942
-3.011292198724334	11.412454422868905
-11.89025886217911	2.533487759414129
15.902147281179566	30.325893902772805
15.204911306143401	29.62865792773664
-1.5046892398464138	12.919057381746825
6.718088799395844	21.141835420989082
-11.780796492814773	2.642950128778466
-7.011011318573367	7.412735303019872
29.53460717137881	43.95835379297205
-19.50810812031756	-5.08436149872432
-62.134865400927595	-47.711118779334356
-35.17314871178729	-20.749402090194053
-41.80099462623963	-27.37724800464639
-8.45510826160222	5.968638359991019
-14.353722079941292	0.07002454165194649
-43.214389269990136	-28.790642648396897
-34.24819276909017	-19.82444614749693
6.735331099487155	21.159077721080394
-7.57102832405559	6.852718297537649
-28.582620220674073	-14.158873599080835
-0.5182476698469713	13.905498951746267
-3.9208399122367723	10.502906709356466
-61.26390099121687	-46.84015436962363
6.273618258717249	20.697364880310488
-10.842250456095428	3.5814961654978106
-5.028831717507785	9.394914904085454
-14.696291621316561	-0.2725449997233227
-47.4985757004402	-33.07482907884696
-53.39620330370286	-38.97245668210962
-13.68714151740329	0.7366051041899482
-14.622522822385292	-0.19877620079205371
-27.622277221082697	-13.198530599489459
-38.859310834312566	-24.435564212719328
-18.152402897198556	-3.728656275605317
-29.49505800916137	-15.07131138756813
-0.8378071130214835	13.585939508571755
-23.38912033952562	-8.96537371793238
-33.40840386106771	-18.984657239474473
-11.796747737222688	2.6269988843705505
-55.65974634273931	-41.23599972114607
-38.983955638956616	-24.560209017363377
-23.041956526613433	-8.618209905020194
-20.123359310652233	-5.699612689058995
-2.841802244970097	11.581944376623142
-22.909254738690436	-8.485508117097197
-27.031087774514674	-12.607341152921435
0.8659760820659699	15.289722703659208
-35.83157741181691	-21.40783079022367
-8.384931006811314	6.0388156147819245
-1.5023954589347	12.921351162658539
-34.51863706188357	-20.094890440290328
-29.06709050929254	-14.643343887699302
50.06878358920898	64.49253021080222
-41.389719674109585	-26.965973052516347
-11.812126630648493	2.611619990944746
-5.099822362223279	9.32392425936996
-39.31993400120024	-24.896187379607
-17.49377021953893	-3.070023597945692
-24.76248668329987	-10.33874006170663
-12.461168300819338	1.9625783207739005
-19.24255154135659	-4.818804919763352
-15.316900906553713	-0.8931542849604739
22.280492020792224	36.70423864238546
-58.70803667147317	-44.28429004987993
1.2691056845719118	15.69285230616515
-53.29680854606755	-38.873061924474314
-11.653347767344314	2.770398854248924
-25.49298655412764	-11.069239932534401
-5.405652649068145	9.018093972525094
-36.56997549112617	-22.146228869532933
-20.136102828845253	-5.712356207252014
-18.975663811500056	-4.551917189906817
1.5844468800709706	16.00819350166421
-17.279872302264778	-2.856125680671539
-18.413545254916755	-3.9897986333235167
-19.051551327291747	-4.627804705698509
-10.17073849100467	4.253008130588569
-22.16103929734578	-7.737292675752542
-45.83840944397576	-31.414662822382525
-32.46030699885938	-18.03656037726614
8.18858310474701	22.61232972634025
-5.382798028870241	9.040948592722998
-28.761967426304693	-14.338220804711455
0.907077376126324	15.330823997719563
-27.69671108703966	-13.272964465446421
-34.08185324610582	-19.658106624512584
-21.67420591334718	-7.250459291753941
-7.97558632882334	6.448160292769899
-51.924781875459814	-37.501035253866576
-8.34046870092476	6.083277920668479
-21.850095466019923	-7.426348844426684
42.93514572353837	57.35889234513161
-18.46546230537257	-4.04171568377933
-46.02779740366583	-31.60405078207259
-25.578752798079734	-11.155006176486495
-17.23933260842074	-2.8155859868275
-3.426787973985995	10.996958647607244
-12.837498029541678	1.586248592051561
-65.43110673728421	-51.00736011569097
-33.08177536427007	-18.658028742676834
2.1100639097489307	16.53381053134217
-31.070120243639906	-16.646373622046667
-15.845949866991361	-1.4222032453981228
2.167609864561598	16.591356486154837
-27.962161669850104	-13.538415048256866
-21.845727815446082	-7.421981193852844
15.283429403083062	29.7071760246763
-7.405009517104702	7.018737104488537
-19.49922139511233	-5.07547477351909
-33.23791188521915	-18.81416526362591
24.77262907318749	39.19637569478073
-6.955085742338781	7.4686608792544575
-15.573012956484092	-1.1492663348908536
3.583588009648736	18.007334631241974
-21.031374222417583	-6.607627600824344
19.377495809406753	33.80124243099999
-4.601712766329513	9.822033855263726
-37.714877410377596	-23.291130788784358
28.458227802511317	42.881974424104556
-28.5745004609567	-14.15075383936346
28.696611202677957	43.120357824271196
73.2161770520392	87.63992367363244
-39.861209738425316	-25.437463116832078
7.9624522400330875	22.386198861626326
-28.00705834056913	-13.583311718975892
-33.49921657516876	-19.07546995357552
-32.2017842652063	-17.77803764361306
31.418684651761794	45.84243127335503
6.901037950351963	21.3247845719452
-17.235539741807372	-2.8117931202141335
-56.869820681262865	-42.44607405966963
16.570663032899972	30.99440965449321
3.0950695680289186	17.518816189622157
-48.57123345181077	-34.14748683021753
16.72085926868698	31.144605890280218
-14.383125998116668	0.04062062347657047
-23.718332061682815	-9.294585440089577
6.470180523894157	20.893927145487396
-26.388042809449473	-11.964296187856235
-9.436040775421645	4.987705846171593
-38.00962475456669	-23.58587813297345
8.281721908402176	22.705468529995414
-24.576962660089123	-10.153216038495884
-24.456803769419423	-10.033057147826185
-34.81263314137374	-20.3888865197805
-8.255225505163764	6.168521116429474
4.3330580294345395	18.756804651027778
9.276745894959674	23.700492516552913
-8.310492579774802	6.113254041818436
-54.032628282926964	-39.608881661333726
-23.496007477683236	-9.072260856089997
-7.984361792922357	6.439384828670882
-39.63408650489197	-25.21033988329873
-5.3688436123562155	9.054903009237023
25.561463545243384	39.98521016683662
1.1258921186594648	15.549638740252703
-40.69312191788828	-26.26937529629504
6.237669664849307	20.661416286442545
-41.256687384339386	-26.832940762746148
-8.867596811127953	5.5561498104652856
-11.592461056956893	2.831285564636346
0.124085719150969	14.547832340744208
-8.778934053647902	5.644812567945337
-11.525771546025283	2.897975075567956
-37.695680162760766	-23.271933541167527
-8.528254451921896	5.895492169671343
-12.699789289087278	1.723957332505961
9.433896659312666	23.857643280905904
-35.24776493108271	-20.824018309489475
10.53984144192458	24.96358806351782
-7.154702160631643	7.269044460961595
-0.9977172510194237	13.426029370573815
-7.220665851295564	7.2030807702976745
-20.124542923593765	-5.700796302000526
14.698142773784127	29.121889395377366
25.25897765294161	39.68272427453485
-40.67490686754951	-26.25116024595627
33.858231735378865	48.281978356972104
8.158000264949294	22.581746886542533
-25.1432772893682	-10.719530667774961
-36.414468708732386	-21.990722087139147
-10.327784954025049	4.09596166756819
-15.945179508555668	-1.5214328869624296
-10.821795701871963	3.6019509197212756
-18.27353855776215	-3.849791936168913
-31.577158080814627	-17.153411459221388
19.946057433894964	34.3698040554882
-40.971767480245546	-26.548020858652308
-6.1328295287026435	8.290917092890595
-15.167081807267607	-0.7433351856743684
-28.804245362400763	-14.380498740807525
-16.688372524055524	-2.264625902462285
-24.5982894431732	-10.174542821579962
6.357166273075052	20.78091289466829
-0.8271668339662597	13.596579787626979
-27.433348756727867	-13.009602135134628
-19.34190808011823	-4.918161458524992
-22.489765446844615	-8.066018825251376
-51.24489283163763	-36.82114621004439
-22.835755133718123	-8.412008512124885
4.438526509059955	18.862273130653193
-27.691143285374494	-13.267396663781255
-52.305501193994644	-37.881754572401405
-47.43240390778425	-33.00865728619101
-19.55509081726683	-5.1313441956735915
-32.172874852047755	-17.749128230454517
-80.67720420506572	-66.25345758347248
2.302857132329734	16.726603753922973
-35.366145501575886	-20.942398879982647
-19.329417772933596	-4.905671151340357
-36.79030725982062	-22.366560638227384
5.062248894907896	19.485995516501134
-16.752186049132945	-2.3284394275397062
2.0092796424646053	16.433026264057844
-48.1664396344209	-33.74269301282766
-6.465820265854347	7.957926355738891
-24.530067974723863	-10.106321353130625
-2.208789262651919	12.21495735894132
-16.585023712796612	-2.161277091203374
-79.44947148901025	-65.02572486741701
-34.44739775364775	-20.02365113205451
-39.969543066858535	-25.545796445265296
8.995308827440965	23.419055449034204
-2.0586097167911817	12.365136904802057
6.024212115218177	20.447958736811415
7.641411927171646	22.065158548764884
-21.08740177674241	-6.663655155149172
-26.361929240586107	-11.938182618992869
22.077305125414057	36.501051747007295
-32.262572546424565	-17.838825924831326
-56.59127636791578	-42.16752974632254
-1.174133178130944	13.249613443462295
2.6034428219931556	17.027189443586394
-3.797687124992592	10.626059496600647
-21.930555245686776	-7.506808624093537
-14.795824216904805	-0.37207759531156626
0.74793325181912	15.171679873412359
-3.969639860145037	10.454106761448202
-13.588413805548555	0.8353328160446836
-27.743172523267788	-13.319425901674549
-10.593508590471686	3.830238031121553
-19.613061171222	-5.189314549628762
-0.5599574886951473	13.863789132898091
-44.343814976768556	-29.920068355175317
5.356521954504785	19.780268576098024
-5.675859875213575	8.747886746379663
-13.036549492441338	1.3871971291519003
19.53945880532359	33.96320542691683
-29.409185534598294	-14.985438913005055
-9.99474879139649	4.428997830196749
21.2258077588844	35.64955438047764
4.762671787123907	19.186418408717145
-7.9549982158137595	6.468748405779479
-56.80725759466492	-42.38351097307168
-44.65963490379414	-30.235888282200904
-7.582246794533205	6.841499827060034
-32.64014261269091	-18.21639599109767
-2.7198053116376855	11.703941309955553
-18.106809080979076	-3.6830624593858374
-12.965872238994564	1.4578743825986749
-6.515196880784572	7.908549740808667
-45.74905009095579	-31.325303469362552
14.209806237842201	28.63355285943544
-12.161855135877488	2.2618914857157506
-25.19716744717931	-10.773420825586072
-3.944714465011714	10.479032156581525
-13.954241106527263	0.4695055150659755
26.18765993115761	40.61140655275085
-30.8839834556789	-16.460236834085663
-31.45838933815736	-17.03464271656412
-12.190852257590961	2.232894364002277
-31.72275412306095	-17.299007501467713
-17.854093758571764	-3.4303471369785257
-51.17560080454183	-36.75185418294859
21.27759445398209	35.70134107557533
8.332896711544379	22.756643333137617
-0.10290346116431692	14.320843160428922
-1.302177993326552	13.121568628266687
-56.95565326304546	-42.531906641452224
-36.17317658756707	-21.74942996597383
-32.71740328952052	-18.29365666792728
-4.929402359099697	9.494344262493541
-18.703092887481546	-4.279346265888307
-23.861504490786103	-9.437757869192865
31.234325575532637	45.658072197125875
-10.658077364693384	3.765669256899855
6.158654607475398	20.582401229068637
-27.26752344515313	-12.843776823559892
-25.700864542152488	-11.277117920559249
-38.28912178807565	-23.86537516648241
-35.898685111599264	-21.474938490006025
-48.49093273164959	-34.067186110056355
-15.008258633599837	-0.5845120120065985
-25.68469826892448	-11.26095164733124
-40.41422292519616	-25.990476303602918
-8.972569038167933	5.451177583425306
-54.3678475300772	-39.94410090848396
-63.09852558223844	-48.6747789606452
-32.92410902595344	-18.500362404360203
-8.206957123570248	6.21678949802299
13.850388234444324	28.274134856037563
-48.04262025391705	-33.61887363232381
-34.72919079784384	-20.305444176250603
-50.97119248721771	-36.54744586562447
-23.79578028764132	-9.372033666048083
-14.771561065463686	-0.3478144438704476
-20.211400526467116	-5.787653904873878
-4.2372745283578865	10.186472093235352
-26.282834561011043	-11.859087939417805
-12.282147829428652	2.1415987921645865
-27.517633832576905	-13.093887210983667
0.6583981548096176	15.082144776402856
-1.3006527216135169	13.123093899979722
-57.45434988682297	-43.03060326522973
-15.502040128318697	-1.0782935067254584
-8.658856557995534	5.764890063597704
-25.66104756472538	-11.23730094313214
-46.106481824252626	-31.682735202659387
-43.485393980336596	-29.061647358743357
15.252106416409731	29.67585303800297
-35.945148582287004	-21.521401960693765
-7.930435896902566	6.493310724690673
-11.502921045969345	2.920825575623894
-27.01148708305169	-12.587740461458452
-6.194099500943196	8.229647120650043
20.22390557220882	34.64765219380206
-28.400593782811995	-13.976847161218757
-49.80918036930285	-35.38543374770961
-41.029615035885	-26.605868414291763
6.607867144607951	21.03161376620119
-34.13907668494409	-19.715330063350848
8.781757471740491	23.20550409333373
-0.668987970341334	13.754758651251905
-14.83425922101793	-0.41051259942469187
-3.056417234773619	11.36732938681962
0.06191349226668308	14.485660113859922
-11.181438594773283	3.2423080268199556
-2.4969393241559033	11.926807297437335
-24.075463724330405	-9.651717102737166
35.16603838580289	49.58978500739613
-36.94396070531417	-22.52021408372093
-12.126776612371543	2.2969700092216954
-22.519056707904895	-8.095310086311656
-12.875259226312266	1.5484873952809721
-35.15133067088806	-20.72758404929482
-30.747367258191446	-16.323620636598207
-25.940955798673315	-11.517209177080076
-6.402568383979599	8.02117823761364
-19.151455516963836	-4.727708895370597
-14.339946534143166	0.08380008745007217
-47.96466710924193	-33.54092048764869
-14.513741140407149	-0.08999451881390996
-37.83994511866382	-23.41619849707058
20.226269383499528	34.650016005092766
9.073057669512707	23.496804291105946
-25.08638834718346	-10.66264172559022
-1.7727021983960753	12.651044423197163
-13.849491596462542	0.5742550251306966
-8.784555219689139	5.6391914019041
-8.317100717475626	6.106645904117613
-13.114756539559096	1.3089900820341427
-19.324487941158225	-4.900741319564986
-12.353806629639223	2.0699399919540156
4.876546910446848	19.300293532040087
-17.83071043049182	-3.406963808898581
-11.184388840011309	3.23935778158193
1.3508411479337497	15.774587769526988
-17.373464969300187	-2.9497183477069484
-66.07078727300592	-51.64704065141268
-13.669467114516522	0.754279507076717
7.191144090487285	21.614890712080523
14.715296530389821	29.13904315198306
-13.439359585936984	0.9843870356562547
33.88543101444469	48.30917763603793
-11.97215693047525	2.451589691117988
1.3218054051753256	15.745552026768564
6.893589221617219	21.317335843210458
-0.15817955036669673	14.265567071226542
10.523654243682756	24.947400865275995
-33.31999591102846	-18.896249289435218
-25.54872387697884	-11.124977255385602
-11.221025465646164	3.2027211559470743
-12.665061069223668	1.7586855523695704
-53.669889964986	-39.24614334339276
-40.14256377191538	-25.71881715032214
-21.235269076024053	-6.811522454430815
-15.528032812646927	-1.1042861910536885
-10.23860520663635	4.185141414956888
-21.19215889764797	-6.7684122760547325
19.740142949557992	34.16388957115123
-21.89287471255426	-7.469128090961021
-19.437467555144906	-5.013720933551667
-5.538345737812563	8.885400883780676
-15.93446708314201	-1.5107204615487717
11.030557930127031	25.45430455172027
-22.97605907503072	-8.55231245343748
-60.990076179129176	-46.56632955753594
10.124119508290676	24.547866129883914
-31.912437035258847	-17.48869041366561
-33.040912326374894	-18.617165704781655
20.18275569851488	34.60650232010812
-21.480397046769724	-7.056650425176485
-46.73523862161579	-32.311492000022554
-11.642406487568735	2.7813401340245036
-7.059457378484296	7.364289243108942
-25.890919549121975	-11.467172927528736
-18.333337431563052	-3.9095908099698136
-29.850517858162277	-15.426771236569039
18.322356171941863	32.7461027935351
5.552236923241651	19.97598354483489
-17.398586437521374	-2.974839815928135
-9.978784249593957	4.4449623719992815
14.627070599213255	29.050817220806493
7.062325119556988	21.486071741150226
-38.79021170989341	-24.366465088300174
-9.275810632542346	5.147935989050893
-3.157856396872887	11.265890224720351
-27.650271347382443	-13.226524725789204
-30.938650960416055	-16.514904338822816
-17.309675941469834	-2.8859293198765954
-22.8309609020003	-8.40721428040706
3.4930090696502134	17.916755691243452
10.64463503842802	25.06838166002126
-16.008446205677103	-1.5846995840838645
-40.35447144787082	-25.930724826277583
2.7358012010876678	17.159547822680906
-14.003601537414	0.42014508417923935
-6.69857782667583	7.725168794917408
-31.86815307793637	-17.44440645634313
12.332567649594637	26.756314271187875
-6.1306046003815595	8.293142021211679
-6.112661851155792	8.311084770437446
38.64161463428849	53.065361255881726
-32.80742314665309	-18.383676525059855
-52.72873679361561	-38.30499017202237
-33.94040587836258	-19.516659256769344
-71.08821684438641	-56.66447022279317
-30.623803953094978	-16.20005733150174
20.40438306036907	34.82812968196231
-24.492769288081547	-10.069022666488308
10.201385975167284	24.625132596760523
1.7721570079515345	16.195903629544773
-12.546394185956672	1.877352435636567
-18.605617579546163	-4.181870957952924
-21.87100417135713	-7.44725754976389
-48.93583715767505	-34.512090536081814
-36.85605306572012	-22.43230644412688
-4.456908095301117	9.966838526292122
-12.711616282577381	1.7121303390158573
-23.238227383488777	-8.814480761895538
-2.449022132212633	11.974724489380606
-26.45364723934523	-12.029900617751991
-42.57908846243714	-28.155341840843903
9.656024562405435	24.079771183998673
16.591578573766526	31.015325195359765
-13.174943772268819	1.24880284932442
21.005711867495336	35.429458489088574
14.742775075158931	29.16652169675217
-3.000259949789836	11.423486671803403
-10.094827758796384	4.328918862796854
-7.052065374672168	7.371681246921071
-7.513203954622952	6.9105426669702865
29.834904963084625	44.258651584677864
-2.079698791080375	12.344047830512864
-11.286934466094465	3.136812155498774
13.738948013829429	28.162694635422667
-22.015905913657264	-7.592159292064025
-17.440995222081767	-3.0172486004885286
-16.34755562121478	-1.9238089996215422
16.475697552137206	30.899444173730444
-3.271293117512471	11.152453504080768
-29.653015362004737	-15.229268740411499
-4.5660981822662166	9.857648439327022
-18.496241019944648	-4.0724943983514095
-43.40460192679217	-28.98085530519893
22.54765652167356	36.9714031432668
-33.10992262308042	-18.686176001487183
1.8812522811708163	16.304998902764055
3.458899295604567	17.882645917197806
-9.194635549145971	5.229111072447267
3.555402804827679	17.979149426420918
-23.611550263224274	-9.187803641631035
-23.402076398437714	-8.978329776844475
-42.2230636425889	-27.79931702099566
-45.782061345388286	-31.358314723795047
-20.717429123302793	-6.293682501709554
-2.608852430240006	11.814894191353233
-16.67729711948101	-2.2535504978877725
-33.59209643524861	-19.168349813655368
-42.123525748691975	-27.699779127098736
-12.777409297145425	1.6463373244478134
4.290970500259789	18.714717121853027
-41.024520234270824	-26.600773612677585
-22.20757565575383	-7.78382903416059
-31.56535627757745	-17.14160965598421
-28.53908643291703	-14.115339811323793
2.8407835221364053	17.264530143729644
8.94459053986742	23.36833716146066
-30.07173410284355	-15.647987481250311
22.74558443963855	37.16933106123179
-30.96817327952209	-16.544426657928852
5.683526763480984	20.107273385074222
37.39001612243686	51.8137627440301
-35.77363797732011	-21.349891355726868
-26.849051344667316	-12.425304723074078
0.7109658162875689	15.134712437880808
-52.0140409451638	-37.59029432357056
-2.7960943527510267	11.627652268842212
-34.55978861680393	-20.13604199521069
-4.064162327726592	10.359584293866646
-6.995984977904811	7.427761643688427
-16.970281663693243	-2.546535042100004
-38.33416883298975	-23.910422211396508
26.825842074838363	41.2495886964316
-29.784137680930655	-15.360391059337417
5.619890156427061	20.0436367780203
20.033228296895174	34.45697491848841
-12.618536218557495	1.805210403035744
8.029948765244114	22.453695386837353
-9.893017431481496	4.530729190111742
18.367810492963542	32.79155711455678
-21.04043323518323	-6.616686613589991
-18.013027191213553	-3.589280569620314
14.519788897224714	28.943535518817953
-55.66465469706651	-41.24090807547327
-11.441228701857256	2.982517919735983
-55.32817094692342	-40.90442432533018
-42.61751842422433	-28.19377180263109
-8.773939389364898	5.649807232228341
-24.176071186048432	-9.752324564455193
-36.98235300243738	-22.55860638084414
-70.31825420364527	-55.89450758205203
-49.44119333288887	-35.017446711295634
34.418167355098774	48.84191397669201
11.150151798581135	25.573898420174373
-14.29898091992851	0.12476570166472811
26.481945109589503	40.90569173118274
-22.833975953203264	-8.410229331610026
-0.9614204691393411	13.462326152453898
-29.0182922232421	-14.59454560164886
-18.449089728696492	-4.025343107103254
-1.4915409930331975	12.932205628560041
-25.989017166408814	-11.565270544815576
-47.96242483690054	-33.5386782153073
19.39714133725596	33.8208879588492
-20.79461355876316	-6.370866937169922
-13.994687631952331	0.4290589896409074
-5.789812150186265	8.633934471406974
-1.1914222555720357	13.232324366021203
-34.628012666981306	-20.204266045388067
-45.736746666495094	-31.313000044901855
29.14254340907013	43.56629003066337
-36.683750053351616	-22.260003431758378
-1.3663675671346596	13.057379054458579
-49.98832552735308	-35.564578905759845
-0.535899883798777	13.887846737794462
12.378957540211047	26.802704161804286
-54.282669442247936	-39.8589228206547
-22.174400596858106	-7.750653975264868
-37.58107462940876	-23.157328007815522
-8.393242238082678	6.030504383510561
-0.788072283576696	13.635674338016543
-55.96318373963783	-41.53943711804459
7.726705419270218	22.150452040863456
-4.150605782408604	10.273140839184634
-25.53501950104743	-11.11127287945419
-14.896659106329537	-0.4729124847362982
-4.640085755869734	9.783660865723505
-12.26929762481501	2.1544489967782283
-16.694012834421812	-2.2702662128285738
-0.8972221029621892	13.52652451863105
-12.705025807947607	1.718720813645632
26.108804256865767	40.532550878459006
-46.29447365797438	-31.87072703638114
-6.048154724638664	8.375591896954575
-53.80575329732579	-39.382006675732555
-30.554614585890306	-16.130867964297067
-43.003691693179064	-28.579945071585826
-7.60683694798405	6.816909673609189
-19.071049167404055	-4.647302545810817
-9.452773647638026	4.970972973955213
-25.172092336194112	-10.748345714600873
-35.644595768135844	-21.220849146542605
-69.37763599486112	-54.953889373267884
9.961808084880829	24.385554706474068
-47.37588293510686	-32.95213631351362
-31.94429431435907	-17.52054769276583
-11.48110400701313	2.942642614580109
-6.5714478246887325	7.852298796904506
-6.364704818225221	8.059041803368018
-16.566698290109855	-2.1429516685166163
-58.43062156218417	-44.00687494059093
-18.27221921725919	-3.848472595665953
-55.69774251381074	-41.2739958922175
-22.159359959835058	-7.735613338241819
-9.16121426299702	5.262532358596218
-15.16118530896398	-0.7374386873707408
-39.59921315013395	-25.17546652854071
-36.40935092811611	-21.985604306522873
-20.147752425524743	-5.7240058039315045
-53.80303634172793	-39.37928972013469
-33.603931359270575	-19.180184737677337
-46.96080346869036	-32.53705684709712
37.553224863491266	51.976971485084505
0.06826573276288173	14.49201235435612
7.561991666377651	21.98573828797089
-13.112422852639213	1.3113237689540256
23.123094803762285	37.546841425355524
6.014568931604515	20.438315553197754
-48.226210921515815	-33.802464299922576
-57.15422103295765	-42.73047441136441
-30.028589962218177	-15.604843340624939
17.705524372205616	32.129270993798855
16.803708052167565	31.227454673760803
-5.550564845056726	8.873181776536512
6.2684002108066466	20.692146832399885
-23.578141446538723	-9.154394824945484
-10.05913870274577	4.364607918847469
-56.29420405710022	-41.87045743550698
-30.582818742747406	-16.159072121154168
-32.45705654142563	-18.03330991983239
-32.62632287550565	-18.20257625391241
-21.628828712936013	-7.205082091342774
-25.75037433124868	-11.32662770965544
-3.1636150592608487	11.26013156233239
-45.525348467454535	-31.101601845861296
-38.359697874177584	-23.935951252584346
-8.619321233688026	5.804425387905212
-47.24255052580753	-32.81880390421429
-29.113963080315955	-14.690216458722716
-52.05486763771529	-37.63112101612205
-15.23598894512594	-0.8122423235327005
-4.993542091157508	9.43020453043573
38.75670706727345	53.18045368886669
11.156594003732096	25.580340625325334
7.351849442805758	21.775596064398997
-14.690025663782365	-0.2662790421891259
-28.189968094091967	-13.766221472498728
0.43306036550296767	14.856806987096206
-20.78616989330527	-6.362423271712032
-18.164630160427407	-3.7408835388341686
-16.76101036126107	-2.337263739667833
-4.8361006745331565	9.587645947060082
11.406398148719234	25.830144770312472
24.737192800493574	39.16093942208681
-15.660241891710541	-1.2364952701173024
-35.44675406984658	-21.02300744825334
-77.58341409971086	-63.159667478117626
-38.375239939611276	-23.951493318018038
5.299818030347012	19.72356465194025
-13.377466575919755	1.046280045673484
-41.61121388420776	-27.18746726261452
-23.657994031084456	-9.234247409491218
-42.15765898720616	-27.733912365612923
-3.9604148931180703	10.463331728475168
-22.652826495199918	-8.229079873606679
-2.579406270925176	11.844340350668062
-32.05702817213802	-17.63328155054478
5.756577377170686	20.180323998763924
-6.8683840428207645	7.555362578772474
-6.124505117834417	8.299241503758822
-46.20602669411943	-31.78228007252619
19.756508962898295	34.18025558449153
-55.706133532971364	-41.282386911378126
-7.749678446846303	6.674068174746935
-30.914378187830664	-16.490631566237425
27.369818512677227	41.793565134270466
-7.45746456388639	6.966282057706849
3.651266343898385	18.075012965491624
-33.64583996222842	-19.222093340635183
-33.46617549303534	-19.042428871442098
-12.253687383512954	2.1700592380802846
-14.591401665886735	-0.16765504429349676
24.400921909319948	38.824668530913186
-19.54773445636289	-5.12398783476965
-41.21537503081396	-26.79162840922072
7.315505355224957	21.739251976818196
-3.5608767156159615	10.862869905977277
-21.660424720023514	-7.236678098430275
-36.82445012218574	-22.4007035005925
19.42748509330653	33.85123171489977
-29.06699801451083	-14.643251392917591
-24.11470740875717	-9.690960787163931
-8.398174418857309	6.02557220273593
-26.206968289487634	-11.783221667894395
10.840200667247188	25.263947288840427
-32.094405385906214	-17.670658764312975
-39.38597250227082	-24.96222588067758
15.27632944704186	29.7000760686351
3.661372797832371	18.08511941942561
-0.6042989551575033	13.819447666435735
-74.37962129199201	-59.95587467039877
-18.464910214687336	-4.0411635930940975
5.187110447229713	19.610857068822952
30.77937556949422	45.20312219108746
2.9982192578531226	17.42196587944636
0.5424305612609146	14.966177182854153
-12.552299320341774	1.8714473012514645
14.237685883148004	28.661432504741242
-24.874938639965478	-10.45119201837224
-35.208322711209405	-20.784576089616166
4.035813928224741	18.45956054981798
-16.58905519203887	-2.1653085704456316
4.709890522346029	19.133637143939268
-53.95134648169238	-39.527599860099144
13.747933914004022	28.17168053559726
11.439830870621734	25.863577492214972
-9.567797462230885	4.855949159362353
-24.563689782568474	-10.139943160975236
-29.5804910816301	-15.156744460036862
-31.52045912920636	-17.09671250761312
-24.008909396645834	-9.585162775052595
8.947767561672151	23.37151418326539
-32.72484301718265	-18.30109639558941
-15.931441455330571	-1.5076948337373324
-5.076732519425207	9.347014102168032
-48.17453377912949	-33.75078715753625
9.970258047840105	24.394004669433343
-18.121579038845596	-3.697832417252357
1.0838889228393214	15.50763554443256
-13.157347816850745	1.2663988047424937
-21.092445995622768	-6.668699374029529
-29.014258107993157	-14.590511486399919
16.34902982130683	30.772776442900067
23.266972171193117	37.690718792786356
38.13444113056852	52.55818775216176
-18.89592926430538	-4.472182642712141
-11.803881191699986	2.6198654298932524
5.639952486067557	20.063699107660796
-7.365548169437318	7.058198452155921
18.177223085316143	32.60096970690938
-23.150542272946552	-8.726795651353314
-29.231127093684847	-14.807380472091609
14.034979756244354	28.458726377837593
17.419351472933556	31.843098094526795
-23.083398854003974	-8.659652232410735
-21.381351411394064	-6.9576047898008255
-8.677502099723426	5.746244521869812
25.400986949890864	39.8247335714841
-32.53764298701623	-18.11389636542299
-27.419601402427872	-12.995854780834634
6.700035818859249	21.123782440452487
-14.398049000833055	0.02569762076018378
-44.28862426982283	-29.864877648229594
-25.58490416302135	-11.16115754142811
-29.419446462991402	-14.995699841398164
8.39456066436054	22.81830728595378
-23.91889763002888	-9.495151008435641
6.264345933951915	20.688092555545154
-27.5621347898346	-13.138388168241363
-65.23344346357823	-50.80969684198499
-33.30658821130834	-18.8828415897151
-47.18998760982555	-32.76624098823231
-21.49999066619108	-7.076244044597843
-17.341822141250816	-2.9180755196575774
35.230078537664156	49.653825159257394
-21.29895034031557	-6.875203718722332
5.791820732723352	20.21556735431659
-15.28123500794078	-0.8574883863475407
-13.95227963798294	0.4714669836102985
-47.1457875130514	-32.722040891458164
-30.784535995110275	-16.360789373517036
-23.130947896098007	-8.707201274504769
7.419458449504816	21.843205071098055
-32.08808000053301	-17.664333378939773
-18.560255880955594	-4.136509259362356
-26.709217442149168	-12.285470820555929
35.63475247752598	50.05849909911922
-12.025012369828403	2.398734251764836
-44.72745928139972	-30.30371265980648
-38.211246812738466	-23.787500191145227
-44.71078983117383	-30.287043209580588
-14.993950788230507	-0.5702041666372679
-22.029318304492847	-7.605571682899608
-14.135546464568108	0.28820015702513047
3.687141799971357	18.110888421564596
-41.58276085662561	-27.159014235032373
18.183346052297054	32.60709267389029
17.07776627100924	31.501512892602477
-19.984812715840746	-5.561066094247508
-3.4557433504747337	10.968003271118505
-23.640341499566205	-9.216594877972966
32.42323788056768	46.84698450216092
7.5085709903427755	21.932317611936014
-7.711313889806263	6.712432731786976
-3.6213136166557547	10.802433004937484
-48.47996697076502	-34.05622034917178
-33.5618742948796	-19.138127673286363
-4.788185042773478	9.635561578819761
-31.759355430033395	-17.335608808440156
26.79272713911581	41.21647376070905
-6.321848783606185	8.101897837987053
-39.743116869759035	-25.319370248165797
19.988083642317577	34.411830263910815
-48.34855415812541	-33.92480753653217
-21.060819819068058	-6.63707319747482
-65.59532830137374	-51.1715816797805
-56.165541692717454	-41.741795071124216
14.32317894342799	28.74692556502123
-47.7525138544666	-33.32876723287336
9.773235450418213	24.19698207201145
-21.928813160972425	-7.505066539379186
-4.860909453324496	9.562837168268743
-1.7016678165460348	12.722078805047204
22.315907190094947	36.739653811688186
-24.683242807696445	-10.259496186103206
-38.032847047500184	-23.609100425906945
7.632044588309725	22.055791209902964
3.5975507699399145	18.021297391533153
7.973332471235551	22.39707909282879
4.031231549065922	18.45497817065916
6.8821033179769415	21.30584993957018
-27.568227296368207	-13.144480674774968
5.189947327722109	19.613693949315348
-32.699845324889395	-18.276098703296157
-15.587512419857887	-1.1637657982646488
-31.669758162367145	-17.246011540773907
-53.102449889797356	-38.67870326820412
-9.631918413106689	4.79182820848655
18.37773614934798	32.80148277094122
-6.2135106867140735	8.210235934879165
-48.33682093489239	-33.91307431329915
-38.70066225621173	-24.27691563461849
26.88075910227002	41.30450572386326
-48.14550304841447	-33.72175642682123
-46.9230097355981	-32.49926311400486
7.017396073518682	21.44114269511192
-6.894371320821449	7.52937530077179
-10.52733320247404	3.896413419119199
4.6704920862170525	19.09423870781029
23.053331818089134	37.47707843968237
-6.357948313314921	8.065798308278318
5.21340982129135	19.63715644288459
-19.620999828847346	-5.197253207254107
11.664054497384711	26.08780111897795
-16.47121070711779	-2.0474640855245525
-38.65317947067575	-24.229432849082514
-45.862285915013274	-31.438539293420035
-29.68038571599078	-15.256639094397542
3.113694420192985	17.537441041786224
8.78800643019298	23.211753051786218
-35.027487692896614	-20.603741071303375
13.919116672499001	28.34286329409224
12.293705825278664	26.717452446871903
-30.842583681042527	-16.418837059449288
16.110624496977323	30.53437111857056
-0.6191671614438405	13.804579460149398
-42.696839173492265	-28.273092551899026
-41.33913266860378	-26.915386047010543
11.823398471671169	26.247145093264407
45.53373960787525	59.957486229468486
-7.354742941308871	7.069003680284368
-35.507697926012554	-21.083951304419315
1.3283707858130924	15.752117407406331
-26.704100351511954	-12.280353729918716
-18.290283066737686	-3.8665364451444475
13.977497348044778	28.401243969638017
-7.479346681830577	6.944399939762661
-40.19641670150355	-25.772670079910313
-5.397177002604224	9.026569618989015
-5.317842136610636	9.105904484982602
-43.16662248706467	-28.742875865471433
-35.65445463371776	-21.230708012124524
12.858842624212627	27.282589245805866
-34.13346766563387	-19.709721044040634
-24.982972694146667	-10.559226072553429
-55.66802580662676	-41.24427918503352
-21.013099049342202	-6.589352427748963
-2.9774417457306868	11.446304875862552
-22.540792437132552	-8.117045815539313
-18.724676995269476	-4.300930373676238
-5.637670423755992	8.786076197837247
-9.877546750555268	4.54619987103797
-19.830811421540204	-5.407064799946966
-40.3000146892669	-25.876268067673664
2.5680017383487552	16.991748359941994
-7.656272207132645	6.767474414460594
-2.5908423247097403	11.832904296883498
-21.74658594933186	-7.32283932773862
-8.476245020785939	5.9475016008073
-54.11336501969396	-39.68961839810072
-32.94979865750844	-18.5260520359152
-19.37048587830992	-4.946739256716683
13.299712455197948	27.723459076791187
8.181446374051518	22.605192995644757
-38.49050777270946	-24.066761151116225
-39.401372595683426	-24.977625974090188
25.425151153430704	39.84889777502394
9.86792388428097	24.291670505874208
15.976908264062729	30.400654885655968
-27.50890548798685	-13.085158866393613
4.304108416595625	18.727855038188864
-11.869524545611569	2.55422207598167
-15.734391537502745	-1.3106449159095064
-2.3209894586548785	12.10275716293836
-44.88326187073159	-30.45951524913835
-3.0266315122794936	11.397115109313745
-29.719837605873693	-15.296090984280454
6.824276128383133	21.24802274997637
-20.45042507224622	-6.02667845065298
-41.1836909471827	-26.75994432558946
-27.97431634381843	-13.550569722225191
-10.61909247775526	3.804654143837979
24.75756940643572	39.18131602802896
23.3153199714356	37.73906659302884
18.93511483225251	33.35886145384575
2.033620317356906	16.457366938950145
8.400182267395792	22.82392888898903
-51.624606350226315	-37.20085972863308
-28.35756621676461	-13.933819595171371
-60.58668789188283	-46.16294127028959
-31.364284255898895	-16.940537634305656
5.107487082124351	19.53123370371759
-43.99147884616883	-29.567732224575593
-27.630141459907975	-13.206394838314736
-65.77646032647368	-51.35271370488044
-18.368712530901178	-3.944965909307939
28.855069906312053	43.27881652790529
-14.663283530324918	-0.23953690873167943
13.484855060676125	27.908601682269364
-23.633488077168806	-9.209741455575568
19.365766526308505	33.789513147901744
4.503139767962637	18.926886389555875
-26.164840698424598	-11.74109407683136
-36.019575068443885	-21.595828446850646
-4.671881221548176	9.751865400045062
0.47259181891371327	14.896338440506952
-43.38577777081133	-28.96203114921809
-11.59076380304083	2.8329828185524093
-27.571376124593883	-13.147629503000644
-13.640164103497739	0.7835825180954998
-46.052434029938524	-31.628687408345286
-0.5392923387340147	13.884454282859224
18.372952554658184	32.79669917625142
-24.84800598871567	-10.424259367122431
-42.69335335421107	-28.26960673261783
-18.7236551275642	-4.299908505970961
-17.323216007404483	-2.899469385811244
-8.617558617661928	5.806188003931311
-3.4662747237094322	10.957471897883806
-31.556239321370015	-17.132492699776776
-13.976840205818519	0.4469064157747198
17.708873202972825	32.13261982456606
-23.239817174421262	-8.816070552828023
5.689477663362993	20.11322428495623
-31.14414696617365	-16.720400344580412
-26.155753946652624	-11.732007325059385
-1.8707988138999667	12.552947807693272
-31.12158784170657	-16.697841220113332
34.78362277706714	49.207369398660376
-22.853780557118228	-8.430033935524989
-39.30363370439642	-24.87988708280318
-21.12555090867005	-6.701804287076811
-21.316494004837807	-6.8927473832445685
-37.78101805868988	-23.357271437096642
-16.507477929212257	-2.0837313076190185
-25.527026431395427	-11.103279809802189
-15.775072000812145	-1.3513253792189062
-12.179803664018038	2.2439429575752
-28.730780120903148	-14.30703349930991
-33.12717253210627	-18.703425910513033
1.82325640273433	16.24700302432757
-8.839320913532504	5.584425708060735
-8.226334483254107	6.197412138339132
-6.266927189245109	8.15681943234813
-20.925811434056016	-6.502064812462777
9.391278386908596	23.815025008501834
-24.866280652430362	-10.442534030837123
-16.10860142180951	-1.6848548002162715
-45.470735537623625	-31.046988916030386
-17.445585628586343	-3.0218390069931047
-26.699161415592755	-12.275414793999516
5.356471502956481	19.78021812454972
-31.794785773898695	-17.371039152305457
5.65090449873918	20.07465112033242
3.600647790378787	18.024394411972025
-24.079962120617495	-9.656215499024256
-19.995987193666735	-5.572240572073497
-14.131598919623286	0.2921477019699523
-29.49544124511209	-15.071694623518852
-18.499442323890037	-4.075695702296798
-1.3452167699802544	13.078529851612984
-29.33382891520938	-14.910082293616142
-6.204063230187387	8.219683391405852
11.611879874420481	26.03562649601372
1.547787572118466	15.971534193711705
23.531179597491644	37.95492621908488
26.57886142766023	41.00260804925347
-37.65956042009253	-23.235813798499294
-35.22351925781601	-20.79977263622277
-68.90503779905754	-54.4812911774643
-38.07973985264158	-23.655993231048342
-48.57981177997914	-34.1560651583859
-13.064151308157818	1.3595953134354204
-41.533172099145816	-27.109425477552577
-1.9035855548359564	12.520161066757282
-19.9268501279808	-5.503103506387561
-10.234541892067284	4.1892047295259545
-43.391068796358525	-28.967322174765286
10.410884295829817	24.834630917423056
-1.0454019849062774	13.378344636686961
5.5562291055315995	19.979975727124838
-35.76697816576831	-21.34323154417507
2.5245508445727296	16.948297466165968
1.528233231415868	15.951979853009107
6.983216680520343	21.40696330211358
-3.052480702543619	11.37126591904962
8.276190740383242	22.69993736197648
-18.687307643115275	-4.263561021522037
-41.86717130106314	-27.4434246794699
-14.605550323780847	-0.181803702187608
16.50723524798326	30.9309818695765
-25.126335928442643	-10.702589306849404
-35.03361439480119	-20.609867773207952
-19.413344384702725	-4.9895977631094866
-29.971456885927694	-15.547710264334455
-27.05675838917574	-12.633011767582502
-48.123688983666	-33.69994236207276
-55.70099325896496	-41.27724663737172
11.630873158420798	26.054619780014036
-42.785073378320305	-28.361326756727067
-10.90349322518938	3.5202533964038594
-3.086646180476748	11.33710044111649
-49.86147098491398	-35.43772436332074
-51.35531485379812	-36.93156823220488
-13.794476171075587	0.6292704505176516
13.679911824502994	28.103658446096233
0.6027328659324098	15.026479487525648
-14.102752890401973	0.3209937311912654
-15.411734228030184	-0.9879876064369455
40.4900379170935	54.91378453868674
-45.73446997033221	-31.310723348738975
-9.685015017654734	4.738731603938504
-57.20466995958901	-42.78092333799577
-2.568249461074231	11.855497160519008
-1.6553861834186705	12.768360438174568
5.855865789176676	20.279612410769914
-12.276886384287138	2.1468602373061003
20.44788519968955	34.87163182128279
-1.6469575149172329	12.776789106676006
-25.09936108733433	-10.675614465741091
6.21073279216165	20.63447941375489
-9.091056575671757	5.332690045921481
-2.584843396886356	11.838903224706883
0.10589252514859027	14.529639146741829
-19.915449113141733	-5.491702491548494
-35.44560433095518	-21.02185770936194
-55.098149956139025	-40.67440333454579
7.1314458923802135	21.555192513973452
-9.600648475061973	4.823098146531265
-16.605777896482834	-2.182031274889596
-19.24884128248283	-4.82509466088959
-8.430980403071374	5.992766218521865
19.630716820647137	34.054463442240376
-13.011732524545153	1.4120140970480861
29.130635235290754	43.55438185688399
-40.87928528253593	-26.455538660942693
-32.43824840960639	-18.01450178801315
-11.491609180601301	2.932137440991937
-11.926400174059893	2.497346447533346
-16.896522982039244	-2.472776360446005
4.733445413577499	19.157192035170738
-24.157451086059666	-9.733704464466427
-16.299454877961182	-1.8757082563679432
-29.888498224194848	-15.46475160260161
-29.933113917177764	-15.509367295584525
-17.117794357015157	-2.6940477354219183
-31.67989651287695	-17.256149891283712
-38.4930839161612	-24.06933729456796
-13.03540361744723	1.3883430041460088
-46.67548166107059	-32.25173503947735
-7.646944741638947	6.7768018799542915
30.81471759368236	45.2384642152756
-46.189815943864744	-31.766069322271505
-15.317219372861075	-0.8934727512678364
-15.38713227526074	-0.9633856536675012
12.360558478401288	26.784305099994526
-26.72657495711661	-12.302828335523373
38.04839882949403	52.47214545108727
-3.7997096848926617	10.624036936700577
24.537468079135067	38.961214700728306
-48.009147182231175	-33.585400560637936
-2.2096066318559338	12.214139989737305
-40.52860959740843	-26.104862975815195
-62.275581670059694	-47.851835048466455
-40.3829417516759	-25.959195130082662
-21.415359120794676	-6.9916124992014375
26.254047901842057	40.677794523435296
-32.228776980650366	-17.805030359057127
2.274102158021776	16.697848779615015
-17.15847474740491	-2.734728125811671
16.956744921094867	31.380491542688105
-16.36937090666521	-1.9456242850719718
-7.795993670334212	6.627752951259026
0.05619167915523349	14.479938300748472
30.166887634324155	44.590634255917394
-39.548411362390254	-25.124664740797016
-32.000198530550335	-17.576451908957097
17.009840448975808	31.433587070569047
-101.38089115244708	-86.95714453085384
-1.4476519203968223	12.976094701196416
-38.24364576374552	-23.81989914215228
-36.943348466833925	-22.519601845240686
-43.401963082018995	-28.978216460425756
-54.39090616550726	-39.96715954391402
-4.870862843054567	9.552883778538671
-38.67913436606665	-24.25538774447341
-6.629866538678982	7.7938800829142565
-44.30328681795123	-29.879540196357993
-28.17444124546506	-13.750694623871823
0.037887847145100295	14.461634468738339
-35.417558750218234	-20.993812128624995
-53.75309670710027	-39.32935008550703
-28.767749977756978	-14.34400335616374
-23.468736925272026	-9.044990303678787
-5.271043103734485	9.152703517858754
-49.1007761620354	-34.67702954044216
-33.25986859738674	-18.836121975793503
-24.88340402319642	-10.459657401603181
-12.857933608444512	1.565813013148727
-36.52265806015254	-22.0989114385593
6.85964022741922	21.28338684901246
-9.370465236927487	5.053281384665752
-40.65749773667682	-26.233751115083578
19.71069481042599	34.13444143201923
-23.49732668243138	-9.07358006083814
2.9582815531243227	17.38202817471756
-43.75095668780756	-29.32721006621432
-15.458960460201126	-1.0352138386078877
-19.505356571834056	-5.081609950240818
-33.04372526857384	-18.6199786469806
-31.09992049769113	-16.67617387609789
1.2630980676835293	15.686844689276768
5.809011611264793	20.232758232858032
-41.32547447154553	-26.901727849952294
-7.108909233670204	7.314837387923035
3.8541815532293526	18.27792817482259
-30.814400101452122	-16.390653479858884
10.872454912466708	25.296201534059946
-30.875743579374614	-16.451996957781375
-4.132776900013198	10.29096972158004
-16.831923864323983	-2.408177242730744
-30.322779573813534	-15.899032952220296
-28.176558708969026	-13.752812087375787
2.2832838212265756	16.707030442819814
-26.33526909432163	-11.911522472728393
29.08059977870238	43.50434640029562
-8.970022163507167	5.4537244580860715
-23.241127291803934	-8.817380670210696
39.79032084177692	54.21406746337016
-9.491000826347374	4.932745795245864
-54.028918521821254	-39.605171900228015
-34.290274771913175	-19.866528150319937
-18.00418143472831	-3.5804348131350707
-19.835776189844694	-5.412029568251455
-24.664629155748628	-10.24088253415539
-27.68376468105322	-13.26001805945998
-34.21841753272071	-19.79467091112747
-15.96441284161898	-1.5406662200257415
-17.518978170607227	-3.095231549013988
-30.85458544885529	-16.43083882726205
-12.185980995062494	2.237765626530745
-59.213652339902694	-44.789905718309456
-9.364360828280553	5.059385793312686
-15.484988283242785	-1.0612416616495466
-44.29846614111062	-29.874719519517384
-13.682956185796286	0.7407904357969528
-5.753290115645143	8.670456505948096
-17.93837220302572	-3.514625581432483
-34.33194645438249	-19.90819983278925
17.296894350285072	31.72064097187831
33.304376082705346	47.728122704298585
12.255373847299268	26.679120468892506
-14.954132049876137	-0.5303854282828979
-26.92734019317919	-12.503593571585952
-4.823592271518066	9.600154350075172
-3.913729940898122	10.510016680695117
-30.37799935995332	-15.954252738360083
-33.895151195095025	-19.471404573501786
12.43330029176235	26.85704691335559
-11.158363661183614	3.2653829604096245
-11.203123539563023	3.2206230820302153
-24.196764486776885	-9.773017865183647
-23.422453433384874	-8.998706811791635
-26.9986826651662	-12.574936043572961
2.0439741458753247	16.467720767468563
-31.519020713349676	-17.095274091756437
-20.69432715347699	-6.270580531883752
-14.227290248535212	0.19645637305802666
-1.726460655314952	12.697285966278287
-41.03741330884128	-26.613666687248042
-15.29459593541884	-0.8708493138256017
7.365001965029876	21.788748586623115
0.6846447924685322	15.10839141406177
-34.3519258230304	-19.92817920143716
-25.110227906152943	-10.686481284559704
-19.46719957902002	-5.04345295742678
14.343245882518602	28.76699250411184
-19.010609632918715	-4.586863011325477
-81.27929749637457	-66.85555087478133
-48.32911391414433	-33.90536729255109
8.942434768446617	23.366181390039856
-21.72301714744441	-7.2992705258511705
-28.033281148142635	-13.609534526549396
-46.642249864344706	-32.21850324275147
-2.18130542063642	12.242441200956819
-59.04939686346239	-44.62565024186915
4.615713666403678	19.039460287996917
-22.332097327184385	-7.908350705591147
-59.03163361670937	-44.60788699511613
-22.68455310546466	-8.26080648387142
-32.004879584019875	-17.581132962426636
-25.21610665438544	-10.792360032792203
-20.355348550751444	-5.931601929158205
-0.45162276269599033	13.972123858897248
-52.278932386362214	-37.855185764768976
-17.285244145685795	-2.861497524092556
-20.251257175209105	-5.827510553615866
-15.454509025185473	-1.0307624035922345
-30.9718122078271	-16.54806558623386
15.274136522325932	29.69788314391917
-26.511238047744484	-12.087491426151246
-18.05050338268535	-3.6267567610921105
-36.12972746862994	-21.7059808470367
-10.712813552433147	3.7109330691600917
7.7671184025015805	22.19086502409482
-20.83290026336232	-6.40915364176908
26.995083218898287	41.418829840491526
-20.561800844698666	-6.138054223105428
-15.58759294178941	-1.1638463201961713
-49.860413533876056	-35.43666691228282
-51.44242458242712	-37.018677960833884
-2.286211825071007	12.137534796522232
14.322538297979406	28.746284919572645
-31.404210878311062	-16.980464256717823
3.4127849185965147	17.836531540189753
-3.241023681367153	11.182722940226085
-12.618455998141656	1.805290623451583
30.585657262497477	45.009403884090716
-2.3578868276459275	12.065859793947311
-28.41994282835418	-13.996196206760942
-1.919094543329777	12.504652078263462
-23.267805470758105	-8.844058849164867
13.5701879021139	27.99393452370714
-9.212952725378784	5.210793896214454
-20.43408165037596	-6.01033502878272
-46.02593975207907	-31.60219313048583
25.76800999453502	40.19175661612826
21.455846825446713	35.87959344703995
-24.241598876768478	-9.81785225517524
-18.933728644501173	-4.509982022907934
-39.524795711659465	-25.101049090066226
18.635165495208128	33.058912116801366
-38.06729160152514	-23.643544979931903
-5.198584768099465	9.225161853493773
-42.80693522185226	-28.383188600259018
-41.61033236800773	-27.186585746414494
-6.953139803321903	7.470606818271335
6.29773695089483	20.72148357248807
-32.92951577809487	-18.50576915650163
-41.37360421551472	-26.94985759392148
-13.505001312638854	0.9187453089543851
9.641613236009505	24.065359857602743
-13.209711784810281	1.2140348367829574
7.631174749454146	22.054921371047385
0.732723317581474	15.156469939174713
-50.55317443569271	-36.12942781409947
-17.475174983971158	-3.0514283623779193
-14.683722758498845	-0.25997613690560684
-19.93133121707848	-5.507584595485241
19.144840318308923	33.56858693990216
6.964972106062703	21.38871872765594
-9.675300341180048	4.748446280413191
-40.19262382863286	-25.768877207039623
-53.257861435319285	-38.834114813726046
-8.815622239090374	5.608124382502865
-33.30177373128441	-18.878027109691175
-30.970049893782345	-16.546303272189107
-3.984485491259477	10.439261130333762
-40.801894806653365	-26.378148185060127
-3.9728937739787966	10.450852847614442
19.314313580434316	33.738060202027555
-16.126619022754824	-1.702872401161585
9.37252846717405	23.79627508876729
-13.27368342542519	1.1500631961680483
18.724488752668037	33.148235374261276
-19.275464582439383	-4.851717960846145
-3.374882170516287	11.048864451076952
-23.488686396122432	-9.064939774529194
-34.05542704251326	-19.63168042092002
-14.447021527514664	-0.02327490592142567
-12.188650134944112	2.2350964866491267
4.910317930530653	19.33406455212389
-33.11931003354454	-18.695563411951298
-3.747479244419594	10.676267377173644
-50.450288618878915	-36.026541997285676
-25.581525491485593	-11.157778869892354
27.615686561016844	42.03943318261008
17.98858001037246	32.4123266319657
11.961400046369306	26.385146667962545
3.0419499094927573	17.465696531085996
-56.15214595714548	-41.72839933555224
-29.57627689479756	-15.15253027320432
19.66587342086808	34.08962004246132
-43.92634816228434	-29.502601540691103
32.33706741597365	46.76081403756689
-13.219322852565313	1.204423769027926
-24.644867176197806	-10.221120554604568
-6.742684098856046	7.681062522737193
-12.470736488067416	1.9530101335258223
6.6387798617719795	21.062526483365218
-51.102533132398605	-36.67878651080537
-26.993622900111006	-12.569876278517768
-5.198014342219324	9.225732279373915
-16.92208428648206	-2.4983376648888225
-15.313894479164958	-0.8901478575717192
-25.630537767771386	-11.206791146178148
-21.148567016957315	-6.724820395364077
19.338799966840668	33.762546588433906
-58.136816026723466	-43.71306940513023
-5.115696079381962	9.308050542211276
-17.60566866592177	-3.1819220443285303
-14.896177780021901	-0.47243115842866246
-42.454449382385576	-28.030702760792337
-16.84031525615916	-2.4165686345659196
-35.90351802856509	-21.47977140697185
10.934335263423634	25.358081885016873
-26.314681579817773	-11.890934958224534
-47.79015403726277	-33.36640741566953
9.415047659443587	23.838794281036826
-19.28754205232741	-4.8637954307341715
-12.919529037776158	1.5042175838170806
-11.613083869663171	2.8106627519300673
33.12276395071916	47.5465105723124
-3.6008129258921713	10.822933695701067
-40.324810259721346	-25.901063638128107
5.467612002822932	19.89135862441617
-11.798737397352454	2.6250092242407845
10.68245117668215	25.10619779827539
-19.018845541395933	-4.595098919802695
-6.835291339485195	7.588455282108043
-24.422223103458748	-9.99847648186551
-35.58955197622032	-21.165805354627082
-34.12935133484331	-19.705604713250068
18.802787473199203	33.22653409479244
-14.160327798360015	0.2634188232332235
-13.131465133694803	1.2922814878984354
-1.7404158472859876	12.683330774307251
-12.318955661649454	2.1047909599437844
-41.091406146581505	-26.667659524988267
1.7805724605927367	16.204319082185975
-16.42047328125824	-1.9967266596650006
7.111092885773758	21.534839507366996
-14.418919891359621	0.004826730233617127
4.721185597990768	19.144932219584007
-18.404527051862317	-3.9807804302690784
-54.54291959034941	-40.119172968756175
12.016681919681503	26.44042854127474
0.16848241762585303	14.592229039219092
-3.320435310940013	11.103311310653226
-27.656783616469113	-13.233036994875874
-30.827264212472585	-16.403517590879346
-28.455605165575037	-14.031858543981798
31.709284083196906	46.133030704790144
-26.616243308345076	-12.192496686751838
0.11362650398899632	14.537373125582235
-12.590552900241676	1.833193721351563
-37.565031137019616	-23.141284515426378
-40.15598541139531	-25.732238789802068
1.627386463201617	16.051133084794856
5.220240175061406	19.643986796654644
0.5755114978159668	14.999258119409205
-13.714803977717168	0.7089426438760711
-3.2166465520063525	11.207100069586886
12.676429604536168	27.100176226129406
-29.752071990901243	-15.328325369308004
-43.71588706099334	-29.2921404394001
-45.46225138947972	-31.03850476788648
-17.865596413620153	-3.4418497920269147
3.6675122618975706	18.09125888349081
-32.592901623670116	-18.169155002076877
-27.285496903911337	-12.861750282318098
-15.99756751664296	-1.573820895049721
10.573096304964054	24.996842926557292
-33.447000745997286	-19.023254124404048
6.031171444300924	20.454918065894162
-61.932086949142615	-47.50834032754938
-11.463476431505626	2.9602701900876127
1.5660243696979137	15.989770991291152
-1.7922632953928428	12.631483326200396
-29.39237107231071	-14.96862445071747
-30.72063143763131	-16.296884816038073
-23.67271379770733	-9.248967176114093
5.951894783552632	20.37564140514587
-31.452461378525697	-17.02871475693246
20.99382776724036	35.4175743888336
-8.968017144442058	5.455729477151181
40.2582117780907	54.681958399683936
-18.871351329530228	-4.447604707936989
0.3480999533853151	14.771846574978554
19.952429032629368	34.37617565422261
15.53281371034194	29.95656033193518
14.93546209886648	29.35920872045972
-43.04372503850806	-28.61997841691482
-45.21785898025752	-30.79411235866428
-14.798158142679824	-0.3744115210865857
27.190286430100457	41.614033051693696
19.92887783511054	34.35262445670378
15.646872658754944	30.070619280348183
-37.231010207026486	-22.807263585433247
-7.497810253022692	6.925936368570547
-45.12627812551415	-30.70253150392091
-39.4909466223549	-25.06720000076166
37.09834097170773	51.52208759330097
-69.64395891186047	-55.22021229026723
11.683662772549212	26.10740939414245
7.4555297040855635	21.879276325678802
-20.649650312662345	-6.225903691069107
5.6832625541205175	20.107009175713756
-43.74803215731714	-29.324285535723902
19.647411723351468	34.071158344944706
2.0228282037491567	16.446574825342395
-14.223062298122898	0.20068432347034104
-44.330341764529805	-29.906595142936567
-46.54134946273604	-32.1176028411428
-2.4856969573816627	11.938049664211576
-15.59828265100856	-1.1745360294153215
-40.30584152042189	-25.882094898828655
-1.9309453640822198	12.492801257511019
-1.582985298002825	12.840761323590414
-13.395278884731454	1.028467736861785
25.665189881859476	40.088936503452715
-17.122571074979135	-2.698824453385896
19.65326076826699	34.07700738986023
-13.505738473752501	0.9180081478407374
-13.414408061428333	1.009338560164906
-15.196779445127106	-0.7730328235338675
-36.80480665801639	-22.38106003642315
-36.200762509507115	-21.777015887913876
56.00049835665362	70.42424497824686
-19.747130029245966	-5.323383407652727
-44.089320085353904	-29.665573463760666
-8.178747676713613	6.244998944879626
-13.402328779943275	1.0214178416499635
-13.40017585396032	1.0235707676329184
-21.9423987665146	-7.5186521449213615
-5.26936926655668	9.154377355036559
-36.87297491991973	-22.44922829832649
-33.409346221328235	-18.985599599734996
13.732950209573971	28.15669683116721
-2.526779609463631	11.896967012129608
9.887824025448424	24.311570647041663
-2.413684834079106	12.010061787514132
3.9207163991881657	18.344463020781404
-44.31707615133979	-29.893329529746552
-6.995557249837077	7.428189371756162
-40.96622736349724	-26.542480741904
-20.44186559861606	-6.018118977022823
-10.314290164366469	4.10945645722677
-33.800573761087946	-19.376827139494708
-43.612053288038226	-29.188306666444987
-28.187991613268025	-13.764244991674786
-33.23701680900609	-18.813270187412854
-2.9879727091980044	11.435773912395234
-21.191295913719443	-6.767549292126205
-15.474766715830413	-1.051020094237174
13.948718340492121	28.37246496208536
-2.8052229999671567	11.618523621626082
-15.326834035739523	-0.9030874141462846
-42.376544736842845	-27.952798115249607
8.56592659648544	22.98967321807868
-18.134361866985785	-3.710615245392546
13.560732303805196	27.984478925398435
-12.083452221203117	2.340294400390121
16.551041392499826	30.974788014093065
-13.064981143900297	1.3587654776929412
-12.230486570370488	2.193260051222751
-20.597168238259258	-6.173421616666019
-63.52828704156178	-49.104540419968544
-23.671263736229378	-9.247517114636139
20.417917205202173	34.84166382679541
-18.66752091029099	-4.24377428869775
-41.87096499780506	-27.447218376211822
4.673115153818287	19.096861775411526
0.08365356596863194	14.50740018756187
-25.409869643940112	-10.986123022346874
-6.899434238025208	7.524312383568031
-10.9587755112521	3.464971110341139
21.733316000295815	36.157062621889054
-22.153221981011086	-7.729475359417847
-3.925825415317888	10.49792120627535
19.346570818619	33.77031744021224
11.109845964564954	25.533592586158193
-15.330489827633357	-0.9067432060401188
-22.400373800898308	-7.976627179305069
-9.041361379037482	5.382385242555756
-9.502967945322382	4.9207786762708565
-15.963830512592324	-1.5400838909990853
0.06326974800998642	14.487016369603225
13.153909287931526	27.577655909524765
-23.136966952261503	-8.713220330668264
-17.58721507534989	-3.16346845375665
-12.633530853396735	1.7902157681965036
-20.269251340760604	-5.845504719167366
16.607427767339175	31.031174388932413
-33.749200256592815	-19.325453634999576
-63.3308429429822	-48.90709632138896
-66.51638310573668	-52.09263648414344
-28.31786321845044	-13.894116596857202
-22.265661129779403	-7.841914508186164
-54.87303590267453	-40.44928928108129
-55.73148773788904	-41.3077411162958
-9.892792125633207	4.530954495960032
-43.32322434172289	-28.899477720129653
-7.785662409420695	6.638084212172544
-34.674131832762725	-20.250385211169487
-2.2560577668705832	12.167688854722655
2.552589548307367	16.976336169900605
-15.353524672399146	-0.9297780508059077
-18.128532248571503	-3.704785626978264
-59.814450463477044	-45.390703841883806
-50.282774256957566	-35.85902763536433
-27.603880349147005	-13.180133727553766
-21.34502033923542	-6.92127371764218
-18.656612622486648	-4.232866000893409
-45.12882418896385	-30.70507756737061
7.403199637111754	21.826946258704993
-32.237225633355195	-17.813479011761956
-39.8991510120764	-25.475404390483163
-32.45650116100347	-18.032754539410234
-17.757045525643264	-3.333298904050025
-54.66689269246905	-40.24314607087581
-51.35168153500905	-36.92793491341581
-42.62217567399108	-28.19842905239784
17.954999825822085	32.378746447415324
-24.875789646096166	-10.452043024502927
-6.221095126988587	8.202651494604652
-12.269874191486963	2.1538724301062757
-6.400456499738141	8.023290121855098
-5.81708753800973	8.606659083583509
-20.447414329050446	-6.023667707457207
-26.979764436554035	-12.556017814960796
-16.66908820745499	-2.245341585861752
13.44836458753656	27.8721112091298
-5.233420874421938	9.1903257471713
-14.944983731017203	-0.5212371094239643
8.488421805762698	22.912168427355937
-14.258214049732999	0.16553257186023984
-20.559830555583687	-6.136083933990449
-36.25338156233971	-21.829634940746473
-31.16899532669828	-16.74524870510504
-1.4501793496825144	12.973567271910724
-30.907047245513752	-16.483300623920513
-39.78722662544948	-25.36348000385624
-9.929985840623488	4.493760780969751
-26.809763125166285	-12.386016503573046
11.456958487782174	25.880705109375413
-13.114921508524787	1.3088251130684512
-31.871712518092465	-17.447965896499227
20.831045225807827	35.254791847401066
-35.47963062417017	-21.05588400257693
5.102126332850673	19.525872954443912
14.672870020941843	29.096616642535082
3.8400417624138186	18.263788384007057
-2.9610226657610497	11.462723955832189
-49.663824928059114	-35.240078306465875
3.057015968144185	17.480762589737424
-15.721047173713089	-1.2973005521198502
-10.852942083679011	3.5708045379142277
-26.27266379530971	-11.848917173716472
-11.599347610922052	2.8243990106711863
-12.725093379522662	1.698653242070577
25.985159872426664	40.4089064940199
28.564414682979475	42.988161304572714
2.923575615691732	17.34732223728497
-38.57614876711938	-24.15240214552614
-41.296631463549204	-26.872884841955965
-0.4979934195803821	13.925753202012856
-6.637741999097273	7.786004622495966
-5.18059932828379	9.243147293309448
3.0041542121247744	17.427900833718013
-5.470281974798638	8.9534646467946
-63.57693690447974	-49.1531902828865
-15.785152377408451	-1.3614057558152126
33.282131339226396	47.705877960819635
-32.16642917862242	-17.742682557029184
-48.10032657317839	-33.676579951585154
-19.50472306257194	-5.080976440978702
-24.110214341134053	-9.686467719540815
-19.883893494414735	-5.460146872821497
-7.256460271070466	7.167286350522772
7.413588386414119	21.837335008007358
6.340986925154937	20.764733546748175
-11.255411211714602	3.1683354098786367
-54.25648087387577	-39.832734252282535
-5.1403749232054565	9.283371698387782
-40.784135785063484	-26.360389163470245
-31.72248588589042	-17.298739264297183
-17.123854242054733	-2.7001076204614947
4.513659894342197	18.937406515935436
21.67326115316922	36.09700777476246
-21.194971122146455	-6.771224500553217
42.74250965318737	57.16625627478061
-11.922400307398277	2.5013463141949615
-36.41333653826638	-21.98958991667314
-48.56880362142016	-34.14505699982692
-18.198480370840628	-3.774733749247389
0.9579906202047255	15.381737241797964
1.5128499188935507	15.93659654048679
-21.00661052962147	-6.58286390802823
-9.848588652974797	4.575157968618441
-19.08757562343868	-4.663829001845443
-16.192245558173965	-1.7684989365807269
-51.52150503003992	-37.09775840844668
-6.283764483429479	8.13998213816376
15.076289302356088	29.500035923949326
-27.433660352057416	-13.009913730464177
-38.34069837406474	-23.916951752471505
-30.734708919314073	-16.310962297720835
-50.5783881478788	-36.15464152628556
-16.557441063975205	-2.133694442381966
19.065449878129073	33.48919649972231
-34.70757904787803	-20.28383242628479
1.5572642934052396	15.981010914998478
-12.65530053481831	1.7684460867749294
13.17927382392321	27.60302044551645
-18.27903333136834	-3.8552867097751005
-1.7766835333537188	12.64706308823952
5.892551661213872	20.31629828280711
-0.38808187079172285	14.035664750801516
-26.134395085108338	-11.7106484635151
9.918485402965814	24.342232024559053
23.731327810826258	38.1550744324195
13.409106124141033	27.83285274573427
3.307009969306307	17.730756590899546
-21.755199331274127	-7.331452709680889
-0.28908466020271817	14.13466196139052
-55.441005861467204	-41.017259239873965
-17.766682002890377	-3.3429353812971385
0.8545949822068337	15.278341603800072
0.09541332515749446	14.519159946750733
-0.81942903459327	13.604317586999969
-28.547126873345917	-14.123380251752678
-55.02375523509596	-40.60000861350272
-9.856445412785035	4.567301208808203
15.616084027445538	30.039830649038777
-17.166015853851206	-2.742269232257968
-16.45037627778271	-2.0266296561894706
6.3045249044729985	20.728271526066237
1.071055175044819	15.494801796638058
-16.362250300190283	-1.9385036785970442
-32.0805755600673	-17.656828938474064
7.002550367389119	21.426296988982358
4.6364629555241095	19.060209577117348
2.2660714483421884	16.689818069935427
-24.654158036727097	-10.230411415133858
-30.445381913560198	-16.02163529196696
-15.299120682357682	-0.8753740607644431
-20.32056990639154	-5.896823284798302
-59.92798706091031	-45.50424043931707
-18.366378799103188	-3.9426321775099495
-35.0380381389046	-20.614291517311358
-9.809558942005026	4.614187679588213
8.038991392567766	22.462738014161005
4.124133207099874	18.547879828693112
-26.348023889783292	-11.924277268190053
-26.673752238326927	-12.250005616733688
2.0263269821365952	16.450073603729834
-29.948090957223542	-15.524344335630303
-44.28785060131537	-29.86410397972213
-66.63211390793055	-52.20836728633731
-13.9570629774758	0.46668364411743823
2.429988614915999	16.853735236509237
5.73453531963554	20.15828194122878
-5.203481240162148	9.22026538143109
0.7711762344910653	15.194922856084304
-32.159024383953295	-17.735277762360056
-17.865682007534417	-3.4419353859411785
19.506923168438732	33.93066979003197
1.6695498371913686	16.093296458784607
5.915591549091403	20.33933817068464
-15.985723298531013	-1.5619766769377748
12.28275349933341	26.70650012092665
-7.944931015118129	6.478815606475109
18.233491235288454	32.65723785688169
-17.850122495125618	-3.426375873532379
30.296072961871175	44.719819583464414
-37.76688896545289	-23.343142343859654
-29.614314606566552	-15.190567984973313
-44.633715237833314	-30.209968616240076
-49.86514232854148	-35.44139570694824
-15.5707802306502	-1.1470336090569617
-10.740119422313512	3.6836271992797265
-23.984715835941245	-9.560969214348006
-83.87211742536653	-69.44837080377329
-26.51686645481874	-12.0931198332255
-39.65532216484331	-25.231575543250074
-24.86863367753591	-10.444887055942672
-75.6806856200206	-61.25693899842736
-25.906719008744915	-11.482972387151676
-44.49809333490754	-30.0743467133143
-16.485582936926733	-2.061836315333494
24.700913610278292	39.12466023187153
1.8312305839276064	16.254977205520845
-30.046506050137907	-15.622759428544668
19.761629694002693	34.18537631559593
-20.039115184867626	-5.615368563274387
-8.45754655313118	5.966200068462058
-21.24129790519561	-6.81755128360237
-50.52536393506358	-36.10161731347034
29.148123941201845	43.571870562795084
-23.877110501613572	-9.453363880020333
3.5725838739376172	17.996330495530856
17.828797335626803	32.25254395722004
-0.5433575267311994	13.88038909486204
-9.04086171132127	5.382884910271969
-34.996156082656455	-20.572409461063216
-24.808337393195472	-10.384590771602234
-26.783531170229764	-12.359784548636526
14.591820438355569	29.015567059948808
-26.700658927941333	-12.276912306348095
-4.445713540474173	9.978033081119065
-4.039690826241497	10.384055795351742
-79.95518042356031	-65.53143380196707
-42.3872611321645	-27.963514510571258
10.209918384447008	24.633665006040246
-25.372212143840954	-10.948465522247716
-15.172173408013407	-0.7484267864201684
36.67862653296419	51.10237315455743
15.190235869412788	29.613982491006027
-4.471642150667833	9.952104470925406
-63.64493772316979	-49.22119110157655
6.1152715737475205	20.53901819534076
-19.084380698572716	-4.660634076979477
-15.834123165121639	-1.4103765435284004
1.727014250667196	16.150760872260435
-8.919626064737315	5.5041205568559235
-18.469849635345383	-4.046103013752145
-36.15916761331806	-21.735420991724823
-36.611733144782704	-22.187986523189466
0.3246161471828941	14.748362768776133
-20.008155090334697	-5.584408468741458
-24.91347057476429	-10.489723953171051
-62.47041351130662	-48.04666688971338
-34.82508863464369	-20.401342013050453
-43.96982421082117	-29.546077589227934
-44.515948445485776	-30.092201823892538
-13.905367394174903	0.5183792274183361
-14.485390191076078	-0.061643569482839666
9.863395977553807	24.287142599147046
-26.799660964090947	-12.375914342497708
4.137442457860232	18.56118907945347
-0.4402194436339073	13.983527177959331
-16.132801444874133	-1.7090548232808942
-37.623436622955126	-23.199690001361887
-10.889666203737363	3.5340804178558756
10.443951377098927	24.867697998692165
-64.18328590475045	-49.75953928315721
34.68012352563477	49.10387014722801
-7.8243782192517415	6.599368402341497
-32.05810238922328	-17.63435576763004
-6.92816081178222	7.495585809811018
-60.88600573606578	-46.462259114472545
-38.61818837418883	-24.194441752595594
-19.796184030951338	-5.372437409358099
20.927221575147485	35.35096819674072
27.334326278890728	41.75807290048397
9.896353534269508	24.320100155862747
-13.19550416069302	1.2282424609002192
-20.410217562072432	-5.986470940479194
-41.10759432499668	-26.683847703403444
33.42642830468634	47.85017492627958
-30.225557663951406	-15.801811042358167
10.587168162171508	25.010914783764747
6.99302228392429	21.41676890551753
-28.661568215270165	-14.237821593676927
-14.806637080146686	-0.3828904585534474
30.041651185550506	44.465397807143745
-6.849928359741682	7.573818261851557
-36.956857586025365	-22.533110964432126
-45.842772635362564	-31.419026013769326
-19.89871229572651	-5.474965674133273
-7.915681218547036	6.508065403046203
-26.58835156948095	-12.16460494788771
-19.238180908513243	-4.8144342869200045
-23.23857713960075	-8.814830518007511
-41.14387114438483	-26.720124522791593
-46.42031128258583	-31.99656466099259
-55.89825396973953	-41.47450734814629
-2.5473746518915164	11.876371969701722
-20.211661344532843	-5.787914722939604
-71.0590722249695	-56.63532560337626
-20.99377417931879	-6.5700275577255525
26.855737902958424	41.27948452455166
-17.123181584444467	-2.699434962851228
23.423123173597048	37.84686979519029
0.3238359472665593	14.747582568859798
52.27290776339163	66.69665438498487
-26.072972282775083	-11.649225661181845
-55.67485365537192	-41.25110703377868
-10.309050837044708	4.11469578454853
-20.55495771281909	-6.13121109122585
-3.894772537569736	10.528974084023503
17.885077914215287	32.308824535808526
-32.97727574686775	-18.55352912527451
-15.839592973505717	-1.415846351912478
24.272246773972654	38.69599339556589
2.4067437526895787	16.830490374282817
8.333389741666394	22.757136363259633
-31.029554149434773	-16.605807527841534
-2.491813150387827	11.931933471205411
-18.28109812753297	-3.8573515059397323
2.6301853388208087	17.053931960414047
-7.4329993746874266	6.990747246905812
-14.78756882868089	-0.3638222070876509
2.0972863093551837	16.521032930948422
29.11587789122808	43.53962451282132
-35.92029728424001	-21.49655066264677
-37.419701383005815	-22.995954761412577
-22.90323236859018	-8.479485746996943
-19.197350890499877	-4.773604268906638
-15.284010759751766	-0.8602641381585272
-13.051522573769546	1.3722240478236927
-14.489791547581774	-0.0660449259885354
-6.809996642616682	7.613749978976557
-28.909656259311816	-14.485909637718578
-11.69777314343861	2.7259734781546285
-28.13509702486823	-13.711350403274992
5.467432218144893	19.89117883973813
17.924297785465967	32.348044407059206
48.67835853379023	63.10210515538347
4.674306184263912	19.09805280585715
-11.426745922821794	2.997000698771444
-16.384570785311155	-1.9608241637179162
5.27995899219917	19.70370561379241
-30.83683038259238	-16.413083760999143
1.9349027716447722	16.35864939323801
-53.43782282785884	-39.0140762062656
-9.561436887823731	4.862309733769507
-52.420292039176786	-37.99654541758355
7.352701803967136	21.776448425560375
50.24417733897957	64.66792396057281
-12.685015098956285	1.7387315226369537
-7.95231271209974	6.4714339094934985
2.9584869774184313	17.38223359901167
2.5124211397264276	16.936167761319666
-26.768770841903972	-12.345024220310734
26.465520898425382	40.88926752001862
15.479264799133887	29.903011420727125
2.5649472914005287	16.988693912993767
-12.755406767355964	1.6683398542372743
-5.457007053214113	8.966739568379126
-6.84584852972381	7.577898091869429
-21.468413454779295	-7.0446668331860565
19.649039528193896	34.072786149787134
-45.68331248327064	-31.2595658616774
13.848677607376374	28.272424228969612
17.7314054304656	32.15515205205884
-39.15586194779513	-24.732115326201892
-29.14360017368068	-14.719853552087443
15.202759610568535	29.626506232161773
-2.70885808250074	11.714888539092499
-24.653457510569353	-10.229710888976115
-41.251466982263594	-26.827720360670355
-34.33659358244819	-19.91284696085495
-27.173985406051145	-12.750238784457906
-19.706629972578014	-5.2828833509847755
-12.162853412134211	2.2608932094590273
9.281917456675217	23.705664078268455
-39.38757823158136	-24.96383160998812
-21.780667040155606	-7.356920418562368
-46.73282818315107	-32.30908156155783
3.954436280378502	18.37818290197174
14.835686372658017	29.259432994251256
