Hf	deltaHf ref=-10.173957023913744
-21.722849007061512	-11.548891983147769
-10.393509743508247	-0.2195527195945033
-4.3404003816671946	5.833556642246549
9.099603496536957	19.2735605204507
-27.06361602003605	-16.889658996122307
-12.409812041877075	-2.235855017963331
-30.430585301028685	-20.25662827711494
-24.09009501332045	-13.916137989406707
-7.2274408877696885	2.946516136144055
-9.936032657692039	0.23792436622170499
-24.86367475238373	-14.689717728469986
14.914098420603779	25.088055444517522
-18.202400531378288	-8.028443507464544
-10.810184060027012	-0.6362270361132687
-12.273390816792443	-2.099433792878699
-2.6612039544401966	7.512753069473547
-5.994821597922481	4.179135425991262
13.266374414788089	23.440331438701833
-22.16859948688804	-11.994642462974298
-42.46850513334218	-32.29454810942843
6.536965334374628	16.71092235828837
-15.240031660489393	-5.0660746365756495
-8.293708771160226	1.8802482527535176
-21.24647057129775	-11.072513547384006
8.25750589809607	18.431462922009814
21.34357076360314	31.517527787516883
2.9362742837197686	13.110231307633512
-52.35925509170781	-42.185298067794065
3.2400027849812716	13.413959808895015
-10.272577574969972	-0.09862055105622858
-28.678913705173244	-18.5049566812595
8.603805000662334	18.777762024576077
-0.2529945666451283	9.920962457268615
-18.957552788472157	-8.783595764558413
-20.265162450827546	-10.091205426913803
-2.9338656542444994	7.240091369669244
-7.6182043351568325	2.555752688756911
-4.962483110115926	5.211473913797818
16.572166253843108	26.74612327775685
-4.072475897350586	6.101481126563158
17.211709689190258	27.385666713104
-1.1780486600168558	8.995908363896888
-34.72067661503249	-24.546719591118745
-3.182861483043297	6.991095540870447
-7.7450405020631194	2.428916521850624
-54.08627469347854	-43.9123176695648
-12.04409661471297	-1.8701395907992264
-7.934653227514417	2.2393037963993265
-5.11693500800763	5.057022015906114
3.3830032833152757	13.55696030722902
-13.978898223400819	-3.804941199487075
-26.795865054932136	-16.621908031018393
16.03703855548659	26.210995579400333
-4.52207276256965	5.651884261344094
7.046775619508054	17.220732643421798
11.743654529427232	21.917611553340976
18.035668142548758	28.2096251664625
16.282113343762404	26.456070367676148
-21.14528676131019	-10.971329737396445
15.26170731947198	25.435664343385724
26.479543234084787	36.65350025799853
-37.38465588223923	-27.210698858325486
-20.709599446649435	-10.535642422735691
-7.117811621070786	3.056145402842958
-16.562626805860845	-6.388669781947101
-18.75294397937111	-8.578986955457367
-11.968655792958515	-1.7946987690447713
-35.65319754351955	-25.47924051960581
-48.38493689072354	-38.210979866809794
-57.59955425668747	-47.425597232773725
21.905944806670533	32.07990183058428
0.49904415248013834	10.673001176393882
-16.126878106063003	-5.95292108214926
-14.400875484300258	-4.226918460386514
-40.80368268777099	-30.629725663857243
-14.497032029239989	-4.3230750053262454
-29.95098686891876	-19.777029845005018
-24.208135076476964	-14.03417805256322
-32.50947311128991	-22.335516087376163
22.946893007044793	33.120850030958536
-34.3356867469906	-24.16172972307686
-1.7709336665634225	8.403023357350321
0.7113936163964638	10.885350640310207
5.020198660620309	15.194155684534053
12.923426151880932	23.097383175794675
9.496350685674344	19.670307709588087
14.951625028080826	25.12558205199457
38.45508353298058	48.629040556894324
-22.313833069258607	-12.139876045344863
-13.85793269688881	-3.683975672975066
-14.31756151318993	-4.143604489276186
1.3756414687682366	11.54959849268198
-53.66141639701388	-43.48745937310014
-7.583624177174414	2.5903328467393294
-9.795989201395486	0.3779678225182579
-7.619065790792291	2.5548912331214524
-14.515799772844247	-4.341842748930503
-13.230685144443186	-3.056728120529442
-22.226522882860507	-12.052565858946764
-0.05374590678408708	10.120211117129656
3.0926590809627044	13.266616104876448
-36.94613083476585	-26.77217381085211
8.91657279461063	19.090529818524374
-21.0981566276009	-10.924199603687157
4.473996572023253	14.647953595936997
-15.97849520439783	-5.804538180484087
14.846779636036018	25.020736659949762
-2.276111678910155	7.897845345003589
-23.830284003538026	-13.656326979624282
5.72299313216493	15.896950156078674
-16.698554683831816	-6.524597659918072
-23.844072657817804	-13.67011563390406
-14.165540439191744	-3.9915834152780008
10.92111310977046	21.095070133684203
0.33682539033318903	10.510782414246933
-25.81280442191789	-15.638847398004145
-18.996913952591484	-8.82295692867774
-28.754318168530943	-18.5803611446172
-23.389523626027284	-13.21556660211354
-16.290667451371036	-6.116710427457292
-33.82805838176725	-23.654101357853506
-8.846549135747836	1.327407888165908
-8.158667278256388	2.0152897456573555
-4.6988984825061095	5.475058541407634
-8.240112623947851	1.933844399965892
21.269338271625685	31.44329529553943
-14.044633631163805	-3.8706766072500614
-3.7569448934141008	6.417012130499643
24.71755907434411	34.89151609825785
17.429012143185474	27.602969167099218
2.6071270874395225	12.781084111353266
-6.623322015161165	3.550635008752579
-15.660145818385416	-5.486188794471673
-24.973762592990596	-14.799805569076852
13.371682701015317	23.54563972492906
-4.819395172350113	5.354561851563631
-55.69404872647871	-45.52009170256497
-44.317228886508445	-34.1432718625947
-39.43266778291442	-29.258710759000678
-20.809153300373936	-10.635196276460192
5.546849978012261	15.720807001926005
-22.558553902059856	-12.384596878146112
-27.317919571533338	-17.143962547619594
-7.928993469306505	2.2449635546072386
-5.5950941226605835	4.57886290125316
-13.750809855030155	-3.576852831116412
25.955463013132913	36.12942003704666
-16.515972282459614	-6.342015258545871
-41.11977450974379	-30.945817485830048
12.988990160492477	23.16294718440622
-37.42595176555048	-27.251994741636736
-7.059925815285595	3.1140312086281483
-32.99809431398032	-22.824137290066574
-22.829079497684205	-12.655122473770462
-42.42447182234034	-32.25051479842659
-19.249987189605662	-9.076030165691918
-35.05378257419804	-24.879825550284295
-37.98756609919516	-27.81360907528142
-25.732922271118213	-15.558965247204469
9.035836798322208	19.20979382223595
-24.410048524229268	-14.236091500315524
-42.18889222983714	-32.01493520592339
-23.640761689252457	-13.466804665338714
-6.338657477156147	3.8352995467575965
-19.436343454099614	-9.26238643018587
-3.850827273394742	6.323129750519001
-5.778555102528543	4.395401921385201
21.030482903066087	31.20443992697983
5.1255787892892215	15.299535813202965
-9.408276214270217	0.765680809643527
-0.9323674695392299	9.241589554374514
-10.859130506264108	-0.6851734823503648
-6.816148117081383	3.3578089068323607
-24.394609262816147	-14.220652238902403
27.23816391718131	37.412120941095054
7.404281988370286	17.57823901228403
-18.012261921531234	-7.8383048976174905
-23.530853885988535	-13.356896862074791
28.037472654732056	38.2114296786458
-12.861218931384855	-2.687261907471111
7.591110567490915	17.76506759140466
-3.4616461132377196	6.712310910676024
-22.316157729043397	-12.142200705129653
-16.358307098066206	-6.184350074152462
-11.171603121684228	-0.9976460977704846
10.95784001369023	21.131797037603974
4.198426309174039	14.372383333087782
-6.853967047607938	3.3199899763058056
-7.551343080520809	2.6226139433929347
-32.70875994409877	-22.53480292018503
14.387116741026631	24.561073764940375
-46.361295410816155	-36.18733838690241
-2.0372728471834023	8.136684176730341
-10.205555453880578	-0.031598429966834374
15.746856149804017	25.92081317371776
-25.924437940926936	-15.750480917013192
-19.149631661237862	-8.975674637324119
6.962172004715768	17.13612902862951
1.4901900672644217	11.664147091178165
-7.446773415648266	2.7271836082654772
-22.977739433443702	-12.803782409529958
-22.359016274486265	-12.185059250572522
7.238941513236142	17.412898537149886
-11.215758326985878	-1.041801303072134
-20.99693902613805	-10.822982002224308
-17.82032284123713	-7.646365817323385
21.70667881361581	31.880635837529553
-15.876960895335714	-5.70300387142197
-11.825753558302011	-1.651796534388268
-12.941777781771151	-2.7678207578574074
-13.259286806597146	-3.0853297826834023
-9.219631364211153	0.9543256597025902
-44.99568326299638	-34.821726239082636
-12.60836030161451	-2.434403277700767
-23.535857283683498	-13.361900259769754
1.758442443098403	11.932399467012146
-15.212149723940882	-5.038192700027139
-10.728753905982074	-0.5547968820683309
-2.179776006173114	7.99418101774063
-20.58296002661379	-10.409003002700047
-8.993066191046154	1.1808908328675898
-9.395810052023506	0.7781469718902372
10.427850857523964	20.601807881437708
24.567359117239477	34.74131614115322
-47.9567302686323	-37.782773244718555
-20.665801442707078	-10.491844418793335
-4.098997647072309	6.074959376841434
-3.7183061412565337	6.45565088265721
15.371353827585637	25.54531085149938
0.0906591025427872	10.26461612645653
6.244006459791791	16.417963483705535
4.632825857662766	14.80678288157651
-17.66806410124852	-7.494107077334775
11.675281891396963	21.849238915310707
-1.3927896349400442	8.7811673889737
-10.896633331124093	-0.7226763072103495
-10.873623053309046	-0.6996660293953028
16.596989508974303	26.770946532888047
2.34987122146552	12.523828245379264
-7.757880827949037	2.416076195964706
-18.811199665519297	-8.637242641605553
-7.519572735879109	2.6543842880346347
-26.359061960493335	-16.18510493657959
-15.450106053866392	-5.276149029952649
-9.050443766113375	1.1235132578003686
-19.87702396300162	-9.703066939087876
24.133727773035872	34.307684796949616
31.92295280088868	42.096909824802424
-22.554531814449064	-12.38057479053532
9.640810957005243	19.814767980918987
-5.44333436014719	4.730622663766553
-28.80667872852652	-18.632721704612777
-28.945230389390844	-18.7712733654771
22.583436581234793	32.757393605148536
3.778624020852959	13.952581044766703
-22.918222659076918	-12.744265635163174
2.408923625714607	12.58288064962835
39.943181772448526	50.11713879636227
-14.717133505748706	-4.543176481834962
15.133976378901508	25.30793340281525
8.311141459862057	18.4850984837758
-14.013908902560132	-3.8399518786463886
-32.410113011434504	-22.23615598752076
12.30247583074518	22.476432854658924
-4.950540173542748	5.223416850370995
-31.909321219360635	-21.73536419544689
6.796391762372451	16.970348786286195
6.043496096100654	16.217453120014397
-12.2194911963729	-2.0455341724591563
6.1305682118632205	16.304525235776964
-64.23360869061295	-54.05965166669921
3.4113150171483824	13.585272041062126
28.472283541168082	38.646240565081825
1.9328209972314028	12.106778021145146
5.528729183477054	15.702686207390798
-44.98154591395584	-34.8075888900421
-22.45170638876013	-12.277749364846386
-9.897426501031504	0.2765305228822399
-31.94259875258146	-21.768641728667717
20.8152721896345	30.989229213548242
-9.877201022382422	0.2967560015313211
3.1412808265900196	13.315237850503763
10.577619610173798	20.75157663408754
-0.04435706743103651	10.129599956482707
-22.162460367586817	-11.988503343673074
2.007048934597634	12.181005958511378
14.488543362758293	24.662500386672036
16.58145438617933	26.755411410093075
23.642065256799043	33.81602228071279
-11.426568684057628	-1.2526116601438844
-42.690575150196736	-32.51661812628299
15.417562912728982	25.591519936642726
-6.1042420044018115	4.069715019511932
1.6967121656212214	11.870669189534965
-21.549537832301638	-11.375580808387895
-9.690382133440352	0.48357489047339186
-5.848755243698605	4.325201780215139
-17.78468133562862	-7.6107243117148755
6.752648714596518	16.92660573851026
-14.712424280164186	-4.538467256250442
-14.14490978013643	-3.9709527562226867
10.3889400920539	20.562897115967644
-55.97523901447718	-45.80128199056344
17.73910554612806	27.913062570041802
34.33804049925814	44.511997523171885
-23.71537977455452	-13.541422750640777
-10.640106778153921	-0.46614975424017757
-11.850078766989526	-1.6761217430757824
-8.662155978154686	1.5118010457590572
2.2602981360410297	12.434255159954773
-31.22066780803877	-21.046710784125025
-11.734338060150975	-1.5603810362372315
27.059343645503333	37.233300669417076
17.330592445375743	27.504549469289486
-31.38925384369074	-21.215296819776995
1.3041417743602608	11.478098798274004
3.7258654207194297	13.899822444633173
-22.607238987415684	-12.43328196350194
-36.357594859101	-26.183637835187255
39.980186071393774	50.15414309530752
12.085720256154246	22.25967728006799
10.914662145945414	21.088619169859157
-23.627127453843485	-13.453170429929742
7.731558945045919	17.905515968959662
-19.7283192303789	-9.554362206465157
-8.30452623919561	1.8694307847181335
-3.847480518392757	6.326476505520986
-38.20410776714422	-28.03015074323048
-15.814097006032597	-5.640139982118853
-13.17900038880768	-3.005043364893936
-35.23132191585907	-25.057364891945326
-25.671302231616636	-15.497345207702892
-49.40213857432397	-39.22818155041023
11.27835137852665	21.452308402440394
-27.389231954481573	-17.21527493056783
0.026565551875620486	10.200522575789364
-57.950931886697134	-47.77697486278339
-19.013786489717376	-8.839829465803632
-24.723019172370613	-14.54906214845687
-16.191919247974937	-6.017962224061193
-38.84160282018135	-28.667645796267607
-17.923312555895308	-7.749355531981564
-21.252569549249955	-11.078612525336212
-2.1929372789004162	7.981019745013327
18.416100828895225	28.590057852808968
-38.891150455200176	-28.717193431286432
-30.8452331117646	-20.671276087850856
-22.48681400378561	-12.312856979871867
-6.829806555090244	3.3441504688235
-28.48487589338626	-18.310918869472516
-15.681146194676757	-5.507189170763013
18.019961694431487	28.19391871834523
-11.460931815416615	-1.286974791502871
8.140593122786896	18.31455014670064
-7.240375978237779	2.9335810456759646
-28.55985523975548	-18.385898215841735
-23.906590449957065	-13.732633426043321
-16.608609439469063	-6.43465241555532
-14.58482796231553	-4.410870938401786
-15.767433122526626	-5.593476098612882
-2.9898024993512706	7.184154524562473
-10.008934209827629	0.16502281408611452
-18.460192678451193	-8.28623565453745
-4.401041900599438	5.772915123314306
3.92179984313546	14.095756867049204
-45.269345272229174	-35.09538824831543
-14.518400680039548	-4.344443656125804
-30.020781376383155	-19.84682435246941
-1.8228044552219842	8.35115256869176
-12.312321055839192	-2.138364031925448
-2.9143844378909023	7.259572586022841
-6.188887249589669	3.9850697743240744
28.786848634169957	38.9608056580837
25.880638804244455	36.0545958281582
-26.90619870794623	-16.732241684032488
-36.53465049291705	-26.36069346900331
10.456257735540504	20.630214759454248
32.25357749874959	42.427534522663336
-20.91026162541536	-10.736304601501615
-33.55159526000941	-23.377638236095663
-50.462957964924925	-40.28900094101118
-10.313627044821686	-0.13967002090794267
-24.004708589045975	-13.830751565132232
-0.36380864733516205	9.810148376578582
-26.542304734574344	-16.3683477106606
-21.661562949926946	-11.487605926013202
7.595693045908348	17.76965006982209
-28.61369849755144	-18.439741473637696
5.690995891143331	15.864952915057074
-24.411828709321043	-14.237871685407299
-21.855865558222348	-11.681908534308604
-16.579115603576128	-6.405158579662384
-13.306544981204269	-3.132587957290525
-28.74485531334946	-18.570898289435718
1.628677680260381	11.802634704174125
5.485115052478733	15.659072076392476
-29.188369613546882	-19.01441258963314
-11.918106853131093	-1.7441498292173492
-25.757096755004085	-15.583139731090341
-25.023519904234917	-14.849562880321173
-9.026292292057832	1.1476647318559117
1.7427903965013058	11.91674742041505
-0.2807687884983068	9.893188235415437
-6.15473761862674	4.019219405287004
-37.302152922666636	-27.128195898752892
-14.353117249271662	-4.1791602253579185
-36.44741321819899	-26.273456194285245
-6.58767883533298	3.5862781885807635
-7.648799341730836	2.5251576821829076
-13.925313139442068	-3.751356115528324
26.281237809323585	36.45519483323733
-20.48275232356397	-10.308795299650228
16.324164456354566	26.49812148026831
-35.983136215434996	-25.809179191521253
-13.082362093561159	-2.908405069647415
-37.19075378084969	-27.016796756935946
-11.477208578230119	-1.3032515543163754
-38.68075544117025	-28.506798417256505
5.497909119295883	15.671866143209627
3.788239920098505	13.962196944012248
-59.94904502729193	-49.77508800337819
26.393772967117485	36.56772999103123
-28.486027741512288	-18.312070717598544
-46.280690695892616	-36.10673367197887
-22.187207999041192	-12.013250975127448
-16.61976723412087	-6.445810210207128
11.73307807548693	21.907035099400673
-44.822187338561406	-34.64823031464766
-31.808299824397608	-21.634342800483864
-23.87198348647368	-13.698026462559937
-10.831343393131164	-0.65738636921742
-31.806824748417483	-21.63286772450374
-5.7413620614520084	4.432594962461735
16.648311581449462	26.822268605363206
-22.156671160787	-11.982714136873255
-10.11676357600524	0.057193447908503
-32.26931154820201	-22.09535452428827
-6.683489888453977	3.4904671354597667
0.33373079885635093	10.507687822770094
-52.97736099643086	-42.80340397251712
-14.65982428067079	-4.485867256757047
-12.358222288783935	-2.1842652648701915
-11.094442580650565	-0.9204855567368213
-44.77013275932265	-34.596175735408906
-19.339595893032737	-9.165638869118993
12.971219550717734	23.145176574631478
-21.574285937529993	-11.40032891361625
-2.4886097977637007	7.685347226150043
-25.314728221010654	-15.14077119709691
-50.65115825271502	-40.47720122880128
-22.921604604589874	-12.74764758067613
44.820147673076946	54.99410469699069
-0.5775500059084777	9.596407018005266
-54.441421576221245	-44.2674645523075
-28.591943442121618	-18.417986418207875
6.9257166148177305	17.099673638731474
-34.97652391056769	-24.80256688665395
9.006589958467458	19.180546982381202
-1.0772885665632828	9.09666845735046
2.5310257005344567	12.7049827244482
1.8928562577434889	12.066813281657232
0.17097184323350234	10.344928867147246
-0.5649545528562783	9.609002471057465
-18.04024871643057	-7.866291692516825
-30.056051461592205	-19.88209443767846
16.160135618601572	26.334092642515316
-10.23646151825821	-0.06250449434446637
-17.68730443242245	-7.513347408508707
27.771921452791076	37.94587847670482
-29.592381159904534	-19.41842413599079
1.593731257898554	11.767688281812298
-9.06132699656743	1.112630027346313
-12.533653462282444	-2.359696438368701
-27.19854684900062	-17.024589825086878
-30.17869267982175	-20.004735655908007
-9.128543112920369	1.0454139109933749
16.212028106675945	26.385985130589688
-20.113916653076075	-9.939959629162331
-25.63172795766738	-15.457770933753636
-7.4247644759002185	2.749192548013525
5.188523616082904	15.362480639996647
4.101720882362798	14.275677906276542
-24.21762673363125	-14.043669709717506
-7.863611232080501	2.3103457918332424
6.869659539269861	17.043616563183605
-29.256879514038218	-19.082922490124474
-0.21786311900947908	9.956093904904264
10.659603802270368	20.83356082618411
-35.43204939030554	-25.258092366391793
-2.17175500593882	8.002202017974923
-8.062315034154807	2.1116419897589367
-8.584289070239237	1.5896679536745069
-4.816070420091336	5.357886603822408
-14.961661711559344	-4.787704687645601
-50.32064493407822	-40.146687910164474
-27.01572985844402	-16.841772834530275
30.86605825253494	41.040015276448685
13.476813216076636	23.65077023999038
-7.649278608964295	2.524678414949449
27.00808581843151	37.182042842345254
19.51105893457273	29.685015958486474
-9.083813092197005	1.0901439317167387
-15.54606223865855	-5.372105214744806
3.159283859743965	13.333240883657709
14.600617308643933	24.774574332557677
-8.896962274039169	1.276994749874575
-11.749992576120775	-1.5760355522070313
0.009118063260331155	10.183075087174075
-38.89424350092892	-28.72028647701518
-48.80091930617206	-38.62696228225832
-28.507567180326504	-18.33361015641276
5.601369067547722	15.775326091461466
-20.058870200306472	-9.884913176392729
9.80056722344446	19.974524247358204
-0.9109623792450918	9.262994644668652
15.848228574164324	26.022185598078067
-12.729880830824612	-2.5559238069108687
-40.05931151198317	-29.885354488069424
-23.920194715223687	-13.746237691309943
-18.271533272024016	-8.097576248110272
-11.19275950688322	-1.0188024829694768
10.37068763090204	20.544644654815784
-15.696577419947488	-5.522620396033744
-20.220919507794378	-10.046962483880634
-1.9771978415942328	8.19675918231951
-19.72564347357408	-9.551686449660338
21.36115003624721	31.535107060160954
1.6837060518969622	11.857663075810706
-15.700434727534656	-5.5264777036209125
6.659630193907589	16.833587217821332
5.120188623959194	15.294145647872938
13.507393778557827	23.68135080247157
-12.699167279525199	-2.525210255611455
-48.50201592221717	-38.328058898303425
27.179579259450776	37.35353628336452
25.04557522179087	35.21953224570461
-41.11073618682573	-30.93677916291199
5.77397783896734	15.947934862881084
4.70019075405574	14.874147777969483
0.591000646965341	10.764957670879085
-5.3924260285407115	4.781530995373032
-4.344228283020556	5.829728740893188
-18.013099911031958	-7.839142887118214
-47.83911140732968	-37.66515438341594
-25.177907540723453	-15.00395051680971
-11.134259377219195	-0.9603023533054511
-17.504606040557036	-7.330649016643292
-26.3193665965359	-16.145409572622157
16.04629019768757	26.220247221601312
6.403136312511862	16.577093336425605
-53.28905190872908	-43.115094884815335
8.18524559678329	18.359202620697033
-11.09469682932692	-0.9207398054131772
9.068347684873089	19.242304708786833
-33.3784789090773	-23.204521885163558
29.16386891588766	39.337825939801405
9.387139520478314	19.561096544392058
4.973078860844481	15.147035884758225
18.58785291322559	28.761809937139333
-25.977817681813093	-15.80386065789935
-43.5300766829009	-33.356119658987154
-19.531049069452337	-9.357092045538593
-28.625777534717116	-18.451820510803373
-24.86801731503371	-14.694060291119968
31.852892392549194	42.02684941646294
-6.549171224307855	3.6247857996058883
6.591236912181131	16.765193936094875
14.625651209310973	24.799608233224717
-15.489811737590998	-5.315854713677254
-27.39916161674634	-17.225204592832597
-22.518208521300465	-12.344251497386722
-10.80837652236957	-0.6344194984558271
-25.748035041090105	-15.574078017176362
-22.746482041764892	-12.572525017851149
-6.696688513801263	3.4772685101124807
-20.05092134942103	-9.876964325507288
-4.49460683573713	5.679350188176613
-21.48829840514233	-11.314341381228587
-4.032777484868774	6.14117953904497
-4.424163414324056	5.7497936095896875
-26.65131563415204	-16.477358610238298
-7.891389104536273	2.2825679193774704
-13.259776538098293	-3.08581951418455
-0.7229948853987196	9.450962138515024
-22.562062926327116	-12.388105902413372
-18.590635648490633	-8.416678624576889
-0.6329530459174464	9.541003977996297
-30.56667463508208	-20.392717611168337
-0.8470238971844708	9.326933126729273
-8.757663339069467	1.4162936848442769
-9.685095024541141	0.48886199937260244
-9.785166298998291	0.3887907249154523
-10.064957452470907	0.1089995714428369
13.520908834465018	23.694865858378762
20.711091892293126	30.88504891620687
-9.751170888425321	0.4227861354884226
-21.479593339956836	-11.305636316043092
-22.45079109402147	-12.276834070107725
12.298510647976883	22.472467671890627
-7.625434330008346	2.5485226939053973
-40.162528665967756	-29.988571642054012
-7.505399530795756	2.668557493117987
3.585610372430466	13.75956739634421
24.38805628627736	34.562013310191105
9.06455553104891	19.238512554962654
15.254305892428903	25.428262916342646
0.8193838502279789	10.993340874141722
-19.59647341693787	-9.422516393024125
2.867899793114276	13.04185681702802
-25.17017119086674	-14.996214166952996
-46.59130762992433	-36.41735060601059
-20.952190956790645	-10.778233932876901
-19.833078108144463	-9.65912108423072
-3.8201770256987118	6.353779998215032
10.223531011224196	20.39748803513794
-41.84482279487426	-31.670865770960518
-47.64384696345812	-37.46988993954437
-15.514463986567051	-5.340506962653308
-60.15589308897185	-49.98193606505811
-34.62732762917446	-24.453370605260716
-22.315385177417255	-12.141428153503512
15.263722396457098	25.43767942037084
10.933808723582416	21.10776574749616
-15.006433020941103	-4.832475997027359
-17.47057664589235	-7.296619621978607
5.998244355608705	16.17220137952245
-53.883038102604104	-43.70908107869036
4.322364764012974	14.496321787926718
36.84767136664735	47.02162839056109
-33.38477988180827	-23.210822857894527
1.649137511676173	11.823094535589917
4.713042100805552	14.886999124719296
-18.620716047952072	-8.446759024038329
3.93892013532016	14.112877159233904
-4.765004199869935	5.4089528240438085
1.7513068717685485	11.925263895682292
1.491699375948457	11.6656563998622
6.791870453199891	16.965827477113635
-1.9941213516708274	8.179835672242916
-8.231273778756503	1.942683245157241
-6.2527896572123325	3.921167366701411
-25.53096146591858	-15.357004442004836
-25.33676626859821	-15.162809244684468
-21.16189741871355	-10.987940394799807
4.476941810281943	14.650898834195687
-12.141575144267762	-1.9676181203540182
24.247386235636014	34.42134325954976
-43.461665713095925	-33.28770868918218
-18.878043230708926	-8.704086206795182
5.723656616597083	15.897613640510826
-33.265489486903306	-23.091532462989562
-2.564295610695325	7.609661413218419
-11.923999323028028	-1.750042299114284
-41.385944216954584	-31.21198719304084
-4.860298088401095	5.313658935512649
-25.99499644264003	-15.821039418726286
-18.561682396079476	-8.387725372165733
-31.788027017390476	-21.614069993476733
-16.811057439298082	-6.637100415384339
-8.33681691350509	1.8371401104086544
-11.795042212934703	-1.6210851890209597
8.530407075655177	18.70436409956892
3.2951262548317857	13.46908327874553
-22.41826552818972	-12.244308504275978
18.68175698958069	28.855714013494435
34.7599843907897	44.93394141470344
-19.05648592656368	-8.882528902649938
-26.461676047655118	-16.287719023741374
-36.27710832542513	-26.10315130151139
-34.26712291714509	-24.093165893231344
-8.538145719072844	1.6358113048408995
-10.465998636659123	-0.2920416127453791
8.205317877736462	18.379274901650206
-15.76272063150688	-5.588763607593137
-19.73673575010477	-9.562778726191027
-8.12273518261506	2.051221841298684
-35.56554636092048	-25.391589337006735
25.892088387664927	36.06604541157867
-26.02710229810188	-15.853145274188137
-30.73792879380059	-20.563971769886848
8.597901123955609	18.771858147869352
-9.20627405340062	0.967682970513124
-11.152859567372133	-0.9789025434583891
-45.008733047098275	-34.83477602318453
-2.0091101304119263	8.164846893501817
-31.437234186973427	-21.263277163059684
4.553300862798579	14.727257886712323
24.586206728972257	34.760163752886
-50.97963815714908	-40.80568113323534
2.869459145572847	13.04341616948659
-24.816267328335442	-14.642310304421699
-22.741634770949958	-12.567677747036214
-14.70884335931484	-4.534886335401097
18.598204886054674	28.772161909968418
-3.0867324590494434	7.0872245648643
-48.188010826218004	-38.01405380230426
-1.714719519236013	8.45923750467773
-0.8488496165213917	9.325107407392352
16.9216642500119	27.095621273925644
-27.065520854105188	-16.891563830191444
-10.770031877697392	-0.596074853783648
-15.537019559428217	-5.363062535514473
-21.79659562139429	-11.622638597480545
-40.001049482364095	-29.827092458450352
-12.624487551357078	-2.450530527443334
-14.00379236181331	-3.829835337899567
1.6888961264208149	11.862853150334558
-11.006538048268766	-0.8325810243550222
-39.11497494819784	-28.941017924284097
-26.05291238360084	-15.878955359687097
-7.50572518231499	2.668231841598754
-37.806940159613504	-27.63298313569976
-8.686696493400149	1.4872605305135949
4.805169752247394	14.979126776161138
0.8257908183018401	10.999747842215584
-22.669905301240277	-12.495948277326534
-1.5575232997930186	8.616433724120725
-38.37707880401146	-28.203121780097717
-46.81671453678288	-36.64275751286914
-5.4577095320987326	4.716247491815011
-17.105837359440983	-6.931880335527239
-30.872517410868085	-20.69856038695434
-16.111470669761246	-5.937513645847503
-38.5571561877791	-28.383199163865356
-16.167055118551133	-5.993098094637389
-30.82898229135614	-20.655025267442397
-52.22895047388599	-42.054993449972244
-5.698278042064402	4.475678981849342
-24.733396224523375	-14.559439200609631
-2.897195944197364	7.27676107971638
-1.3381602267022288	8.835796797211515
-4.609172290240593	5.56478473367315
-13.78840346158401	-3.614446437670267
-16.70216358262266	-6.528206558708916
20.67726369280129	30.851220716715034
-32.52993958625163	-22.355982562337886
-16.51349109836744	-6.339534074453695
-24.29631440414093	-14.122357380227186
48.091231569569146	58.26518859348289
-11.050711203059535	-0.8767541791457916
-9.268024873809253	0.9059321501044906
41.14036030611308	51.314317330026824
1.002870880257916	11.17682790417166
18.859975492015593	29.033932515929337
-47.683699397157824	-37.50974237324408
15.66458634175936	25.838543365673104
-25.797875604525387	-15.623918580611644
-7.319438398836127	2.854518625077617
-10.288458812005473	-0.1145017880917294
-11.709813497187923	-1.5358564732741797
2.195008098141926	12.36896512205567
9.275405319379871	19.449362343293615
-6.224181747237225	3.949775276676519
-16.82276609745756	-6.648809073543816
-54.25629305992922	-44.08233603601548
-36.17446540301759	-26.00050837910385
-5.936385178013069	4.237571845900675
-31.76228609550023	-21.588329071586486
-28.149618769346915	-17.97566174543317
22.884974908703526	33.05893193261727
-7.736057684777251	2.437899339136493
-22.21781271122606	-12.043855687312316
-35.36840924179566	-25.194452217881917
-2.8720900985631204	7.301866925350623
-16.851616404054283	-6.67765938014054
-34.66838799397962	-24.494430970065878
-27.616208916965178	-17.442251893051434
31.90115735359862	42.075114377512364
-19.205365094012876	-9.031408070099133
21.094530372357923	31.268487396271667
-4.88527585876588	5.288681165147864
-11.792727375510793	-1.6187703515970497
-21.009627391888415	-10.835670367974672
-62.68211961236236	-52.50816258844861
2.187552950084438	12.361509973998182
-1.2051783798292206	8.968778644084523
-26.341038936704052	-16.16708191279031
-33.02655546671164	-22.8525984427979
30.467976144778305	40.64193316869205
-28.743537814624204	-18.56958079071046
-2.705784014126465	7.468173009787279
-26.349872739256597	-16.175915715342853
8.327507693518356	18.5014647174321
3.2560137927735298	13.429970816687273
-24.57910255621252	-14.405145532298775
-3.65529333555466	6.518663688359084
-6.17541849966662	3.998538524247124
-49.071854296473674	-38.89789727255993
5.852008179035266	16.02596520294901
-24.098987385993013	-13.92503036207927
-25.440241838694845	-15.266284814781102
-9.788751152968388	0.38520587094535585
32.25770280284772	42.43165982676146
-20.28271258115862	-10.108755557244876
5.336972621554679	15.510929645468423
2.8580010401797438	13.031958064093487
-23.888934301254693	-13.71497727734095
-14.440619813509755	-4.266662789596012
-16.696183284139323	-6.52222626022558
-32.73170580102166	-22.557748777107918
8.620438467014111	18.794395490927855
-46.179585480202576	-36.00562845628883
0.3080289430231744	10.481985966936918
-11.997203156583481	-1.8232461326697376
-34.840311239821375	-24.66635421590763
-19.531920063075148	-9.357963039161405
61.85410156782885	72.02805859174259
-17.213576563705345	-7.039619539791602
15.417583806718113	25.591540830631857
9.984867985754619	20.158825009668362
-35.319396892830326	-25.145439868916583
18.179668610247546	28.35362563416129
-55.97724422403414	-45.803287200120394
-35.155873924135875	-24.98191690022213
25.08106207411177	35.255019098025514
-2.1767133883972463	7.997243635516497
-21.760181733391136	-11.586224709477392
-46.27190562491748	-36.097948601003736
2.528353366165476	12.70231039007922
-11.302936360806115	-1.128979336892371
-7.357398679253009	2.8165583446607343
9.632759529036349	19.806716552950093
-20.173701263744505	-9.999744239830761
-12.58518900904025	-2.4112319851265056
-11.255691967903175	-1.0817349439894315
5.7522758482605525	15.926232872174296
-25.846117876454144	-15.6721608525404
5.681391076375377	15.85534810028912
-8.068397162473474	2.1055598614402697
-24.87032239181869	-14.696365367904946
-40.92345547932061	-30.749498455406865
12.949061481552718	23.12301850546646
1.2525210555991464	11.42647807951289
-13.103767961924376	-2.9298109380106325
-5.46817440773745	4.705782616176293
-5.293659723209629	4.880297300704115
-26.883496711305696	-16.709539687391953
-13.869079408132592	-3.6951223842188483
-14.36030665792211	-4.186349634008366
-17.186049336842615	-7.012092312928871
-1.3796993244090743	8.79425769950467
5.196869914428618	15.370826938342361
-45.3399084727848	-35.165951448871056
29.052255623655157	39.2262126475689
16.969599921461423	27.143556945375167
-23.384770498202187	-13.210813474288443
21.640901876629442	31.814858900543186
-13.591872223818854	-3.41791519990511
-51.66572923856299	-41.491772214649245
8.244107632913739	18.418064656827482
2.872309979773064	13.046267003686808
19.495259701763217	29.66921672567696
-22.575499578501393	-12.40154255458765
-9.829266327933937	0.34469069597980706
-18.710017524170752	-8.536060500257008
2.7783623692317008	12.952319393145444
5.23175475868041	15.405711782594153
1.8141013869476694	11.988058410861413
-24.018526794227427	-13.844569770313683
17.180755836250256	27.354712860164
-2.145049211502254	8.02890781241149
-13.95918552635564	-3.785228502441896
-3.5164705425035834	6.65748648141016
-9.297040594813069	0.8769164291006746
-7.126506678926006	3.0474503449877375
-14.084895272388593	-3.9109382484748494
15.984161653069833	26.158118676983577
-5.087457946056446	5.086499077857297
-10.857485102342679	-0.6835280784289353
-14.34554785313091	-4.171590829217166
-5.090636745464934	5.083320278448809
-2.4491787124338487	7.724778311479895
25.2710186503987	35.444975674312445
-56.31328498961963	-46.13932796570589
-12.18174881434831	-2.007791790434567
-12.845620014907098	-2.6716629909933545
-61.137087792658775	-50.96313076874503
-5.748304376915684	4.42565264699806
-26.385282763380445	-16.2113257394667
-14.830364374784466	-4.656407350870722
2.510819079159347	12.68477610307309
44.2538010122021	54.42775803611585
-27.44972415953677	-17.275767135623028
-35.12645733546239	-24.952500311548647
-28.291672483870997	-18.117715459957253
-4.532053362009236	5.641903661904507
-7.720900954138841	2.4530560697749024
-34.2631602583119	-24.089203234398155
4.040078891391687	14.21403591530543
-24.13242658619717	-13.958469562283426
-10.286597946693718	-0.11264092277997406
-29.835530557901137	-19.661573533987394
-18.811997997056523	-8.638040973142779
19.19495970703568	29.368916730949422
11.276061382575364	21.450018406489107
-16.102949587583197	-5.928992563669453
-24.84450531699119	-14.670548293077445
-22.734748518005716	-12.560791494091973
-33.445122863877685	-23.271165839963942
-13.832629212060482	-3.6586721881467383
-19.038267042384604	-8.86431001847086
-30.04200931823877	-19.868052294325025
-29.630376683182902	-19.45641965926916
1.5125385883380034	11.686495612251747
-0.7336356351792972	9.440321388734446
6.763112030313579	16.937069054227322
-27.0928033963705	-16.918846372456755
6.553120666679689	16.727077690593433
9.217898040152733	19.391855064066476
-1.6584006581092297	8.515556365804514
28.806871327412892	38.980828351326636
-20.832217706431464	-10.65826068251772
-30.050596157640456	-19.876639133726712
-28.568929073210228	-18.394972049296484
13.953815826398142	24.127772850311885
-9.891416987955807	0.2825400359579362
24.880520997162904	35.05447802107665
-3.4029171148126522	6.771039909101091
-24.413361022240196	-14.239403998326452
1.6451679955366956	11.81912501945044
-38.018332428734055	-27.844375404820312
-3.078945665560667	7.0950113583530765
-41.3372406691619	-31.163283645248157
-19.754841836931945	-9.580884813018201
-13.4789804458255	-3.3050234219117556
-13.155466217422571	-2.9815091935088276
-8.37470969559078	1.7992473283229629
-22.390688626014224	-12.21673160210048
-2.3258517011040283	7.848105322809715
3.748904727378914	13.922861751292658
-21.943227290974818	-11.769270267061074
-6.313247538257627	3.860709485656116
-35.90622505942744	-25.732268035513698
-22.877776465668347	-12.703819441754604
-1.3412520051410581	8.832705018772685
10.146090728974315	20.32004775288806
-12.547885755192027	-2.3739287312782835
3.499114098559886	13.67307112247363
-23.015359723226055	-12.841402699312312
8.456474647451188	18.63043167136493
-26.681548389852168	-16.507591365938424
7.002603779591965	17.17656080350571
-9.46923938830011	0.7047176356136333
-5.424210731535339	4.749746292378404
-23.71450809559471	-13.540551071680966
14.763063753679972	24.937020777593716
-8.355699548947513	1.8182574749662308
-52.6976138607192	-42.52365683680546
-10.863876340451014	-0.6899193165372708
14.388122995792884	24.562080019706627
-48.84462195660896	-38.67066493269522
-31.70000492664846	-21.526047902734717
13.747450746837359	23.921407770751102
6.847636700885715	17.02159372479946
-14.184596168123306	-4.010639144209563
1.410733138576262	11.584690162490006
-5.251305801094048	4.922651222819695
35.6744607613596	45.84841778527334
-21.12002833993617	-10.946071316022426
-9.732743298684426	0.4412137252293178
11.34389264151244	21.517849665426183
-8.587033626934925	1.5869233969788183
-20.871151986523245	-10.697194962609501
-11.738543060192086	-1.5645860362783424
-28.19432024998102	-18.020363226067275
23.40976276699942	33.583719790913165
-0.5339479448070676	9.640009079106676
-18.13005438929983	-7.956097365386086
15.266332172338963	25.440289196252706
-2.584016425366343	7.5899405985474
-1.2151714277774488	8.958785596136295
18.891053352157115	29.06501037607086
-31.519769332290224	-21.34581230837648
7.577274938071724	17.751231961985468
-13.841051080684764	-3.6670940567710204
6.044806944338717	16.21876396825246
9.382193632432546	19.55615065634629
32.715305650157035	42.88926267407078
-23.795912620668304	-13.62195559675456
-5.880403103050838	4.293553920862905
1.5591590358103815	11.733116059724125
13.569987422045898	23.74394444595964
11.423916886154558	21.5978739100683
-28.63024705968425	-18.456290035770508
-32.42287939768582	-22.248922373772075
-35.91647325362871	-25.742516229714965
-13.031861277011984	-2.8579042530982406
-11.477334822286565	-1.3033777983728214
-13.790915016578282	-3.6169579926645383
-23.618490067643933	-13.444533043730189
1.0292515846681738	11.203208608581917
-39.04938590354729	-28.875428879633546
-32.09892437991809	-21.924967356004345
-2.7514369590703325	7.422520064843411
-33.21980829638639	-23.045851272472646
-4.315343812441341	5.858613211472402
-11.310188015477678	-1.1362309915639344
26.56646670391777	36.74042372783151
0.12838610587053267	10.302343129784276
-15.235348746266453	-5.06139172235271
-9.456356234599724	0.7176007893140195
14.334457910424618	24.50841493433836
-6.847875448771873	3.3260815751418704
-16.19231467524375	-6.018357651330007
37.01760813735157	47.191565161265316
-11.038046227868534	-0.8640892039547907
-36.80719976695261	-26.633242743038863
-37.01212434101623	-26.83816731710249
10.732982572686097	20.90693959659984
-11.151836913383221	-0.9778798894694773
6.477024613560872	16.650981637474615
-9.161426111726968	1.0125309121867758
-19.541210787325753	-9.367253763412009
47.58935886925022	57.76331589316396
-22.357764664126506	-12.183807640212763
19.02058056254603	29.194537586459774
-19.336087383837793	-9.16213035992405
-21.176362859447607	-11.002405835533864
14.421859837873427	24.59581686178717
-31.49017217887601	-21.316215154962265
2.4388483644811743	12.612805388394918
-32.60588270985906	-22.431925685945316
-39.70310056111927	-29.529143537205528
-35.307759947876974	-25.13380292396323
-11.86029591465055	-1.6863388907368062
-51.49875508298143	-41.32479805906769
-44.749124122411075	-34.57516709849733
-28.883295837497343	-18.7093388135836
-28.742458694198348	-18.568501670284604
24.45030078832636	34.6242578122401
13.802963033923817	23.97692005783756
-14.625556129233217	-4.451599105319474
-13.307686485450603	-3.133729461536859
-5.201130414889548	4.972826609024196
-22.10419341298845	-11.930236389074707
-0.4750846322917539	9.69887239162199
-32.060567006008995	-21.88660998209525
-26.751041961250365	-16.577084937336622
19.417439596452397	29.59139662036614
-48.23333438840788	-38.05937736449414
-20.498167598531353	-10.32421057461761
-48.08773361318751	-37.913776589273766
-22.850850530833185	-12.676893506919441
11.269270509781137	21.44322753369488
-2.7516892275875477	7.422267796326196
-13.214700394184973	-3.0407433702712297
-27.255293691616743	-17.081336667703
19.686575739980555	29.860532763894298
25.186661611254323	35.360618635168066
-28.87272083222203	-18.698763808308286
0.25277965559646987	10.426736679510213
-22.149783090716	-11.975826066802256
-4.931052982209138	5.242904041704605
-20.461766382466948	-10.287809358553204
-22.52974834720814	-12.355791323294397
-26.39812644323544	-16.224169419321697
-40.76284958520998	-30.588892561296234
-38.653747779643226	-28.479790755729482
3.35699187871208	13.530948902625823
-6.971023065298567	3.2029339586151764
-2.7956364182814184	7.378320605632325
-14.70328193377506	-4.529324909861316
37.93053686980559	48.10449389371934
-8.76677709688235	1.4071799270313932
10.885145064299223	21.059102088212967
-24.268457010998162	-14.094499987084419
-28.195538145299423	-18.02158112138568
-15.56832679556689	-5.394369771653146
-6.653906030768184	3.52005099314556
-14.527691483045118	-4.353734459131374
-5.41559173306311	4.758365290850634
-13.649781211408907	-3.4758241874951636
-32.271434176944666	-22.097477153030923
3.666391645581399	13.840348669495143
-0.5323346524441774	9.641622371469566
6.83266657109337	17.006623595007113
2.8891897520384475	13.063146775952191
2.921005553443621	13.094962577357364
-12.69389922932757	-2.5199422054138267
-63.954450360075924	-53.78049333616218
1.7116251728016607	11.885582196715404
-39.78981533254998	-29.615858308636234
-24.783672578907925	-14.609715554994182
-12.559625197156919	-2.3856681732431753
-21.333623236793272	-11.159666212879529
-26.95724232017389	-16.783285296260146
-0.9729130163018169	9.201044007611927
-1.4224697842423382	8.751487239671405
-16.264044656627874	-6.0900876327141305
3.120933311832715	13.294890335746459
-14.2444195520861	-4.0704625281723565
1.899148528996676	12.07310555291042
7.4649653043320825	17.638922328245826
-33.50820509213233	-23.334248068218585
-13.005350368925491	-2.8313933450117474
-23.62556565688871	-13.451608632974967
-17.589828339309378	-7.415871315395634
-30.165991429412742	-19.992034405499
-22.64123632772541	-12.467279303811665
-27.12345330644027	-16.949496282526525
16.219478707652826	26.39343573156657
-3.354683819574774	6.81927320433897
-16.507580929332534	-6.33362390541879
2.002428040899332	12.176385064813076
-1.2877257108034144	8.88623131311033
-1.769154481326467	8.404802542587277
14.488354552618631	24.662311576532375
-19.778240855614484	-9.60428383170074
-13.217553783716056	-3.0435967598023126
-1.7714584425470719	8.402498581366672
-1.0692967096751715	9.104660314238572
0.37205036825028515	10.546007392164029
-0.9499578054441997	9.223999218469544
20.720280341689005	30.89423736560275
-22.56617229835544	-12.392215274441696
-18.925408255030987	-8.751451231117244
-44.57829586606974	-34.404338842155994
-17.433369256169016	-7.259412232255272
-59.553133769366895	-49.37917674545315
-3.541053092607825	6.632903931305918
-38.57734448074049	-28.40338745682675
-7.463113722644692	2.710843301269051
-9.885490428727707	0.288466595186037
-22.007104389171644	-11.8331473652579
-28.554927090981863	-18.38097006706812
1.7261781660577356	11.90013518997148
1.9298036478590177	12.103760671772761
22.358214439418163	32.532171463331906
-25.276107911950447	-15.102150888036704
25.309295286745993	35.483252310659736
-33.28597559341003	-23.112018569496286
-14.992762388289037	-4.818805364375294
-1.5877509262122373	8.586206097701506
3.1212569451613774	13.295213969075121
-2.6214178391078065	7.552539184805937
-46.25028165296541	-36.07632462905167
6.3916530480651375	16.56561007197888
7.549706276078297	17.72366329999204
-38.21840011763422	-28.044443093720474
-33.712946071433606	-23.538989047519863
24.087387250795956	34.2613442747097
-17.81339172801242	-7.639434704098676
-28.299541555365494	-18.12558453145175
-56.98733947503794	-46.8133824511242
-66.53306974907034	-56.35911272515659
-10.922188037226505	-0.7482310133127612
-27.77219262546575	-17.598235601552005
6.303401989427158	16.4773590133409
-7.149393568090517	3.024563455823227
-30.786724419840965	-20.61276739592722
-13.159965851211808	-2.9860088272980647
-18.678797260951313	-8.50484023703757
7.478452319302534	17.652409343216277
-5.419547745192602	4.754409278721141
26.253170231307678	36.42712725522142
-10.593798386048064	-0.41984136213432066
35.22007335216907	45.39403037608281
-35.105611556055436	-24.931654532141692
-20.759906526515323	-10.58594950260158
-25.497463335645506	-15.323506311731762
-11.472658958692108	-1.2987019347783644
6.752349756637642	16.926306780551386
-6.685024410804971	3.488932613108773
-9.939379417154186	0.23457760675955797
3.823941394244258	13.997898418158002
-3.459326007693079	6.714631016220665
-15.959643373584612	-5.785686349670868
-18.05824382761645	-7.884286803702707
4.309963182794974	14.483920206708717
20.82433976891619	30.998296792829933
15.347490033143487	25.52144705705723
3.383644772622148	13.557601796535891
-35.57751595607121	-25.403558932157466
-27.0146539720067	-16.840696948092955
5.568316221907963	15.742273245821707
-24.296388806169915	-14.122431782256172
-11.200249047046299	-1.0262920231325552
-3.196039954417273	6.9779170694964705
-24.21239395879681	-14.038436934883066
-12.503374440703254	-2.3294174167895108
-15.816969321893765	-5.643012297980022
-2.1176011848642418	8.056355839049502
3.9616076748220905	14.135564698735834
-22.775795990323303	-12.60183896640956
-3.5540119578858764	6.619945066027867
-20.624521296790107	-10.450564272876363
-10.504707266516988	-0.33075024260324426
-30.070074776535392	-19.89611775262165
-15.71389526261052	-5.539938238696777
-2.0158185618042523	8.158138462109491
-20.929800152660818	-10.755843128747074
3.3033670365926184	13.477324060506362
-27.555351783185387	-17.381394759271643
8.687467251279969	18.861424275193713
-8.097649939429601	2.0763070844841423
4.814256941537252	14.988213965450996
-13.030356736182938	-2.8563997122691944
0.736588719018556	10.9105457429323
22.93306463793263	33.107021661846375
-36.898652264657784	-26.72469524074404
-30.407291666152076	-20.233334642238333
-0.02539872528583942	10.148558298627904
19.87235142683633	30.046308450750075
8.13776042153907	18.311717445452814
13.236308940614919	23.410265964528662
-4.015417579429112	6.1585394444846315
52.17868293202039	62.35263995593414
-25.543623709263983	-15.36966668535024
-9.126259240393182	1.0476977835205616
-42.69439154198196	-32.520434518068214
-52.560560908720134	-42.38660388480639
-34.354076280431826	-24.180119256518083
-13.465815363144856	-3.291858339231112
29.41149427383928	39.585451297753025
-20.820329658678446	-10.646372634764703
16.612910014309392	26.786867038223136
-28.337190705495658	-18.163233681581914
19.11112261086376	29.285079634777503
-29.978402853330834	-19.80444582941709
6.417070928846016	16.59102795275976
-19.70469117860054	-9.530734154686797
19.60640851092606	29.780365534839802
-13.871293131595365	-3.697336107681622
-36.45155075158843	-26.277593727674684
5.283718875661663	15.457675899575406
-59.33672927919403	-49.16277225528029
-13.166466819528495	-2.992509795614751
-15.677075806567217	-5.503118782653473
-23.55698039344722	-13.383023369533475
5.527954382750551	15.701911406664294
-22.34300064248825	-12.169043618574506
-12.890906390194203	-2.71694936628046
-36.89265280691913	-26.718695783005387
-19.15807509461453	-8.984118070700788
-34.56938563836454	-24.395428614450793
-5.999202349236356	4.174754674677388
-27.667318094993306	-17.493361071079562
-16.744091160288434	-6.570134136374691
-25.986549344101576	-15.812592320187832
-9.586313538310122	0.5876434856036212
-39.536531711781635	-29.36257468786789
19.606986209213147	29.78094323312689
-34.8634233318721	-24.689466307958355
-33.228012001948144	-23.0540549780344
-39.8124267240041	-29.638469700090354
-21.741093983348463	-11.56713695943472
-39.24430810367491	-29.070351079761167
19.221598079342158	29.3955551032559
-32.10012733119808	-21.926170307284337
-25.84394622845727	-15.669989204543526
2.660045544880205	12.834002568793949
-14.78810589777865	-4.614148873864906
11.313711094198453	21.487668118112197
-0.48729871224210797	9.686658311671636
9.433082645192854	19.607039669106598
-29.193318194766533	-19.01936117085279
-2.0699265022762745	8.104030521637469
-27.348629384816803	-17.17467236090306
-19.90314571469068	-9.729188690776937
-9.75280259195867	0.42115443195507396
-50.43294734004891	-40.25899031613517
-25.009048260819753	-14.83509123690601
-20.497201262055086	-10.323244238141342
-34.1189246233466	-23.944967599432857
-18.74577565941442	-8.571818635500676
-22.195882112630414	-12.02192508871667
0.7515472919417618	10.925504315855505
-18.751173982453537	-8.577216958539793
-42.09700063304487	-31.923043609131128
-10.219076569452653	-0.04511954553890973
-19.8391015860893	-9.665144562175556
-8.838858423345727	1.335098600568017
16.168110994157843	26.342068018071586
-2.0376368410638577	8.136320182849886
-19.231719486828723	-9.05776246291498
12.963445825059836	23.13740284897358
-2.562791403003274	7.611165620910469
-12.16387186667859	-1.989914842764847
-21.752725168260866	-11.578768144347123
-35.68129007786635	-25.507333053952607
-14.70027073020762	-4.526313706293877
6.774098983377854	16.948056007291598
-18.36690462370322	-8.192947599789477
-9.691277728589256	0.4826792953244876
7.428301175744792	17.602258199658536
3.9763015193762214	14.150258543289965
-32.33391549239465	-22.15995846848091
37.20517872668418	47.379135750597925
-72.81021131087479	-62.63625428696105
-7.492157661711161	2.6817993622025824
28.204987321632444	38.37894434554619
-31.700968618816177	-21.527011594902433
-14.438486241057461	-4.264529217143718
-14.411224255758924	-4.2372672318451805
-13.603734697912358	-3.4297776739986148
-7.952878608046802	2.221078415866941
12.501683054158576	22.67564007807232
11.89833835984021	22.072295383753954
-25.134292589913883	-14.96033556600014
-35.41052146320587	-25.236564439292124
-15.5163322819121	-5.342375257998356
-6.223528021559531	3.9504290023542126
-21.7387738827733	-11.564816858859558
-34.259756822457774	-24.08579979854403
-21.314122416310482	-11.140165392396739
18.692163398694476	28.86612042260822
-3.5726903078452494	6.601266716068494
-8.334265382980874	1.8396916409328696
-13.067196428774395	-2.893239404860651
-32.167990656408136	-21.994033632494393
-24.300336420432785	-14.126379396519042
23.357210136704026	33.53116716061777
-24.25227753819351	-14.078320514279767
4.3273940288577535	14.501351052771497
2.4820445763412238	12.656001600254967
-39.33103538745351	-29.157078363539767
-25.284359744399325	-15.110402720485581
-16.605965514833287	-6.432008490919543
-15.023848891074948	-4.849891867161205
7.409461054915965	17.58341807882971
-19.994799508566274	-9.82084248465253
11.515839222281585	21.68979624619533
-15.236148155416657	-5.062191131502914
38.999107839082654	49.1730648629964
-27.259911678249836	-17.085954654336092
-73.56397356769455	-63.3900165437808
-21.77090599601658	-11.596948972102837
3.038359631465511	13.212316655379254
-40.85313854583225	-30.67918152191851
-13.871725326380755	-3.6977683024670114
-7.2842872923197035	2.88966973159404
-23.37821457142715	-13.204257547513407
-59.12156912076759	-48.947612096853845
4.307909297234374	14.481866321148118
-23.86420091865736	-13.690243894743617
-51.62533434475196	-41.45137732083822
-32.04995274568361	-21.87599572176987
37.09394143895909	47.267898462872836
-5.13692351132201	5.037033512591734
-22.115759359292923	-11.94180233537918
13.609349708481687	23.78330673239543
-62.73790783899173	-52.56395081507799
-13.420449766459996	-3.246492742546252
-23.96654393752985	-13.792586913616105
-27.703702053228398	-17.529745029314654
-39.13537029017468	-28.961413266260934
11.726587358252374	21.900544382166117
-6.467482377191544	3.7064746467221994
-4.018016252570732	6.155940771343012
-37.702618551206314	-27.52866152729257
-20.318357459500902	-10.144400435587158
-20.156472267246926	-9.982515243333182
-15.595903676736697	-5.421946652822953
33.04208686672203	43.216043890635774
-31.44841891978146	-21.274461895867717
-24.794127855637697	-14.620170831723954
-24.973223089646552	-14.799266065732809
-37.31244882766484	-27.138491803751094
15.242628808942328	25.41658583285607
47.31713408526551	57.49109110917925
-20.557936304895037	-10.383979280981293
-12.81663650696143	-2.6426794830476865
-25.740265549042732	-15.566308525128989
-9.158669118549795	1.015287905363948
-5.2188998334081305	4.955057190505613
11.826355936705596	22.00031296061934
-20.517542847227077	-10.343585823313333
-2.612716297268406	7.561240726645337
5.9261234475939375	16.10008047150768
32.70455652906233	42.878513552976074
3.1535856904315835	13.327542714345327
-7.599174864035803	2.574782159877941
-38.758248280310426	-28.584291256396682
1.3445963251811293	11.518553349094873
-3.9864127465466197	6.187544277367124
-2.7027167968030597	7.471240227110684
-28.12871486066294	-17.954757836749195
-31.580799340923903	-21.40684231701016
-21.9561124489978	-11.782155425084056
-13.538376087939895	-3.3644190640261513
-4.484509151623996	5.6894478722897475
-34.1977888213282	-24.02383179741446
-30.253276641901238	-20.079319617987494
-10.586443848593689	-0.41248682467994513
-4.306179918565675	5.867777105348068
-23.248910968110494	-13.07495394419675
-6.921208391270255	3.2527486326434882
-27.858103378929144	-17.6841463550154
-46.10891267555277	-35.93495565163903
-54.55727941449592	-44.38332239058218
9.773254412395119	19.947211436308862
16.455463800195076	26.62942082410882
-20.633370446359976	-10.459413422446232
-15.573999508646438	-5.400042484732694
-0.13874983914726613	10.035207184766477
-9.157894863483733	1.0160621604300104
33.56225604671775	43.73621307063149
24.41303411801485	34.58699114192859
-23.982434027608605	-13.808477003694861
-17.89745957558486	-7.7235025516711175
-19.221635814143582	-9.047678790229838
-28.953880216255556	-18.779923192341812
-33.86354727202567	-23.689590248111926
15.036967854387996	25.21092487830174
-11.582008139228918	-1.4080511153151747
-20.07121663608129	-9.897259612167545
-15.497616276209072	-5.323659252295329
3.0663195851389276	13.240276609052671
-14.613031776475026	-4.439074752561282
11.489421604799219	21.663378628712962
-42.95887930010073	-32.78492227618699
2.5856399172639897	12.759596941177733
8.096153013016675	18.27011003693042
-3.424941162882959	6.749015861030784
15.539253695214512	25.713210719128256
5.779094113867842	15.953051137781586
-19.968426973877712	-9.794469949963968
-29.45145066179836	-19.277493637884618
25.36930584391078	35.543262867824524
-17.183901293682055	-7.009944269768312
1.919952568490345	12.093909592404088
-16.302348342046088	-6.128391318132344
-2.040777896980643	8.1331791269331
34.32885688727541	44.50281391118915
20.505001462393494	30.678958486307238
-35.31069854286622	-25.136741518952476
-17.52368169504777	-7.349724671134027
-18.5438182333223	-8.369861209408555
-1.2332700143510635	8.94068700956268
-20.37974965767941	-10.205792633765668
-14.769459739806251	-4.595502715892508
10.971417913571287	21.14537493748503
-16.972329195907577	-6.798372171993833
-25.55989108700166	-15.385934063087916
-17.08129815621075	-6.907341132297006
5.861649750878797	16.03560677479254
-8.99256493613072	1.1813920877830242
-25.735842217486123	-15.56188519357238
-1.176669557068152	8.997287466845592
-12.109099434148874	-1.9351424102351302
-2.901190808761811	7.272766215151933
6.10481886755727	16.278775891471014
-32.75857140793093	-22.584614384017186
-12.521334718729548	-2.3473776948158047
-4.095247661693492	6.078709362220252
-26.426588469430925	-16.25263144551718
1.2488621866882852	11.422819210602029
-12.20009740698012	-2.0261403830663767
12.155458421462328	22.32941544537607
-26.84763606207568	-16.673679038161936
-25.401341230963652	-15.227384207049909
-34.90381505054981	-24.729858026636066
19.248946816756444	29.422903840670187
-17.6386629518515	-7.464705927937757
-33.31442393555196	-23.140466911638214
17.77009495203086	27.944051975944603
16.30873418353579	26.482691207449534
0.8622173027629572	11.0361743266767
2.9379869193449224	13.111943943258666
30.958843050773368	41.13280007468711
-1.4017825047471604	8.772174519166583
1.8063841520138624	11.980341175927606
-16.694703285937493	-6.520746262023749
7.81551840950263	17.989475433416374
-13.328899960526968	-3.1549429366132244
-16.892155947293276	-6.718198923379532
-21.633211680933954	-11.45925465702021
-34.194683144507934	-24.02072612059419
-6.456585366619464	3.7173716572942794
1.3219902775686307	11.495947301482374
-14.346890195395162	-4.172933171481418
-5.620323905603499	4.553633118310245
42.408511716662844	52.58246874057659
-3.156696313626952	7.017260710286791
1.4541314238026928	11.628088447716436
-0.022945730574491563	10.151011293339252
-5.590520942378561	4.583436081535183
-20.664291933162957	-10.490334909249214
1.8672402078387051	12.041197231752449
-7.943374015433136	2.2305830084806075
-3.154529437203081	7.019427586710663
-33.144411769897914	-22.97045474598417
-72.9456136947833	-62.77165667086956
1.151859115606868	11.325816139520612
7.497880351636496	17.67183737555024
10.626773698067637	20.80073072198138
-21.15007617090893	-10.976119146995188
-29.738289193430745	-19.564332169517
-5.559940569399686	4.614016454514058
17.26638354918535	27.440340573099093
-15.784599513243364	-5.610642489329621
-16.195630632739693	-6.0216736088259495
-25.93861444739602	-15.764657423482276
-8.420282995647057	1.753674028266687
-12.243557621345161	-2.0696005974314176
-29.903597699375013	-19.72964067546127
-21.30089975007874	-11.126942726164998
2.9296299437860682	13.103586967699812
-16.514868385200742	-6.340911361286999
12.585358171666968	22.75931519558071
5.609286096734223	15.783243120647967
-21.44219148752606	-11.268234463612316
-47.98114283534821	-37.807185811434465
6.010081211935841	16.184038235849584
-6.606562462037317	3.5673945618764265
-11.202697436731313	-1.0287404128175694
-12.94428734910477	-2.7703303251910256
-3.3263228080672604	6.847634215846483
-28.21712807366427	-18.043171049750526
-24.475882354802224	-14.30192533088848
-7.405566374660765	2.7683906492529786
8.739934848419153	18.913891872332897
-42.16117342794175	-31.987216404028004
-18.29229483267997	-8.118337808766228
7.00442200493265	17.178379028846393
-11.959948193629742	-1.7859911697159987
-0.3976758025951028	9.77628122131864
-13.68888521120104	-3.514928187287296
-21.12445613530005	-10.950499111386307
14.299140700373329	24.473097724287072
-13.665946579216751	-3.4919895553030074
-11.336826330471439	-1.1628693065576954
-9.945488803516554	0.22846822039718973
10.3378057266614	20.511762750575144
-29.46002550102864	-19.286068477114895
-16.04122081072134	-5.867263786807598
21.521066090704636	31.69502311461838
5.685522385481391	15.859479409395135
6.119784070180259	16.293741094094003
-16.51803027809953	-6.344073254185787
-55.420572633257024	-45.24661560934328
-16.86696183470346	-6.693004810789716
-8.289425926958273	1.8845310969554703
36.12371681182552	46.29767383573926
5.823977252790002	15.997934276703745
-12.28527935138706	-2.1113223274733173
11.099104385336915	21.27306140925066
-30.96391573011212	-20.789958706198377
-14.161596376498409	-3.987639352584665
-15.261747788403653	-5.08779076448991
-35.03950560882956	-24.865548584915814
5.123643296757592	15.297600320671336
27.222088089759865	37.39604511367361
-41.42040579571628	-31.246448771802534
-11.571491794688399	-1.397534770774655
-5.173482911638047	5.000474112275697
5.338051946529532	15.512008970443276
12.503685648467155	22.677642672380898
-4.602463808418605	5.571493215495138
3.0453574093931195	13.219314433306863
-11.706389706944236	-1.5324326830304926
-25.24613596498827	-15.072178941074526
31.060147724959762	41.234104748873506
-20.99244630992186	-10.818489286008116
28.816952174807312	38.990909198721056
1.9614904003842923	12.135447424298036
20.280076416327148	30.45403344024089
7.36111889502493	17.535075918938674
-29.937314854795176	-19.763357830881432
-26.247843948402505	-16.07388692448876
7.577956472146553	17.751913496060297
1.458882944528824	11.632839968442568
-15.105827153484341	-4.931870129570598
-22.600153553174522	-12.426196529260778
-7.001272593943639	3.1726844299701042
-0.6677047501056848	9.506252273808059
-3.2539142254595106	6.920042798454233
-23.99989039065119	-13.825933366737445
-6.374535764522506	3.799421259391238
-14.691084149350417	-4.517127125436673
19.567863408215572	29.741820432129316
-22.56046425708925	-12.386507233175507
-13.345994682719237	-3.1720376588054933
12.329808240233916	22.50376526414766
-29.965077162165898	-19.791120138252154
0.0873254494522655	10.261282473366009
20.262286488208275	30.43624351212202
-1.1117835717581954	9.062173452155548
8.739743309773559	18.913700333687302
-3.6568014550998384	6.517155568813905
-19.014207520018743	-8.840250496105
4.902153701733852	15.076110725647595
-24.563757865593715	-14.389800841679971
-10.403297196337434	-0.2293401724236901
-2.797482850668956	7.376474173244787
-28.366162221840995	-18.19220519792725
-10.418308734288502	-0.2443517103747581
-14.927939243351346	-4.753982219437603
-18.843486895710583	-8.66952987179684
-22.142249596063692	-11.968292572149949
-17.93649044856872	-7.7625334246549755
1.865711467734883	12.039668491648627
2.555878718035757	12.7298357419495
4.81605243822699	14.990009462140733
-22.080696177776616	-11.906739153862873
-20.42368203301018	-10.249725009096437
-13.375889057765079	-3.2019320338513353
-10.925202501914526	-0.7512454780007829
29.089865600371496	39.26382262428524
-0.7738684144119077	9.400088609501836
-35.61082326600305	-25.43686624208931
-31.230530978557425	-21.05657395464368
-34.32367996215041	-24.149722938236664
-8.352086342120373	1.8218706817933707
-41.07867931471125	-30.90472229079751
3.038181071316586	13.21213809523033
-16.211951506999384	-6.03799448308564
-7.564808636815059	2.609148387098685
-26.54910599261936	-16.375148968705616
-29.677019993569473	-19.50306296965573
-27.422176434336933	-17.24821941042319
-38.42893005272205	-28.25497302880831
19.781260943667377	29.95521796758112
-12.124313138838687	-1.9503561149249435
27.989270461462667	38.16322748537641
0.4994998544512157	10.67345687836496
-9.413897257522393	0.7600597663913504
-13.13939940716088	-2.9654423832471366
-0.8607471607888044	9.31320986312494
-44.588339573287584	-34.41438254937384
11.74270340810611	21.916660432019853
-26.6947055971236	-16.520748573209858
-8.412856599431024	1.76110042448272
0.9708707824188707	11.144827806332614
-16.507068664590832	-6.333111640677089
14.002431785878372	24.176388809792115
-9.539843624921986	0.634113398991758
10.372739838655917	20.54669686256966
-20.09246109712555	-9.918504073211807
-22.652370547939853	-12.47841352402611
27.70117576159967	37.875132785513415
-12.958527114204543	-2.7845700902907993
-24.18282258302358	-14.008865559109836
-22.786498020045173	-12.612540996131429
-0.5540370786970641	9.61991994521668
-31.3994026639252	-21.225445640011458
-17.81462737866829	-7.640670354754548
-37.66739507469762	-27.49343805078388
-15.259780264763748	-5.085823240850004
-35.871791270072634	-25.69783424615889
-10.42273536858417	-0.24877834467042703
-21.413122466720296	-11.239165442806552
10.72299717893614	20.896954202849884
4.143955592096546	14.31791261601029
20.89928445113904	31.073241475052782
5.514622118107155	15.688579142020899
-27.269958781004306	-17.096001757090562
-21.989851197262823	-11.81589417334908
-2.912655253813199	7.261301770100545
-21.990572901470358	-11.816615877556615
-18.775670550041895	-8.601713526128151
-9.645372417288371	0.5285846066253725
12.609801592328523	22.783758616242267
5.944609651045113	16.118566674958856
-11.01540854800848	-0.8414515240947367
-20.111806826431774	-9.93784980251803
-39.790136130641685	-29.61617910672794
-60.11887829560007	-49.944921271686326
-2.2993630835757983	7.874593940337945
-32.550105238433815	-22.37614821452007
30.385224939325354	40.5591819632391
-31.867155272228473	-21.69319824831473
-7.349119304779805	2.8248377191339387
2.460511274549873	12.634468298463617
5.589053806784733	15.763010830698477
-7.844846430175011	2.329110593738733
-25.80713215174771	-15.633175127833965
-16.094362499278276	-5.920405475364532
-5.780087133315163	4.39386989059858
30.778524259674242	40.952481283587986
-32.31447241270368	-22.140515388789936
19.224912190687547	29.39886921460129
-3.450303609714382	6.723653414199362
5.218867721823273	15.392824745737016
-24.92965955558472	-14.755702531670977
-24.987370413093657	-14.813413389179914
-57.708022182805934	-47.53406515889219
-4.949747711578738	5.224209312335006
-9.290337752360273	0.8836192715534708
-29.663306661283485	-19.48934963736974
29.65187086317158	39.825827887085325
-28.92191249394679	-18.747955470033048
19.745904670855026	29.91986169476877
-7.546486095938661	2.6274709279750823
-8.557389389562076	1.616567634351668
-6.832976597658188	3.3409804262555554
-13.651742821557917	-3.4777857976441737
-15.240411219513106	-5.066454195599363
-17.3169616758955	-7.143004651981755
-2.348007857026886	7.825949166886858
17.982888201362158	28.1568452252759
-6.500860848542715	3.673096175371029
-14.464410757535433	-4.290453733621689
-5.415101753917469	4.758855269996275
-27.775271425036834	-17.60131440112309
9.681773337689748	19.85573036160349
-44.08922842837498	-33.91527140446124
-37.569900301501974	-27.39594327758823
-15.318178355001209	-5.144221331087465
2.077222823479616	12.25117984739336
10.071504221473816	20.24546124538756
-8.422279956385381	1.7516770675283624
-23.548597672101522	-13.374640648187778
-9.67725308317901	0.4967039407347329
-3.212960920760878	6.9609961031528655
-19.56212337551412	-9.388166351600375
-24.46869239023951	-14.294735366325767
-25.804675212295905	-15.630718188382161
-39.346929679601516	-29.172972655687772
-15.027303652596373	-4.85334662868263
26.15978898329334	36.33374600720708
-33.28156858773443	-23.107611563820683
-39.36115144071525	-29.187194416801503
-27.500273819414787	-17.326316795501043
-22.025834817154163	-11.85187779324042
27.388588399598603	37.56254542351235
15.3011195098384	25.475076533752144
-33.22407661200711	-23.050119588093366
-7.079576050446548	3.094380973467196
-29.841542885862935	-19.667585861949192
-32.2386875335055	-22.064730509591755
3.848342130311295	14.022299154225038
-35.67893306404446	-25.504976040130714
-17.711469929140065	-7.537512905226322
-6.384616406109188	3.7893406178045552
-15.778418201013181	-5.604461177099438
-24.66200865054131	-14.488051626627566
-7.635160231473918	2.5387967924398254
31.55078617090615	41.724743194819894
3.5357375283579415	13.709694552271685
-40.19135433518247	-30.017397311268724
-12.362358738463143	-2.1884017145494
-9.409831062561778	0.7641259613519651
-32.43310903317476	-22.259152009261015
10.007062749043627	20.18101977295737
-36.38048327981821	-26.206526255904464
-13.794822397196612	-3.620865373282868
-24.66977508224815	-14.495818058334407
-17.377677413975533	-7.20372039006179
-65.54483681202552	-55.37087978811178
-18.260344775843322	-8.086387751929578
19.932297239758128	30.10625426367187
-5.440152434266992	4.733804589646752
-17.914997912345342	-7.741040888431598
-42.27514475419454	-32.1011877302808
-20.23345982541511	-10.059502801501367
-9.91199360482139	0.26196341909235343
-2.5213657524131747	7.652591271500569
-22.428119801594647	-12.254162777680904
10.990878963924416	21.16483598783816
-63.06837864051201	-52.894421616598265
-5.35513064486301	4.8188263790507335
11.016239329642787	21.19019635355653
-35.08355438354053	-24.909597359626787
-13.212319363045452	-3.0383623391317087
-9.753901026115699	0.4200559977980447
-21.12305968771986	-10.949102663806116
12.059155153526746	22.23311217744049
-19.558738549442268	-9.384781525528524
14.169443634354622	24.343400658268365
-5.911692419830132	4.262264604083612
-30.179060571301733	-20.00510354738799
-9.440128970002178	0.7338280539115658
-62.51697452858795	-52.34301750467421
-4.569444431616347	5.604512592297397
5.027205908083062	15.201162931996805
-22.962445316507427	-12.788488292593684
1.5562732109188175	11.730230234832561
-19.41724678626494	-9.243289762351196
-32.90996044350911	-22.736003419595363
-8.979824092157713	1.1941329317560303
58.804146873082146	68.97810389699589
22.183209126307275	32.35716615022102
4.350116145150906	14.52407316906465
11.355373804909988	21.52933082882373
-11.923937307196383	-1.749980283282639
-7.077159150938741	3.096797872975003
-12.847644770429241	-2.6736877465154976
19.992188184166963	30.166145208080707
2.2388072196349924	12.412764243548736
-12.141111270566824	-1.967154246653081
5.9354861643019206	16.109443188215664
-8.542938840188498	1.6310181837252458
-17.499432236587808	-7.325475212674064
16.332867184291473	26.506824208205217
-42.63642516219849	-32.46246813828475
-36.46496293583047	-26.291005911916727
-35.50703626584297	-25.333079241929227
-14.009958174747652	-3.8360011508339085
-30.80912311477593	-20.635166090862185
26.645109974358576	36.81906699827232
-12.347457506677955	-2.1735004827642115
-36.03764427075518	-25.863687246841437
-12.361570890511274	-2.1876138665975304
0.5482794038703389	10.722236427784082
-21.977320018048403	-11.803362994134659
-34.34883240096539	-24.17487537705165
-6.737982658231402	3.435974365682341
31.78542094188154	41.959377965795284
28.61147022045182	38.785427244365565
-1.2217031872337145	8.952253836680029
3.228614408888035	13.402571432801778
-25.14424760326662	-14.970290579352877
-25.737003533939486	-15.563046510025742
7.539376111178655	17.713333135092398
-13.642302673636067	-3.4683456497223233
-7.497499007395589	2.676458016518154
23.904474618511387	34.07843164242513
9.556997985216668	19.730955009130412
0.13477672724687295	10.308733751160617
15.14782805022108	25.321785074134823
-3.951752290244684	6.222204733669059
23.799762173549908	33.97371919746365
-57.914943299087525	-47.74098627517378
-25.625301641905452	-15.451344617991708
-40.43390098660754	-30.259943962693796
-44.070057089038954	-33.89610006512521
-13.983016439181	-3.8090594152672566
-10.325393737205076	-0.15143671329133213
-1.0532510433244795	9.120705980589264
-61.061308964096014	-50.88735194018227
13.087507538833535	23.26146456274728
-22.91724782537355	-12.743290801459807
-19.34738028154831	-9.173423257634568
-28.79092814598559	-18.616971122071845
-9.408015513529307	0.7659415103844367
-28.303350154199933	-18.12939313028619
10.542459265752342	20.716416289666086
14.15671536397852	24.330672387892264
-9.552313943435792	0.621643080477952
-18.875165014308067	-8.701207990394323
10.723982009536059	20.897939033449802
-44.718808183605205	-34.54485115969146
3.2996620514327617	13.473619075346505
-11.851512443076416	-1.6775554191626725
-13.932241740395028	-3.7582847164812847
-17.436832228397606	-7.262875204483862
-32.1964832230137	-22.022526199099957
-14.342510325920074	-4.16855330200633
-2.1723381683682135	8.00161885554553
-8.038550170377192	2.1354068535365514
-28.073936398016002	-17.89997937410226
-47.650153651410136	-37.47619662749639
-24.7049433023262	-14.530986278412456
15.335001445274912	25.508958469188656
7.8449272355296955	18.01888425944344
-32.4714754004294	-22.297518376515654
8.053417891090731	18.227374915004475
-23.797672394348837	-13.623715370435093
-23.497669457063665	-13.323712433149922
-15.197016063530526	-5.023059039616783
-22.99978645766393	-12.825829433750187
-10.191614784742768	-0.017657760829024483
-15.980186563318483	-5.80622953940474
16.91795970630622	27.091916730219964
0.6432016599588053	10.817158683872549
-3.184879844926826	6.989077178986918
-32.612486965458146	-22.438529941544402
-4.9899668973216365	5.183990126592107
-20.370084667184045	-10.196127643270302
-4.43720882914792	5.736748194765823
-5.928271800671126	4.245685223242617
-22.77773842972826	-12.603781405814516
8.992721987685883	19.166679011599626
-17.225411505145956	-7.051454481232213
-34.91591907022527	-24.741962046311528
-20.24200842750585	-10.068051403592108
-15.957822984221337	-5.783865960307594
-48.248516156838804	-38.07455913292506
-29.211617408231604	-19.03766038431786
-22.243743378449352	-12.069786354535609
-2.1487044209338535	8.02525260297989
-40.35566204995709	-30.181705026043346
-21.423564745810353	-11.24960772189661
-2.600541223654062	7.573415800259681
-24.996897231473184	-14.82294020755944
-21.039007588884914	-10.86505056497117
-9.766608857315504	0.4073481665982399
-2.8066090142951623	7.367348009618581
13.612135729681114	23.786092753594858
-41.374749644119646	-31.200792620205902
7.500186217128004	17.674143241041747
2.437913127179428	12.611870151093171
8.853030609514036	19.02698763342778
20.047267559939	30.221224583852745
-12.589397961912681	-2.4154409379989374
-18.07584898517095	-7.901891961257206
-8.097640700113033	2.076316323800711
-9.128883344214472	1.0450736796992715
-21.91832651775482	-11.744369493841077
-11.524929278950793	-1.3509722550370498
25.978543666709385	36.15250069062313
4.127054261263339	14.301011285177083
19.52093178201315	29.694888805926894
-2.4322982510988993	7.741658772814844
9.36747019531461	19.541427219228353
-21.74627298870334	-11.572315964789595
-3.9791876518488323	6.194769372064911
-14.855317145759244	-4.6813601218455005
-6.752361573990555	3.4215954499231884
-7.4846988980411595	2.689258125872584
-21.44843498648558	-11.274477962571837
19.75577162463881	29.929728648552555
24.834101251779003	35.00805827569275
4.922851990342252	15.096809014255996
-16.584511069521312	-6.410554045607569
-21.144068272921203	-10.97011124900746
-30.342613670959025	-20.16865664704528
-8.13210582733015	2.0418511965835933
2.5631324660367056	12.73708948995045
-10.082003779227733	0.0919532446860103
-36.9194319623916	-26.745474938477855
-40.29588710066898	-30.121930076755234
-19.316419196350097	-9.142462172436353
-67.86536478327477	-57.69140775936103
8.085530886653515	18.25948791056726
-8.899415071375614	1.2745419525381294
-37.130634550491294	-26.95667752657755
-14.805809263960754	-4.63185224004701
28.604344326109214	38.77830135002296
5.25405107598047	15.428008099894214
5.72010547086532	15.894062494779064
-0.15040588747658035	10.023551136437163
-0.029858932967243845	10.1440980909465
8.55027948298951	18.724236506903253
-14.305505537601192	-4.131548513687449
-39.530165751026715	-29.35620872711297
-7.824424858261835	2.349532165651908
5.38173619656439	15.555693220478133
-4.848669203004164	5.32528782090958
-7.557131968328093	2.6168250555856503
2.2381682197169823	12.412125243630726
36.8069580583265	46.980915082240244
11.533385596035743	21.707342619949486
-2.4803205309858356	7.693636492927908
-8.922238046985939	1.2517189769278048
-15.933443397107538	-5.759486373193795
-6.121576599789904	4.0523804241238395
-13.80497750182846	-3.631020477914717
-11.030190039635698	-0.8562330157219549
-13.017618571486736	-2.8436615475729923
-14.408339850734109	-4.234382826820365
30.99043355050665	41.164390574420395
-8.116327289941609	2.057629733972135
-12.16409015114047	-1.990133127226727
-0.4749676198830173	9.698989404030726
-14.898084179038477	-4.724127155124734
0.07786542733222745	10.251822451245971
-0.07655712040875073	10.097399903504993
-21.290500311950808	-11.116543288037064
-31.26224971421331	-21.088292690299568
-2.5235028388255785	7.650454185088165
6.545588750451799	16.719545774365542
-4.914752763228961	5.259204260684783
10.403528076379672	20.577485100293416
-1.6596937403432719	8.514263283570472
21.729394920040733	31.903351943954476
17.52644024723989	27.700397271153633
-14.124895868916127	-3.9509388450023835
28.49922577521059	38.67318279912433
-5.0219856069511195	5.151971416962624
-21.010741037373435	-10.836784013459692
12.885319999056748	23.05927702297049
-60.55969980209781	-50.38574277818407
-13.649400683897028	-3.4754436599832843
-33.74213744841697	-23.568180424503225
2.179741990884878	12.353699014798622
11.659588901407488	21.833545925321232
-10.740143681554827	-0.566186657641083
-12.299545934349652	-2.1255889104359085
-28.340702438754732	-18.16674541484099
-18.86440800227726	-8.690450978363515
-26.1772643661229	-16.003307342209155
30.021292506740366	40.19524953065411
-5.883275306971399	4.290681716942345
-11.905361518597118	-1.7314044946833747
-21.715260907846158	-11.541303883932414
11.144391811585166	21.31834883549891
-13.07729287522531	-2.9033358513115672
-12.45467752911506	-2.280720505201316
22.7389650034834	32.912922027397144
-32.68469334477274	-22.510736320858996
23.974678247368075	34.14863527128182
9.072465200007656	19.2464222239214
-28.278763219814635	-18.104806195900892
-29.366536651831183	-19.19257962791744
26.11108850228041	36.28504552619415
-23.592099593179654	-13.41814256926591
-11.82233882324951	-1.6483817993357661
-33.649208033797976	-23.475251009884232
-18.652848865078766	-8.478891841165023
8.977296252285242	19.151253276198986
-3.6768226291592043	6.497134394754539
16.324945404719557	26.4989024286333
5.565869804225741	15.739826828139485
-18.962091337989904	-8.78813431407616
-17.358274482858604	-7.184317458944861
-19.797680617068607	-9.623723593154864
10.749125649164426	20.92308267307817
-8.945440959009346	1.2285160649043974
