Hf	deltaHf ref=24.84042142234405
42.76559737180226	17.925175949458207
13.569334522067336	-11.271086900276714
27.96672803125996	3.126306608915911
65.20638042061485	40.3659589982708
10.890208799729706	-13.950212622614345
32.32844998801313	7.488028565669083
28.041929768939852	3.2015083465958014
6.6181341847798905	-18.22228723756416
27.333275328014977	2.492853905670927
-25.78126501341164	-50.62168643575569
22.94839951546176	-1.8920219068822917
-1.3760769008774076	-26.216498323221458
-1.9812103245027828	-26.821631746846833
43.06311875024706	18.222697327903006
41.77439058850298	16.93396916615893
34.94180383463693	10.101382412292878
13.352305609372095	-11.488115812971955
37.81105356982455	12.9706321474805
4.161970788688748	-20.678450633655302
19.95238325737894	-4.88803816496511
35.26839721901645	10.4279757966724
-13.452958555656252	-38.2933799780003
-8.027952027038438	-32.86837344938249
-6.384265680983546	-31.224687103327597
41.39082387561514	16.55040245327109
17.021585716446978	-7.818835705897072
31.222478294049623	6.382056871705572
-12.826950139886932	-37.66737156223098
37.77827415669465	12.9378527343506
53.48428711878235	28.643865696438297
28.022958644741564	3.1825372223975137
13.525643336371402	-11.314778085972648
6.589323835217627	-18.251097587126424
20.932307043435983	-3.908114378908067
-4.719148252389161	-29.55956967473321
10.563995669060503	-14.276425753283547
20.441429590300075	-4.398991832043976
18.44389566943876	-6.396525752905291
-7.9669150372180155	-32.807336459562066
19.327108110820816	-5.513313311523234
64.58263080934132	39.742209386997274
7.563313348280033	-17.277108074064017
5.077257625441533	-19.763163796902518
30.485029660895933	5.644608238551882
37.97340526520868	13.132983842864633
-18.954176274067024	-43.794597696411074
46.006926573874196	21.166505151530146
20.924074336685706	-3.9163470856583444
-4.598119484679657	-29.438540907023707
12.915190544971964	-11.925230877372087
28.077668005865533	3.2372465835214825
17.420948031405104	-7.419473390938947
10.137725862648338	-14.702695559695712
44.69790630467044	19.85748488232639
37.34924972777965	12.5088283054356
-14.63606163102365	-39.4764830533677
24.567442230112036	-0.2729791922320146
36.16037614693353	11.31995472458948
27.426760586054414	2.586339163710363
32.16214695902029	7.32172553667624
62.59047529295215	37.7500538706081
31.68428659381182	6.843865171467769
26.087683619395946	1.2472621970518958
42.67703014165757	17.836608719313517
32.02682529391616	7.186403871572111
10.811451894161408	-14.028969528182643
21.480125903824344	-3.360295518519706
18.908430977414653	-5.931990444929397
13.890150028138422	-10.950271394205629
49.5935101991666	24.75308877682255
44.66166046717565	19.8212390448316
38.11309508415009	13.272673661806039
26.132445507118362	1.2920240847743116
26.701055829125224	1.8606344067811733
12.828366028249846	-12.012055394094205
4.693905022012885	-20.146516400331166
18.18831066869764	-6.6521107536464115
67.12905318331043	42.28863176096638
-6.153286039738916	-30.993707462082966
15.412481365044485	-9.427940057299566
27.878352670816938	3.037931248472887
30.908373215282452	6.067951792938402
-19.15155526563892	-43.99197668798297
29.308292308941716	4.467870886597666
48.17557404225529	23.33515261991124
14.946377448318643	-9.894043974025408
35.021576646994916	10.181155224650865
2.0467713233550313	-22.79365009898902
25.74316953659884	0.9027481142547913
25.9552125984804	1.1147911761363503
53.7660771251861	28.92565570284205
28.96412881389854	4.12370739155449
1.001988707382523	-23.838432714961527
26.215427297316026	1.3750058749719756
40.01167172105063	15.171250298706582
28.536857923590404	3.696436501246353
3.0770136130480097	-21.76340780929604
39.90720536129386	15.066783938949811
20.06703875592514	-4.773382666418911
16.80722968658968	-8.033191735754372
51.793975173949846	26.953553751605796
23.626334197938675	-1.2140872244053753
44.382168378131	19.541746955786948
36.383484016102855	11.543062593758805
65.96782161959284	41.12740019724879
7.405032603567932	-17.43538881877612
37.223071576026385	12.382650153682334
9.55236756954703	-15.28805385279702
29.16187132936041	4.321449907016358
31.490753356443136	6.650331934099086
52.66214822828199	27.821726805937942
51.75924816706113	26.91882674471708
25.570822180848452	0.7304007585044019
48.22365603027295	23.383234607928898
53.825528602860985	28.985107180516934
64.7510367354874	39.91061531314335
-12.157808322390949	-36.998229744735
17.597802867475664	-7.242618554868386
33.956616792772664	9.116195370428613
20.111914577387623	-4.728506844956428
19.719804544397746	-5.120616877946304
24.953107174750883	0.11268575240683276
35.00456566106307	10.164144238719018
29.298336886891164	4.4579154645471135
-35.71788253495167	-60.55830395729572
27.535361282399506	2.694939860055456
55.723598840824096	30.883177418480045
24.150092560626334	-0.6903288617177168
30.093046045734198	5.2526246233901475
39.54054338416911	14.700121961825062
29.677581589133595	4.837160166789545
57.472543173661805	32.632121751317754
28.53314040470589	3.692718982361839
43.256941089700675	18.416519667356624
57.16601280389598	32.32559138155193
-12.151630362158059	-36.99205178450211
-14.61387299375626	-39.45429441610031
8.300791937744478	-16.539629484599573
-9.174897903966368	-34.01531932631042
29.952432221677853	5.112010799333802
29.044728154930752	4.204306732586701
25.85353620456165	1.013114782217599
-13.590471145373769	-38.43089256771782
24.29110924141726	-0.5493121809267905
37.396087551085046	12.555666128740995
-30.122179228925845	-54.962600651269895
0.07659048014041048	-24.76383094220364
25.28830208027223	0.4478806579281809
-35.5826213971565	-60.42304281950055
10.015104225897929	-14.825317196446122
24.936644576885854	0.09622315454180352
28.550313685223344	3.7098922628792934
14.613454433059204	-10.226966989284847
-5.641136876988341	-30.48155829933239
-15.410753389417252	-40.2511748117613
34.58252011175075	9.742098689406703
25.69285334012541	0.8524319177813595
-2.849820524116396	-27.690241946460446
32.675104244542425	7.834682822198374
3.2300049204526005	-21.61041650189145
3.8690303171345732	-20.971391105209477
22.083442122358363	-2.7569792999856872
-0.5479031806141137	-25.388324602958164
16.907319861074328	-7.933101561269723
45.88940554242011	21.048984120076057
-28.449081309224013	-53.289502731568064
-10.349700004164944	-35.190121426508995
2.225924081783276	-22.614497340560774
3.753539743123227	-21.086881679220824
36.91875332250795	12.078331900163903
31.695516245006118	6.855094822662068
-13.034286058883183	-37.87470748122723
42.84519558349287	18.004774161148816
-18.81974009087996	-43.66016151322401
20.780919952452066	-4.059501469891984
40.62573792231281	15.785316499968758
17.298476165934815	-7.541945256409235
12.174191696150345	-12.666229726193706
43.234213813851355	18.393792391507304
11.862347881327267	-12.978073541016784
27.966399006257532	3.125977583913482
11.205531105343951	-13.6348903170001
6.749323829152971	-18.09109759319108
-1.635542516826419	-26.47596393917047
11.582563724677428	-13.257857697666623
46.58951643845951	21.74909501611546
5.212513109002728	-19.627908313341322
19.03547196164739	-5.804949460696662
50.843123194720945	26.002701772376895
13.340089704727987	-11.500331717616064
30.370890538444044	5.530469116099994
-6.045908546858001	-30.886329969202052
8.628696669332683	-16.211724753011367
2.6145765186259524	-22.225844903718098
13.419501382380375	-11.420920039963676
-4.348011481572641	-29.18843290391669
14.878247592455708	-9.962173829888343
43.274985743325786	18.434564320981735
27.740460860720603	2.9000394383765524
35.97602891005529	11.13560748771124
25.05111042896472	0.2106890066206688
18.5851196949546	-6.255301727389451
30.5724403831003	5.73201896075625
12.680178653524607	-12.160242768819444
-6.953237239370239	-31.79365866171429
6.532502773366403	-18.307918648977648
33.05599225679482	8.215570834450773
37.218235531679355	12.377814109335304
6.659615888379747	-18.180805533964303
32.788700626292965	7.948279203948914
1.2695269444405568	-23.570894477903494
24.786266180427745	-0.054155241916305386
44.6270241205378	19.786602698193747
42.86271115739085	18.022289735046797
-13.952220190182445	-38.792641612526495
38.07657126989518	13.236149847551133
27.814532066596556	2.974110644252505
72.34430124709918	47.50387982475513
4.352532136882772	-20.48788928546128
7.414997895818786	-17.425423526525265
17.0224344966294	-7.817986925714649
28.359953676993726	3.5195322546496755
13.269600086571998	-11.570821335772052
21.54450249513623	-3.295918927207822
6.023972545840778	-18.816448876503273
10.762217834856827	-14.078203587487224
40.7522420495837	15.91182062723965
13.219470665094676	-11.620950757249375
20.028528484256938	-4.811892938087112
50.632778379705385	25.792356957361335
5.176493458976736	-19.663927963367314
5.202889810028253	-19.637531612315797
41.05785285137547	16.21743142903142
36.867749274303904	12.027327851959853
27.392753194976947	2.552331772632897
-1.3798815025481161	-26.220302924892167
49.2194401668997	24.37901874455565
19.46527287747024	-5.375148544873809
17.801748517030617	-7.038672905313433
41.74707804735529	16.906656625011237
17.791706045321305	-7.048715377022745
21.65004231065116	-3.1903791116928915
59.650647537356534	34.81022611501248
-1.3922023329911752	-26.232623755335226
59.828535698604654	34.9881142762606
18.122246758375084	-6.718174663968966
65.26376893902791	40.42334751668386
84.06859008886688	59.22816866652283
-6.977315644061193	-31.817737066405243
43.43794227416522	18.597520851821173
-11.705593342147651	-36.5460147644917
26.96318011617707	2.1227586938330205
6.375385060662055	-18.465036361681996
49.924255730543635	25.083834308199584
13.606792697118479	-11.233628725225572
23.185498643931467	-1.6549227784125833
-16.415861078913323	-41.256282501257374
34.72457147680991	9.884150054465863
45.92966206332797	21.089240640983917
2.720696391613572	-22.11972503073048
40.32329982165841	15.482878399314359
37.231833130255225	12.391411707911175
32.74831205250241	7.907890630158363
30.51942576532322	5.6790043429791695
7.813268052984611	-17.02715336935944
9.268729882521555	-15.571691539822496
-15.518428697174997	-40.35885011951905
30.92417473471444	6.083753312370391
-11.12346605138434	-35.96388747372839
8.846003854693961	-15.994417567650089
20.8982121393595	-3.9422092829845496
11.322249548687367	-13.518171873656684
28.52040243623499	3.679981013890938
44.0168495038409	19.17642808149685
27.789252216479625	2.9488307941355743
-7.651600674977701	-32.49202209732175
26.954680594371283	2.114259172027232
30.727079227278708	5.886657804934657
1.4337732793677134	-23.406648142976337
26.457477429535473	1.6170560071914224
55.07985947421123	30.239438051867182
27.616627379047102	2.776205956703052
-32.32415316154645	-57.1645745838905
27.0629503480189	2.222528925674851
-6.520994008195586	-31.361415430539637
25.54862696076755	0.7082055384234991
32.933309345945716	8.092887923601666
29.723289586810395	4.882868164466345
18.231935288949288	-6.608486133394763
33.45981610253814	8.619394680194091
2.5408255845425884	-22.299595837801462
9.242716896263417	-15.597704526080634
8.408833754135529	-16.431587668208522
28.0913751661313	3.2509537437872496
20.04758335149684	-4.7928380708472105
44.076914038948715	19.236492616604664
15.576556152565288	-9.263865269778762
46.96924680230161	22.12882537995756
9.564609548589331	-15.27581187375472
29.257531901926384	4.417110479582334
57.76144685753691	32.92102543519286
42.12775342335529	17.287332001011237
15.316414950171136	-9.524006472172914
70.38358518720209	45.543163764858036
19.871852014886215	-4.968569407457835
35.98657336360641	11.14615194126236
18.586504455600632	-6.253916966743418
13.643600000930135	-11.196821421413915
25.71599664968683	0.8755752273427788
5.166281291796011	-19.67414013054804
16.2261900626648	-8.614231359679252
-10.838524915769696	-35.67894633811375
40.42596319689194	15.585541774547892
-5.433045693408232	-30.273467115752283
37.2485548865546	12.40813346421055
38.08743544457259	13.24701402222854
4.242373096788768	-20.598048325555283
17.996338622749434	-6.8440827995946165
27.38257446477958	2.5421530424355296
33.786905751333805	8.946484328989754
27.500679078864167	2.660257656520116
-0.8268230467771644	-25.667244469121215
34.86988458669232	10.029463164348272
22.693814847461297	-2.146606574882753
-31.55181690992019	-56.39223833226424
21.517033360610483	-3.323388061733567
60.3777874948167	35.53736607247265
31.86450709404319	7.02408567169914
2.1631665848793347	-22.677254837464716
21.327367420835188	-3.5130540015088627
31.725572435654	6.885151013309951
21.990660796992714	-2.849760625351337
-20.18373941529414	-45.02416083763819
34.4294260664786	9.589004644134548
10.6576743853105	-14.18274703703355
-8.627050117368228	-33.46747153971228
33.26223192281334	8.421810500469292
33.27123112204147	8.43080969969742
35.16644369255239	10.326022270208341
41.68260047160159	16.84217904925754
17.173124292446417	-7.667297129897634
44.48744229789311	19.64702087554906
27.631613958193455	2.7911925358494045
14.00233278602839	-10.83808863631566
37.14972484033508	12.309303417991032
-14.05927639941062	-38.89969782175467
-22.931033831537817	-47.77145525388187
41.650565399165615	16.810143976821564
29.583756007519085	4.743334585175035
39.04132733655872	14.200905914214673
31.933422967270715	7.093001544926665
24.743861989586847	-0.09655943275720347
17.649700370503822	-7.190721051840228
29.011681886232807	4.171260463888757
68.87250267509383	44.03208125274978
2.003708365099854	-22.836713057244197
-3.269444586000347	-28.109866008344397
45.890018140820146	21.049596718476096
48.85015068322839	24.009729260884342
33.22062908512028	8.380207662776229
6.570425927045406	-18.269995495298645
42.6974038086076	17.856982386263553
63.18226132264256	38.34183990029851
48.42735786167334	23.586936439329293
26.803617467742995	1.963196045398945
26.903354728204548	2.062933305860497
20.631129272707156	-4.2092921496368945
37.229474596755	12.389053174410947
33.9587659982238	9.118344575879746
8.466327509525698	-16.374093912818353
23.374850851501222	-1.4655705708428286
39.01397394080716	14.173552518463111
6.795202209093375	-18.045219213250675
67.6605600176293	42.82013859528524
16.01162783935736	-8.828793582986691
43.531282535320614	18.690861112976563
43.193378993036575	18.352957570692524
27.231680731655914	2.391259309311863
17.674306951378938	-7.166114470965113
-17.74149672078481	-42.58191814312886
4.756011666747625	-20.084409755596425
15.77996828302578	-9.06045313931827
33.444874009906314	8.604452587562264
59.20828130920138	34.36785988685733
18.75395178972697	-6.0864696326170815
21.587751197486185	-3.252670224857866
29.415806786232977	4.575385363888927
2.0577906407737174	-22.782630781570333
26.426846075835172	1.5864246534911217
14.54908570903656	-10.29133571330749
10.011479270516546	-14.828942151827505
31.24412689451431	6.403705472170259
25.62432416732493	0.7839027449808782
59.5242736405083	34.68385221816425
-3.4716690449683227	-28.312090467312373
18.136965908142272	-6.703455514201778
38.17193614717992	13.33151472483587
9.020641882703174	-15.819779539640876
28.652685179057997	3.8122637567139463
-1.2922628903876756	-26.132684312731726
56.67795181428967	31.83753039194562
54.91438073595357	30.07395931360952
24.02534217725345	-0.815079245090601
43.33210309980798	18.49168167746393
3.577290603406553	-21.263130818937498
9.620763143578486	-15.219658278765564
29.649610845076793	4.809189422732743
18.216581460164278	-6.6238399621797726
30.255526303913328	5.4151048815692775
40.281371818472806	15.440950396128756
69.02865444723587	44.188233024891815
29.644532498470042	4.8041110761259915
30.05450272969331	5.214081307349261
25.376043934101588	0.5356225117575377
29.720585344849795	4.880163922505744
1.3343827923993814	-23.50603862994467
28.006793059499003	3.1663716371549526
-26.45551928110642	-51.29594070345047
27.50213795356406	2.6617165312200086
27.87854428743897	3.0381228650949197
19.52975324640586	-5.31066817593819
23.060896636310034	-1.7795247860340169
-3.067884265966015	-27.908305688310065
-12.843762623405084	-37.684184045749134
14.673054986825562	-10.167366435518488
36.11425374879339	11.273832326449337
41.425724768170156	16.585303345826105
-13.463936539378366	-38.30435796172242
0.4093424517589739	-24.431078970585077
2.3051386497130153	-22.535282772631035
18.7736015244039	-6.0668198979401495
44.18439145123132	19.34397002888727
-3.7696317446213214	-28.610053166965372
2.423643282661331	-22.41677813968272
-2.5844591952451736	-27.424880617589224
29.29137746375939	4.450956041415338
10.169966468837927	-14.670454953506123
34.758954273219686	9.918532850875636
17.072756892029545	-7.767664530314505
7.062709289242164	-17.777712133101886
19.647556789833587	-5.192864632510464
19.88871440227679	-4.951707020067261
29.1434347782518	4.303013355907751
-15.96691371831973	-40.80733514066378
20.245904328049917	-4.594517094294133
25.46568761875399	0.6252661964099389
11.949404384201742	-12.891017038142309
56.78041251567204	31.93999109332799
28.227849095160607	3.387427672816557
46.17915940795804	21.33873798561399
28.345214392090682	3.5047929697466316
33.88189667003765	9.041475247693597
11.090380692988518	-13.750040729355533
-3.1083785164270665	-27.948799938771117
17.348508589372912	-7.491912832971138
44.84472907542961	20.00430765308556
14.735561412398354	-10.104860009945696
33.85023580910941	9.009814386765356
22.1098479186506	-2.7305735036934493
33.29006556657562	8.44964414423157
25.162551881137304	0.32213045879325364
34.5831335326687	9.742712110324646
33.695956009326736	8.855534586982685
42.914912773837685	18.074491351493634
20.871657285507652	-3.9687641368363984
37.613797859859304	12.773376437515253
-4.098601148198824	-28.939022570542875
16.831998271143064	-8.008423151200986
30.411632188278716	5.571210765934666
45.17595614912291	20.33553472677886
-14.31603180394147	-39.15645322628552
-22.7151762248656	-47.55559764720965
32.067615731011145	7.2271943086670944
23.24040967955382	-1.6000117427902296
14.608201564438176	-10.232219857905875
38.45035117458913	13.60992975224508
-1.0383363816915079	-25.87875780403556
43.320081818167935	18.479660395823885
22.34076745070645	-2.499653971637599
50.7489560893185	25.908534666974447
26.799925788541557	1.959504366197507
32.75020001574315	7.909778593399096
52.48730272475525	27.646881302411202
35.26008159292117	10.419660170577117
27.500083045745967	2.6596616234019166
32.49503932392993	7.65461790158588
12.954595167935011	-11.88582625440904
31.46497471290361	6.624553290559561
36.78918188545806	11.948760463114013
16.720454960307805	-8.119966462036246
27.04243367933971	2.2020122569956584
26.46567364975938	1.6252522274153307
18.733366369592957	-6.107055052751093
27.533038484212128	2.692617061868077
-23.595172514219186	-48.43559393656324
-5.624010231561144	-30.464431653905194
20.02418957604398	-4.81623184630007
46.524707485750085	21.684286063406034
26.085124762178864	1.244703339834814
48.44333570162719	23.60291427928314
32.13490928369295	7.294487861348898
31.3075506872877	6.467129264943651
44.47718708362966	19.636765661285608
23.51102556220151	-1.3293958601425402
43.93114121712581	19.090719794781762
9.921315807866748	-14.919105614477303
2.687811787097715	-22.152609635246336
13.859808803859167	-10.980612618484884
42.24976747118065	17.409346048836596
-26.830298886558623	-51.67072030890267
13.516899008423323	-11.323522413920728
43.70019622141565	18.8597747990716
15.206717600612436	-9.633703821731615
22.83665561129176	-2.00376581105229
23.569565756031196	-1.2708556663128547
38.45812345706811	13.617702034724061
-3.6540078237418783	-28.49442924608593
14.764354181297065	-10.076067241046985
38.22679554035433	13.38637411801028
29.647486976976623	4.8070655546325725
61.01387372074835	36.1734522984043
-0.841681938382564	-25.682103360726614
7.737821905643912	-17.10259951670014
34.732525158327306	9.892103735983255
-24.444472966319765	-49.284894388663815
27.85064056192944	3.010219139585388
21.710267121964833	-3.1301543003792176
12.668825437361491	-12.17159598498256
-9.882028597724158	-34.72245002006821
17.487978469859925	-7.352442952484125
21.996149936242844	-2.8442714861012064
9.685403812606936	-15.155017609737115
10.284181210986688	-14.556240211357363
14.037993033288629	-10.802428389055422
42.346456871967646	17.506035449623596
25.41671985290607	0.5762984305620193
32.57272640907043	7.732304986726376
17.58890671532147	-7.251514707022579
23.121748334920383	-1.7186730874236673
55.14773017696582	30.307308754621772
0.67404372898757	-24.16637769335648
38.283215569757274	13.442794147413224
33.52728003209934	8.68685860975529
25.685634877091914	0.8452134547478636
-3.6276582363758934	-28.468079658719944
28.567248708687956	3.726827286343905
17.222787805428496	-7.617633616915555
50.04162604017195	25.201204617827898
40.82432128767262	15.983899865328567
4.835225873484276	-20.005195548859774
17.936447694711504	-6.903973727632547
21.008033415785874	-3.832388006558176
38.889063686179114	14.048642263835063
21.13359354685538	-3.7068278754886705
21.421239184946288	-3.419182237397763
23.193899606983294	-1.6465218153607566
29.848756948983763	5.008335526639712
33.51919472501625	8.678773302672198
75.92355968662316	51.083138264279114
18.589072505837365	-6.251348916506686
-4.768772996704385	-29.609194419048436
10.214275402558386	-14.626146019785665
-21.09443374698155	-45.9348551693256
25.426526398299146	0.5861049759550951
49.74853976190509	24.908118339561042
4.8971282225277974	-19.943293199816253
31.86709741693933	7.02667599459528
3.2026912831236842	-21.637730139220366
32.08138386432559	7.240962441981537
19.93542695061781	-4.904994471726241
15.225391460527433	-9.615029961816617
-7.930730332209961	-32.77115175455401
30.935705556144356	6.095284133800305
20.633609408108285	-4.206812014235766
-6.070587667036918	-30.91100908938097
7.678321522576269	-17.16209989976778
14.368845646345406	-10.471575775998645
17.847397489796393	-6.993023932547658
-23.687654433085	-48.52807585542905
41.18098643941933	16.340565017075278
52.009676512857666	27.169255090513616
30.07079241291224	5.23037099056819
34.18363853890635	9.3432171165623
50.17286429991084	25.33244287756679
20.307459989245515	-4.532961433098535
38.90739675588277	14.066975333538721
44.89061062506819	20.05018920272414
51.717790094527416	26.877368672183366
60.694583596373676	35.854162174029625
32.68201792364137	7.8415965012973174
25.881243866740377	1.0408224443963263
44.09348840323521	19.253066980891163
2.9965567830107176	-21.843864639333333
51.387104675467825	26.546683253123774
3.252146852132981	-21.58827457021107
46.48647923159599	21.646057809251943
34.5598677704141	9.71944634807005
6.7500525481840015	-18.09036887416005
49.73019086470897	24.889769442364923
3.4505165461626603	-21.38990487618139
1.9660536615877646	-22.874367760756286
64.87777276935533	40.03735134701128
19.978046041203314	-4.862375381140737
45.99052283131762	21.15010140897357
28.454104189094622	3.6136827667505713
26.71702442775434	1.8766030054102885
29.142205590006895	4.301784167662845
28.1947379242077	3.35431650186365
12.54299031195417	-12.29743111038988
7.200601546286023	-17.639819876058027
7.289203798685165	-17.551217623658886
42.48907781525061	17.64865639290656
30.76058338716696	5.92016196482291
10.834076811489766	-14.006344610854285
18.77115322934999	-6.069268192994059
12.041782399817137	-12.798639022526913
42.4847652736383	17.644343851294252
25.984305466455524	1.1438840441114735
8.775835452153231	-16.06458597019082
7.591830584121752	-17.2485908382223
7.1445312746248675	-17.695890147719183
-14.184060129799647	-39.0244815521437
15.310479434966808	-9.529941987377242
64.08037294177059	39.23995151942654
6.773272500099964	-18.067148922244087
68.62449804951332	43.78407662716927
27.595190155257413	2.7547687329133623
51.63021936783055	26.789797945486498
75.20006873763062	50.359647315286566
28.10060406393616	3.2601826415921096
12.531799480118323	-12.308621942225727
14.284981703446945	-10.555439718897105
-8.91636377328966	-33.75678519563371
21.016096807408147	-3.824324614935904
-3.78586742189934	-28.62628884424339
32.61835482434556	7.7779334020015085
27.280479404889164	2.440057982545113
25.53925846761861	0.6988370452745585
7.918510549166356	-16.921910873177694
67.39871735133359	42.55829592898954
12.366654784596292	-12.473766637747758
59.72860608049389	34.88818465814984
71.99705153183034	47.15663010948629
19.087970982396044	-5.7524504399480065
29.39046349106077	4.550042068716721
28.478539790582843	3.6381183682387928
32.97483584069717	8.134414418353117
24.37931131800299	-0.4611101043410599
6.710322173126158	-18.130099249217892
57.18830597067729	32.34788454833324
-1.3766572492865379	-26.21707867163059
29.396614524582517	4.556193102238467
-16.743576751451357	-41.58399817379541
-1.4147228971093426	-26.255144319453393
52.10935509992426	27.268933677580208
26.426815208407177	1.5863937860631268
9.709060558266472	-15.131360864077578
-20.470946622638323	-45.31136804498237
13.889215561738936	-10.951205860605114
74.76222566989902	49.921804247554974
25.787829737938708	0.9474083155946573
13.485535372851999	-11.354886049492052
45.53660755321046	20.69618613086641
20.113474805769627	-4.726946616574423
34.74631390549196	9.905892483147909
11.546734278937336	-13.293687143406714
44.36519446130417	19.52477303896012
36.90196626112022	12.061544838776172
4.960110540664871	-19.88031088167918
9.804370328175835	-15.036051094168215
58.05985209708463	33.21943067474058
46.300949667685316	21.460528245341266
55.35665433427796	30.516232911933912
48.66488018945104	23.82445876710699
58.649355849312386	33.808934426968335
-1.861219183451496	-26.701640605795546
7.419645437995612	-17.420775984348438
50.89104060329858	26.050619180954527
20.381692823214806	-4.458728599129245
47.720174096935196	22.879752674591145
5.115427226908039	-19.72499419543601
34.72561016635457	9.88518874401052
9.408461114220088	-15.431960308123962
-9.795350714001572	-34.63577213634562
15.644189350630157	-9.196232071713894
-4.903332357350038	-29.74375377969409
47.37689081971196	22.53646939736791
32.63201214315207	7.791590720808017
-7.655830284359283	-32.49625170670333
30.011362088585273	5.170940666241222
25.32778675195307	0.4873653296090197
35.26865037424734	10.428228951903293
17.66559228171839	-7.174829140625661
9.671233670759946	-15.169187751584104
29.859182010946213	5.018760588602163
31.479851473125862	6.639430050781812
59.51768093864969	34.67725951630564
5.2289044283855475	-19.611516993958503
28.851583125669393	4.011161703325342
25.458358342798718	0.6179369204546674
49.21160288161202	24.371181459267973
-8.264041218437953	-33.104462640782
15.826773245952907	-9.013648176391143
-3.4245351158430566	-28.264956538187107
16.36168811357068	-8.478733308773371
15.119761854456854	-9.720659567887196
7.860827785788686	-16.979593636555364
2.4309283906071215	-22.40949303173693
4.657832088854164	-20.182589333489886
-34.356733938275895	-59.197155360619945
44.95093696960551	20.110515547261457
19.873501873112517	-4.966919549231534
3.797921474225703	-21.042499948118348
35.170923165281536	10.330501742937486
25.062619476058288	0.22219805371423718
9.097878308605985	-15.742543113738066
11.326677000720636	-13.513744421623414
-14.314257024827995	-39.154678447172046
22.961295686446945	-1.8791257358971052
-37.82554277789011	-62.66596420023416
19.546404614109022	-5.294016808235028
64.49490363688103	39.65448221453698
23.170316437873524	-1.6701049844705267
5.130533117993153	-19.709888304350898
-2.3194190712207927	-27.159840493564843
33.295895461738226	8.455474039394176
14.695297064932063	-10.145124357411987
17.659896168540698	-7.180525253803353
21.643251362325216	-3.197170060018834
73.29055045786966	48.450129035525606
29.52153285782272	4.68111143547867
64.60667817997758	39.76625675763353
30.364766159767285	5.524344737423235
40.58031312434771	15.73989170200366
10.066926551039913	-14.773494871304138
3.1364682637316292	-21.70395315861242
-5.340120068748249	-30.1805414910923
11.088419492359506	-13.752001929984544
42.58420378051535	17.743782358171302
46.44218508356728	21.60176366122323
16.16514362042956	-8.67527780191449
43.9029936899927	19.062572267648648
12.928968703464605	-11.911452718879445
15.48585464028595	-9.3545667820581
-3.917532277668826	-28.757953700012877
18.803218322721776	-6.037203099622275
16.41899862923613	-8.421422793107922
-14.939868316793465	-39.780289739137515
25.63802572584548	0.79760430350143
8.375083048103377	-16.465338374240673
28.766798411848256	3.926376989504206
-23.325460487129632	-48.16588190947368
11.733209783258033	-13.107211639086017
29.86605026206537	5.025628839721321
5.2261564100729885	-19.614265012271062
21.121341246023192	-3.7190801763208583
-8.48999932338181	-33.33042074572586
34.056133794586756	9.215712372242706
59.41008101997734	34.56965959763329
29.031835242861533	4.191413820517482
38.35760684480495	13.517185422460898
47.160614585143165	22.320193162799114
38.5629064364651	13.722485014121048
0.0664037128329511	-24.7740177095111
64.75885671843146	39.91843529608741
22.177835511366837	-2.6625859109772136
2.6752557137691184	-22.165165708574932
4.8861277906137985	-19.954293631730252
22.418410697925836	-2.4220107244182145
44.05440105218743	19.21397962984338
62.47830478530098	37.63788336295693
43.74412111826253	18.903699695918476
-1.1910943754161707	-26.03151579776022
-25.650263505882933	-50.49068492822698
-2.859756943955901	-27.70017836629995
18.231489490997163	-6.608931931346888
14.883820993406815	-9.956600428937236
-0.04516986442892801	-24.88559128677298
25.197400671229232	0.35697924888518173
-1.4478461941004497	-26.2882676164445
25.003553435995244	0.16313201365119312
27.998286737175775	3.1578653148317244
50.744532616186305	25.904111193842255
-7.386147595298709	-32.22656901764276
47.827133315560175	22.986711893216125
25.676955476420815	0.8365340540767647
40.18460630922648	15.34418488688243
22.21288138973189	-2.62754003261216
78.42969745857711	53.58927603623306
-2.5251741226499433	-27.365595544993994
22.143584176697303	-2.6968372456467478
8.918540632544435	-15.921880789799616
47.372888430519495	22.532467008175445
46.49356813673815	21.653146714394097
34.04549824327417	9.205076820930117
-0.599034005569294	-25.439455427913344
-2.9138756007202318	-27.754297023064282
20.899226473429124	-3.9411949489149265
32.29090490006213	7.45048347771808
47.05234139987745	22.211919977533398
34.29603305770736	9.455611635363312
-2.052571612167114	-26.892993034511164
43.99023117164627	19.14980974930222
28.614899134513806	3.7744777121697553
31.38043451067945	6.5400130883353995
8.540878205563175	-16.299543216780876
43.99227169543458	19.15185027309053
28.467828154916177	3.627406732572126
8.265634262238862	-16.57478716010519
38.98603393488459	14.145612512540538
28.86217479057389	4.021753368229838
26.641889853085857	1.8014684307418065
3.2344342300960562	-21.605987192247994
-8.814524655925808	-33.65494607826986
21.274339788960177	-3.566081633383874
26.983857430578908	2.1434360082348576
64.09397963231034	39.253558209966286
7.991829569520021	-16.84859185282403
21.974993805389502	-2.8654276169545483
58.184107096141204	33.343685673797154
48.71414890692115	23.873727484577103
25.67819083665684	0.8377694143127883
24.065872747075744	-0.7745486752683064
12.282859420857974	-12.557562001486076
55.46753084240784	30.62710942006379
-4.478155413435772	-29.318576835779822
1.640319852532528	-23.200101569811522
42.137072140805074	17.296650718461024
8.310080644837697	-16.530340777506353
17.960955296427827	-6.879466125916224
8.627743595617474	-16.212677826726576
48.313515410033986	23.473093987689936
54.4852767759033	29.64485535355925
33.93595780783228	9.09553638548823
7.088628801462008	-17.751792620882043
13.023730902047944	-11.816690520296106
8.252836671311641	-16.58758475103241
21.351977697096416	-3.4884437252476346
46.26138188889611	21.42096046655206
0.2550216558768881	-24.585399766467162
21.219023834756925	-3.6213975875871256
19.7125766303828	-5.127844791961252
27.717571414107923	2.877149991763872
32.754006809587125	7.913585387243074
23.50543249324558	-1.334988929098472
27.95269395887165	3.1122725365275983
22.538483265906805	-2.301938156437245
23.422550583290402	-1.4178708390536485
31.053641526278923	6.213220103934873
37.67353943454812	12.833118012204068
73.82140341084171	48.98098198849766
65.76642012148234	40.92599869913829
26.236309813840606	1.3958883914965554
33.63652714989742	8.796105727553368
24.490279160515755	-0.3501422618282959
44.63590689005953	19.79548546771548
39.64217655375553	14.801755131411483
16.152270072564832	-8.688151349779218
46.297722310703946	21.457300888359896
33.2980526757777	8.457631253433647
53.894535885675694	29.054114463331643
29.476933785266127	4.636512362922076
24.039595145153115	-0.8008262771909358
21.819075880720746	-3.0213455416233046
43.82275475185027	18.98233332950622
-1.60097630702937	-26.44139772937342
21.89866884985834	-2.9417525724857114
16.507613414552296	-8.332808007791755
15.923891600406321	-8.91652982193773
18.247455623498652	-6.592965798845398
8.371934472935507	-16.468486949408543
25.45734790859872	0.6169264862546697
28.1059495686671	3.2655281463230494
33.405877531836566	8.565456109492516
44.92168383709516	20.08126241475111
25.414983806756325	0.5745623844122747
0.9301502565898119	-23.91027116575424
-22.708507580737816	-47.54892900308187
12.627248116153467	-12.213173306190583
47.00706692436809	22.16664550202404
26.93765690492303	2.0972354825789807
48.760629252708284	23.920207830364234
6.232004323133268	-18.608417099210783
72.77119895324297	47.93077753089892
27.687733548594522	2.847312126250472
24.579955789219937	-0.2604656331241131
15.72770457527379	-9.11271684707026
22.62042001966195	-2.220001402682101
-17.668709020796697	-42.50913044314075
59.79455710108171	34.95413567873766
9.047089282586356	-15.793332139757695
15.676965800291626	-9.163455622052425
28.86880247648817	4.02838105414412
78.85378064544359	54.01335922309954
36.36872261690162	11.52830119455757
-0.879871366375184	-25.720292788719235
25.20624873122445	0.36582730888039805
19.683598769846256	-5.1568226524977945
26.883961491391645	2.0435400690475944
9.48320764127432	-15.357213781069731
31.661136880520033	6.820715458175982
32.87281545841263	8.032394036068581
3.0889485096880236	-21.751472912656027
70.6749391085935	45.834517686249455
48.05369206379994	23.213270641455892
6.4066370304820595	-18.43378439186199
44.18435976138001	19.343938339035958
23.99331779266079	-0.8471036296832608
78.19793499890086	53.35751357655681
11.546209002222284	-13.294212420121767
27.357061582387658	2.5166401600436075
55.03859979761485	30.1981783752708
-3.637616634264006	-28.478038056608057
15.543960389575048	-9.296461032769002
40.18103328100126	15.340611858657212
11.696775119172642	-13.143646303171408
66.55197719652217	41.71155577417812
14.01151254153531	-10.82890888080874
-3.5569709843227173	-28.397392406666768
49.29533030274918	24.454908880405128
14.503298063205264	-10.337123359138786
9.522218910543714	-15.318202511800337
-17.482966355816345	-42.323387778160395
17.468168544687913	-7.372252877656138
44.772715096466825	19.932293674122775
-2.500604270503274	-27.341025692847325
34.01108000341931	9.170658581075259
20.55851782924158	-4.28190359310247
32.53734706883854	7.696925646494492
34.53139011931792	9.690968696973869
55.06953681858734	30.229115396243287
6.8955588473211975	-17.944862575022853
15.381633588377852	-9.458787833966198
44.3595786415129	19.519157219168846
38.08916234752117	13.248740925177117
49.65381281650055	24.813391394156497
34.16338997985015	9.322968557506101
32.41777582913649	7.577354406792438
4.5789378885268235	-20.261483533817227
24.547647088550846	-0.2927743337932043
5.717407163017313	-19.123014259326737
32.0862708816597	7.24584945931565
19.531193899357575	-5.309227522986475
-4.124586134360172	-28.965007556704222
45.269047780241934	20.428626357897883
35.17498095819913	10.334559535855078
37.089515690316446	12.249094267972396
8.284525492871879	-16.55589592947217
-13.347502667744877	-38.18792409008893
75.21756601831596	50.37714459597191
-2.364716391367139	-27.20513781371119
7.843702271387272	-16.99671915095678
17.891982532575028	-6.948438889769022
28.560776984060183	3.720355561716133
17.61077606695774	-7.22964535538631
61.25052484551573	36.41010342317168
57.034825037585804	32.194403615241754
8.340505516246893	-16.499915906097158
43.627330169928726	18.786908747584675
13.871548596190522	-10.968872826153529
62.508518566584215	37.668097144240164
37.083083670967724	12.242662248623674
4.552648825704935	-20.287772596639115
13.788907839541324	-11.051513582802727
36.85726972564164	12.016848303297593
42.6017163016689	17.76129487932485
72.16477505649102	47.32435363414697
17.08860740725079	-7.7518140150932595
56.38614296536555	31.5457215430215
47.90681960586819	23.066398183524143
14.220763772365288	-10.619657649978762
48.06683395023295	23.226412527888897
61.26502755331178	36.42460613096773
-5.748516618183814	-30.588938040527864
22.4504840076291	-2.38993741471495
53.6207646429569	28.78034322061285
98.46823323161819	73.62781180927414
28.386304572402267	3.5458831500582164
-4.773227057067444	-29.613648479411495
58.78852987983858	33.94810845749453
-3.5114310249888803	-28.35185244733293
20.62665735694766	-4.21376406539639
48.32677417295356	23.486352750609512
32.25935493292066	7.418933510576608
19.217884643355617	-5.622536778988433
32.32268239294656	7.4822609706025105
31.933668897693977	7.093247475349926
7.19203639416385	-17.6483850281802
13.017742641054909	-11.822678781289142
59.47340750365704	34.63298608131299
9.006175681384164	-15.834245740959886
22.820764395149425	-2.0196570271946257
-11.211700873686524	-36.052122296030575
-13.165499324063305	-38.005920746407355
20.561716481697047	-4.278704940647003
15.79424398221029	-9.04617744013376
51.565343839330424	26.724922416986374
26.78907111184101	1.9486496894969605
24.733648624448804	-0.10677279789524619
23.24353358254605	-1.5968878397980006
-19.0515171857666	-43.89193860811065
40.75671431928943	15.916292896945379
29.236339896280086	4.395918473936035
25.915383748276625	1.0749623259325745
0.5229032998934855	-24.317518122450565
35.1500410086913	10.309619586347253
-1.6672135269442805	-26.50763494928833
11.30695634083834	-13.53346508150571
15.605804411231773	-9.234617011112277
35.59538311571244	10.754961693368386
37.62073603994516	12.780314617601107
16.053485588682932	-8.786935833661119
11.52075494357571	-13.31966647876834
31.472980690875673	6.632559268531622
50.650019950149115	25.809598527805065
50.915991076824255	26.075569654480205
8.86082814839331	-15.97959327395074
18.185594398589572	-6.654827023754478
24.01702314507868	-0.823398277265369
20.882013262165245	-3.9584081601788057
58.48901142996631	33.64859000762226
-1.915188613548409	-26.75561003589246
53.480645649778424	28.640224227434373
13.315188946496463	-11.525232475847588
30.374849182760343	5.534427760416293
24.801549693718087	-0.03887172862596344
2.2853827742831783	-22.555038648060872
11.567534263146925	-13.272887159197126
37.45760671745241	12.617185295108357
67.84428662923467	43.00386520689062
46.690303092097864	21.849881669753813
57.78996828028478	32.94954685794073
47.51709525719646	22.67667383485241
31.142656743805972	6.302235321461922
-3.3753934511011465	-28.215814873445197
15.527657409579959	-9.312764012764092
-23.18801243984187	-48.02843386218592
-11.519582887286262	-36.36000430963031
15.676291250772309	-9.164130171571742
6.936844954022789	-17.903576468321262
2.1324460848148448	-22.707975337529206
-4.102212880640465	-28.942634302984516
11.507607453141944	-13.332813969202107
59.27552216928173	34.43510074693768
31.7936623895542	6.953240967210149
38.85148373189743	14.011062309553381
32.77781537984568	7.937393957501627
30.277573790375143	5.437152368031093
42.539580348722055	17.699158926378004
13.145309815098997	-11.695111607245053
32.37422893384367	7.533807511499617
49.48638563083962	24.64596420849557
35.82502381915704	10.984602396812988
-13.015490157148335	-37.855911579492385
29.850875547915464	5.010454125571414
-15.997378668468329	-40.83780009081238
30.09913086263562	5.258709440291568
17.474047375183844	-7.366374047160207
33.99845334445429	9.15803192211024
77.09692864898837	52.25650722664432
16.954766882280936	-7.885654540063115
6.512008084089146	-18.328413338254904
0.7269993474941003	-24.11342207484995
34.894953833794105	10.054532411450054
27.968054281972698	3.1276328596286476
6.485471676892601	-18.35494974545145
20.388402168525616	-4.452019253818435
9.479748562490684	-15.360672859853366
41.33519328225823	16.49477185991418
10.370704536547535	-14.469716885796515
53.92892466202041	29.088503239676356
20.76887766308512	-4.07154375925893
11.552729301637854	-13.287692120706197
5.492393790252507	-19.348027632091544
8.046056705078925	-16.794364717265125
63.86585109088931	39.02542966854526
10.035678151648725	-14.804743270695326
-9.318154655437567	-34.15857607778162
31.797279864538112	6.956858442194061
27.95932372947148	3.1189023071274278
6.5680789586943575	-18.272342463649693
35.13494995075901	10.294528528414958
18.455221923827892	-6.385199498516158
38.80239958865725	13.961978166313202
56.615781771640584	31.775360349296534
22.221348257942125	-2.619073164401925
-7.549043450588826	-32.38946487293288
20.260116636246792	-4.580304786097258
29.99713704354083	5.156715621196781
35.25626456147013	10.415843139126082
43.29702718552592	18.45660576318187
30.892117187005468	6.051695764661417
41.429710147658014	16.589288725313963
16.996675016681664	-7.843746405662387
30.63641116681113	5.795989744467079
4.568693356256816	-20.271728066087235
14.437518063106225	-10.402903359237825
21.333506787977356	-3.5069146343666944
29.99105152894056	5.150630106596509
0.14271811038209137	-24.69770331196196
47.35231063928525	22.5118892169412
35.9381100056374	11.097688583293348
26.804671444467502	1.9642500221234513
2.314147484535468	-22.526273937808583
27.507227774348692	2.6668063520046417
2.954824088639114	-21.885597333704936
2.9814473190666178	-21.858974103277433
23.649408042448457	-1.191013379895594
38.376035463067936	13.535614040723885
9.427874363088748	-15.412547059255303
60.49109870333935	35.650677280995296
6.372027556676883	-18.468393865667167
47.34601578339364	22.50559436104959
72.92084504429961	48.08042362195556
12.000470566508127	-12.839950855835923
18.191266552751884	-6.6491548695921665
16.697246045764885	-8.143175376579165
-1.125489807655569	-25.96591122999962
-3.1471516069911303	-27.98757302933518
18.51490291112289	-6.325518511221162
15.707116882116068	-9.133304540227982
28.56402030861075	3.7235988862667
28.912558082785225	4.072136660441174
35.70134256335889	10.860921141014842
0.9802296455412289	-23.86019177680282
25.302150445163832	0.4617290228197817
47.62926629664737	22.788844874303322
25.91691691440367	1.076495492059621
13.874179269823188	-10.966242152520863
60.0029002343684	35.16247881202435
36.58003739144199	11.73961596909794
56.82844171535119	31.98802029300714
28.59698535960645	3.756563937262399
45.74664604023867	20.906224617894622
23.558817082553404	-1.281604339790647
15.662931611982756	-9.177489810361294
10.764340065757395	-14.076081356586656
57.67429400536942	32.83387258302537
18.88491566785099	-5.9555057544930605
18.28294707840844	-6.55747434393561
3.7260775873031236	-21.114343835040927
23.523772577860043	-1.316648844484007
24.891470758349286	0.05104933600523509
25.812022858295066	0.9716014359510154
21.057736336802307	-3.7826850855417433
39.84854207866313	15.008120656319079
32.56396250234259	7.72354107999854
20.69289677677746	-4.147524645566591
41.75112110296625	16.9106996806222
9.267297338260803	-15.573124084083247
13.420220859744703	-11.420200562599348
37.72388155295933	12.883460130615276
38.98759787281172	14.147176450467668
32.74051544137485	7.900094019030803
26.30281317392958	1.4623917515855283
26.783440681628534	1.9430192592844833
33.949099094624515	9.108677672280464
-0.2846962216978426	-25.125117644041893
22.545222382413456	-2.295199039930594
16.949958832399105	-7.890462589944946
44.461134723914554	19.620713301570504
42.83490585569537	17.994484433351317
38.859340550701134	14.018919128357084
7.310077447854681	-17.53034397448937
60.08379639295465	35.2433749706106
57.96364965496771	33.12322823262366
13.245428793397267	-11.594992628946784
62.07761501820944	37.23719359586539
36.81310536960093	11.972683947256883
45.03141080748476	20.19098938514071
55.204358036953025	30.363936614608974
27.557496053548064	2.7170746312040137
13.347488537419238	-11.492932884924812
-20.88888291101891	-45.72930433336296
51.417769938448444	26.577348516104394
32.76142986139469	7.921008439050638
2.9669725416927832	-21.873448880651267
23.23165401348099	-1.6087674088630592
48.82546656481584	23.98504514247179
50.20989259558276	25.369471173238708
32.87460746600421	8.034186043660156
67.72867415458616	42.88825273224211
-28.397074408011278	-53.23749583035533
-9.055730858727358	-33.89615228107141
36.55510573863587	11.714684316291823
44.73797937996581	19.897557957621757
23.216721621752484	-1.6236998005915666
23.12269664572098	-1.717724776623072
14.97907445390895	-9.8613469684351
14.874117564674933	-9.966303857669118
3.9193337189820596	-20.92108770336199
25.14220836498437	0.30178694264031947
20.68843293165567	-4.151988490688382
-5.791830853468738	-30.63225227581279
-5.043641594264656	-29.884063016608707
-1.9433747593981678	-26.78379618174222
10.777803912587231	-14.06261750975682
23.702240867470508	-1.1381805548735429
74.3767268497498	49.53630542740575
-22.65708899584267	-47.49751041818672
21.063215266348678	-3.7772061559953727
17.8363278100763	-7.004093612267752
64.18476779922214	39.34434637687809
47.266963684017654	22.426542261673603
56.970761454579886	32.130340032235836
11.036264010358835	-13.804157411985216
32.81225002570439	7.971828603360336
-11.791807992504502	-36.63222941484855
39.48143427048065	14.641012848136597
39.892663028334326	15.052241605990275
1.541804576288385	-23.298616846055666
5.784141523359111	-19.05627989898494
6.64329539868352	-18.19712602366053
48.53540650273801	23.694985080393963
22.268997294758563	-2.5714241275854874
29.546847593740793	4.706426171396743
30.148593103865394	5.308171681521344
39.16055807644746	14.320136654103408
20.612319240480545	-4.228102181863505
5.518151744693867	-19.322269677650183
39.80980928139191	14.969387859047856
23.23774381415872	-1.6026776081853313
-0.11155315780767694	-24.951974580151727
21.300854967226158	-3.5395664551178925
38.61642929759121	13.77600787524716
-16.629287477419595	-41.469708899763646
31.99637003841356	7.155948616069509
15.891384244433837	-8.949037177910213
-4.4326490806821965	-29.273070503026247
16.056944793718984	-8.783476628625067
1.052715553119313	-23.787705869224737
32.29018319123436	7.449761768890312
9.012955875910237	-15.827465546433814
61.1792364157039	36.33881499335985
3.736976673152938	-21.103444749191112
14.791544992086827	-10.048876430257224
80.58035911528289	55.73993769293884
7.069622522521357	-17.770798899822694
-36.603374195027456	-61.44379561737151
24.198669498265488	-0.6417519240785623
31.920332852288382	7.079911429944332
2.3961191549199867	-22.444302267424064
-17.304912421936635	-42.145333844280685
11.341374992563331	-13.49904642978072
34.634206550009665	9.793785127665615
25.29641114294948	0.4559897206054302
14.72135987256054	-10.11906154978351
52.81001429628243	27.96959287393838
27.06804740868695	2.2276259863429004
20.193796142225736	-4.6466252801183145
79.60824686602002	54.767825443675974
17.258183251661947	-7.582238170682103
33.13404156999907	8.29362014765502
9.827133325048024	-15.013288097296027
13.701081758266199	-11.139339664077852
32.95481399030844	8.114392567964387
22.968404295537155	-1.8720171268068952
21.441403102365555	-3.399018319978495
27.977028981116135	3.1366075587720843
34.4267427272019	9.586321304857847
1.7702686875157525	-23.070152734828298
3.048400431699818	-21.792020990644232
30.839477617776836	5.999056195432786
13.482103840436437	-11.358317581907613
84.16260422930948	59.32218280696543
24.074145011992485	-0.7662764103515656
50.34578344850463	25.505362026160583
38.22699874794064	13.38657732559659
23.63314545693295	-1.2072759654110996
21.236141571043234	-3.6042798513008165
51.781179463217384	26.940758040873334
15.033310611997265	-9.807110810346785
73.81077169925568	48.97035027691163
37.583638918239856	12.743217495895806
13.072656254869187	-11.767765167474863
90.03511285854923	65.19469143620518
27.514381096890546	2.673959674546495
-21.98260284584528	-46.82302426818933
16.103730573831243	-8.736690848512808
18.396807750326232	-6.443613672017818
35.78152916474512	10.941107742401073
20.81092459136137	-4.02949683098268
32.03869438162231	7.198272959278256
7.115148596876068	-17.725272825467982
38.75286656510737	13.912445142763318
14.496143741288805	-10.344277681055246
47.205950134684215	22.365528712340165
29.155388854316087	4.314967431972036
20.628075992305938	-4.212345430038113
4.942231720985845	-19.898189701358206
24.035230819299002	-0.8051906030450482
9.813067370555771	-15.02735405178828
40.41385131045111	15.573429888107057
39.30180474986567	14.461383327521617
20.467730149818934	-4.372691272525117
5.657147547335015	-19.183273875009036
31.847424379596603	7.007002957252553
52.630905138157075	27.790483715813025
69.07621169328498	44.235790270940925
28.209354741952964	3.3689333196089137
7.86028232486872	-16.98013909747533
41.74431504840625	16.9038936260622
41.39903624815936	16.55861482581531
10.23629163780727	-14.60412978453678
7.204047831767937	-17.636373590576113
36.410210076984484	11.569788654640433
19.23142603152094	-5.608995390823111
24.450539623986813	-0.38988179835723713
28.215187652476132	3.3747662301320815
15.053243749748916	-9.787177672595135
10.750143256492564	-14.090278165851487
43.94235551676259	19.10193409441854
22.28478979884251	-2.55563162350154
17.470016284383135	-7.3704051379609155
29.30446184588375	4.4640404235397
25.033733246007003	0.19331182366295252
7.439737064810586	-17.400684357533464
39.50176575489179	14.661344332547742
40.75724047242268	15.91681905007863
13.064999571422348	-11.775421850921703
22.96844267074205	-1.8719787516020006
-20.99472544906591	-45.83514687140996
19.232525853850646	-5.607895568493404
41.21624872068362	16.375827298339573
3.3933854381933344	-21.447035984150716
1.3734113605272142	-23.467010061816836
16.50982511091145	-8.3305963114326
52.58216780147934	27.741746379135293
48.257752365581226	23.417330943237175
36.21094061697961	11.370519194635563
-3.312571829472901	-28.15299325181695
46.53011990485841	21.68969848251436
0.8114300374684973	-24.028991384875553
22.087982394371764	-2.7524390279722866
18.636050139411353	-6.204371282932698
-17.98290933259402	-42.82333075493807
16.391974757370306	-8.448446664973744
-10.951525138571625	-35.791946560915676
4.376947398111341	-20.46347402423271
-0.9494716429878025	-25.789893065331853
17.524252349586575	-7.316169072757475
2.069584096690349	-22.7708373256537
26.43111556268134	1.5906941403372912
14.883476268968778	-9.956945153375273
45.88805045878992	21.04762903644587
30.060458410505206	5.220036988161155
60.6446785990441	35.80425717670005
17.78373448917712	-7.0566869331669295
12.689712194394204	-12.150709227949847
-13.9637080470972	-38.80412946944125
49.43378113050433	24.59335970816028
58.16647045972361	33.32604903737956
11.66036503660446	-13.18005638573959
63.281331647772575	38.440910225428524
39.76118661763333	14.920765195289277
30.408180825655407	5.567759403311356
-41.97604285063851	-66.81646427298256
-2.14013188289816	-26.98055330524221
30.79066634168278	5.950244919338729
43.09165503153356	18.251233609189512
9.859788827222772	-14.980632595121278
17.185985066683614	-7.654436355660437
49.303043886105414	24.462622463761363
45.374372896872345	20.533951474528294
51.6760094703089	26.835588047964848
27.443334538696334	2.6029131163522834
18.11466948582104	-6.725751936523011
49.045075774108525	24.204654351764475
15.319963430930628	-9.520457991413423
33.30396483009402	8.463543407749967
51.084007965360186	26.243586543016136
43.03427194159606	18.19385051925201
-7.289677914563683	-32.13009933690773
62.97549468090013	38.135073258556076
56.82039821370866	31.979976791364606
16.155094991499325	-8.685326430844725
36.76324533816235	11.922823915818299
25.07318132500525	0.2327599026612006
37.13551808048517	12.29509665814112
2.3908177765727743	-22.449603645771276
35.239510006012395	10.399088583668345
18.647527388634742	-6.192894033709308
-1.5829541184618137	-26.423375540805864
41.29922737578757	16.458805953443516
13.551349583696108	-11.289071838647942
16.006520265425323	-8.833901156918728
3.282930231612525	-21.557491190731525
63.76289717501216	38.922475752668106
30.373370123928296	5.532948701584246
25.313611598964897	0.4731901766208466
61.13521151083417	36.29479008849012
26.532309972538613	1.6918885501945624
-6.65672654637153	-31.49714796871558
36.7284967878107	11.888075365466648
5.932496502591064	-18.907924919752986
24.155088291360997	-0.6853331309830537
55.3374518024096	30.497030380065553
31.147767212841543	6.307345790497493
49.5873396144337	24.74691819208965
-16.42591908173624	-41.26634050408029
0.21042961147334438	-24.629991810870706
30.91015220978018	6.069730787436129
39.00531827191601	14.16489684957196
-6.334847633170895	-31.175269055514946
42.85190650009038	18.01148507774633
-7.39015034628089	-32.23057176862494
24.616431923935423	-0.2239894984086277
41.17032700736611	16.32990558502206
30.200160638388596	5.359739216044545
31.359494723862852	6.519073301518802
74.9274136670386	50.08699224469456
47.982772666527424	23.142351244183374
32.177024231615476	7.336602809271426
23.27500259003439	-1.5654188323096605
38.09722529780568	13.256803875461628
18.27499302398367	-6.565428398360382
42.568203190402826	17.727781768058776
29.704040503539844	4.863619081195793
10.027789507719106	-14.812631914624944
14.527273248171085	-10.313148174172966
26.580449681863072	1.740028259519022
-9.522417792479857	-34.36283921482391
10.570922146408819	-14.269499275935232
58.48871976646781	33.64829834412376
48.16691434264369	23.326492920299643
47.63642725658731	22.79600583424326
24.428280401206692	-0.4121410211373586
-8.80182615865185	-33.6422475809959
-9.649073689328972	-34.48949511167302
47.777800511979265	22.937379089635215
-26.114894539580447	-50.9553159619245
62.608852559325285	37.768431136981235
43.32581745193177	18.48539602958772
7.634393418720109	-17.206028003623942
44.12955627480126	19.28913485245721
8.496995397147955	-16.343426025196095
56.206295030485606	31.365873608141555
-8.40958464177372	-33.25000606411777
11.854443140796619	-12.985978281547432
19.891388517210842	-4.949032905133208
45.63763170125033	20.797210278906277
18.58396739638131	-6.256454025962739
27.810360558166693	2.969939135822642
40.35486780786171	15.514446385517658
34.59766217200679	9.757240749662742
2.666235274871113	-22.174186147472938
71.48948925499583	46.64906783265178
24.942669631770812	0.1022482094267616
4.905419694437413	-19.935001727906638
19.181746198347653	-5.658675223996397
9.75644358770235	-15.0839778346417
19.79362879884441	-5.046792623499641
41.448620322585455	16.608198900241405
-0.2143985656845615	-25.054819988028612
-1.2465408609975128	-26.086962283341563
33.10321728204447	8.262795859700418
12.766981982352561	-12.073439439991489
9.46652565367124	-15.37389576867281
2.3458515570267338	-22.494569865317317
34.182600994466455	9.342179572122404
25.785335587588023	0.9449141652439721
6.022883291592123	-18.817538130751927
22.180689117379487	-2.659732304964564
17.164034947421285	-7.676386474922765
36.884282799484325	12.043861377140274
20.14957061987964	-4.690850802464411
47.338660858574556	22.498239436230506
11.845585660720943	-12.994835761623108
1.2173064229603625	-23.623114999383688
20.86018049119896	-3.98024093114509
37.08238941313478	12.241967990790727
24.50701556584984	-0.33340585649420973
10.566782860015635	-14.273638562328415
36.147917592508136	11.307496170164086
32.821547001312254	7.981125578968204
14.181264563219273	-10.659156859124778
27.044278149699792	2.203856727355742
22.75735620319331	-2.0830652191507397
26.490331305484986	1.6499098831409356
23.800979330833187	-1.039442091510864
48.554407553619356	23.713986131275306
20.150854270311655	-4.689567152032396
18.1281324062614	-6.71228901608265
52.12276510217937	27.28234367983532
17.75987928745174	-7.080542134892312
25.677794587874203	0.8373731655301526
20.749433000051184	-4.090988422292867
39.94528417013073	15.104862747786683
-7.788239477446652	-32.6286608997907
36.371396219273564	11.530974796929513
28.03539840758033	3.1949769852362806
31.85219793717563	7.011776514831581
41.658263726650446	16.817842304306396
12.389310237445287	-12.451111184898764
29.866394794156193	5.025973371812142
32.48168601497612	7.641264592632069
54.026476069414755	29.186054647070705
18.917470549760154	-5.922950872583897
49.76890464093897	24.92848321859492
7.564613710320671	-17.27580771202338
45.13605330830917	20.295631885965122
3.3611955304834993	-21.47922589186055
21.078886270999035	-3.761535151345015
2.7186298689660617	-22.12179155337799
5.505535898733186	-19.334885523610865
58.17019720110996	33.32977577876591
19.769668629745254	-5.070752792598796
20.409274936322007	-4.431146486022044
33.34410002197849	8.50367859963444
59.74475221970654	34.90433079736249
-3.2444768352840327	-28.084898257628083
37.82648037493648	12.98605895259243
1.5197081900726772	-23.320713232271373
19.72304406232736	-5.11737736001669
22.95685747398541	-1.883563948358642
31.789478112248005	6.949056689903955
4.492949452050496	-20.347471970293554
13.039036199497176	-11.801385222846875
15.956599601736642	-8.883821820607409
26.58028227993357	1.7398608575895196
6.041473916822113	-18.798947505521937
42.70310145238484	17.862680030040792
24.921183273563045	0.0807618512189947
48.45516442688252	23.614743004538468
37.69368417871313	12.853262756369077
45.46219619622873	20.62177477388468
40.90546126703278	16.065039844688727
31.430690711105242	6.590269288761192
45.889516600614414	21.049095178270363
-12.748458696526242	-37.58888011887029
8.181812606536667	-16.658608815807384
41.39082152593194	16.55040010358789
57.77489772728889	32.93447630494484
60.612604279714404	35.77218285737035
50.59010404142039	25.74968261907634
5.736936389369774	-19.103485032974277
20.838418162256247	-4.002003260087804
13.443048819546064	-11.397372602797986
14.661748971429304	-10.178672450914746
99.74787518648675	74.9074537641427
-14.696890075637086	-39.537311497981136
43.04860142963601	18.208180007291958
17.198868700146093	-7.641552722197957
37.31653102954745	12.476109607203398
44.40822914627218	19.567807723928127
-5.290461123466841	-30.13088254581089
59.52924800159538	34.68882657925133
16.610867172453553	-8.229554249890498
5.778072354634176	-19.062349067709874
9.360259117692593	-15.480162304651458
-21.492520120348374	-46.332941542692424
19.569351995512378	-5.271069426831673
18.699717495666235	-6.140703926677816
5.697431021489436	-19.142990400854615
45.01133287840942	20.17091145606537
48.11893053939578	23.278509117051726
47.2166391914828	22.376217769138748
48.85267266724561	24.012251244901563
44.25575744583632	19.415336023492273
40.78209468098369	15.94167325863964
35.02562238688127	10.185200964537216
5.796907686165767	-19.043513736178284
24.984702749661054	0.14428132731700316
-0.1372879511733771	-24.977709373517428
31.473633929857286	6.633212507513235
82.47303943184973	57.63261800950568
40.28871822230879	15.448296799964737
-0.8886651468680355	-25.729086569212086
20.61093691352592	-4.229484508818132
41.03980766593607	16.199386243592016
21.77949683103664	-3.060924591307412
3.7811852894840996	-21.05923613285995
44.22668521145836	19.38626378911431
-1.2422418004831997	-26.08266322282725
19.157890986406827	-5.682530435937224
28.164477230198216	3.3240558078541653
29.938530537361046	5.098109115016996
39.20710177750455	14.366680355160497
10.824542467761901	-14.01587895458215
31.00944139002543	6.169019967681379
6.87707294602599	-17.96334847631806
5.743636260903557	-19.096785161440494
7.2766193570963225	-17.563802065247728
6.497308070643456	-18.343113351700595
21.722411772253807	-3.1180096500902437
6.445149519745726	-18.395271902598324
-3.843438924461836	-28.683860346805886
19.66102626979712	-5.179395152546931
6.110541959383525	-18.729879462960525
29.695131309217075	4.8547098868730245
42.89220286595385	18.051781443609798
4.480868773465161	-20.35955264887889
74.25419960853772	49.41377818619367
24.746672540935222	-0.09374888140882831
13.73356465308764	-11.10685676925641
-14.420354600032326	-39.260776022376376
47.37613846447796	22.53571704213391
14.629069217425538	-10.211352204918512
45.99199192419776	21.151570501853712
15.295502122320002	-9.544919300024048
42.66072464397014	17.82030322162609
42.48505324978335	17.644631827439298
21.27130261774012	-3.5691188046039315
21.160641000238073	-3.6797804221059778
-16.419899790049996	-41.26032121239405
20.106730411225115	-4.733691011118935
63.137858304751106	38.297436882407055
36.594257235762896	11.753835813418846
11.080233451418579	-13.760187970925472
44.737062152318074	19.896640729974024
51.532268527781824	26.691847105437773
14.811654211403336	-10.028767210940714
17.6713913738525	-7.16903004849155
36.784277857735404	11.943856435391353
44.69622969824134	19.85580827589729
-0.057447946394560745	-24.89786936873861
44.256340184441186	19.415918762097135
49.68624865332397	24.84582723097992
35.46201815041725	10.6215967280732
36.1546210797854	11.31419965744135
26.493535890086903	1.6531144677428529
38.53149170406989	13.691070281725843
23.66195405455376	-1.1784673677902902
15.589793923765072	-9.250627498578979
30.073670429136953	5.233249006792903
53.16605153326539	28.325630110921338
42.59344995017757	17.75302852783352
29.144549838590436	4.304128416246385
32.64694426083891	7.806522838494857
54.527312823821674	29.686891401477624
36.52692078220146	11.686499359857407
5.248110723582911	-19.59231069876114
1.1000483698911268	-23.740373052452924
-9.080025435851596	-33.920446858195646
6.660387425482739	-18.18003399686131
18.969766635974636	-5.870654786369414
7.285407485639851	-17.5550139367042
-4.8501068140800925	-29.690528236424143
45.4168784894094	20.57645706706535
-2.8008220090529647	-27.641243431397015
-0.4069457039264961	-25.247367126270547
27.85852953293518	3.018108110591129
32.545570108387736	7.705148686043685
19.451403376707574	-5.389018045636476
31.595978834283713	6.755557411939662
10.782750799905742	-14.057670622438309
-17.036448794268537	-41.87687021661259
2.798865094376495	-22.041556327967555
-17.173018848040257	-42.01344027038431
33.18365083475085	8.3432294124068
32.50972452300205	7.669303100657999
-10.690172889659763	-35.530594312003814
23.96121763406275	-0.879203788281302
9.011542133160518	-15.828879289183533
-13.608028897299548	-38.4484503196436
-1.074341742318822	-25.914763164662872
12.047413822120987	-12.793007600223063
2.7252893418875175	-22.115132080456533
-27.628032608784153	-52.4684540311282
-5.06874438223592	-29.90916580457997
33.74769907593448	8.907277653590427
17.030607556563453	-7.8098138657805976
49.16854119088687	24.32811976854282
31.67959568625095	6.839174263906898
18.601288889203104	-6.239132533140946
18.095859825628693	-6.744561596715357
4.345522123508388	-20.494899298835662
40.58872756023932	15.74830613789527
26.54559107321559	1.7051696508715395
35.21282536902011	10.372403946676059
44.10394107412442	19.26351965178037
27.481949591619312	2.6415281692752615
34.70548672447633	9.86506530213228
11.935757590257097	-12.904663832086953
20.82058569458907	-4.01983572775498
4.377226710700896	-20.463194711643155
50.05545127778471	25.215029855440662
30.86240582145122	6.021984399107168
24.13025907030108	-0.7101623520429712
13.219283355286578	-11.621138067057473
10.568691149895429	-14.271730272448622
17.593346720600792	-7.247074701743259
61.93777987140068	37.09735844905663
31.428473595576477	6.588052173232427
8.909191687899991	-15.93122973444406
58.47934928529442	33.63892786295037
-6.530678940977552	-31.371100363321602
32.22295764650637	7.3825362241623225
45.528189875246724	20.687768452902674
53.434832446018234	28.594411023674184
43.087307319353684	18.246885897009633
-27.090989859946305	-51.931411282290355
25.486994035384967	0.6465726130409166
20.135857382785005	-4.704564039559045
43.41198022711917	18.571558804775123
10.664447522536037	-14.175973899808014
14.042457992868847	-10.797963429475203
37.61500879019452	12.774587367850472
59.037295139921596	34.196873717577546
44.16758427347243	19.327162851128378
37.74153043217969	12.901109009835636
-9.35916965780477	-34.19959108014882
11.23177310810145	-13.6086483142426
49.62633155874512	24.78591013640107
28.02583918246394	3.18541776011989
52.44064008897415	27.6002186666301
44.175025329338794	19.334603906994744
38.24259651065525	13.402175088311196
3.4360390384056956	-21.404382383938355
47.37731153265061	22.536890110306558
59.947649162644055	35.107227740300004
16.062398822697403	-8.778022599646647
21.21093651756685	-3.6294849047772004
22.982369118998875	-1.8580523033451755
19.63134477497381	-5.209076647370239
10.511307096126373	-14.329114326217677
1.9181583363709507	-22.9222630859731
39.639182038258994	14.798760615914944
48.078426308685565	23.238004886341514
41.659864279153524	16.819442856809474
-3.694849491065426	-28.535270913409477
32.89804744266742	8.057626020323369
15.772528255790647	-9.067893166553404
5.776554485524073	-19.063866936819977
20.65247767321428	-4.187943749129772
68.61210659068031	43.77168516833626
42.81620774953929	17.975786327195237
8.860099882865441	-15.98032153947861
37.28436077473755	12.4439393523935
16.355934563270537	-8.484486859073513
20.804530346128857	-4.035891076215194
-2.9209889481905265	-27.761410370534577
35.3407023810026	10.50028095865855
74.83280028758175	49.9923788652377
53.756948269048124	28.916526846704073
10.755753501903499	-14.084667920440552
14.70978644887812	-10.13063497346593
29.99189998701634	5.1514785646722885
6.353706565659493	-18.486714856684557
18.1455214852934	-6.69489993705065
35.20606064961187	10.36563922726782
36.145437291535316	11.305015869191266
-25.732742683711578	-50.57316410605563
-13.423384429767495	-38.263805852111545
30.044877862866386	5.2044564405223355
-20.85064633762947	-45.69106775997352
50.49001877439453	25.649597352050478
75.06484842686343	50.224427004519384
23.08685316026397	-1.7535682620800799
36.93160301786277	12.09118159551872
43.038749991060584	18.198328568716533
31.073687284111045	6.233265861766995
-3.467185872967704	-28.307607295311755
23.84196008834563	-0.9984613339984207
32.9158932224412	8.075471800097148
49.96124237324996	25.12082095090591
20.787051862268825	-4.053369560075225
31.543426855135593	6.703005432791542
65.04581775694108	40.205396334597026
39.988281117784325	15.147859695440275
20.074485463835416	-4.765935958508635
14.307080007757875	-10.533341414586175
22.01527922383987	-2.8251421985041816
14.161604042502702	-10.678817379841348
12.289013996446855	-12.551407425897196
24.11394534082804	-0.7264760815160116
42.56185237485927	17.72143095251522
14.072704127425212	-10.767717294918839
10.96568962296017	-13.87473179938388
-14.88263243576209	-39.72305385810614
33.33976540773013	8.499343985386076
30.221953190473258	5.381531768129207
18.06056933867815	-6.779852083665901
11.071961136596045	-13.768460285748006
35.058011715347064	10.217590293003013
50.45141566651303	25.610994244168978
27.64993602079933	2.80951459845528
4.127425489731948	-20.712995932612102
40.60632541214302	15.765903989798971
49.667637701935135	24.827216279591084
62.64109111187584	37.80066968953179
7.341611623155885	-17.498809799188166
18.028074654331547	-6.812346768012503
37.36388325649325	12.523461834149202
6.804338948775083	-18.036082473568968
17.563376409834135	-7.277045012509916
-1.0909064970443723	-25.931327919388423
4.659954985301127	-20.180466437042924
22.555189000096405	-2.2852324222476454
50.76337214342796	25.922950721083907
25.764616141011473	0.9241947186674224
10.071556852042093	-14.768864570301957
30.816804953722865	5.976383531378815
37.736208774530795	12.895787352186744
21.174794538371614	-3.665626883972436
2.60253769450658	-22.23788372783747
0.1670025674860227	-24.673418854858028
16.391359171600314	-8.449062250743737
23.756597580769565	-1.0838238415744854
27.07646901879646	2.2360475964524085
18.783713210551767	-6.056708211792284
10.011756856317632	-14.828664566026418
16.957882140395057	-7.8825392819489934
55.945834981309716	31.105413558965665
48.97041115573968	24.129989733395632
24.46313499153196	-0.37728643081209157
44.968247171829105	20.127825749485055
29.196659697586554	4.356238275242504
51.82765227776265	26.987230855418602
23.74879770573473	-1.0916237166093197
31.018066995227244	6.177645572883193
1.4344954534493155	-23.405925968894735
46.83966425484989	21.999242832505843
36.1217488190335	11.281327396689449
35.36442216097505	10.524000738631003
4.418392665978288	-20.422028756365762
7.432597127062152	-17.4078242952819
18.41816273090383	-6.42225869144022
28.28709218750312	3.4466707651590696
9.781433197687264	-15.058988224656787
-28.189458017845638	-53.02987944018969
21.92609843451949	-2.914322987824562
-17.1262216298898	-41.96664305223385
16.276475605528802	-8.563945816815249
-28.14662143197772	-52.98704285432177
16.328441742083058	-8.511979680260993
7.619164656938054	-17.221256765405997
35.99924678416876	11.15882536182471
54.98572695821652	30.145305535872467
41.19838943593216	16.357968013588106
6.717187846664572	-18.12323357567948
61.26469140114507	36.42426997880102
26.96595835448109	2.125536932137038
14.370835010576528	-10.469586411767523
19.360512428119662	-5.479908994224388
7.344334706216003	-17.496086716128048
62.32367724892113	37.48325582657708
27.5851495642449	2.7447281419008505
26.842706353173824	2.0022849308297737
48.47077493985428	23.63035351751023
11.498366670773365	-13.342054751570686
36.13391679716308	11.293495374819031
12.080324553043582	-12.760096869300469
12.361292954711942	-12.479128467632108
14.28842959324841	-10.551991829095641
40.74038302954007	15.899961607196019
14.378027941117878	-10.462393481226172
26.20000246618595	1.3595810438418994
60.14931591030047	35.30889448795642
-25.00073527550255	-49.8411566978466
13.87252136902255	-10.9679000533215
41.05101057961595	16.210589157271897
30.55259687644441	5.712175454100361
26.5434496763731	1.70302825402905
53.945729561415035	29.105308139070985
64.94868613656156	40.10826471421751
47.23237751276186	22.391956090417807
12.207676819441375	-12.632744602902676
69.41792669770378	44.57750527535973
19.12802225562639	-5.71239916671766
38.85262880036619	14.01220737802214
50.6317417152198	25.791320292875753
36.17039862738177	11.329977205037721
-1.1382742150278062	-25.978695637371857
-13.558716437412542	-38.39913785975659
10.253446399506473	-14.586975022837578
42.3591657386017	17.518744316257653
11.514654028639896	-13.325767393704155
24.02440042190149	-0.8160210004425608
-25.266942053666455	-50.107363476010505
3.4729064370652196	-21.36751498527883
-19.661514738731668	-44.50193616107572
-4.115655707257858	-28.95607712960191
18.29155252225185	-6.548868900092202
24.177315725147608	-0.6631056971964426
36.184889023442636	11.344467601098586
-0.6742406956297344	-25.514662117973785
32.93799552914	8.097574106795946
51.6046699297179	26.76424850737385
25.35707325559936	0.5166518332553096
-3.0991396273135905	-27.93956104965764
16.038463609863655	-8.801957812480396
56.3407028585528	31.500281436208752
-15.120534418526105	-39.960955840870156
52.97820470156451	28.137783279220457
14.931088624656084	-9.909332797687966
29.280927158764214	4.440505736420164
-13.946197956855642	-38.78661937919969
-32.84914132645342	-57.68956274879747
3.846487191552413	-20.993934230791638
13.829662601903081	-11.01075882044097
47.127520142402616	22.287098720058566
74.996140946739	50.155719524394954
45.89388052982697	21.053459107482922
23.61847967894876	-1.2219417433952913
16.416802621143987	-8.423618801200064
-28.410316491889418	-53.25073791423347
72.03397142791376	47.193550005569705
48.51699183538888	23.67657041304483
52.2564143969533	27.415992974609253
62.628748818099965	37.788327395755914
9.60279930514237	-15.237622117201681
39.566825763820205	14.726404341476155
71.67463308033196	46.83421165798791
50.065999925983604	25.225578503639554
-0.6275864755850051	-25.468007897929056
-2.968244652682799	-27.80866607502685
15.85804158808908	-8.98237983425497
24.115002724417835	-0.7254186979262158
14.053408995171893	-10.787012427172158
19.88364313471841	-4.956778287625639
14.296161792680621	-10.54425962966343
-12.469186631901422	-37.30960805424547
1.8023848680634984	-23.038036554280552
8.58989173937455	-16.2505296829695
37.291105118786916	12.450683696442866
27.82850132078177	2.988079898437718
-10.932409121193515	-35.772830543537566
13.898373503823066	-10.942047918520984
55.9484159395973	31.107994517253246
9.171405987031292	-15.669015435312758
24.350766895021778	-0.48965452732227277
30.950476424378692	6.110055002034642
62.67357549129822	37.83315406895417
8.540958159053233	-16.299463263290818
-3.7293449891555355	-28.569766411499586
50.6472752610601	25.80685383871605
35.56857383348991	10.728152411145857
4.518158543537837	-20.322262878806214
42.9455697690167	18.10514834667265
-3.1886808683017733	-28.029102290645824
12.670431007343112	-12.169990415000939
74.15973838295334	49.319316960609285
39.674549700186006	14.834128277841955
37.82392126260977	12.983499840265722
9.672727378270181	-15.167694044073869
49.747987310201395	24.907565887857345
27.003126048034872	2.1627046256908216
39.92440958554228	15.083988163198228
30.17988108771108	5.3394596653670305
35.54372305298905	10.703301630645
54.32168931160716	29.48126788926311
57.91465727462794	33.07423585228389
-10.313527752933325	-35.153949175277376
7.662130735381041	-17.17829068696301
-14.309216457445174	-39.149637879789225
29.20010189764737	4.359680475303321
54.02457005824847	29.18414863590442
19.556060606660438	-5.284360815683613
10.270249253869522	-14.570172168474528
41.71439076574764	16.873969343403587
4.184691351812333	-20.655730070531718
17.31789282863913	-7.522528593704919
21.504499373523984	-3.3359220488200663
42.579666910841595	17.739245488497545
45.83298710569518	20.99256568335113
78.57903808493877	53.73861666259472
41.92946548281482	17.08904406047077
27.860943919763784	3.0205224974197336
20.75192501354043	-4.088496408803621
30.09977634460968	5.259354922265629
26.081676059776626	1.2412546374325757
41.69232722511818	16.851905802774127
15.340917487158848	-9.499503935185203
11.908534003555658	-12.931887418788392
8.380200676011853	-16.460220746332197
35.7185993955821	10.878177973238053
57.03158143931371	32.19116001696966
20.834816035642987	-4.005605386701063
43.082152634280035	18.241731211935985
40.240447321778746	15.400025899434695
40.84828988994862	16.007868467604567
23.884398727324267	-0.956022695019783
64.46284033483546	39.62241891249141
48.01243313863536	23.17201171629131
36.91308118202444	12.072659759680391
34.92405706140865	10.083635639064596
17.711313860814087	-7.129107561529963
39.5864014636348	14.74598004129075
12.583106875175261	-12.25731454716879
78.09549992168043	53.25507849933638
-13.400364490601234	-38.240785912945285
59.23040301484009	34.38998159249604
40.295152737252764	15.454731314908713
-6.246620272792526	-31.087041695136577
20.252013822627603	-4.588407599716447
57.550409929917194	32.709988507573144
37.85041041029338	13.009988987949328
27.37139529138524	2.5309738690411905
-14.156159804577939	-38.99658122692199
6.181554590755084	-18.658866831588966
-7.673254939957289	-32.51367636230134
10.623234066533158	-14.217187355810893
19.035162709030672	-5.805258713313378
35.705592052854016	10.865170630509965
24.620894257156877	-0.21952716518717352
27.678603203620995	2.838181781276944
-4.888459919628687	-29.728881341972738
22.010255821125	-2.8301656012190506
37.75193811966467	12.911516697320621
