Hf	deltaHf ref=53.010894829484755
77.1844384076004	24.17354357811564
46.48961808359775	-6.521276745887008
64.57630173667451	11.565406907189754
96.61312163854484	43.602226809060085
33.74734455172904	-19.263550277755712
63.74760625862575	10.736711429140996
57.95870278371615	4.9478079542313935
39.16377231292893	-13.847122516555828
62.03433856263757	9.023443733152817
-2.001639630524437	-55.01253446000919
50.00620316267771	-3.004691666807048
29.30651165127813	-23.704383178206626
16.230552133730384	-36.78034269575437
73.60664138425375	20.595746554768994
62.64447852249316	9.633583693008404
67.69999853015645	14.689103700671694
44.520856861320794	-8.49003796816396
74.09960267025338	21.08870784076862
31.418249395433236	-21.59264543405152
47.553280476732766	-5.457614352751989
64.75408229741618	11.74318746793142
7.5332121527363824	-45.47768267674837
21.04997656372609	-31.960918265758664
17.858088037367565	-35.15280679211719
70.83158097920125	17.820686149716494
52.37647076203314	-0.6344240674516186
61.0746556234709	8.063760793986148
11.398373233450116	-41.61252159603464
78.64664909715532	25.635754267670563
87.74995576875983	34.73906093927508
54.70006357349223	1.6891687440074747
49.871554593371116	-3.1393402361136395
39.80615861990839	-13.204736209576367
44.51315257730778	-8.497742252176977
21.00004785239173	-32.010846977093024
40.95175512863091	-12.059139700853848
41.250870821391004	-11.760024008093751
47.088306141789076	-5.922588687695679
24.956442724496014	-28.05445210498874
54.84957195944037	1.838677129955613
94.9613437094132	41.950448879928445
33.927642100597154	-19.0832527288876
29.76775158798148	-23.243143241503276
71.73522587854416	18.7243310490594
69.20339826266456	16.19250343317981
4.5095997684449	-48.501295061039855
73.19797053527611	20.187075705791358
52.824850340305716	-0.18604448917903937
20.2842971495312	-32.72659767995356
45.248081794100585	-7.76281303538417
56.94157654091134	3.930681711426587
43.49163685166161	-9.519257977823145
43.981997094878466	-9.02889773460629
80.41243814812799	27.401543318643235
62.901657972926046	9.89076314344129
9.888382149311951	-43.122512680172804
52.836273772559366	-0.17462105692538898
70.83521699975711	17.824322170272353
50.45252245315817	-2.558372376326588
61.14746377662698	8.136568947142223
101.6215152678243	48.61062043833954
55.65589496808127	2.645000138596515
53.42120662238915	0.4103117929043947
68.79617140377115	15.7852765742864
60.041235652553155	7.0303408230684
30.86435635724513	-22.146538472239627
56.88296085356444	3.872066024079686
38.660948819616465	-14.34994600986829
34.54492301946914	-18.465971810015617
70.94055449292239	17.929659663437633
84.95714201464318	31.946247185158427
67.30721857522906	14.296323745744303
60.28033676164807	7.269441932163318
54.24776739543188	1.2368725659471238
28.895830638085613	-24.115064191399142
38.113230986263375	-14.89766384322138
45.96473929381057	-7.046155535674188
93.6404932900524	40.62959846056765
20.694345686603924	-32.31654914288083
54.876793185268184	1.865898355783429
47.75804253832496	-5.2528522911597975
58.82050425130467	5.809609421819914
14.366982238386413	-38.64391259109834
56.732803703814284	3.7219088743295288
78.29973806451483	25.288843235030072
49.58225965919439	-3.428635170290363
68.37195220514434	15.361057375659584
39.527709004764915	-13.48318582471984
56.9324261469493	3.9215313174645416
62.00193369240617	8.991038862921414
79.38607236913697	26.375177539652213
55.90833610533912	2.897441275854362
20.503335525402804	-32.50755930408195
54.454199737728345	1.44330490824359
76.14766646836244	23.13677163887769
60.702721271275664	7.691826441790909
27.5694731023151	-25.441421727169654
66.65968762200384	13.648792792519089
46.44396587233234	-6.566928957152413
49.003296759100635	-4.00759807038412
75.74034969915112	22.72945486966637
57.09147203762143	4.080577208136674
72.09828165777901	19.087386828294257
52.58445628193033	-0.4264385475544259
94.34742893133546	41.3365341018507
27.369350506579508	-25.641544322905247
65.87029971453478	12.859404885050026
33.956549298983305	-19.05434553050145
51.66357363506279	-1.3473211944219656
63.37201611297962	10.361121283494867
86.02471476156381	33.01381993207906
78.1358366336109	25.124941804126138
54.286303468446135	1.2754086389613803
78.82514504828316	25.814250218798406
80.04081931207213	27.029924482587376
93.37661465541635	40.36571982593159
15.827632186924461	-37.183262642560294
47.422306061537824	-5.588588767946931
56.491202220863784	3.4803073913790286
43.29486627535255	-9.716028554132208
48.73110529598955	-4.2797895334952045
50.07828186984	-2.932612959644757
64.45673783797713	11.445843008492375
69.37498916461948	16.364094335134723
-12.559362648239471	-65.57025747772423
55.58793842107582	2.577043591591064
88.28466374698212	35.273768917497364
52.81339447029052	-0.1975003591942368
60.92646975853597	7.915574929051218
69.3689273720712	16.358032542586443
58.89799055138894	5.887095721904188
82.13202369204839	29.121128862563637
56.32758796621522	3.316693136730464
64.91171724664048	11.900822417155723
81.7834347117506	28.772539882265846
13.980009935495332	-39.03088489398942
6.716096126915659	-46.294798702569096
30.88087380954414	-22.130021019940614
13.08659748879029	-39.924297340694466
52.18397380644922	-0.8269210230355384
61.08386273726239	8.072967907777638
57.52470435934549	4.513809529860737
4.948711063091764	-48.06218376639299
46.10291947234248	-6.907975357142277
64.32039930284839	11.309504473363631
-13.992830649974053	-67.00372547945881
29.677501020215573	-23.333393809269182
55.98195754620713	2.971062716722372
-14.738311207673974	-67.74920603715873
44.54494254595659	-8.465952283528168
49.110068055354645	-3.9008267741301097
55.339234507181686	2.328339677696931
31.89702538124868	-21.113869448236073
18.371536847776156	-34.6393579817086
5.434513995064776	-47.57638083441998
63.12587170635118	10.114976876866422
52.361579315465065	-0.6493155140196905
9.20680831502716	-43.804086514457595
64.74823189349729	11.737337064012536
41.7868817527243	-11.224013076760457
29.55694050154591	-23.453954327938845
44.535945691813254	-8.474949137671501
17.385964006117433	-35.62493082336732
49.66498170643638	-3.3459131230483763
79.04449925860274	26.033604429117986
-0.012112866805978229	-53.02300769629073
18.048263802401493	-34.96263102708326
31.166645101625477	-21.844249727859278
32.5222019685508	-20.488692860933952
66.79168661650795	13.78079178702319
67.05233431463887	14.041439485154115
12.809285743195801	-40.201609086288954
75.49650240579388	22.48560757630912
6.831374724254715	-46.17952010523004
54.81687642392819	1.8059815944434376
71.7430903432006	18.73219551371585
49.69699564544601	-3.313899184038746
41.75056110221078	-11.260333727273974
65.06586533296388	12.054970503479126
42.43901107485465	-10.571883754630107
60.6002227854525	7.589327955967747
38.725393946796544	-14.285500882688211
33.81443555544422	-19.196459274040535
19.47849640486413	-33.532398424620624
37.091991887941845	-15.91890294154291
85.67976496779477	32.66887013831001
28.214454791906178	-24.796440037578577
44.525503293572115	-8.48539153591264
70.55771242721414	17.546817597729387
46.399092490702174	-6.6118023387825815
64.11678369611502	11.105888866630266
13.40557590473793	-39.605318924746825
38.81143654868822	-14.199458280796534
29.023645341561064	-23.98724948792369
40.19553984181141	-12.815354987673345
16.84206806390023	-36.16882676558453
38.85661335713405	-14.154281472350704
78.98539908967098	25.974504260186222
55.31628347696562	2.305388647480868
66.2930377820204	13.28214295253565
56.31392644077016	3.3030316112854052
42.645236416200646	-10.365658413284109
64.89917499003525	11.888280160550494
39.137693714064085	-13.87320111542067
18.04323379707523	-34.967661032409524
36.20411650663766	-16.806778322847094
60.420108617811934	7.409213788327179
67.65780423119315	14.646909401708399
38.5382776354719	-14.472617194012855
60.35202855183627	7.341133722351515
25.637511188649228	-27.373383640835527
59.20093008415017	6.190035254665418
67.85566455190303	14.844769722418278
73.64558538361337	20.63469055412861
15.260965311395125	-37.74992951808963
72.78599055276311	19.775095723278355
59.33102246870578	6.3201276392210275
92.42736487686227	39.416470047377516
31.31122315687128	-21.699671672613476
40.16309069614101	-12.847804133343743
47.87458726949001	-5.136307559994748
58.55088673028979	5.539991900805035
39.6524897676328	-13.358405061851954
57.689492627211735	4.6785977977269795
34.00047322539206	-19.0104216040927
39.514353565934584	-13.49654126355017
68.59324946156005	15.582354632075294
46.09877480083844	-6.912120028646314
50.63796173525509	-2.3729330942296656
81.02638521892834	28.015490389443585
38.66946705051407	-14.341427778970683
33.83255897340598	-19.178335856078775
65.13805815850094	12.127163329016184
66.31629099636223	13.305396166877472
60.215143333150195	7.20424850366544
24.506976486668577	-28.503918342816178
68.08058383023774	15.069689000752987
53.030047032943116	0.019152203458361328
45.203562895408254	-7.807331934076501
65.47806880722521	12.467173977740458
40.38976328340243	-12.621131546082324
34.6864707859105	-18.324424043574254
83.67718440990313	30.66628958041838
31.687046593496348	-21.323848235988407
74.9562102462852	21.94531541680044
45.05085668001732	-7.960038149467437
98.47810427517572	45.46720944569097
106.75519614515827	53.74430131567351
12.084032473508273	-40.92686235597648
74.65969924137346	21.648804411888705
15.404685370701486	-37.60620945878327
54.85531228679349	1.8444174573087366
27.889302657790836	-25.12159217169392
82.65530622842664	29.644411398941884
37.61278674977541	-15.398108079709345
47.89199394113268	-5.118900888352073
23.330521156492182	-29.680373672992573
71.20148327346135	18.190588443976594
73.6542291843117	20.643334354826948
41.92732407406322	-11.083570755421533
67.30309461223544	14.292199782750686
68.73155939086166	15.720664561376907
59.25083751726663	6.239942687781877
63.38835939314333	10.377464563658577
34.95209717838327	-18.058797651101486
28.50371516973712	-24.507179659747635
23.602529490938764	-29.40836533854599
58.96171906697157	5.950824237486813
11.160594529564264	-41.85030029992049
42.133085241676895	-10.87780958780786
38.22244664957282	-14.788448179911938
37.13593356652302	-15.874961262961733
66.40686598723289	13.395971157748136
66.91191671316221	13.901021883677458
58.230568609336046	5.219673779851291
12.710830652552545	-40.30006417693221
52.83503256668803	-0.175862262796727
58.39133437675366	5.380439547268907
28.11005768950156	-24.900837139983196
61.06645851888345	8.055563689398696
77.82121067193395	24.8103158424492
55.8074092129001	2.7965143834153423
-3.924914229336423	-56.93580905882118
53.95317279686162	0.9422779673768673
20.26025065231545	-32.750644177169306
55.103377211116026	2.092482381631271
65.98374174301455	12.972846913529793
64.77062966979167	11.759734840306919
51.61841935705627	-1.3924754724284867
60.05668213047204	7.045787300987286
25.173746102115842	-27.837148727368913
44.63346180531255	-8.377433024172205
33.868208961274945	-19.14268586820981
51.00641483400716	-2.0044799954775954
47.22127219256538	-5.7896226369193755
71.07804052917811	18.067145699693356
46.32992730408034	-6.680967525404412
74.37894033956866	21.368045510083903
40.86902067946096	-12.141874150023796
53.74925956711115	0.738364737626398
83.95615980684408	30.94526497735933
64.96596816904378	11.955073339559021
33.52312342983089	-19.487771399653866
104.3390333614417	51.32813853195694
47.54140848218697	-5.469486347297789
66.72522975306958	13.714334923584829
49.517623129683784	-3.493271699800971
40.42290961336869	-12.587985216116067
50.43936713877076	-2.5715276907139923
31.743067316468228	-21.267827513016528
37.78508665004222	-15.225808179442538
15.789417794968472	-37.22147703451628
75.50805933567347	22.49716450618871
31.18676145305392	-21.824133376430837
58.87144278608787	5.860547956603114
71.80745235451207	18.79655752502731
41.101574600911704	-11.909320228573051
45.469866087824926	-7.541028741659829
55.03161143840873	2.0207166089239763
72.90329872572795	19.892403896243195
58.21383584155876	5.202941012074007
29.175034674194762	-23.835860155289993
65.31140486686957	12.30051003738481
62.21229462666554	9.201399797180784
-10.229694630844165	-63.24058946032892
50.30349442261388	-2.7074004068708746
93.28909987317923	40.27820504369447
53.79928944093001	0.7883946114452556
34.884938032443756	-18.125956797041
54.772773760477435	1.7618789309926797
54.80831530398166	1.797420474496903
50.38261273583805	-2.6282820936467033
9.683964930886873	-43.32692989859788
61.3930997055769	8.382204876092146
36.98781897959009	-16.023075849894667
19.47371997529001	-33.537174854194745
57.06293627690059	4.0520414474158315
54.79814657755662	1.787251748071867
57.632724755448294	4.621829925963539
68.30574162514415	15.294846795659396
44.750433488113345	-8.26046134137141
74.04025179890334	21.029356969418586
55.86508423051157	2.854189401026815
40.0708157993696	-12.940079030115157
74.79200850366499	21.781113674180233
22.43325553162606	-30.577639297858695
-0.6345250772527606	-53.645419906737516
77.60052815176198	24.589633322277223
56.50077821742627	3.489883387941518
63.25721659663134	10.246321767146583
54.6948669593304	1.6839721298456425
53.91958539264044	0.9086905631556874
47.1935096326971	-5.817385196787654
66.76745008634055	13.75655525685579
93.18649143063988	40.17559660115512
26.91419044857787	-26.096704380906885
30.22462577453291	-22.786269054951845
74.92043408516213	21.909539255677373
76.83173650276615	23.820841673281393
66.93422012903204	13.923325299547287
33.835306044483445	-19.17558878500131
75.26297090742912	22.252076077944366
90.73104555902421	37.720150729539455
81.68987761591154	28.678982786426786
56.5694215281884	3.558526698703645
49.11363192559395	-3.8972629038908053
44.67363334881259	-8.337261480672169
66.34793450791506	13.337039678430301
67.27513891828596	14.264244088801206
37.79560125756427	-15.215293571920483
41.13320449759078	-11.877690331893973
66.50051773088228	13.489622901397524
43.54129416238459	-9.469600667100167
100.54094398061454	47.53004915112979
43.59574115317548	-9.415153676309274
66.26154267092818	13.250647841443424
69.14025743700506	16.129362607520306
63.71277135680896	10.701876527324202
42.203037278556735	-10.80785755092802
4.630504609701461	-48.380390219783294
25.990747121836762	-27.020147707647993
44.75052729335323	-8.260367536131525
65.44304188219132	12.432147052706569
92.79149709851947	39.780602269034716
40.29232969011821	-12.718565139366547
48.40041050150933	-4.610484327975428
63.5683212732157	10.557426443730947
26.391049608767503	-26.619845220717252
49.98804194808065	-3.0228528814041056
36.824445839059194	-16.18644899042556
35.19244751272083	-17.818447316763923
62.33258874575142	9.321693916266668
53.852456275043664	0.8415614455589093
75.95875193628774	22.947857106802985
26.311598069563047	-26.699296759921708
57.14323364827317	4.132338818788412
68.37117641883844	15.36028158935369
40.4714771887858	-12.539417640698957
55.30624595282018	2.295351123335422
31.65299805891584	-21.357896770568914
82.69729013828794	29.686395308803185
88.34933484657552	35.33844001709076
54.90466302479501	1.8937681953102583
74.18882988873986	21.177935059255105
36.62162916480622	-16.389265664678533
37.73819108626515	-15.272703743219608
55.90569002213772	2.894795192652964
41.68547866563779	-11.325416163846967
56.23022129748017	3.2193264679954154
73.99279670166027	20.981901872175513
104.76545372469002	51.754558895205264
55.47926695786475	2.468372128379997
56.64228142251261	3.6313865930278553
49.10414573607443	-3.906749093410326
56.17694087105804	3.1660460415732814
18.23827385477955	-34.772620974705205
63.92250314484875	10.911608315363992
-4.835252548024869	-57.846147377509624
65.07268471866439	12.061789889179636
63.63439871532785	10.623503885843093
36.92419701515348	-16.086697814331274
65.9011518086819	12.890256979197147
26.22136611729104	-26.789528712193714
10.886525891012866	-42.12436893847189
45.04271129219444	-7.968183537290315
63.092801840704055	10.0819070112193
74.63093560588197	21.620040776397218
4.661589935935922	-48.34930489354883
20.498593067158367	-32.51230176232639
32.198423035331075	-20.81247179415368
44.725958059561094	-8.284936769923661
70.47111105861143	17.460216229126672
19.251272501035714	-33.75962232844904
31.473327556731533	-21.537567272753222
26.331313801191868	-26.679581028292887
55.44802224811167	2.4371274186269147
31.085287568644276	-21.92560726084048
63.7894523691549	10.778557539670146
44.25376422628062	-8.757130603204132
30.868911534756194	-22.14198329472856
45.111536331421235	-7.8993584980635205
43.82715455850587	-9.183740270978888
56.25229584207875	3.2414010125939967
4.662737014329764	-48.34815781515499
55.133288984249816	2.122394154765061
50.61680397994235	-2.3940908495424083
42.727785420113946	-10.283109409370809
92.750261980652	39.739367151167244
50.75928926856898	-2.2516055609157775
75.4752024383971	22.46430760891235
49.07822282538575	-3.932672004099004
68.18410620435782	15.173211374873063
42.53850362552214	-10.472391203962616
14.505357664636108	-38.50553716484865
46.03745701176115	-6.973437817723607
79.68255886988948	26.67166404040472
40.601932859183876	-12.40896197030088
65.54898692571908	12.538092096234323
49.249250679747206	-3.761644149737549
66.20725401191623	13.196359182431479
53.69715376935085	0.686258939866093
64.43686379046005	11.425968960975297
63.36754374373879	10.356648914254038
69.24879507661274	16.237900247127982
44.59156838609954	-8.419326443385216
64.44575444238319	11.434859612898435
25.32297795684019	-27.687916872644564
42.18699405841937	-10.823900771065382
70.03402930184268	17.023134472357924
72.68881222248194	19.677917392997188
12.247612246273206	-40.76328258321155
3.7117740891891344	-49.29912074029562
61.905476986115104	8.89458215663035
43.44613637723262	-9.564758452252136
36.64561792303459	-16.365276906450163
67.52188192663482	14.510987097150064
34.45862770191627	-18.552267127568484
69.8897024033696	16.878807573884842
54.7618330136803	1.7509381841955474
76.02675805426145	23.015863224776695
55.87200956335175	2.861114733866998
69.8961220279208	16.88522719843604
78.22923702648143	25.218342196996673
63.14656251250301	10.135667683018255
58.42034648305446	5.409451653569704
54.89520899508091	1.8843141655961517
41.580781929548834	-11.43011289993592
66.96600082045654	13.955105990971788
60.90274823336688	7.8918534038821235
43.85813945135044	-9.152755378134316
54.21432145216852	1.2034266226837644
53.78905265049718	0.778157821012428
44.222287263769545	-8.78860756571521
54.31659669134126	1.3057018618565053
0.516352238458353	-52.4945425910264
8.043551257277727	-44.96734357220703
47.03059182246682	-5.9803030070179375
72.60896309213888	19.598068262654124
54.909759589184546	1.8988647596997907
76.17294338379463	23.162048554309877
69.82294049871155	16.81204566922679
57.09896318462154	4.088068355136784
64.80690121208784	11.796006382603082
54.89535636496032	1.884461535475566
75.58947325242218	22.578578422937426
39.72777749991394	-13.283117329570814
29.21632769179007	-23.794567137694685
44.450946164132915	-8.55994866535184
63.41371294105659	10.402818111571833
-7.08238047841121	-60.093275307895965
43.2516690476524	-9.759225781832356
81.29141780772363	28.280522978238878
42.245500817273864	-10.76539401221089
55.75996126747225	2.7490664379874943
57.50406891313207	4.493174083647318
71.27468354294717	18.263788713462418
23.196365575732784	-29.81452925375197
37.598809939522766	-15.412084889961989
58.74765151209897	5.736756682614214
52.642403205963205	-0.3684916235215496
89.38184291587561	36.370948086390854
29.843763451605923	-23.16713137787883
44.06214516883949	-8.948749660645262
57.12514308328275	4.114248253797996
-0.29085397935239143	-53.30174880883715
58.48764282833611	5.476747998851351
47.68908471191128	-5.321810117573477
43.12983162966441	-9.881063199820346
19.433425053260294	-33.57746977622446
47.87092077828595	-5.139974051198806
47.81321238978592	-5.197682439698838
45.354353359526726	-7.656541469958029
37.638362882328806	-15.372531947155949
34.19093169805012	-18.819963131434633
74.66422909654386	21.65333426705911
58.56599213940092	5.555097309916164
54.981056319059576	1.9701614895748207
51.139478531467034	-1.8714162980177207
48.50926993508358	-4.501624894401175
86.35911148292246	33.3482166534377
34.36058708069788	-18.650307748786872
67.24501513447206	14.2341203049873
60.991905466861795	7.9810106373770395
49.513327028694334	-3.4975678007904207
22.918177701653917	-30.092717127830838
60.630569527701596	7.619674698216841
43.92477943331062	-9.086115396174137
69.78354609059636	16.772651261111605
73.06528917389107	20.05439434440632
34.014691690162294	-18.99620313932246
43.040774490034096	-9.97012033945066
52.10338920735114	-0.9075056221336126
68.69292658041115	15.682031750926399
54.15708464154625	1.1461898120614933
44.97833602107596	-8.032558808408794
51.80459267524304	-1.2063021542417118
66.42613080725016	13.415235977765406
71.15311802845565	18.142223198970896
101.18311312207254	48.172218292587786
49.03241678602819	-3.978478043456562
20.99127855981817	-32.019616269666585
40.59975838623825	-12.411136443246505
8.473549597028182	-44.53734523245657
57.90494661863079	4.894051789146033
80.97009199981869	27.959197170333937
31.997215997534227	-21.01367883195053
57.89176126161067	4.880866432125913
30.630061173277795	-22.38083365620696
59.13946165367554	6.128566824190784
43.601906555491155	-9.4089882739936
43.08573137107771	-9.925163458407042
17.519704424286033	-35.49119040519872
64.77837503198418	11.767480202499428
37.198916159778605	-15.81197866970615
15.55685468655895	-37.454040142925805
37.8445290629071	-15.166365766577655
40.385423429416846	-12.625471400067909
44.69763807290758	-8.313256756577175
9.354034820416132	-43.65686000906862
63.94032503043593	10.929430200951174
70.18971919095668	17.178824361471925
58.05834124250862	5.047446413023863
53.911223379244916	0.900328549760161
77.94186375327001	24.930968923785258
42.803339476745464	-10.207555352739291
63.62939689870575	10.618502069220995
78.43863171346777	25.427736883983016
79.88835683744867	26.877462007963913
88.48065815467737	35.469763325192616
60.47008132406802	7.459186494583264
48.81064118350798	-4.2002536459767725
72.99205033413193	19.981155504647177
27.384828054656396	-25.62606677482836
90.17549556358892	37.16460073410417
37.208029650491085	-15.80286517899367
70.59870341685485	17.58780858737009
59.70628361181764	6.695388782332884
36.03936249940773	-16.971532330077025
87.8099809868628	34.79908615737804
29.59297117063136	-23.417923658853397
29.568313475324544	-23.44258135416021
92.92992789566517	39.91903306618042
54.95267284199247	1.9417780125077115
82.10516714174184	29.09427231225709
58.95505368979241	5.9441588603076525
60.86703833286185	7.856143503377098
55.765129526426904	2.7542346969421487
57.0336462208553	4.022751391370548
47.868600999053456	-5.142293830431299
30.57132064670907	-22.439574182775686
25.406199844311345	-27.60469498517341
73.98171476423624	20.97081993475149
58.90425349236932	5.893358662884566
38.637850107076815	-14.37304472240794
54.58604619878054	1.5751513692957815
38.95256759701181	-14.058327232472948
67.17659698348609	14.165702154001337
48.45910974700121	-4.551785082483548
27.898107346821348	-25.112787482663407
30.502050703919963	-22.508844125564792
33.46344113028783	-19.54745369919692
16.743452841420662	-36.26744198806409
43.539552498133276	-9.47134233135148
92.43991693655437	39.42902210706961
32.158809754551044	-20.85208507493371
98.63973519423337	45.62884036474861
42.613590230049454	-10.397304599435301
81.37692805508152	28.366033225596766
106.33531207513181	53.324417245647055
59.171734655600744	6.160839826115989
40.32920923061204	-12.681685598872718
39.59009778335633	-13.420797046128428
18.918401474836287	-34.09249335464847
51.16435622795427	-1.846538601530483
24.89320649105241	-28.117688338432345
64.65910082222138	11.64820599273662
56.76867801585934	3.7577831863745814
56.772696931356336	3.761802101871581
38.481279971344634	-14.529614858140121
97.52413638790779	44.51324155842303
39.05233631840849	-13.958558511076262
82.41474910879799	29.403854279313236
95.55267321349413	42.541778384009376
48.56166382493859	-4.449231004546164
52.43946454755962	-0.5714302819251316
53.79680834788189	0.7859135183971375
62.27747307673155	9.266578247246798
43.08748904406559	-9.923405785419163
28.461686908926936	-24.54920792055782
90.63942251482979	37.628527685345034
28.26791180126486	-24.742983028219896
60.17594802043925	7.165053190954495
12.347809884439926	-40.66308494504483
21.495098515869472	-31.515796313615283
83.40672068998276	30.395825860498007
46.03244038668811	-6.978454442796647
36.41199317833991	-16.598901651144843
12.403405766749643	-40.60748906273511
50.40340399426816	-2.607490835216595
100.60713187722024	47.596237047735485
46.96839583990106	-6.042498989583692
47.367550131694884	-5.643344697789871
74.80567265185994	21.79477782237518
43.857837148961266	-9.153057680523489
66.65068831557176	13.639793486087001
47.904865899899164	-5.106028929585591
73.9402763357549	20.929381506270147
65.31549744893448	12.304602619449724
25.463039395520468	-27.547855433964287
35.02218997385819	-17.988704855626565
84.89067771078146	31.879782881296705
78.1665163676563	25.155621538171545
97.0349174647755	44.02402263529075
76.42234696521075	23.411452135725995
88.97768440122775	35.96678957174299
29.369755053009726	-23.64113977647503
40.085714244433916	-12.925180585050839
80.52986504206376	27.518970212579006
50.05866647455434	-2.952228354930412
69.69652685699577	16.68563202751102
41.75277893888881	-11.258115890595946
56.653608051511696	3.6427132220269414
27.9789647407207	-25.031930088764057
15.577781879522377	-37.43311294996238
47.42354327509122	-5.5873515543935355
18.962275333096045	-34.04861949638871
79.49373936166114	26.482844532176387
64.93967805462773	11.928783225142979
12.708469139605882	-40.30242568987887
54.3932165602065	1.382321730721742
45.727880123847285	-7.28301470563747
65.10891418664426	12.098019357159501
50.1660490918631	-2.844845737621654
40.160992427238966	-12.849902402245789
64.97772997983441	11.966835150349652
51.14428742925986	-1.8666074002248934
92.54955590409111	39.53866107460635
32.66799416061724	-20.342900668867514
59.90674259547552	6.895847765990766
57.09614041400084	4.0852455845160875
79.31038260554953	26.29948777606478
21.450464071928877	-31.560430757555878
41.27723665330734	-11.733658176177414
23.27208444274322	-29.738810386741534
43.23734872046509	-9.773546109019662
43.30974936634186	-9.701145463142893
33.194140488650305	-19.81675434083445
25.966912634806363	-27.043982194678392
25.572830014444776	-27.43806481503998
-4.831388722969564	-57.84228355245432
73.71602980065393	20.705134971169173
45.13235827150231	-7.878536557982443
29.347787342650122	-23.663107486834633
69.3907067404117	16.379811910926946
55.75991757342592	2.7490227439411683
27.857015273800357	-25.153879555684398
41.08531975938706	-11.925575070097693
9.667897400174411	-43.342997429310344
38.6792217231897	-14.331673106295057
-9.660155672953692	-62.67105050243845
48.227240388621	-4.7836544408637565
95.74307347066235	42.7321786411776
50.04330827072147	-2.967586558763287
30.295534489419083	-22.715360340065672
25.397160957950405	-27.61373387153435
55.96419905050891	2.9533042210241547
36.687374659687634	-16.32352016979712
55.765512982257064	2.7546181527723093
55.687915055056806	2.6770202255720505
100.8472610328655	47.83636620338075
59.69731833664002	6.6864235071552685
91.50205798926356	38.49116315977881
61.11388206326694	8.102987233782187
60.0421086169855	7.0312137875007465
33.85648477929237	-19.154410050192382
29.835967629032098	-23.174927200452657
23.846570088125304	-29.16432474135945
37.98109312988993	-15.029801699594827
79.6127638014342	26.601868971949443
72.23067171875039	19.21977688926563
40.095903349419245	-12.91499148006551
83.08004162127793	30.069146791793173
42.01441055906355	-10.996484270421206
51.983567045933455	-1.0273277835513
24.604208092195336	-28.40668673728942
53.5685151731642	0.5576203436794458
43.95897542659543	-9.051919402889325
8.192487433033534	-44.81840739645122
51.608261384263756	-1.4026334452209994
36.90404860637966	-16.106846223105094
59.289413530151364	6.278518700666609
16.33009437083558	-36.68080045864917
43.51482387846511	-9.496070951019647
56.98235514978762	3.9714603203028673
27.44690744780121	-25.563987381683546
46.28517563430535	-6.725719195179408
23.265787320696404	-29.74510750878835
59.68003949203296	6.669144662548206
85.74828606757103	32.737391238086275
53.22621809207078	0.21532326258602552
64.47208334941126	11.461188519926509
76.3880853849306	23.37719055544585
60.9106512246118	7.899756395127042
27.868635979121905	-25.14225885036285
95.39192310818646	42.381028278701706
45.46761816413084	-7.543276665353915
23.083975629885686	-29.92691919959907
38.18289118989662	-14.828003639588133
40.34387893842825	-12.667015891056508
74.94947564932693	21.938580819842173
90.85355783674925	37.84266300726449
78.88264767801331	25.87175284852856
20.850665411829254	-32.1602294176555
-5.65620090906566	-58.667095738550415
24.370944565996183	-28.639950263488572
42.06423952470243	-10.946655304782325
36.67632375381538	-16.334571075669373
27.48873487303092	-25.522159956453834
66.92764061158698	13.916745782102225
26.494074313585884	-26.51682051589887
49.914716184464055	-3.0961786450207
56.898123909985884	3.887229080501129
88.25950113537431	35.24860630588955
25.59426123329206	-27.416633596192696
67.24454982659256	14.233654997107806
52.71176937727898	-0.2991254522057716
69.04988409780083	16.038989268316072
52.3382676865632	-0.6726271429215558
113.76507552869327	60.75418069920852
25.35885830935615	-27.652036520128604
42.27406004298712	-10.736834786497639
41.615986550289676	-11.394908279195079
79.2903111963434	26.27941636685864
76.36489644773712	23.35400161825237
60.39883822959848	7.387943400113727
25.292938927717046	-27.71795590176771
19.47736802434258	-33.53352680514217
48.95124841276731	-4.059646416717442
53.87897679336777	0.8680819638830144
62.20167098730337	9.190776157818618
67.72426987762913	14.713375048144371
16.403062287329817	-36.60783254215494
76.86938038628898	23.858485556804226
49.811013442250555	-3.1998813872342
55.13811382482993	2.1272189953451743
37.68789637905604	-15.322998450428713
83.81656396482606	30.805669135341304
57.94889106027142	4.937996230786666
41.8619024718256	-11.148992357659154
72.62070039296407	19.609805563479313
52.54048768688983	-0.47040714259492233
56.97666358021263	3.965768750727875
26.05618700318621	-26.954707826298545
10.638722058506687	-42.37217277097807
50.61550186525449	-2.3953929642302683
51.58407220629044	-1.4268226231943117
92.33030193728803	39.31940710780327
37.58811111728312	-15.422783712201635
49.533714155540224	-3.477180673944531
86.33567372250138	33.32477889301663
69.88300205917506	16.8721072296903
54.93316534260987	1.9222705131251132
46.61568665408879	-6.395208175395965
35.01365464080766	-17.997240188677097
78.64821527802735	25.637320448542596
23.297618824061942	-29.713276005422813
26.54265426545055	-26.468240564034204
67.91168827913236	14.900793449647608
34.398710899350704	-18.61218393013405
38.38674469477439	-14.624150134710362
36.58202603222628	-16.428868797258474
79.61488949708757	26.60399466760282
84.9417812099174	31.93088638043264
56.19962077610137	3.1887259466166142
36.39706228711759	-16.613832542367163
43.33815492220049	-9.672739907284267
29.251785736128227	-23.75910909335653
53.79731313312834	0.7864183036435861
73.25621773707564	20.24532290759089
27.32647944071971	-25.684415388765046
48.380563844771245	-4.63033098471351
48.14275208178617	-4.868142747698585
54.107766164136706	1.0968713346519507
67.61632252988522	14.605427700400469
64.1784351712023	11.16754034171754
47.14402238539071	-5.866872444094042
55.26620444865432	2.255309619169566
51.81987166147621	-1.1910231680085417
46.65995449891955	-6.350940330565209
66.37140807786375	13.360513248378993
102.00159629845177	48.99070146896702
92.62563110037183	39.61473627088708
55.261086274146805	2.2501914446620503
59.28703648734256	6.276141657857806
47.627439886001525	-5.38345494348323
80.4652104619646	27.454315632479847
64.84263352958544	11.831738700100686
42.75547468547768	-10.255420144007076
74.48726611183258	21.476371282347827
61.62035016171751	8.609455332232756
79.49241587517201	26.48152104568726
59.21861197210558	6.207717142620822
55.06468156454969	2.053786735064932
50.73780343903229	-2.273091390452464
64.51147407303972	11.500579243554967
20.931948770249733	-32.07894605923502
58.67818347695459	5.667288647469832
36.80320192294778	-16.207692906536977
40.403132597222	-12.607762232262758
55.008319131234316	1.997424301749561
37.265091030994085	-15.74580379849067
58.424218219840554	5.413323390355799
62.09621095862997	9.085316129145212
55.48046282577445	2.4695679962896975
68.3102405818255	15.299345752340741
58.12237666961039	5.111481840125634
22.248251507761893	-30.762643321722862
1.8153879330394602	-51.195506896445295
48.382624978000536	-4.6282698514842195
76.0474549298134	23.036560100328643
59.85923912092869	6.8483442914439365
81.98851608542202	28.977621255937265
27.86689024560212	-25.144004583882634
96.3279756451858	43.31708081570105
52.805934196924795	-0.20496063255995978
53.235079528113715	0.22418469862896018
51.994346392694865	-1.0165484367898898
52.28854069009424	-0.722354139390518
7.762952345078816	-45.24794248440594
84.30950252913055	31.2986076996458
45.048090758141484	-7.962804071343271
35.72606940904109	-17.284825420443667
57.41745547394851	4.406560644463752
109.88720206880419	56.87630723931943
72.36994741297269	19.359052583487937
26.472488696065852	-26.538406133418903
52.6744411673036	-0.3364536621811567
56.5042612868757	3.493366457390948
45.13531826064457	-7.875576568840188
32.31199116734672	-20.698903662138036
51.02481902753527	-1.9860758019494824
55.6394699948479	2.628575165363145
28.332145847079232	-24.678748982405523
100.02173647692427	47.01084164743952
71.43660525803455	18.42571042854979
40.18943387855427	-12.821460950930486
68.12323737612053	15.112342546635773
63.56889479930862	10.557999969823868
109.1030229539075	56.09212812442274
30.152242332934406	-22.85865249655035
65.1880647341651	12.17716990468034
80.25642722125224	27.245532391767483
18.839930842460603	-34.17096398702415
39.95810972019274	-13.052785109292017
74.32750738550851	21.316612556023756
42.9067315136391	-10.104163315845653
98.79512799348333	45.78423316399858
37.65566413892259	-15.355230690562166
20.557012871610937	-32.45388195787382
75.9264558847982	22.915561055313447
41.36701269471553	-11.643882134769228
33.52303388156463	-19.487860947920126
5.6943588290206435	-47.31653600046411
50.662617214989154	-2.3482776144956006
67.94422619398858	14.933331364503829
25.83491226178478	-27.175982567699975
59.64136244186841	6.630467612383654
50.46254347949173	-2.548351349993027
60.82224111588323	7.811346286398475
59.422727227172004	6.411832397687249
77.58153748952202	24.570642660037265
31.355146985054603	-21.655747844430152
39.62760793309019	-13.383286896394566
64.91015798239562	11.899263152910862
71.63722577857436	18.626330949089606
83.92028421021416	30.909389380729408
60.469074554833355	7.4581797253486
63.57636145411118	10.565466624626424
26.09638122660283	-26.914513602881925
53.58255816900521	0.5716633395204553
31.708300809191428	-21.302594020293327
66.60707023798489	13.59617540850013
54.588349865273926	1.5774550357891712
29.297051919949013	-23.713842909535742
78.34117789420009	25.33028306471533
62.41709075840947	9.406195928924717
65.68603618041845	12.6751413509337
28.438686846425412	-24.572207983059343
11.53869567520917	-41.472199154275586
110.90993729723152	57.89904246774677
17.826330521759814	-35.18456430772494
35.89825916880102	-17.112635660683736
44.2883326325001	-8.722562196984654
62.1273782124382	9.116483382953447
43.266868906711466	-9.74402592277329
93.66996652239061	40.659071692905854
80.38279864565004	27.371903816165286
44.45238326868741	-8.558511560797342
70.15037395288994	17.13947912340518
39.526468974353634	-13.484425855131121
97.70792482261197	44.69702999312722
64.8320137543243	11.821118924839539
30.157755560493683	-22.85313926899107
54.310066835712064	1.2991720062273089
67.64919138086145	14.638296551376698
77.57937234803569	24.568477518550935
111.07461641317525	58.063721583690494
44.36047084196355	-8.650423987521208
91.51897551808099	38.50808068859624
79.83715199782921	26.826257168344455
47.97122736328049	-5.039667466204264
80.65603918921727	27.645144359732512
87.54987541579351	34.53898058630875
30.051680003501247	-22.95921482598351
58.51681979885791	5.5059249693731545
80.34378279546684	27.33288796598208
133.49339244544274	80.48249761595798
67.21463972969389	14.20374490020913
15.605104036444686	-37.40579079304007
91.94285461366701	38.931959784182254
27.58585069491994	-25.425044134564814
56.6313498064311	3.6204549769463483
76.76476348047902	23.753868650994264
63.340147660060325	10.32925283057557
48.11821990884084	-4.892674920643913
51.53704703724827	-1.4738477922364837
59.43099287536927	6.420098045884515
36.229668448712914	-16.78122638077184
46.20908452949254	-6.801810299992212
79.78813720334904	26.777242373864283
37.46817879091134	-15.542716038573417
45.38467607237283	-7.626218757111928
18.36892277711479	-34.641972052369965
11.211418143332708	-41.79947668615205
38.49107509137423	-14.519819738110527
47.9289013935969	-5.081993435887853
86.78251612185443	33.77162129236967
63.83854664666171	10.827651817176957
49.66288490302861	-3.348009926456143
52.4512730784237	-0.5596217510610586
9.920334947940432	-43.09055988154432
71.99922930832429	18.988334478839533
59.31424448782229	6.303349658337538
49.7327937383717	-3.278101091113058
41.4598895055143	-11.551005323970458
61.977124563233815	8.96622973374906
27.00461358135101	-26.006281248133746
38.279229125594725	-14.73166570389003
50.58709679398919	-2.4237980354955653
60.77111007052474	7.760215241039987
66.4296107821475	13.418715952662751
48.46922222781461	-4.541672601670143
38.330200917907064	-14.680693911577691
70.55242897592427	17.541534146439517
73.02649996510183	20.01560513561708
88.88285821717466	35.8719633876899
35.068914738459284	-17.94198009102547
34.524806203790945	-18.48608862569381
57.52655236228486	4.515657532800105
41.957371833971706	-11.053522995513049
92.7389086244558	39.72801379497105
25.69878762176552	-27.312107207719237
73.66112327608164	20.650228446596884
37.834543798530945	-15.17635103095381
54.74633781896148	1.7354429894767236
39.44306976054679	-13.567825068937964
25.09210910536524	-27.918785724119516
35.86323279278179	-17.147662036702968
65.8794907550083	12.86859592552355
99.95668399770977	46.94578916822502
77.11632232532895	24.105427495844197
79.28018196631922	26.269287136834464
74.06926457713882	21.05836974765407
51.08111178421416	-1.9297830452705966
22.677938393802037	-30.332956435682718
52.0152987115481	-0.9955961179366568
5.2502377324900635	-47.76065709699469
10.018401156300683	-42.99249367318407
42.43925449309347	-10.571640336391283
31.708316481953375	-21.30257834753138
25.32585405120801	-27.685040778276743
23.353159889627136	-29.65773493985762
34.05464916131052	-18.956245668174233
90.0263264708675	37.01543164138275
58.795761851525754	5.784867022040999
64.78214789895458	11.771253069469822
61.046142454700316	8.035247625215561
58.31035759354302	5.299462764058262
77.98893490875082	24.978040079266066
40.136147117305086	-12.87474771217967
69.9912459808885	16.980351151403738
78.79796074131912	25.78706591183436
61.09491650778102	8.084021678296267
10.590032945013377	-42.42086188447138
55.895321237131725	2.88442640764697
0.860150240308144	-52.15074458917661
48.7451211843628	-4.2657736451219535
47.44927986705909	-5.561614962425665
67.60310500070511	14.592210171220358
107.79145867191721	54.78056384243246
45.95677023972269	-7.054124589762068
36.55477105694183	-16.456123772542924
41.33213974436978	-11.678755085114972
60.102313662316305	7.09141883283155
58.62366969237803	5.612774862893275
24.394277379241544	-28.61661745024321
50.871608591250265	-2.13928623823449
35.55841163844627	-17.452483191038482
60.67326183131547	7.662367001830717
34.00632003133535	-19.004574798149406
81.82930703035265	28.818412200867897
51.600855946487286	-1.410038882997469
33.260877897327305	-19.75001693215745
30.7579505442892	-22.252944285195554
38.09579672826396	-14.915098101220792
92.72939281208266	39.71849798259791
41.34412564061233	-11.666769188872422
27.776539840783812	-25.234354988700943
64.2499047072098	11.239009877725039
49.76306190038042	-3.2478329291043337
41.01262229265296	-11.998272536831792
59.80581557036669	6.794920740881935
42.28929642396281	-10.721598405521945
67.93945085979533	14.928556030310574
85.0307983049471	32.01990347546234
52.10851540352917	-0.9023794259555871
21.193803612642228	-31.817091216842528
46.02426807173936	-6.986626757745398
54.408388628658145	1.3974937991733896
65.78094454898849	12.770049719503731
70.5355347540218	17.52463992453704
62.98219792698103	9.971303097496275
70.18009780860041	17.169202979115653
37.10709552029323	-15.903799309191527
59.40821422730107	6.397319397816318
33.9441119774757	-19.066782852009055
38.71395528608002	-14.296939543404733
51.264853695281204	-1.7460411342035513
53.61175999872387	0.600865169239114
22.952655228558	-30.058239600926754
81.20195775198692	28.19106292250217
63.98174287053291	10.970848041048157
57.63077496913786	4.619880139653105
30.2371000359027	-22.773794793582056
63.83350899142272	10.822614161937963
32.53867382258352	-20.472221006901236
34.552610867632325	-18.45828396185243
38.12232732389123	-14.888567505593528
67.1122795832681	14.10138475378335
32.19811250399391	-20.812782325490844
90.88583035993099	37.87493553044624
30.358444636284844	-22.65245019319991
70.10116162106453	17.09026679157978
108.31192183038104	55.30102700089628
40.050073573574196	-12.96082125591056
45.220039760814984	-7.790855068669771
46.923643019011365	-6.08725181047339
28.50600032664545	-24.504894502839306
10.422763661151407	-42.58813116833335
43.27337184966484	-9.737522979819914
38.70230716595427	-14.308587663530488
57.17908491488663	4.168190085401875
54.60799405415776	1.597099224673002
64.11050936417189	11.099614534687134
26.543094383499124	-26.46780044598563
46.304399929596116	-6.706494899888639
80.29028647530242	27.279391645817668
56.57303922503081	3.5621443955460563
47.61219501901826	-5.398699810466496
101.56315042128438	48.55225559179962
57.191831976762046	4.180937147277291
86.50260213634931	33.491707306864555
54.455251553464336	1.4443567239795811
77.18052749033552	24.169632660850766
52.13430803179392	-0.8765867976908339
43.131005833890526	-9.879888995594229
40.704890756392274	-12.306004073092481
85.87030276930193	32.859407939817174
37.639246466807094	-15.37164836267766
44.31922319466423	-8.691671634820523
39.83980827022344	-13.171086559261312
57.074647720805956	4.063752891321201
52.904259834676054	-0.10663499480870087
47.711363847197504	-5.299530982287251
42.872866872586314	-10.13802795689844
61.392197780053834	8.38130295056908
66.30164772460296	13.290752895118203
52.26403469253739	-0.7468601369473618
71.80015352422663	18.789258694741875
39.129642271077614	-13.881252558407141
45.88354417840776	-7.127350651076995
69.72973443491094	16.718839605426183
66.56060767977499	13.549712850290234
61.91541639213858	8.904521562653827
63.820787535461136	10.809892705976381
57.75456765953743	4.743672830052674
61.74668443153962	8.735789602054865
20.36528677501076	-32.645608054473996
45.05003182832036	-7.960863001164398
43.36076258888818	-9.650132240596577
78.5923003289546	25.581405499469838
72.78308705309348	19.772192223608727
62.79663789742801	9.785743067943258
30.396585749146766	-22.61430908033799
89.49017801890034	36.47928318941558
91.78512650519144	38.77423167570669
44.38791562887957	-8.622979200605187
87.44024804248068	34.42935321299592
67.95261592795316	14.941721098468406
81.77180112558301	28.760906296098256
96.0954292795551	43.08453445007035
63.91153554332152	10.900640713836765
39.41607273745933	-13.594822092025424
9.34873785287084	-43.662156976613915
85.49419097482053	32.48329614533577
58.85956674979127	5.848671920306515
27.034951025944906	-25.97594380353985
52.94100767390512	-0.06988715557963587
76.6791242757946	23.66822944630985
72.98510729801376	19.974212468529004
57.62610095134471	4.615206121859956
93.52801979188109	40.51712496239634
3.6588613307150126	-49.35203349876974
14.32539883061429	-38.685495998870465
65.84092379625247	12.830028966767713
76.42456513584068	23.413670306355925
51.43520029615786	-1.575694533326896
38.89577374860994	-14.115121080874815
47.89217396580091	-5.118720863683848
40.853218536799545	-12.15767629268521
30.17041035036266	-22.840484479122097
58.78798604682845	5.7770912173436955
49.3865360953979	-3.6243587340868544
27.106373207531874	-25.90452162195288
23.420393912140867	-29.59050091734389
24.42982468440198	-28.581070145082776
42.28141277365387	-10.729482055830886
54.95793336736563	1.9470385378808714
112.67602086751606	59.6651260380313
-6.368646018246068	-59.37954084773082
44.33809579846741	-8.672799031017348
50.09613585669024	-2.914758972794516
102.00564996086644	48.99475513138168
86.3388949220581	33.32800009257335
85.05171718159284	32.04082235210808
33.261220139528746	-19.74967468995601
70.74120718140796	17.730312351923203
12.490177241071365	-40.52071758841339
65.17375907536655	12.162864245881792
69.15167111285439	16.140776283369632
25.56933789756033	-27.441556931924424
30.353050956783704	-22.65784387270105
29.01917301414244	-23.991721815342316
86.35207473628282	33.34117990679806
48.15433689563827	-4.856557933846489
61.216309827553346	8.20541499806859
61.0828314646252	8.071936635140446
62.72662257482182	9.715727745337063
45.09882379754447	-7.912071031940286
28.842303502407162	-24.168591327077593
61.561474410123196	8.550579580638441
42.31676453788998	-10.694130291594774
31.203527180555398	-21.807367648929358
48.23037904703699	-4.780515782447765
64.93721411905892	11.926319289574167
12.522511242689802	-40.48838358679495
56.57334110817931	3.5624462786945514
46.374830950565524	-6.636063878919231
23.15180507816433	-29.859089751320425
56.723906680422374	3.713011850937619
28.24949261903123	-24.761402210453525
60.251765070982515	7.24087024149776
34.85874274444825	-18.152152085036505
94.95694700652268	41.94605217703793
29.726331629271158	-23.284563200213597
43.97761242109584	-9.033282408388914
114.590322094523	61.57942726503825
38.813922729638875	-14.19697209984588
-10.915077892360273	-63.92597272184503
53.922403658686676	0.9115088292019209
57.65807539395348	4.6471805644687265
31.198973544324986	-21.81192128515977
7.298813737045862	-45.71208109243889
38.91776843855507	-14.093126390929683
62.5481025465607	9.537207717075944
50.48865827918519	-2.522236550299567
37.61842692598759	-15.392467903497163
84.71973687597085	31.708842046486097
48.251171060522324	-4.759723768962431
52.78430345019035	-0.22659137929440476
111.19377538880974	58.182880559324985
40.71092370833969	-12.299971121145063
64.6968852702895	11.685990440804744
45.635132471467955	-7.3757623580168
46.9222470134456	-6.088647816039156
60.37427303020843	7.363378200723673
58.05556351636653	5.044668686881778
48.93693988775078	-4.073954941733973
48.41726068368473	-4.593634145800024
61.78207103237685	8.771176202892093
24.039841955153975	-28.97105287433078
22.399980701248865	-30.61091412823589
50.996924526106454	-2.0139703033783007
38.66709995265876	-14.343794876825996
112.61005009744724	59.59915526796249
53.32098632467853	0.3100914951937739
84.59856258084358	31.587667751358822
65.60775608326833	12.596861253783572
48.266078040212165	-4.7448167892725905
50.89255004907784	-2.1183447804069147
79.11274398022681	26.101849150742055
49.0395521149959	-3.9713427144888556
105.29070169564977	52.27980686616502
65.84238588404435	12.831491054559592
43.50846109510633	-9.502433734378428
119.56383883585397	66.55294400636922
53.468183441092265	0.45728861160750967
6.927991052235598	-46.08290377724916
42.863109899893175	-10.14778492959158
35.426420120628904	-17.58447470885585
64.34433686813747	11.33344203865272
55.69461837907613	2.6837235495913774
65.60055097907491	12.589656149590155
39.64642433269648	-13.364470496788272
76.72939686479106	23.7185020353063
48.530270782565935	-4.48062404691882
72.7072652582184	19.696370428733644
70.52544420537481	17.514549375890056
39.02770794736455	-13.983186882120208
31.580169691548804	-21.43072513793595
65.77528317619465	12.764388346709893
32.803859329161355	-20.2070355003234
74.83106845074974	21.820173621264985
65.93553303898545	12.9246382095007
44.5257349201903	-8.485159909294453
33.95519558607077	-19.055699243413983
59.798651718044425	6.78775688855967
77.00508656964405	23.994191740159295
91.7736486937257	38.76275386424095
55.54820974699862	2.537314917513868
38.40754721267615	-14.603347616808605
71.44205151220842	18.431156682723667
65.94056858335273	12.929673753867974
34.27590613873792	-18.73498869074683
29.110447621326898	-23.900447208157857
65.15120387296076	12.140309043476009
46.65214963458595	-6.358745194898802
51.74720899510896	-1.2636858343757922
57.713193301989236	4.702298472504481
37.32011822218658	-15.690776607298176
33.5929766901437	-19.417918139341054
87.2870125538949	34.27611772441014
44.21590788302012	-8.794986946464633
51.73070000045584	-1.2801948290289147
61.95522147868644	8.944326649201685
43.06058886547282	-9.950305964011932
35.572155567545565	-17.43873926193919
68.05604918947677	15.045154359992011
68.5175651497749	15.50667032029014
44.56831385268481	-8.442580976799945
55.05842371125357	2.0475288817688124
4.076848738322155	-48.9340460911626
46.12667208539381	-6.884222744090948
74.04937644867925	21.0384816191945
23.266329775889176	-29.74456505359558
27.635268440445657	-25.3756263890391
49.15880206536269	-3.8520927641220624
79.81860074156896	26.807705912084202
75.12944866778446	22.118553838299704
71.39420327882283	18.383308449338074
30.813069238477624	-22.19782559100713
73.62632175435022	20.61542692486546
22.26958070177818	-30.741314127706573
48.32972326761694	-4.681171561867814
42.91253045239603	-10.098364377088728
4.854459211904327	-48.15643561758043
40.864414794535264	-12.14648003494949
27.841331221400765	-25.16956360808399
29.74042519403622	-23.270469635448535
19.595691276777075	-33.41520355270768
46.750781462241434	-6.260113367243321
19.477923403294994	-33.53297142618976
50.24684102123604	-2.7640538082487183
35.39286646567518	-17.61802836380957
72.175898072329	19.16500324284425
53.927140264063496	0.916245434578741
88.8313198707375	35.82042504125275
53.24504890689161	0.23415407740685623
44.43083552194469	-8.580059307540068
6.766993913949705	-46.24390091553505
77.90928802994779	24.898393200463033
78.81007900814177	25.799184178657015
37.50817462297448	-15.502720206510276
96.98107824867941	43.970183419194655
64.67567149855779	11.664776669073035
55.62132243505505	2.610427605570294
-24.38733208743622	-77.39822691692098
25.474876425248226	-27.53601840423653
64.51586172347481	11.504966893990058
79.40209039143986	26.3911955619551
30.72216463914549	-22.288730190339265
39.95781571229338	-13.053079117191373
67.61527019636299	14.60437536687823
77.34912110031757	24.33822627083282
74.82941395583214	21.818519126347383
54.048147557031484	1.0372527275467291
48.42330403485278	-4.5875907946319785
78.09101909625053	25.08012426676578
44.76877765731945	-8.242117172165308
70.5553846373706	17.54448980788584
83.47041737336724	30.459522543882485
79.28261239969754	26.271717570212786
13.009737628356675	-40.00115720112808
91.13559029736382	38.124695467879064
82.36455156139448	29.353656731909723
48.15487326428877	-4.856021565195988
66.8446660678502	13.833771238365443
55.99671105527261	2.9858162257878575
55.87499638904876	2.8641015595640056
32.816847603030624	-20.19404722645413
68.1253025323723	15.114407702887547
50.314908363395375	-2.69598646608938
25.19907626370434	-27.811818565780413
73.61225298064994	20.601358151165186
36.28396017809166	-16.726934651393094
45.305628210587315	-7.70526661889744
30.948257081419	-22.062637748065754
97.29487049553893	44.283975666054175
41.87629930925789	-11.134595520226867
44.28380706496421	-8.727087764520547
93.02002611138334	40.00913128189859
61.11972712548334	8.108832295998582
23.821344557048292	-29.189550272436463
69.31916243098851	16.308267601503758
34.45110131845752	-18.559793511027237
56.71786010302196	3.7069652735372074
94.5248377644649	41.51394293498015
64.77832165550092	11.767426826016163
76.25319622696145	23.242301397476695
7.0419763943692715	-45.968918435115484
29.25408449865529	-23.756810330829467
50.021940245254086	-2.988954584230669
64.70264486686676	11.691750037382008
31.78054309243919	-21.230351737045567
70.5325338910817	17.521639061596943
22.33951064182213	-30.671384187662625
44.80070871564851	-8.210186113836244
67.21793105343124	14.207036223946488
61.699719059984204	8.68882423049945
62.5440875090618	9.533192679577041
101.25899183523609	48.24809700575133
72.78095043272072	19.77005560323596
64.99787833833136	11.986983508846606
50.11032485271164	-2.900569976773113
83.13646432283451	30.125569493349758
54.83759768252378	1.8267028530390235
72.22329818225	19.21240335276525
55.686090072534284	2.6751952430495294
39.19065787544707	-13.820236954037682
42.883334142146055	-10.1275606873387
55.593936483729635	2.58304165424488
21.234166049868804	-31.77672877961595
40.56295761016838	-12.447937219316373
92.17658297061746	39.165688141132705
79.34738460749679	26.336489778012037
62.86549274139281	9.854597911908058
44.42802944107564	-8.582865388409118
23.11132079505944	-29.899574034425314
21.37222528878658	-31.638669540698174
69.6672069457901	16.656312116305344
0.7135515581222762	-52.29734327136248
90.65473811404547	37.64384328456072
70.844553931228	17.83365910174325
29.427593896257463	-23.583300933227292
71.78123677909491	18.770341949610156
39.198197716255095	-13.81269711322966
83.95704081056931	30.946145981084555
19.771711792888823	-33.23918303659593
46.90552979470988	-6.105365034774877
44.035662377403355	-8.9752324520814
81.49246740589035	28.481572576405597
47.52790517423011	-5.4829896552546415
55.614728971229056	2.6038341417443007
70.95988100246643	17.948986172981677
53.748755793470195	0.7378609639854403
32.450090110102906	-20.56080471938185
106.74276591158298	53.73187108209822
46.06667721872975	-6.944217610755004
35.515356178734805	-17.49553865074995
51.76005115398323	-1.2508436755015282
32.00151083301637	-21.009383996468387
44.71826206241269	-8.292632767072064
73.71647146884527	20.705576639360515
23.553302136152638	-29.457592693332117
24.821452765293657	-28.1894420641911
67.62549028074602	14.614595451261266
46.03919196507661	-6.971702864408144
39.88650089620671	-13.124393933278043
29.452475638788314	-23.55841919069644
61.47869304143126	8.467798211946501
54.712241489459416	1.7013466599746607
43.06560487326817	-9.945289956216584
40.13539333858819	-12.875501490896568
49.76676768693608	-3.2441271425486775
60.20746541735309	7.196570587868337
47.52934592080885	-5.481548908675904
76.78830335406121	23.777408524576458
39.305445542607345	-13.70544928687741
32.93829421166913	-20.072600617815624
53.77492146121688	0.764026631732122
58.14837543349597	5.137480604011216
55.66080509016058	2.6499102606758242
49.83672598012083	-3.174168849363923
66.35830888596422	13.347414056479465
63.159969352248595	10.14907452276384
48.32796164979402	-4.682933179690735
51.334556956038	-1.6763378734467551
45.90200684038166	-7.108887989103096
55.371138894949695	2.36024406546494
50.38609142545204	-2.6248034040327184
78.98471502539644	25.973820195911685
43.479503218016475	-9.53139161146828
44.41006113277865	-8.600833696706104
82.56521353655728	29.554318707072525
47.500883619625824	-5.510011209858931
50.83639536459407	-2.174499464890687
44.054904273104626	-8.95599055638013
69.00530144131801	15.994406611833256
16.18846277501609	-36.82243205446866
65.73321101612703	12.722316186642274
59.60140609545226	6.590511265967507
57.8385222622793	4.827627432794543
68.80411064050452	15.793215811019763
44.32121197061963	-8.689682858865126
66.6218927668134	13.610997937328648
50.77172578362399	-2.2391690458607627
73.78299257590436	20.772097746419604
46.09549492937106	-6.915399900113698
79.22180837237568	26.21091354289092
38.42680617367034	-14.584088655814412
78.79055642526248	25.779661595777725
26.17430074309698	-26.836594086387777
44.910118418415664	-8.100776411069091
32.67499273425085	-20.335902095233905
33.526353963058796	-19.48454086642596
85.31207118720806	32.30117635772331
48.46045694627276	-4.550437883211998
53.8320620138594	0.8211671843746444
54.19748199018534	1.186587160700583
81.6788042348536	28.667909405368846
24.800130297245346	-28.21076453223941
67.76257788463147	14.751683055146714
31.365410628180257	-21.645484201304498
40.53528206742078	-12.475612762063975
50.10385430531926	-2.9070405241654953
60.055465479255076	7.044570649770321
36.3083678532322	-16.702526976252557
41.6597189896612	-11.351175839823554
42.05162229399605	-10.959272535488708
56.360161246852954	3.3492664173681987
30.372675475509027	-22.638219353975728
67.20458748781414	14.193692658329383
49.81651912747941	-3.1943757020053454
73.01857103666873	20.007676207183977
66.99793774934835	13.987042919863597
68.3400153015292	15.329120472044451
72.35843877698528	19.347543947500526
54.37586372613907	1.364968896654318
78.4337305914861	25.42283576200134
13.019646342542842	-39.99124848694191
31.773125717333755	-21.237769112151
66.94293435843895	13.932039528954192
80.67456667213003	27.66367184264527
98.81940149347531	45.808506663990556
82.70890152194363	29.698006692458875
31.869948462500474	-21.14094636698428
49.912434736431464	-3.0984600930532906
39.165486158313	-13.845408671171754
47.866107854327424	-5.144786975157331
128.33202659474512	75.32113176526036
7.717529854348982	-45.29336497513577
75.49749613964116	22.486601310156402
44.61274551887357	-8.398149310611188
53.15390986200248	0.14301503251772374
69.96913093539945	16.958236105914693
22.680578888354944	-30.33031594112981
86.83123628375063	33.82034145426587
47.083152827840536	-5.927742001644219
30.973023175339335	-22.03787165414542
43.44481517447741	-9.566079655007343
5.521731208679853	-47.4891636208049
37.98585743860633	-15.025037390878424
57.02236545111111	4.0114706216263585
34.85263121994387	-18.15826360954088
88.27421791550762	35.263323086022865
85.05106882408029	32.040173994595534
94.07533180628263	41.06443697679788
76.58072252289742	23.569827693412662
70.5054968061205	17.49460197663575
58.27178720369295	5.260892374208197
68.45035629370716	15.439461464222404
35.908723912366554	-17.1021709171182
50.46522524008935	-2.545669589395402
22.56055955279328	-30.450335276691476
64.13194142733585	11.121046597851091
107.28353594342946	54.2726411139447
78.04991892060673	25.039024091121973
30.449096564601064	-22.56179826488369
45.12706280006853	-7.883832029416226
66.94782454775589	13.93692971827113
54.467339618718256	1.456444789233501
22.46821585756436	-30.542678971920395
72.32197410108813	19.311079271603376
34.4891748737183	-18.521719955766457
51.56470731634647	-1.446187513138284
51.43655129423598	-1.5743435352487722
61.27576868409699	8.264873854612233
63.996352658524415	10.98545782903966
35.94858421375568	-17.062310615729075
58.18320158037125	5.1723067508864915
36.27619669789158	-16.734698131593177
31.287479643831034	-21.72341518565372
35.073847749246056	-17.9370470802387
34.25642690148845	-18.754467927996302
53.36281444012013	0.35191961063537747
34.70099349185068	-18.309901337634074
25.308490422544423	-27.70240440694033
49.248713010009965	-3.7621818194747902
34.20696903774399	-18.803925791740767
53.61369303285494	0.6027982033701846
75.21441550901102	22.203520679526264
33.37529443338747	-19.63560039609729
106.9854512531648	53.97455642368004
54.485748073629225	1.4748532441444695
34.172254121284936	-18.83864070819982
19.33321573677415	-33.677679092710605
77.27366057444772	24.262765744962962
43.92537608730083	-9.085518742183922
82.51256284723524	29.50166801775049
44.20369109741762	-8.807203732067137
56.36917251399893	3.358277684514178
65.4763221328368	12.465427303352044
42.499350719333165	-10.51154411015159
50.804872155572525	-2.20602267391223
10.91420792969177	-42.096686899792985
57.988810106811	4.977915277326247
82.54936087587441	29.538466046389658
70.9275380078808	17.916643178396043
39.81623125730141	-13.194663572183345
67.45105134923244	14.440156519747688
69.69993981569598	16.68904498621123
35.603937488024826	-17.40695734145993
50.50591636270576	-2.5049784667789936
69.8811523946107	16.87025756512594
75.77529475697258	22.76439992748783
25.56534205908713	-27.445552770397626
70.32774054132926	17.316845711844508
72.51639597787755	19.505501148392796
62.02460041785264	9.013705588367884
54.240306600001645	1.22941177051689
63.381640506505505	10.37074567702075
64.26109877837473	11.250203948889975
52.01943956502248	-0.9914552644622745
48.83933562991035	-4.1715591995744035
53.7101609583234	0.6992661288386444
83.63060740585672	30.619712576371967
80.26346201303124	27.25256718354649
65.98880051493063	12.977905685445876
58.59773746171152	5.586842632226762
84.65344597456453	31.64255114507978
67.06947010601755	14.058575276532792
40.0687987857865	-12.942096043698257
33.291847307326975	-19.71904752215778
27.125851787340366	-25.88504304214439
38.36394324619789	-14.646951583286864
42.973016211767685	-10.03787861771707
46.13907594595105	-6.871818883533706
22.22628374635417	-30.784611083130585
73.4375520968216	20.42665726733685
20.698080661784047	-32.31281416770071
18.153665208189636	-34.85722962129512
59.015641290917415	6.00474646143266
64.74599246024911	11.735097630764358
48.25529904487951	-4.755595784605248
71.66071422613925	18.649819396654493
41.73622958685621	-11.274665242628544
8.93767799086811	-44.073216838616645
35.56282072994975	-17.448074099535006
9.519732782578217	-43.49116204690654
58.752612440487724	5.741717611002969
61.80884025742591	8.797945427941158
16.929053658318594	-36.08184117116616
55.21661048132694	2.2057156518421834
45.325896483428664	-7.684998346056091
13.95474178341567	-39.056153046069085
22.94186573266518	-30.069029096819577
28.853213490748317	-24.157681338736438
27.346021264519663	-25.66487356496509
3.0318068355746846	-49.97908799391007
16.30680414788833	-36.704090681596426
69.80522069537722	16.79432586589246
40.05690114845231	-12.953993681032443
83.87238234519202	30.861487515707267
62.14557322074427	9.134678391259513
48.007902834918355	-5.0029919945664005
43.56103270779306	-9.449862121691694
24.77833641609061	-28.232558413394145
77.80795704837249	24.79706221888773
57.43681290151028	4.4259180720255245
70.79550771158131	17.784612882096553
66.61370271728549	13.602807887800736
66.61321621507989	13.602321385595133
58.20626603803714	5.1953712085523875
36.028847352344314	-16.98204747714044
45.1540259084187	-7.856868921066052
30.60254914792779	-22.408345681556966
74.70624820729893	21.695353377814172
62.1429056745593	9.132010845074547
50.56294855037879	-2.447946279105963
41.44586041951436	-11.565034409970394
45.476878426537155	-7.5340164029476
43.96760930021003	-9.043285529274726
100.61623206125398	47.60533723176923
61.70312790715718	8.692233077672427
41.559442205824894	-11.451452623659861
81.43630883396429	28.425414004479535
18.957866037196368	-34.05302879228839
59.415402190196914	6.404507360712159
65.7601136641216	12.74921883463685
86.58613385132514	33.57523902184039
80.36540026082832	27.35450543134357
3.1365914910321635	-49.87430333845259
51.333484036430605	-1.6774107930541504
50.41346017121862	-2.5974346582661383
71.12331945734798	18.11242462786322
46.629399711678275	-6.38149511780648
35.4506903782941	-17.560204451190657
60.13577680060291	7.124881971118157
85.53639475105331	32.52549992156855
68.76081569455448	15.749920865069726
66.99404468056048	13.983149851075723
17.499302025525253	-35.5115928039595
39.787316278369985	-13.22357855111477
77.12179946665594	24.11090463717119
55.053880361204506	2.0429855317197507
81.34562022636703	28.334725396882277
68.78283637644665	15.771941546961898
63.16105040708965	10.150155577604892
31.150129068487445	-21.86076576099731
78.89682791785629	25.88593308837153
91.60512316081906	38.59422833133431
37.35888740828261	-15.652007421202143
53.78711878596107	0.7762239564763149
45.52137802419486	-7.489516805289895
50.065984420643076	-2.944910408841679
51.95458376693307	-1.0563110625516856
31.414381483457987	-21.596513346026768
55.74919394903293	2.7382991195481736
75.02611309012457	22.015218260639813
70.18238682918775	17.171491999702994
26.59388505264826	-26.417009776836494
67.55162501697953	14.540730187494773
42.06524471147452	-10.945650118010235
31.569531096950527	-21.441363732534228
44.21390811294725	-8.796986716537504
98.31455935660517	45.30366452712042
61.16904280653864	8.158147977053886
35.187726858615065	-17.82316797086969
72.19918091418106	19.1882860846963
43.772042050467576	-9.23885277901718
47.249704826191305	-5.76119000329345
27.092903109781332	-25.917991719703423
66.18863208656433	13.17773725707957
104.2338875708275	51.22299274134275
86.2762906226609	33.26539579317614
28.513312088446696	-24.49758274103806
36.16501349496423	-16.845881334520527
55.821871810611924	2.810976981127169
31.924394269740446	-21.08650055974431
43.33861777410959	-9.672277055375162
60.24087043667271	7.229975607187953
64.0020566607028	10.99116183121805
-0.4477292875188823	-53.45862411700364
13.2715687412757	-39.739326088209054
55.84368124873902	2.832786419254262
8.385329856047179	-44.62556497343758
77.85260353045771	24.84170870097296
102.92066258031002	49.90976775082527
52.839926226156535	-0.17096860332821961
67.54447231178813	14.533577482303372
57.74758048574324	4.736685656258487
52.693269290121975	-0.3176255393627798
27.50626325030055	-25.504631579184206
41.427624022752866	-11.583270806731889
58.356671082471735	5.34577625298698
74.14866205789906	21.137767228414305
49.679904574431134	-3.330990255053621
59.05655453617976	6.045659706695005
85.06607467777678	32.05517984829203
67.94640630396782	14.935511474483064
42.096943957168264	-10.91395087231649
32.773854389514895	-20.23704043996986
46.31845974774217	-6.6924350817425875
36.78492203729286	-16.225972792191897
36.99831715049106	-16.012577678993694
54.76977005118272	1.7588752216979628
61.60723406939826	8.596339239913505
36.815659680073736	-16.19523514941102
44.55587096482225	-8.455023864662508
11.8502197781537	-41.160675051331054
58.85691696887545	5.846022139390698
73.59513865867223	20.58424382918747
55.648964661105424	2.638069831620669
43.75045049915673	-9.260444330328028
66.026285064033	13.01539023454825
80.34600922071434	27.33511439122958
59.31573852185568	6.304843692370923
34.253033874051766	-18.75786095543299
73.989744720374	20.97884989088925
84.30082039173169	31.289925562246935
94.45502357247926	41.44412874299451
37.817155154717625	-15.19373967476713
44.39879429495079	-8.612100534533965
65.5497153622756	12.53882053279085
38.91536262103648	-14.095532208448276
45.776751769987754	-7.234143059497001
22.04076342183282	-30.970131407651934
26.17002353843884	-26.840871291045914
49.98020422454749	-3.030690604937263
69.43417916117062	16.423284331685863
59.348201881400314	6.337307051915559
39.58955847718346	-13.421336352301296
57.274052342099026	4.263157512614271
62.88598145197204	9.875086622487288
57.09789199916588	4.086997169681126
35.30298108708405	-17.707913742400706
35.78676144528902	-17.22413338419574
46.43809232399974	-6.572802505485015
61.34010712251359	8.329212293028831
63.8030620977562	10.792167268271442
47.891691022586315	-5.11920380689844
31.397820141462148	-21.613074688022607
41.5214509273402	-11.489443902144558
87.72005836935307	34.709163539868314
80.45001383811643	27.43911900863168
45.986152836548285	-7.02474199293647
71.2133561934944	18.20246136400965
68.10392126639374	15.093026436908985
79.87287344421668	26.861978614731925
53.40551869919466	0.3946238697099034
58.002715498693874	4.991820669209119
30.550570027456274	-22.46032480202848
78.06504348862393	25.054148659139173
55.53120072637569	2.5203058968909318
67.48591933883029	14.47502450934553
26.302824740710207	-26.708070088774548
32.62894942157902	-20.381945407905732
45.68641874497291	-7.3244760845118435
59.50824176056369	6.497346931078937
38.00158846976876	-15.009306359715993
-1.8512037213757822	-54.86209855086054
59.87173772995186	6.860842900467105
4.684233854369381	-48.326660975115374
43.92596524497378	-9.084929584510974
3.8979632840538443	-49.11293154543091
49.974990636260486	-3.035904193224269
36.98998363694875	-16.020911192536005
68.99804609254818	15.987151263063424
83.48944145013695	30.478546620652196
70.23588679978741	17.224991970302653
34.062329161916864	-18.94856566756789
83.35414565007261	30.343250820587855
44.201606770108924	-8.809288059375831
42.70981280843728	-10.301082021047478
46.561676774251396	-6.449218055233359
39.43550233710732	-13.575392492377432
83.35072982404847	30.339834994563716
51.320858485171925	-1.69003634431283
51.76822788230959	-1.2426669471751666
74.49261272745673	21.481717897971976
35.744857518399954	-17.2660373110848
59.69903571061616	6.688140881131403
34.59201820171904	-18.418876627765712
39.85226810316556	-13.158626726319198
50.11639297401882	-2.8945018554659327
72.19757447594486	19.186679646460107
42.26518250858237	-10.745712320902385
56.43282685605402	3.421932026569266
87.18656551040942	34.17567068092467
8.148287369350442	-44.86260746013431
42.33539251231298	-10.675502317171777
65.58684632952384	12.575951500039082
59.62812853284879	6.617233703364036
50.77837573166937	-2.232519097815384
79.72734704537027	26.71645221588551
95.26495806294145	42.25406323345669
80.51482039197174	27.503925562486984
48.13670139508497	-4.8741934343997855
102.41439738440852	49.40350255492376
42.131275570141156	-10.879619259343599
73.23795580518083	20.227060975696077
77.45022673493543	24.439331905450672
68.46022287948756	15.449328050002805
31.376628349074167	-21.634266480410588
6.151902969451044	-46.85899186003371
38.41409301356646	-14.596801815918298
65.53322094021598	12.522326110731228
35.1492022695212	-17.861692559963558
43.209387245199764	-9.801507584284991
4.407166308422461	-48.603728521062294
29.833094608407123	-23.177800221077632
8.77739340797882	-44.233501421505935
14.951922332989056	-38.0589724964957
45.44963836001	-7.561256469474756
56.4323662902799	3.4214714607951464
52.21787725967181	-0.793017569812946
19.780238795055197	-33.23065603442956
55.92902125182911	2.9181264223443577
84.8741494461766	31.863254616691847
61.975649776509385	8.96475494702463
18.520766971535636	-34.49012785794912
48.90481299916166	-4.106081830323092
84.01693290623837	31.00603807675361
23.231660359179955	-29.7792344703048
82.8541437881114	29.843248958626646
36.860533810196216	-16.15036101928854
60.86424031426316	7.853345484778401
2.8753010102565213	-50.135593819228234
-1.6688874925702066	-54.67978232205496
30.881600417463346	-22.12929441202141
45.14768791979179	-7.863206909692963
83.27075774134312	30.259862911858363
105.65281854568923	52.641923716204474
74.5179987729399	21.50710394345515
51.493533393212715	-1.51736143627204
49.56446418125881	-3.4464306482259417
-1.804248486408028	-54.81514331589278
95.44987008464989	42.43897525516513
82.6612587876781	29.65036395819334
79.01992311823881	26.009028288754052
93.69518737165083	40.68429254216608
35.42888929244248	-17.582005537042278
74.6331426355365	21.622247806051746
106.67264428448573	53.66174945500097
81.27460784318566	28.263713013700908
27.03817027800426	-25.972724551480496
29.308943833461967	-23.701950996022788
32.74289808024071	-20.26799674924405
51.734163863705476	-1.2767309657792794
44.97988043590624	-8.031014393578516
51.4525030161941	-1.5583918132906547
39.24767300421547	-13.763221825269284
13.247154957895987	-39.76373987158877
29.636460211700182	-23.374434617784573
35.831054047860675	-17.17984078162408
64.81297181564616	11.80207698616141
60.75391850807239	7.743023678587633
14.352164908768032	-38.65872992071672
35.42689768050798	-17.583997148976778
88.47098121674674	35.46008638726198
40.450850554397334	-12.56004427508742
43.87405485804368	-9.136839971441077
53.018687873268505	0.007793043783749454
83.09325950069353	30.08236467120878
39.935390927877165	-13.07550390160759
26.825855056963633	-26.185039772521122
72.56620925238997	19.555314422905212
67.74840754006175	14.737512710576993
28.644619404663104	-24.36627542482165
64.40717163961847	11.396276810133713
25.061034895964553	-27.9498599335202
42.64252291499463	-10.368371914490126
115.57094598180731	62.56005115232256
74.78700535384007	21.776110524355317
62.54454360319244	9.533648773707682
39.45719505020418	-13.553699779280578
76.50924322507228	23.498348395587527
57.17777694114659	4.166882111661835
66.58117823311943	13.570283403634676
54.8884695495118	1.8775747200270416
66.47121259051085	13.46031776102609
83.3067977433576	30.29590291387285
88.67675132838951	35.66585649890476
16.50058552051371	-36.510309308971046
36.53658396121057	-16.474310868274188
13.327249281535046	-39.68364554794971
59.74498874100857	6.734093911523814
92.59544776412542	39.58455293464067
55.1566232538072	2.145728424322442
36.75289921871911	-16.257995610765647
63.481327248945604	10.470432419460849
33.961520655973004	-19.04937417351175
46.06562223213143	-6.945272597353323
61.22317548803869	8.212280658553937
72.6928188349458	19.681924005461042
65.80534534577339	12.794450516288634
106.19187591512048	53.18098108563572
79.44651059659839	26.43561576711363
53.402105185804544	0.39121035631978884
60.09630941285752	7.085414583372767
55.80559221489705	2.7946973854122916
55.87865141021496	2.8677565807302017
74.59500819855486	21.58411336907011
40.561853967029606	-12.44904086245515
37.56948533573188	-15.441409493752872
37.58638837209321	-15.424506457391544
61.51050618137117	8.499611351886415
78.77311826724792	25.76222343776317
47.51074409885507	-5.500150730629684
69.81473715292407	16.803842323439312
57.06094608246815	4.050051252983394
69.39055292724981	16.37965809776506
48.692852356504886	-4.318042472979869
98.71712155234593	45.706226722861174
73.79119376941992	20.780298939935165
60.4881379344198	7.477243104935042
57.009443228137684	3.998548398652929
44.80821283677244	-8.202681992712314
64.24075399629248	11.229859166807728
35.76392413577298	-17.246970693711773
115.69520098853275	62.68430615904799
9.709745030927593	-43.30114979855716
94.48418514772959	41.473290318244835
69.330032632589	16.31913780310424
15.891978097182005	-37.11891673230275
45.2617626192706	-7.749132210214157
96.3409882496536	43.33009342016885
60.22963065967372	7.218735830188962
60.89445893392724	7.883564104442485
9.978536955594905	-43.03235787388985
28.304649716291465	-24.70624511319329
25.511362698865128	-27.499532130619627
42.284201580191734	-10.726693249293021
51.768246627475605	-1.2426482020091498
65.30568031961332	12.294785490128561
59.948731732093734	6.937836902608979
54.70840586346924	1.6975110339844832
25.23778409830004	-27.773110731184715
51.7984243437578	-1.2124704857269535
63.81809757286567	10.807202743380913
