Ea=127.13948728144169	delta_Ea
114.1020420640707	-13.037445217370987
122.32165200263262	-4.817835278809071
122.8981484696269	-4.241338811814785
130.92966253310442	3.790175251662731
120.36936546862125	-6.770121812820435
126.9428328499198	-0.19665443152189255
140.3365692421794	13.197081960737705
119.4972651079297	-7.642222173511982
110.56514341384172	-16.574343867599964
122.86847220361233	-4.271015077829361
125.47461501508951	-1.6648722663521767
127.37266737222672	0.23318009078502655
133.7385519221425	6.599064640700817
141.74201126396656	14.602523982524872
131.56138967722654	4.421902395784855
133.52313429117203	6.383647009730339
133.73582946509123	6.59634218364954
135.5319325849414	8.392445303499699
122.11474590748549	-5.0247413739562035
109.08523651957512	-18.05425076186657
130.94924388825893	3.8097566068172455
108.94067846238613	-18.198808819055557
133.03086494654417	5.891377665102482
120.16882483661175	-6.970662444829941
129.8777255639434	2.7382382825016975
128.49833599478006	1.358848713338375
135.55851615965366	8.419028878211975
113.65799184143543	-13.481495440006256
138.44919896870852	11.309711687266827
134.65205298364162	7.512565702199936
125.7899017110467	-1.3495855703949928
109.2228394895792	-17.916647791862488
128.9343471378088	1.7948598563671112
128.89350072294474	1.754013441503048
124.2983033657074	-2.841183915734291
121.71162267029285	-5.427864611148834
131.82988119870424	4.690393917262554
120.56233274936676	-6.577154532074928
128.43830628693104	1.2988190054893494
131.9485229998827	4.8090357184410095
146.14807464927435	19.00858736783266
125.15963328629732	-1.9798539951443672
124.3619777560234	-2.7775095254182816
115.98888684809208	-11.15060043334961
131.73835146427155	4.598864182829857
116.71219616383314	-10.427291117608547
123.77917523682117	-3.360312044620514
128.04477953910828	0.9052922576665878
109.30583384633064	-17.833653435111046
112.72504518181086	-14.414442099630833
128.79733020812273	1.6578429266810417
110.51550088077784	-16.623986400663853
146.12843492627144	18.98894764482975
149.59198882430792	22.45250154286623
125.16646286845207	-1.9730244129896164
137.07060898840427	9.931121706962585
126.27676252275705	-0.8627247586846352
131.05886705219746	3.919379770755768
124.82260619103909	-2.316881090402603
141.700601875782	14.561114594340324
146.55907283723354	19.419585555791855
123.78896778076887	-3.3505195006728172
144.9773446470499	17.837857365608215
123.87331198900938	-3.266175292432308
133.57282522320747	6.433337941765785
123.63049164414406	-3.5089956372976303
120.99816592782736	-6.14132135361433
106.44141952693462	-20.698067754507065
119.59035562723875	-7.549131654202938
122.34924541413784	-4.790241867303848
128.5055340602994	1.366046778857708
136.16691906750202	9.027431786060333
124.97558295726776	-2.1639043241739273
121.29031878709793	-5.849168494343758
112.93309806287289	-14.206389218568802
120.177679464221	-6.961807817220688
125.30424559861422	-1.8352416828274727
133.6031845062971	6.463697224855423
122.6020315438509	-4.53745573759079
130.86452087014914	3.725033588707447
115.63670321553946	-11.502784065902233
128.81204615533352	1.6725588738918304
111.43215370923281	-15.707333572208881
130.3041711822152	3.1646839007735252
144.2048385888338	17.06535130739212
143.2454580143094	16.105970732867718
138.89045624434948	11.750968962907791
127.45160242915154	0.3121151477098465
118.5151080712676	-8.624379210174084
131.9355765581131	4.79608927667141
127.76896692067385	0.6294796392321587
121.6680425927043	-5.471444688737392
113.05153412371874	-14.08795315772295
126.93755465745926	-0.2019326239824295
130.11728567630053	2.977798394858837
107.99771499633789	-19.141772285103798
132.22602250427008	5.086535222828388
141.36074283719063	14.22125555574894
122.05207709223032	-5.087410189211369
145.0318568572402	17.89236957579851
130.35588333755732	3.2163960561156273
119.42568980902433	-7.713797472417355
134.13009571284056	6.990608431398869
128.46329594403505	1.3238086625933647
150.4346471875906	23.29515990614891
120.65149077773094	-6.487996503710747
131.85138069093227	4.711893409490585
145.41992332041264	18.280436038970947
122.00075814127922	-5.138729140162468
137.9855629056692	10.846075624227524
118.36625052243471	-8.773236759006977
127.5690254792571	0.42953819781541824
117.52302155643702	-9.616465725004673
142.9969667121768	15.857479430735111
143.94980189204216	16.81031461060047
140.56395307928324	13.424465797841549
103.04795271158218	-24.091534569859505
123.91991220414639	-3.2195750772953033
120.5201868712902	-6.619300410151482
104.20934842526913	-22.93013885617256
114.67969393730164	-12.459793344140053
136.96935126930475	9.829863987863064
120.79542402178049	-6.344063259661198
124.24182269722223	-2.8976645842194557
126.27534908056259	-0.864138200879097
148.45188296586275	21.312395684421062
134.2476179972291	7.108130715787411
120.36185187101364	-6.777635410428047
140.8973773792386	13.757890097796917
141.00466369092464	13.865176409482956
131.68613705784082	4.546649776399136
150.52209310233593	23.38260582089424
123.23087184876204	-3.908615432679653
125.19080874323845	-1.9486785382032394
137.8221032768488	10.682615995407104
121.22935008257627	-5.910137198865414
114.45343968272209	-12.686047598719597
109.99249742925167	-17.146989852190018
96.59673445671797	-30.54275282472372
131.678933031857	4.539445750415325
158.5964341685176	31.4569468870759
112.4737013950944	-14.665785886347294
126.62756544351578	-0.511921837925911
130.06903668493032	2.929549403488636
113.88801708072424	-13.25147020071745
122.47365305572748	-4.665834225714207
140.51738937199116	13.377902090549469
123.26610112935305	-3.873386152088642
97.65746155381203	-29.48202572762966
126.22726345062256	-0.9122238308191299
127.26034442335367	0.12085714191198349
123.28050449490547	-3.8589827865362167
131.31017112731934	4.170683845877647
134.88622815161943	7.746740870177746
101.96856661885977	-25.17092066258192
119.6643637418747	-7.475123539566994
122.20365370064974	-4.93583358079195
132.64621513336897	5.50672785192728
130.924970574677	3.785483293235302
129.89127956330776	2.7517922818660736
120.68743647634983	-6.452050805091858
107.66416380554438	-19.475323475897312
97.0188149958849	-30.120672285556793
120.64070693403482	-6.498780347406864
113.71264101564884	-13.426846265792847
135.20238162577152	8.062894344329834
118.30502434074879	-8.834462940692902
155.08966477960348	27.950177498161793
123.71903548389673	-3.420451797544956
127.30854615569115	0.1690588742494583
139.4198072180152	12.280319936573505
119.27576255053282	-7.863724730908871
144.3020016476512	17.162514366209507
117.43507099151611	-9.704416289925575
132.46348367631435	5.323996394872665
133.3512923270464	6.211805045604706
134.5793433636427	7.439856082201004
124.02052373439074	-3.118963547050953
148.0841125920415	20.944625310599804
119.0325588658452	-8.106928415596485
143.74707197397947	16.607584692537785
114.12642150372267	-13.01306577771902
112.84852857887745	-14.29095870256424
112.61803478002548	-14.521452501416206
133.51364562660456	6.3741583451628685
136.39290949702263	9.25342221558094
114.66510022431612	-12.474387057125568
113.84456659853458	-13.294920682907104
118.976756490767	-8.162730790674686
135.88862171769142	8.749134436249733
150.39852962642908	23.259042344987392
120.38639432191849	-6.753092959523201
132.39987429976463	5.260387018322945
120.96591667085886	-6.1735706105828285
138.08255764842033	10.943070366978645
125.14791016280651	-1.9915771186351776
118.46841216087341	-8.671075120568275
152.5275034531951	25.388016171753407
112.0346279591322	-15.104859322309494
129.86444786936045	2.7249605879187584
118.39274559170008	-8.746741689741611
115.32481227815151	-11.814675003290176
147.29237323254347	20.15288595110178
118.64349457621574	-8.495992705225945
119.0757110863924	-8.063776195049286
120.37746459245682	-6.762022688984871
147.04296580702066	19.903478525578976
117.42900366336107	-9.710483618080616
122.20336499810219	-4.9361222833395
123.52729753404856	-3.6121897473931313
132.2479315623641	5.108444280922413
136.81540117412806	9.675913892686367
126.03351601213217	-1.1059712693095207
114.16512937098742	-12.974357910454273
120.98500437289476	-6.154482908546925
136.97657845914364	9.83709117770195
120.63453444838524	-6.50495283305645
138.38727831095457	11.247791029512882
128.25041319429874	1.1109259128570557
111.38406314700842	-15.75542413443327
130.57146657258272	3.431979291141033
132.88381984084845	5.744332559406757
115.71470902115107	-11.424778260290623
142.55322393774986	15.413736656308174
118.57631602138281	-8.56317126005888
123.39521414786577	-3.7442731335759163
123.71873042732477	-3.4207568541169167
141.5505501627922	14.411062881350517
150.064795255661	22.925307974219322
125.82920128107071	-1.3102860003709793
133.24228582531214	6.102798543870449
127.30483724176884	0.16534996032714844
118.79690995812416	-8.342577323317528
139.86031225323677	12.720824971795082
139.3383795246482	12.198892243206501
125.10642355680466	-2.0330637246370316
137.2354568168521	10.095969535410404
128.32897771149874	1.1894904300570488
131.70203141123056	4.562544129788876
127.85258581489325	0.7130985334515572
122.19425485283136	-4.945232428610325
141.43318957835436	14.29370229691267
135.12098905444145	7.9815017729997635
136.32717744261026	9.187690161168575
132.67287197709084	5.533384695649147
126.35696079581976	-0.7825264856219292
140.94468515366316	13.80519787222147
143.6925221979618	16.55303491652012
112.63946267962456	-14.500024601817131
132.29729382693768	5.157806545495987
122.14656493067741	-4.992922350764275
129.15451602637768	2.0150287449359894
123.96909007430077	-3.1703972071409225
138.58416517078876	11.444677889347076
126.23453981429338	-0.904947467148304
127.69458074122667	0.5550934597849846
135.02474030852318	7.88525302708149
141.76819877326488	14.628711491823196
128.578460842371	1.4389735609292984
125.55841873586178	-1.5810685455799103
128.70899286866188	1.569505587220192
120.1433343142271	-6.996152967214584
124.14861014485359	-2.9908771365880966
128.98452129215002	1.845034010708332
132.2495901286602	5.1101028472185135
123.99189934879541	-3.1475879326462746
113.98789387196302	-13.151593409478664
137.05036491155624	9.910877630114555
121.84281778335571	-5.296669498085976
121.02058114856482	-6.118906132876873
112.03654772043228	-15.102939561009407
132.32951117306948	5.1900238916277885
123.59221962094307	-3.547267660498619
123.47731564939022	-3.662171632051468
142.4026842340827	15.26319695264101
105.15788636356592	-21.981600917875767
128.91797299683094	1.7784857153892517
131.45008700340986	4.310599721968174
109.58410119265318	-17.55538608878851
131.67489816993475	4.535410888493061
128.59267608821392	1.453188806772232
129.25821978598833	2.1187325045466423
123.37605450302362	-3.763432778418064
110.70954681187868	-16.429940469563007
129.6891631782055	2.5496758967638016
130.16490801423788	3.025420732796192
134.07601106911898	6.936523787677288
135.60266196727753	8.463174685835838
142.05802173167467	14.918534450232983
138.73257154226303	11.593084260821342
108.42653748393059	-18.7129497975111
124.05852331221104	-3.080963969230652
132.02663747221231	4.887150190770626
116.84304052591324	-10.29644675552845
127.98963941633701	0.8501521348953247
141.91180400550365	14.772316724061966
110.5840770676732	-16.555410213768482
127.51037622243166	0.37088894098997116
138.29873655736446	11.159249275922775
125.00099175423384	-2.1384955272078514
127.13672202080488	-0.002765260636806488
136.78870183229446	9.649214550852776
120.94404534995556	-6.19544193148613
128.67811908572912	1.5386318042874336
133.52885661274195	6.389369331300259
142.59403807669878	15.454550795257092
149.22977688908577	22.09028960764408
114.3881127089262	-12.751374572515488
140.08690417557955	12.94741689413786
113.35981573164463	-13.779671549797058
124.59979153424501	-2.5396957471966743
122.4017712622881	-4.737716019153595
134.69004904478788	7.550561763346195
128.57783430814743	1.4383470267057419
108.6943110153079	-18.445176266133785
127.86640316992998	0.7269158884882927
115.17619777470827	-11.963289506733418
102.63073892891407	-24.50874835252762
120.64576207846403	-6.493725202977657
142.27511780709028	15.135630525648594
133.9812314733863	6.841744191944599
133.92537873238325	6.785891450941563
144.30761007219553	17.16812279075384
123.30456847697496	-3.8349188044667244
108.43253477662802	-18.70695250481367
129.9545267596841	2.8150394782423973
131.39054127782583	4.251053996384144
136.18420166522264	9.044714383780956
128.20301277190447	1.06352549046278
117.52480562031269	-9.614681661128998
110.83574447780848	-16.303742803633213
127.56764180213213	0.42815452069044113
98.44647888094187	-28.69300840049982
126.91928417980671	-0.22020310163497925
105.56909637153149	-21.570390909910202
125.85743679106236	-1.2820504903793335
114.39437555521727	-12.745111726224422
148.39081268012524	21.251325398683548
140.21911796927452	13.079630687832832
127.54635393619537	0.406866654753685
133.67978358268738	6.540296301245689
136.87373281270266	9.734245531260967
125.23331729322672	-1.9061699882149696
136.99576990306377	9.856282621622086
137.36559356004	10.226106278598309
121.561477586627	-5.578009694814682
117.6790035739541	-9.460483707487583
127.54313806444407	0.40365078300237656
123.87866934388876	-3.260817937552929
111.29920502752066	-15.840282253921032
133.0488834604621	5.909396179020405
147.97364797443151	20.834160692989826
125.3097532466054	-1.8297340348362923
128.82201258838177	1.6825253069400787
140.98696986585855	13.847482584416866
119.66910951584578	-7.470377765595913
108.44979549199343	-18.68969178944826
121.23051416128874	-5.90897312015295
136.4501258060336	9.310638524591923
120.33890160173178	-6.800585679709911
122.64090740680695	-4.498579874634743
115.09482000768185	-12.044667273759842
144.43231289833784	17.292825616896152
122.64544409513474	-4.494043186306953
138.47168442606926	11.332197144627571
118.37618144601583	-8.763305835425854
121.04027315974236	-6.099214121699333
111.9729529991746	-15.166534282267094
127.04493157565594	-0.09455570578575134
109.45565930008888	-17.683827981352806
133.0963517948985	5.956864513456821
122.24587938934565	-4.893607892096043
124.60931153595448	-2.530175745487213
139.68786702305079	12.548379741609097
119.94061677157879	-7.1988705098629
134.53889176249504	7.399404481053352
148.64997009932995	21.51048281788826
144.6534248292446	17.513937547802925
114.19817672669888	-12.941310554742813
131.39888305962086	4.259395778179169
108.92576153576374	-18.213725745677948
129.43438318371773	2.294895902276039
135.62525495886803	8.485767677426338
151.09058456122875	23.951097279787064
134.59210401028395	7.4526167288422585
112.79441467672586	-14.345072604715824
122.1917170137167	-4.947770267724991
123.62715878337622	-3.5123284980654716
136.22604738920927	9.086560107767582
125.37017679214478	-1.7693104892969131
123.364164121449	-3.775323159992695
101.88817527890205	-25.251312002539635
129.61379665881395	2.474309377372265
116.55429549515247	-10.585191786289215
126.96789357811213	-0.17159370332956314
137.85316832363605	10.713681042194366
106.56996699422598	-20.56952028721571
120.64695202559233	-6.492535255849361
121.62940227985382	-5.510085001587868
115.46786495298147	-11.671622328460217
145.29310534894466	18.153618067502975
130.63389854878187	3.4944112673401833
125.97436008602381	-1.165127195417881
124.1670937538147	-2.9723935276269913
114.78778760880232	-12.35169967263937
130.33435597270727	3.194868691265583
120.58901444077492	-6.550472840666771
116.20182909071445	-10.937658190727234
140.8037609383464	13.664273656904697
128.8309445232153	1.6914572417736053
153.11309692263603	25.973609641194344
137.7982028722763	10.658715590834618
134.39845591783524	7.258968636393547
127.0963276848197	-0.043159596621990204
139.90850756317377	12.769020281732082
128.59988755732775	1.4604002758860588
129.94554942846298	2.8060621470212936
108.98031728714705	-18.159169994294643
144.91771211475134	17.77822483330965
132.44705890864134	5.30757162719965
127.4592654928565	0.319778211414814
122.38799981027842	-4.751487471163273
113.26256033033133	-13.876926951110363
131.40147180110216	4.261984519660473
115.16355945169926	-11.975927829742432
122.63174977898598	-4.507737502455711
145.97562666982412	18.836139388382435
102.45458959788084	-24.68489768356085
106.47794238477945	-20.661544896662235
137.32161758840084	10.182130306959152
132.0068240389228	4.867336757481098
113.39822732657194	-13.741259954869747
132.42362790554762	5.28414062410593
119.50821682065725	-7.631270460784435
119.4895920008421	-7.649895280599594
126.78471092879772	-0.3547763526439667
113.11221545189619	-14.027271829545498
124.01628973335028	-3.1231975480914116
128.49553149938583	1.3560442179441452
101.52602042257786	-25.61346685886383
123.03293786942959	-4.1065494120121
114.68884643912315	-12.450640842318535
139.4830008521676	12.343513570725918
117.89539322257042	-9.24409405887127
112.376001521945	-14.763485759496689
127.82564651966095	0.6861592382192612
129.81943233311176	2.6799450516700745
139.21482864767313	12.075341366231441
117.69103889912367	-9.44844838231802
121.40985032171011	-5.729636959731579
132.3295641168952	5.19007683545351
136.48024778068066	9.340760499238968
125.69606809318066	-1.443419188261032
122.2510618492961	-4.8884254321455956
110.57845202833414	-16.561035253107548
121.82893866300583	-5.31054861843586
118.05377113074064	-9.085716150701046
128.07538747042418	0.9359001889824867
119.93609650433064	-7.2033907771110535
145.6006699502468	18.461182668805122
129.078020632267	1.9385333508253098
143.8172037601471	16.677716478705406
142.55866888165474	15.41918160021305
115.78243509680033	-11.357052184641361
131.41957929730415	4.280092015862465
111.92833863943815	-15.211148642003536
124.89933048188686	-2.240156799554825
131.01736897230148	3.8778816908597946
144.0864919424057	16.947004660964012
135.37865583598614	8.239168554544449
141.28566894680262	14.146181665360928
114.82158257067204	-12.317904710769653
135.51020136475563	8.370714083313942
121.59558323770761	-5.543904043734074
141.39860217273235	14.259114891290665
126.86493294686079	-0.2745543345808983
141.15672436356544	14.017237082123756
131.20211008936167	4.062622807919979
127.6887773424387	0.5492900609970093
121.69723121076822	-5.442256070673466
123.99814447015524	-3.1413428112864494
129.24603045731783	2.1065431758761406
120.03600530326366	-7.103481978178024
122.58651431649923	-4.552972964942455
137.62359622865915	10.484108947217464
109.43817771226168	-17.70130956918001
113.74707125872374	-13.392416022717953
138.63267448544502	11.493187204003334
124.19452811032534	-2.944959171116352
120.14176466315985	-6.997722618281841
124.02727998048067	-3.1122073009610176
117.69377589970827	-9.445711381733418
127.61326956748962	0.4737822860479355
116.25002229958773	-10.889464981853962
116.41584699600935	-10.723640285432339
116.63496915251017	-10.504518128931522
131.58182714879513	4.442339867353439
138.88153387606144	11.742046594619751
112.02269320935011	-15.11679407209158
129.90806299448013	2.7685757130384445
130.26990420371294	3.1304169222712517
139.51237048953772	12.372883208096027
132.16062340140343	5.021136119961739
120.26864804327488	-6.870839238166809
139.17053682357073	12.03104954212904
145.6213486418128	18.481861360371113
135.70675249397755	8.567265212535858
124.62412591278553	-2.5153613686561584
121.65858910232782	-5.480898179113865
112.16297668963671	-14.976510591804981
118.93916380405426	-8.200323477387428
133.59232223778963	6.452834956347942
127.02525222301483	-0.114235058426857
134.43589746207	7.2964101806283
126.51734645664692	-0.6221408247947693
130.9661179408431	3.826630659401417
122.55280277878046	-4.586684502661228
113.19795580208302	-13.941531479358673
137.12679516524076	9.987307883799076
139.55465473979712	12.415167458355427
123.46744632720947	-3.672040954232216
133.48428934812546	6.344802066683769
132.38859389722347	5.249106615781784
127.16442462056875	0.02493733912706375
112.83329122513533	-14.306196056306362
133.7911912277341	6.6517039462924
151.6542314067483	24.514744125306606
125.0695438683033	-2.0699434131383896
129.768988057971	2.629500776529312
124.24304147809744	-2.8964458033442497
138.38307392597198	11.243586644530296
122.37939314544201	-4.76009413599968
131.30515635758638	4.165669076144695
117.0282329544425	-10.111254326999187
125.06483229994774	-2.07465498149395
116.13528601825237	-11.004201263189316
136.38110179454088	9.241614513099194
130.25982489436865	3.12033761292696
127.17641015350819	0.0369228720664978
140.02022214233875	12.880734860897064
119.83293498307467	-7.3065522983670235
130.11642751842737	2.9769402369856834
125.09489673376083	-2.044590547680855
126.91904076933861	-0.22044651210308075
121.86544451117516	-5.274042770266533
135.66548999398947	8.526002712547779
127.66833186894655	0.5288445875048637
112.02591535449028	-15.113571926951408
124.30009931325912	-2.839387968182564
125.42381010204554	-1.7156771793961525
116.98047099262476	-10.159016288816929
128.06710999459028	0.9276227131485939
121.40287484228611	-5.736612439155579
129.7163983285427	2.576911047101021
126.40268905460835	-0.7367982268333435
129.78662469238043	2.6471374109387398
139.93949680775404	12.800009526312351
124.31939617544413	-2.8200911059975624
143.83176840096712	16.692281119525433
114.37763407081366	-12.761853210628033
120.12894892692566	-7.010538354516029
118.10129091888666	-9.038196362555027
130.77555890381336	3.6360716223716736
135.2113522440195	8.07186496257782
137.0369043648243	9.897417083382607
107.68649193644524	-19.452995344996452
131.70398665219545	4.564499370753765
134.74287581443787	7.603388532996178
130.31514877825975	3.1756614968180656
118.28355145454407	-8.855935826897621
123.35218998789787	-3.7872972935438156
130.70733553916216	3.5678482577204704
121.84341771900654	-5.29606956243515
123.84949047863483	-3.2899968028068542
131.27754139900208	4.138054117560387
121.96664381027222	-5.172843471169472
120.40616372227669	-6.733323559165001
135.09408009797335	7.954592816531658
119.76498607546091	-7.374501205980778
132.59368209540844	5.454194813966751
125.17128050327301	-1.9682067781686783
122.55240271240473	-4.587084569036961
113.32734169065952	-13.812145590782166
135.75793711096048	8.618449829518795
109.32620815187693	-17.813279129564762
142.57264959812164	15.433162316679955
135.8999897390604	8.760502457618713
115.3925297781825	-11.746957503259182
124.3185228779912	-2.820964403450489
126.6499584838748	-0.4895287975668907
151.25746101886034	24.11797373741865
118.3357985317707	-8.803688749670982
124.67612901329994	-2.4633582681417465
127.04404206573963	-0.09544521570205688
117.15514156222343	-9.984345719218254
123.32660060375929	-3.8128866776823997
123.93936807662249	-3.2001192048192024
106.7404782474041	-20.39900903403759
147.34505869448185	20.20557141304016
128.78200183808804	1.642514556646347
101.35096795856953	-25.788519322872162
138.2822248712182	11.142737589776516
141.93641863018274	14.796931348741055
143.33851143717766	16.19902415573597
131.08809780329466	3.94861052185297
143.36596639454365	16.22647911310196
139.84235179424286	12.70286451280117
149.1220284998417	21.9825412184
98.27508808672428	-28.864399194717407
124.2592766135931	-2.880210667848587
116.78141266107559	-10.358074620366096
140.40314754843712	13.26366026699543
114.87017860263586	-12.269308678805828
119.36578046530485	-7.773706816136837
135.60747479647398	8.467987515032291
119.06419149041176	-8.07529579102993
124.00841949135065	-3.1310677900910378
129.06114938110113	1.921662099659443
101.07731384038925	-26.062173441052437
127.36148431897163	0.22199703752994537
130.24501146376133	3.105524182319641
126.09451307356358	-1.0449742078781128
121.07869695872068	-6.0607903227210045
123.26085419207811	-3.878633089363575
131.65384821593761	4.514360934495926
141.40793802589178	14.268450744450092
125.72091193497181	-1.4185753464698792
117.84307047724724	-9.29641680419445
155.2136765420437	28.074189260601997
125.96739961206913	-1.1720876693725586
128.61311011761427	1.4736228361725807
118.3732640594244	-8.766223222017288
125.48551642149687	-1.6539708599448204
134.45500423759222	7.315516956150532
120.30764622241259	-6.831841059029102
127.98453712463379	0.8450498431921005
125.59049186110497	-1.5489954203367233
146.08871540427208	18.94922812283039
126.54384079575539	-0.5956464856863022
116.81440316140652	-10.325084120035172
117.04967371374369	-10.089813567698002
135.92037656903267	8.78088928759098
120.74490758776665	-6.394579693675041
103.99721969664097	-23.14226758480072
118.04211267083883	-9.097374610602856
120.9975911155343	-6.141896165907383
127.2409447953105	0.10145751386880875
114.37938231229782	-12.760104969143867
112.3881518393755	-14.751335442066193
141.63394888490438	14.494461603462696
105.1702184677124	-21.969268813729286
137.3494746759534	10.2099873945117
111.04201725125313	-16.09747003018856
123.67536143958569	-3.464125841856003
137.95671474188566	10.817227460443974
145.9257122129202	18.7862249314785
122.19983729720116	-4.939649984240532
123.74760653823614	-3.3918807432055473
110.68802184611559	-16.4514654353261
138.67887948453426	11.539392203092575
117.51797411590815	-9.621513165533543
122.87393025308847	-4.265557028353214
129.42300022393465	2.283512942492962
134.54692026227713	7.407432980835438
124.16998092085123	-2.969506360590458
157.26679376512766	30.12730648368597
115.37996823340654	-11.759519048035145
113.30838237702847	-13.831104904413223
102.65064707398415	-24.488840207457542
124.54478603601456	-2.5947012454271317
118.58779335021973	-8.551693931221962
144.19325522333384	17.053767941892147
136.3511622622609	9.211674980819225
134.08300330489874	6.94351602345705
117.49405591189861	-9.645431369543076
124.36481055617332	-2.774676725268364
116.39115539938211	-10.748331882059574
137.12678343057632	9.987296149134636
126.18123334646225	-0.9582539349794388
126.27315678447485	-0.8663304969668388
130.66375003755093	3.5242627561092377
133.35422073304653	6.214733451604843
122.87205289304256	-4.267434388399124
99.2768916040659	-27.862595677375793
129.8309156820178	2.6914284005761147
110.51488786190748	-16.624599419534206
142.24030988663435	15.100822605192661
151.1148175522685	23.975330270826817
103.88074046373367	-23.258746817708015
140.62916119396687	13.489673912525177
139.497394092381	12.357906810939312
133.96823371946812	6.828746438026428
116.32547830045223	-10.814008980989456
139.51287604868412	12.373388767242432
146.64183025807142	19.502342976629734
122.6105220913887	-4.528965190052986
129.27233465760946	2.132847376167774
127.95559307187796	0.8161057904362679
130.27743846923113	3.13795118778944
119.39068778604269	-7.748799495398998
132.09271819144487	4.953230910003185
119.90080060064793	-7.238686680793762
144.83705706894398	17.69756978750229
113.27711486071348	-13.862372420728207
131.9732758551836	4.833788573741913
124.437758423388	-2.7017288580536842
132.1839201077819	5.0444328263401985
137.00175634771585	9.862269066274166
122.05551110953093	-5.083976171910763
108.03560563921928	-19.103881642222404
125.47898660600185	-1.6605006754398346
121.29043056070805	-5.849056720733643
138.22766277194023	11.088175490498543
115.29463450610638	-11.844852775335312
144.3286682665348	17.189180985093117
127.49101157486439	0.351524293422699
135.67564667016268	8.53615938872099
109.70026029646397	-17.439226984977722
110.60325211286545	-16.53623516857624
124.19955978542566	-2.9399274960160255
127.75297088176012	0.6134836003184319
129.97494027763605	2.8354529961943626
126.02685698866844	-1.1126302927732468
129.5558487996459	2.416361518204212
122.30384121835232	-4.835646063089371
128.24225037544966	1.102763094007969
118.29604576528072	-8.843441516160965
134.03458935767412	6.895102076232433
124.01214203983545	-3.1273452416062355
138.39825002104044	11.258762739598751
130.07226345688105	2.9327761754393578
138.17098706960678	11.031499788165092
126.06204448640347	-1.0774427950382233
117.65065247565508	-9.48883480578661
140.99914158135653	13.859654299914837
112.56968818604946	-14.569799095392227
133.75016763061285	6.610680349171162
124.96816580742598	-2.1713214740157127
137.2987889200449	10.15930163860321
107.67472402006388	-19.46476326137781
118.42613925784826	-8.713348023593426
135.3833358362317	8.24384855479002
148.3687222674489	21.229234986007214
137.44238451123238	10.302897229790688
104.3571358025074	-22.782351478934288
139.43071572482586	12.29122844338417
130.99901324510574	3.859525963664055
113.27961306273937	-13.859874218702316
129.29988601058722	2.160398729145527
111.78613118082285	-15.35335610061884
126.354336746037	-0.7851505354046822
122.25151636451483	-4.887970916926861
137.66068701446056	10.521199733018875
124.27209106832743	-2.8673962131142616
113.96649061888456	-13.172996662557125
118.405178360641	-8.734308920800686
128.47688475251198	1.3373974710702896
124.69258096814156	-2.4469063133001328
132.54304717481136	5.403559893369675
135.27958067506552	8.140093393623829
123.58442009240389	-3.5550671890378
127.04705913364887	-0.09242814779281616
124.99304214864969	-2.146445132791996
124.62818688899279	-2.511300392448902
129.07833487540483	1.9388475939631462
110.00879814475775	-17.13068913668394
120.9071981832385	-6.232289098203182
132.78569906949997	5.646211788058281
137.1064641624689	9.966976881027222
129.52180810272694	2.382320821285248
128.74247887730598	1.602991595864296
134.8222996518016	7.682812370359898
130.62409787625074	3.4846105948090553
96.27172666043043	-30.867760621011257
130.99840418994427	3.8589169085025787
130.24751901626587	3.1080317348241806
119.4331441372633	-7.7063431441783905
124.05673789978027	-3.082749381661415
132.27989225834608	5.140404976904392
123.12501782923937	-4.01446945220232
130.33103654533625	3.191549263894558
111.55919200927019	-15.580295272171497
134.424612082541	7.2851248010993
132.58055598288774	5.441068701446056
123.21615386009216	-3.9233334213495255
140.96072487533092	13.821237593889236
123.29436882585287	-3.8451184555888176
101.23052433878183	-25.908962942659855
133.48692913353443	6.347441852092743
124.00264834612608	-3.136838935315609
131.5724312737584	4.432943992316723
118.8336456567049	-8.305841624736786
143.35191445052624	16.21242716908455
124.04919435083866	-3.0902929306030273
126.5590733513236	-0.580413930118084
137.10207354277372	9.962586261332035
113.60044410079718	-13.539043180644512
122.22127994149923	-4.918207339942455
124.74920083582401	-2.390286445617676
120.06834296137094	-7.071144320070744
138.99029182642698	11.850804544985294
130.7337882220745	3.59430094063282
129.3972947895527	2.257807508111
133.82127586007118	6.681788578629494
128.18223797529936	1.0427506938576698
122.90552133321762	-4.233965948224068
150.17153115570545	23.032043874263763
137.84817484766245	10.70868756622076
95.28965412825346	-31.84983315318823
126.54729027301073	-0.5921970084309578
120.97919619083405	-6.160291090607643
117.65215709805489	-9.487330183386803
106.94062074273825	-20.19886653870344
129.19216408580542	2.0526768043637276
135.21078214794397	8.071294866502285
124.84364096820354	-2.295846313238144
135.760735809803	8.62124852836132
125.57842091470957	-1.5610663667321205
123.08563572913408	-4.053851552307606
138.33790816366673	11.198420882225037
117.06772664189339	-10.071760639548302
146.75521478056908	19.615727499127388
112.74952375888824	-14.389963522553444
123.34258119761944	-3.7969060838222504
131.2458860501647	4.106398768723011
133.27241836488247	6.132931083440781
93.49788562953472	-33.64160165190697
131.0099890306592	3.8705017492175102
122.49062207341194	-4.648865208029747
111.37427095323801	-15.765216328203678
129.9207600057125	2.7812727242708206
131.29892352968454	4.159436248242855
144.55054507404566	17.41105779260397
129.60904589295387	2.469558611512184
126.70132928341627	-0.43815799802541733
126.3267694413662	-0.8127178400754929
124.15901551395655	-2.9804717674851418
133.86102291196585	6.7215356305241585
117.47660014778376	-9.662887133657932
118.73452491313219	-8.404962368309498
126.41582055389881	-0.7236667275428772
128.352460116148	1.2129728347063065
121.00567838549614	-6.133808895945549
145.41763738542795	18.278150103986263
133.70091892033815	6.561431638896465
120.11181113868952	-7.027676142752171
142.8625531718135	15.7230658903718
128.37548314779997	1.2359958663582802
119.54139555990696	-7.598091721534729
130.13434475660324	2.9948574751615524
139.6476947143674	12.508207432925701
149.08138719201088	21.94189991056919
113.4726190418005	-13.66686823964119
128.12270253896713	0.983215257525444
120.12907315045595	-7.010414130985737
128.29046630859375	1.1509790271520615
125.03398347645998	-2.1055038049817085
130.41110076010227	3.2716134786605835
125.74620045721531	-1.3932868242263794
136.37806507200003	9.238577790558338
129.66058000922203	2.521092727780342
119.0339433029294	-8.105543978512287
133.819707788527	6.680220507085323
132.3306375965476	5.191150315105915
119.40082051604986	-7.738666765391827
124.27404940128326	-2.8654378801584244
141.1823148727417	14.04282759130001
126.9071056842804	-0.23238159716129303
103.42678356915712	-23.712703712284565
138.91850893199444	11.77902165055275
128.5785167813301	1.43902949988842
141.49074562638998	14.351258344948292
130.37671066075563	3.2372233793139458
120.3863315358758	-6.753155745565891
127.8708007633686	0.731313481926918
135.00327233970165	7.863785058259964
101.261754386127	-25.877732895314693
124.49171466380358	-2.647772617638111
124.20302338898182	-2.9364638924598694
144.5107780918479	17.371290810406208
143.04326404631138	15.90377676486969
146.64939941465855	19.509912133216858
113.15404274314642	-13.985444538295269
128.15195391327143	1.0124666318297386
118.89863170683384	-8.24085557460785
132.71301170438528	5.573524422943592
132.64652002602816	5.507032744586468
104.67219425737858	-22.46729302406311
130.75686701387167	3.6173797324299812
138.30607254058123	11.166585259139538
131.2363731339574	4.0968858525156975
136.36761291325092	9.228125631809235
115.37508863955736	-11.764398641884327
149.36621793359518	22.226730652153492
132.46650449186563	5.327017210423946
124.70042213797569	-2.439065143465996
131.86896970123053	4.729482419788837
114.49052558094263	-12.648961700499058
117.61132498830557	-9.52816229313612
122.61025408655405	-4.529233194887638
124.92442236840725	-2.215064913034439
114.03211811929941	-13.107369162142277
128.1744703426957	1.0349830612540245
139.5884788185358	12.448991537094116
139.13609942793846	11.996612146496773
140.84396617114544	13.70447888970375
138.27721030265093	11.13772302120924
119.6099717989564	-7.529515482485294
128.13386073708534	0.9943734556436539
125.78247045725584	-1.3570168241858482
136.0153760164976	8.875888735055923
142.6267182007432	15.48723091930151
109.53555203974247	-17.60393524169922
129.648160032928	2.5086727514863014
125.17160869389772	-1.9678785875439644
126.25219074636698	-0.8872965350747108
117.64644668251276	-9.493040598928928
120.53230343014002	-6.60718385130167
123.17850955575705	-3.960977725684643
133.97117256373167	6.831685282289982
105.8129519969225	-21.326535284519196
108.39761111885309	-18.741876162588596
114.69093734025955	-12.448549941182137
139.26816154271364	12.128674261271954
133.40457464754581	6.265087366104126
128.17036350816488	1.0308762267231941
126.20296767354012	-0.9365196079015732
120.2001960799098	-6.939291201531887
139.23037163168192	12.09088435024023
148.9082366079092	21.768749326467514
129.31844937056303	2.1789620891213417
126.07284377515316	-1.0666435062885284
116.73661382496357	-10.402873456478119
125.5681851580739	-1.5713021233677864
117.5877832621336	-9.55170401930809
127.2915741354227	0.15208685398101807
131.22514270991087	4.085655428469181
142.39976379275322	15.260276511311531
114.52715884894133	-12.612328432500362
141.510500960052	14.371013678610325
109.30438245087862	-17.83510483056307
132.57404661923647	5.434559337794781
122.60178560763597	-4.537701673805714
127.48663285374641	0.34714557230472565
137.72998624294996	10.590498961508274
131.26025969535112	4.120772413909435
124.52922479063272	-2.6102624908089638
115.20432158559561	-11.93516569584608
128.55423998087645	1.4147526994347572
142.01054871082306	14.87106142938137
107.5229915753007	-19.616495706140995
126.5568522438407	-0.5826350376009941
131.93855705857277	4.799069777131081
119.28083150833845	-7.858655773103237
118.26294612884521	-8.876541152596474
133.7681456953287	6.628658413887024
131.64234717935324	4.502859897911549
141.61757268756628	14.478085406124592
107.15638379752636	-19.98310348391533
122.03434434533119	-5.1051429361104965
121.3530812934041	-5.786405988037586
126.11842246353626	-1.021064817905426
100.73309221118689	-26.406395070254803
127.3583557382226	0.2188684567809105
135.2176807001233	8.078193418681622
127.09011959284544	-0.04936768859624863
130.87706793099642	3.7375806495547295
131.4520113095641	4.312524028122425
132.44172220677137	5.302234925329685
132.76163540035486	5.622148118913174
125.30166824907064	-1.8378190323710442
129.6787894666195	2.539302185177803
126.43467158079147	-0.7048157006502151
121.54984434694052	-5.589642934501171
121.02261233329773	-6.116874948143959
133.79182033240795	6.652333050966263
141.75078061968088	14.611293338239193
137.38915085047483	10.249663569033146
115.28685677796602	-11.852630503475666
139.71277114748955	12.57328386604786
125.16358317434788	-1.975904107093811
124.06442291289568	-3.075064368546009
128.06724426150322	0.9277569800615311
128.26428471505642	1.1247974336147308
108.57548996806145	-18.56399731338024
105.16954880207777	-21.96993847936392
107.04571221768856	-20.093775063753128
121.88262201845646	-5.2568652629852295
141.88560451567173	14.746117234230042
133.59283957630396	6.45335229486227
142.0617187693715	14.922231487929821
97.53763412684202	-29.601853154599667
109.25358136743307	-17.885905914008617
115.17794224619865	-11.961545035243034
111.05394768714905	-16.08553959429264
135.2334413677454	8.093954086303711
134.01481456309557	6.875327281653881
136.79673363268375	9.657246351242065
119.93159625679255	-7.207891024649143
128.50819370150566	1.3687064200639725
127.53586346656084	0.39637618511915207
137.7901132926345	10.650626011192799
126.05869392305613	-1.080793358385563
129.9742782264948	2.8347909450531006
134.9304160401225	7.7909287586808205
132.69328598678112	5.553798705339432
116.20695231109858	-10.932534970343113
110.65248525887728	-16.48700202256441
113.86686167865992	-13.272625602781773
117.73822014778852	-9.401267133653164
135.8675130456686	8.728025764226913
139.8868658915162	12.74737861007452
132.54350668936968	5.40401940792799
133.45976354181767	6.320276260375977
110.87344237416983	-16.266044907271862
126.54352217167616	-0.5959651097655296
119.58751928061247	-7.55196800082922
135.85537841171026	8.715891130268574
123.35816925764084	-3.78131802380085
120.88999565690756	-6.24949162453413
131.82082767784595	4.681340396404266
116.04377844929695	-11.095708832144737
128.9430960714817	1.8036087900400162
132.7112743705511	5.571787089109421
122.03148201107979	-5.1080052703619
123.39426974952221	-3.7452175319194794
119.48185943812132	-7.65762784332037
130.6203506886959	3.480863407254219
121.41801882535219	-5.721468456089497
131.43698473274708	4.297497451305389
131.77892235666513	4.639435075223446
137.7249225974083	10.585435315966606
125.55585958063602	-1.583627700805664
130.69591004401445	3.5564227625727654
116.10276011377573	-11.036727167665958
144.757658213377	17.61817093193531
111.54069552570581	-15.598791755735874
106.53736951947212	-20.602117761969566
138.05368760228157	10.914200320839882
117.86388838291168	-9.275598898530006
133.44349344074726	6.3040061593055725
120.59909270703793	-6.540394574403763
124.93793768435717	-2.2015495970845222
143.04256389290094	15.903076611459255
125.5332392603159	-1.6062480211257935
118.92314368486404	-8.216343596577644
107.41638024896383	-19.723107032477856
134.75727961212397	7.617792330682278
140.84065240621567	13.70116512477398
108.02749625593424	-19.11199102550745
150.15994949638844	23.020462214946747
136.5239605307579	9.384473249316216
123.73085363954306	-3.408633641898632
143.90853453427553	16.769047252833843
124.20069627463818	-2.9387910068035126
133.90517422556877	6.765686944127083
123.70507054775953	-3.4344167336821556
108.74826639145613	-18.39122088998556
114.99015509337187	-12.14933218806982
136.9175923615694	9.778105080127716
136.63042105734348	9.490933775901794
118.24686689674854	-8.892620384693146
128.8667331263423	1.727245844900608
150.43365669250488	23.294169411063194
123.66078509390354	-3.478702187538147
108.24702643603086	-18.892460845410824
110.60423500090837	-16.535252280533314
114.13315113633871	-13.006336145102978
135.88278231024742	8.743295028805733
129.22139450907707	2.0819072276353836
128.82447201758623	1.6849847361445427
110.11237411946058	-17.027113161981106
132.3626569211483	5.223169639706612
119.86800653487444	-7.271480746567249
135.40348432213068	8.263997040688992
129.02857936173677	1.889092080295086
132.08374469727278	4.944257415831089
125.25524817407131	-1.8842391073703766
136.34053403139114	9.201046749949455
114.79048838466406	-12.34899889677763
131.9323669821024	4.792879700660706
109.60131070017815	-17.538176581263542
128.06797900795937	0.9284917265176773
119.18266864866018	-7.956818632781506
118.34292759746313	-8.796559683978558
130.8148656114936	3.675378330051899
119.65208114683628	-7.487406134605408
129.29503590613604	2.1555486246943474
125.06017196178436	-2.0793153196573257
138.94234957545996	11.802862294018269
121.38109746575356	-5.758389815688133
133.73904614895582	6.5995588675141335
143.96025527268648	16.820767991244793
126.46843309700489	-0.6710541844367981
135.59799081087112	8.458503529429436
125.46451508998871	-1.67497219145298
111.30350831151009	-15.835978969931602
116.97207546979189	-10.1674118116498
130.04099678993225	2.9015095084905624
118.83285228908062	-8.306634992361069
134.0320961177349	6.8926088362932205
122.4297134578228	-4.709773823618889
120.3665907010436	-6.772896580398083
118.98461408168077	-8.154873199760914
131.00250781327486	3.863020531833172
122.34551955014467	-4.793967731297016
125.32245346158743	-1.8170338198542595
132.67955125123262	5.5400639697909355
154.69327642023563	27.553789138793945
141.27328253537416	14.133795253932476
136.90966684371233	9.770179562270641
114.37073619663715	-12.768751084804535
126.86613872647285	-0.2733485549688339
143.50670444965363	16.367217168211937
127.39493852853775	0.2554512470960617
130.69041418284178	3.5509269014000893
130.13366749882698	2.994180217385292
108.75625071674585	-18.383236564695835
113.44531548768282	-13.69417179375887
116.34964308142662	-10.789844200015068
111.72456078231335	-15.414926499128342
137.39206166565418	10.252574384212494
129.46969752013683	2.3302102386951447
128.6976918503642	1.5582045689225197
119.45109092444181	-7.688396356999874
128.51165191829205	1.372164636850357
133.68676753342152	6.547280251979828
125.13485769182444	-2.0046295896172523
107.87690607458353	-19.262581206858158
140.42206451296806	13.282577231526375
104.75382701307535	-22.385660268366337
129.07816657423973	1.9386792927980423
128.25222615152597	1.1127388700842857
148.32642322033644	21.18693593889475
136.45664104819298	9.31715376675129
112.5368352085352	-14.602652072906494
118.77612694352865	-8.363360337913036
145.04283647239208	17.903349190950394
129.6360928118229	2.4966055303812027
108.09451169520617	-19.044975586235523
127.2311604693532	0.09167318791151047
114.75933962315321	-12.380147658288479
101.2939703091979	-25.845516972243786
114.41135755181313	-12.728129729628563
106.15035657584667	-20.989130705595016
144.58733458817005	17.447847306728363
138.85031987726688	11.710832595825195
123.13947163522243	-4.0000156462192535
148.36675006896257	21.227262787520885
130.5321187004447	3.39263141900301
146.5590407922864	19.419553510844707
133.97083275020123	6.831345468759537
135.6423180475831	8.502830766141415
123.3579543530941	-3.7815329283475876
151.82397251576185	24.684485234320164
117.18587867170572	-9.953608609735966
152.24409332871437	25.104606047272682
119.7884178608656	-7.351069420576096
128.2791005000472	1.1396132186055183
124.64040859788656	-2.499078683555126
121.66171585768461	-5.477771423757076
130.35105200111866	3.2115647196769714
116.43024282902479	-10.709244452416897
120.79317031800747	-6.346316963434219
127.36241666972637	0.22292938828468323
123.92604564875364	-3.2134416326880455
116.90457390248775	-10.234913378953934
125.79348696023226	-1.3460003212094307
121.47254349291325	-5.666943788528442
154.6162735298276	27.476786248385906
144.96805133670568	17.828564055263996
138.57970463484526	11.440217353403568
115.13953295350075	-11.99995432794094
120.18794789165258	-6.9515393897891045
119.70825978368521	-7.431227497756481
133.82412852346897	6.684641242027283
130.27365636080503	3.134169079363346
133.84682895243168	6.70734167098999
131.88724225759506	4.747754976153374
132.40123058110476	5.261743299663067
138.428088337183	11.28860105574131
132.68169036507607	5.5422030836343765
123.74707352370024	-3.3924137577414513
123.24752987921238	-3.891957402229309
142.7260895371437	15.586602255702019
124.47575551271439	-2.6637317687273026
121.42796309292316	-5.711524188518524
111.05639444291592	-16.083092838525772
121.90448381006718	-5.235003471374512
127.8056171014905	0.666129820048809
105.98418193310499	-21.155305348336697
140.72302170842886	13.583534426987171
129.89180970937014	2.7523224279284477
118.18934328854084	-8.950143992900848
131.985001899302	4.845514617860317
130.12037452310324	2.9808872416615486
130.75648280978203	3.6169955283403397
129.6503817141056	2.5108944326639175
135.3948305696249	8.255343288183212
117.90970715880394	-9.229780122637749
110.8974726498127	-16.24201463162899
141.24439842253923	14.104911141097546
139.07646377384663	11.936976492404938
132.56617230176926	5.426685020327568
122.78340872377157	-4.356078557670116
127.80416584014893	0.6646785587072372
126.79246374964714	-0.34702353179454803
109.82342292368412	-17.31606435775757
132.31277313828468	5.173285856842995
104.51470467448235	-22.624782606959343
117.79727371782064	-9.342213563621044
111.79636511951685	-15.343122161924839
128.33148586004972	1.191998578608036
129.4867710992694	2.3472838178277016
135.18966162204742	8.050174340605736
150.987450838089	23.8479635566473
101.61255391687155	-25.52693336457014
141.33610867708921	14.196621395647526
121.72395472973585	-5.415532551705837
134.22723299264908	7.08774571120739
133.66243568062782	6.522948399186134
134.3604922518134	7.221004970371723
131.70479378849268	4.565306507050991
112.36500202864408	-14.774485252797604
128.69556403905153	1.5560767576098442
127.73424525558949	0.5947579741477966
131.5275159701705	4.388028688728809
125.38154078274965	-1.7579464986920357
117.28657925873995	-9.85290802270174
129.16962601989508	2.030138738453388
133.06967297196388	5.930185690522194
123.68976284563541	-3.4497244358062744
118.32092273980379	-8.818564541637897
141.40086329728365	14.261376015841961
102.30270924419165	-24.836778037250042
132.9872892126441	5.847801931202412
126.7512181326747	-0.3882691487669945
126.6918421536684	-0.4476451277732849
90.11780197918415	-37.02168530225754
140.2770940437913	13.137606762349606
128.9656240195036	1.826136738061905
125.42144115269184	-1.7180461287498474
113.88513036817312	-13.254356913268566
101.47083347290754	-25.668653808534145
115.79109469801188	-11.348392583429813
110.10123344510794	-17.03825383633375
121.48471075296402	-5.654776528477669
137.60263569653034	10.463148415088654
118.5342620164156	-8.605225265026093
127.55258932709694	0.41310204565525055
129.53003726154566	2.3905499801039696
128.0117655619979	0.8722782805562019
139.56531807035208	12.425830788910389
133.22084767371416	6.081360392272472
133.59839683026075	6.458909548819065
113.41813237220049	-13.7213549092412
138.4348677545786	11.295380473136902
115.38686064630747	-11.75262663513422
115.25006015598774	-11.889427125453949
133.9964757785201	6.856988497078419
107.77753942459822	-19.36194785684347
135.68200600147247	8.542518720030785
121.59627242386341	-5.543214857578278
123.2938753888011	-3.8456118926405907
129.11134845763445	1.9718611761927605
119.15145342797041	-7.988033853471279
130.66117080301046	3.521683521568775
134.83334002643824	7.693852744996548
122.55876158177853	-4.580725699663162
116.60490892082453	-10.53457836061716
135.27946925908327	8.139981977641582
136.40777963399887	9.268292352557182
129.45333296060562	2.313845679163933
140.33350821584463	13.194020934402943
113.31013154238462	-13.829355739057064
146.9271407276392	19.78765344619751
127.31452732533216	0.17504004389047623
110.240019723773	-16.899467557668686
124.73791807889938	-2.401569202542305
124.4146059602499	-2.7248813211917877
138.99719049036503	11.85770320892334
131.49922548234463	4.359738200902939
115.64324831217527	-11.496238969266415
128.36062015593052	1.2211328744888306
132.31656036525965	5.177073083817959
104.74189905077219	-22.3975882306695
139.43762256205082	12.29813528060913
135.77667151391506	8.637184232473373
117.11323490738869	-10.026252374053001
112.50510159134865	-14.63438569009304
138.46638294309378	11.326895661652088
113.86550107598305	-13.273986205458641
131.10839122533798	3.9689039438962936
125.32009839266539	-1.8193888887763023
125.25447922199965	-1.8850080594420433
126.78202123939991	-0.35746604204177856
131.3958846181631	4.25639733672142
122.67911407351494	-4.46037320792675
132.09022799879313	4.950740717351437
121.64510557800531	-5.494381703436375
122.47014107555151	-4.669346205890179
150.01384834945202	22.87436106801033
121.18765218555927	-5.951835095882416
117.27239918708801	-9.867088094353676
136.14668031781912	9.00719303637743
138.07548536360264	10.93599808216095
134.99018590897322	7.8506986275315285
126.5753720626235	-0.5641152188181877
116.80949733406305	-10.329989947378635
142.8924511820078	15.752963900566101
110.1994221135974	-16.940065167844296
129.01404643803835	1.8745591565966606
117.04362109303474	-10.095866188406944
127.72650223225355	0.587014950811863
124.51771712303162	-2.6217701584100723
111.74790004640818	-15.391587235033512
117.56123083084822	-9.578256450593472
130.73842544853687	3.5989381670951843
126.02455869317055	-1.114928588271141
112.3784109801054	-14.761076301336288
130.82871229201555	3.689225010573864
128.2165199816227	1.0770327001810074
127.8412599042058	0.7017726227641106
144.82932428270578	17.689837001264095
108.85873031616211	-18.28075696527958
110.86232291162014	-16.27716436982155
123.04601971060038	-4.093467570841312
139.35940012335777	12.219912841916084
132.09790514409542	4.958417862653732
130.1291657164693	2.9896784350275993
110.89526534080505	-16.244221940636635
136.6406835913658	9.501196309924126
109.42670899629593	-17.71277828514576
122.15249989926815	-4.986987382173538
117.64626789093018	-9.493219390511513
113.90482547879219	-13.234661802649498
126.66407863050699	-0.4754086509346962
140.65906915813684	13.519581876695156
135.35672822594643	8.217240944504738
117.54587744176388	-9.59360983967781
128.35462990403175	1.215142622590065
127.86334136128426	0.7238540798425674
130.17386979609728	3.03438251465559
126.61310762912035	-0.5263796523213387
109.88278744369745	-17.256699837744236
132.8415150642395	5.702027782797813
143.3965132459998	16.257025964558125
110.14861889183521	-16.990868389606476
124.64698222279549	-2.492505058646202
106.84721883386374	-20.292268447577953
146.98921028524637	19.849723003804684
114.0279410853982	-13.111546196043491
136.06030865758657	8.920821376144886
129.34998662024736	2.2104993388056755
124.34267365187407	-2.796813629567623
129.69729785621166	2.5578105747699738
121.47057864069939	-5.668908640742302
101.66285956650972	-25.476627714931965
143.6670976728201	16.527610391378403
144.17121036350727	17.031723082065582
131.97931283712387	4.839825555682182
116.65331352502108	-10.486173756420612
127.0198358297348	-0.11965145170688629
131.46741022914648	4.327922947704792
124.3481055572629	-2.791381724178791
130.64205046743155	3.5025631859898567
123.79099488258362	-3.3484923988580704
132.27875354140997	5.139266259968281
134.31173714250326	7.172249861061573
127.76245112717152	0.6229638457298279
145.3534482717514	18.213960990309715
146.87905696034431	19.739569678902626
108.2088657990098	-18.93062148243189
135.93965639919043	8.800169117748737
134.5250973328948	7.3856100514531136
119.25621722638607	-7.883270055055618
122.78833863139153	-4.351148650050163
136.94602020084858	9.80653291940689
114.37206303328276	-12.767424248158932
114.57969345897436	-12.559793822467327
116.2157532274723	-10.923734053969383
110.98395499587059	-16.1555322855711
120.43984454125166	-6.699642740190029
126.54833882302046	-0.5911484584212303
113.8184756487608	-13.321011632680893
116.27732844650745	-10.862158834934235
128.40072631835938	1.2612390369176865
121.1907349973917	-5.948752284049988
108.28128669410944	-18.85820058733225
115.73810487985611	-11.401382401585579
130.83991412073374	3.7004268392920494
130.14977947622538	3.0102921947836876
119.63602490723133	-7.503462374210358
126.39273636043072	-0.7467509210109711
127.95665341615677	0.8171661347150803
144.96745464205742	17.82796736061573
144.3301515430212	17.190664261579514
141.62295553833246	14.483468256890774
135.57643862068653	8.436951339244843
121.5850503668189	-5.554436914622784
129.77048406004906	2.6309967786073685
106.82936717569828	-20.310120105743408
128.82000145316124	1.680514171719551
127.90440200269222	0.7649147212505341
127.99409171193838	0.8546044304966927
106.00444803386927	-21.135039247572422
139.6288794502616	12.489392168819904
135.87160672992468	8.73211944848299
125.73750661313534	-1.4019806683063507
147.75701390206814	20.61752662062645
140.80489541590214	13.66540813446045
138.6380195170641	11.498532235622406
145.71810172498226	18.578614443540573
118.83018263429403	-8.309304647147655
136.74652886390686	9.607041582465172
130.1696025505662	3.030115269124508
114.705078817904	-12.434408463537693
118.3992134258151	-8.740273855626583
136.09087439626455	8.951387114822865
131.48072409629822	4.341236814856529
122.83676163852215	-4.30272564291954
118.7320311293006	-8.407456152141094
143.26385746896267	16.12437018752098
141.07763636112213	13.938149079680443
131.82402539253235	4.68453811109066
120.63113570213318	-6.50835157930851
121.7305947765708	-5.408892504870892
120.26612290740013	-6.873364374041557
126.75359062850475	-0.3858966529369354
124.46426013857126	-2.675227142870426
98.37963775545359	-28.759849525988102
131.93197609484196	4.7924888134002686
129.4782781228423	2.3387908414006233
117.63323590904474	-9.506251372396946
117.81301349401474	-9.326473787426949
113.46616145968437	-13.673325821757317
136.82449352741241	9.685006245970726
122.23904322087765	-4.900444060564041
127.98749228566885	0.8480050042271614
131.3355114683509	4.196024186909199
137.39000261574984	10.250515334308147
138.69694451987743	11.557457238435745
102.3964520841837	-24.743035197257996
139.27140644937754	12.131919167935848
126.82064710557461	-0.3188401758670807
125.81073435395956	-1.3287529274821281
143.0909478738904	15.951460592448711
124.1832977682352	-2.956189513206482
119.5308757647872	-7.608611516654491
123.88777131587267	-3.2517159655690193
108.09115834534168	-19.048328936100006
124.24333660304546	-2.896150678396225
128.4093840867281	1.2698968052864075
115.64857077598572	-11.49091650545597
132.44175338745117	5.302266106009483
137.93847160041332	10.798984318971634
131.61272215098143	4.473234869539738
136.10427571088076	8.964788429439068
130.7790171727538	3.6395298913121223
146.08248676359653	18.942999482154846
126.8088203817606	-0.3306668996810913
125.62298619747162	-1.5165010839700699
107.32223284989595	-19.817254431545734
126.78493449091911	-0.3545527905225754
121.76544280350208	-5.374044477939606
123.25846201181412	-3.881025269627571
121.58814974874258	-5.551337532699108
111.40021289885044	-15.739274382591248
126.31527671217918	-0.8242105692625046
129.1199951544404	1.9805078729987144
122.6829342469573	-4.4565530344843864
137.1471798196435	10.007692538201809
126.1266825273633	-1.0128047540783882
110.91986975073814	-16.219617530703545
125.48988643288612	-1.6496008485555649
134.9560379832983	7.816550701856613
130.17632096260786	3.036833681166172
139.24439822882414	12.10491094738245
127.1315649151802	-0.007922366261482239
136.6745854243636	9.535098142921925
123.37101662904024	-3.7684706524014473
102.02161663770676	-25.117870643734932
118.8435703292489	-8.295916952192783
127.31697613745928	0.17748885601758957
129.9322419911623	2.7927547097206116
137.7191296070814	10.579642325639725
130.48247192054987	3.342984639108181
118.05993639677763	-9.079550884664059
132.8178408369422	5.678353555500507
142.5625618621707	15.423074580729008
102.04232800751925	-25.097159273922443
133.37128039449453	6.231793113052845
115.12024143338203	-12.019245848059654
135.20657278597355	8.06708550453186
138.30313277244568	11.16364549100399
132.43137522041798	5.291887938976288
131.98922557383776	4.849738292396069
129.47603922337294	2.3365519419312477
117.88848290592432	-9.251004375517368
125.64681977778673	-1.4926675036549568
156.3248100578785	29.185322776436806
137.85445667803288	10.714969396591187
126.82353076338768	-0.3159565180540085
139.3980544656515	12.258567184209824
120.03311149030924	-7.10637579113245
135.71828542649746	8.57879814505577
133.33153250068426	6.192045219242573
108.05553724616766	-19.08395003527403
117.9355404600501	-9.203946821391582
136.14705004543066	9.007562763988972
118.56343339383602	-8.576053887605667
132.29191409051418	5.1524268090724945
134.99960696697235	7.8601196855306625
132.49837331473827	5.358886033296585
126.94023286551237	-0.19925441592931747
115.55309981107712	-11.58638747036457
141.9990498572588	14.859562575817108
134.99487241357565	7.855385132133961
122.87219972163439	-4.267287559807301
127.40500145405531	0.26551417261362076
131.17451629787683	4.035029016435146
119.73614836484194	-7.4033389165997505
123.4157171100378	-3.723770171403885
128.6453624740243	1.5058751925826073
129.08938082307577	1.9498935416340828
132.07650800794363	4.937020726501942
133.1343203485012	5.994833067059517
139.7129542902112	12.573467008769512
142.9617036730051	15.822216391563416
129.91488744318485	2.775400161743164
113.16325995326042	-13.976227328181267
122.353222720325	-4.786264561116695
117.0174243375659	-10.12206294387579
149.60926339775324	22.46977611631155
130.76635305583477	3.6268657743930817
130.10123713314533	2.961749851703644
142.10269353538752	14.963206253945827
116.37428618222475	-10.765201099216938
133.25530453026295	6.1158172488212585
136.60045101493597	9.460963733494282
140.12554451078176	12.986057229340076
113.79637721180916	-13.34311006963253
129.49330724030733	2.3538199588656425
140.9204786196351	13.780991338193417
135.43859507143497	8.299107789993286
148.0563077107072	20.9168204292655
142.9042853116989	15.764798030257225
133.3483832627535	6.208895981311798
107.57384176552296	-19.56564551591873
129.60830576717854	2.468818485736847
131.15394338220358	4.01445610076189
114.99326702207327	-12.14622025936842
142.87474536895752	15.735258087515831
118.29369738698006	-8.845789894461632
126.81137274950743	-0.3281145319342613
123.42675111442804	-3.712736167013645
145.1277885362506	17.988301254808903
137.109225012362	9.969737730920315
138.39330273866653	11.253815457224846
129.7442850843072	2.604797802865505
137.6160854101181	10.476598128676414
119.06380263715982	-8.075684644281864
115.3704224973917	-11.769064784049988
126.43649793416262	-0.7029893472790718
117.06865014880896	-10.070837132632732
133.92365384846926	6.784166567027569
140.3113583251834	13.171871043741703
125.389000415802	-1.7504868656396866
128.68964295834303	1.5501556769013405
128.60175757855177	1.4622702971100807
137.8031006678939	10.663613386452198
122.31620892137289	-4.823278360068798
133.02269069105387	5.883203409612179
133.58945208787918	6.449964806437492
124.20667589455843	-2.932811386883259
120.0674619525671	-7.072025328874588
136.04300024360418	8.903512962162495
137.07462795078754	9.935140669345856
124.77744728326797	-2.3620399981737137
125.91880548000336	-1.2206818014383316
130.49096147716045	3.3514741957187653
125.57762464135885	-1.5618626400828362
134.30606931447983	7.166582033038139
133.54302991181612	6.403542630374432
118.99743426591158	-8.14205301553011
127.36328013241291	0.22379285097122192
125.46874048560858	-1.6707467958331108
122.25118817389011	-4.888299107551575
115.78606610745192	-11.353421173989773
125.35504082590342	-1.7844464555382729
108.60682284832001	-18.53266443312168
128.4086938276887	1.2692065462470055
145.20082864910364	18.061341367661953
133.03475706279278	5.8952697813510895
116.10694252699614	-11.032544754445553
99.88806396722794	-27.251423314213753
122.25406900793314	-4.885418273508549
127.62407047301531	0.48458319157361984
138.84955529123545	11.710068009793758
116.50356056541204	-10.635926716029644
123.9801286906004	-3.1593585908412933
123.17753513902426	-3.961952142417431
102.97726526111364	-24.162222020328045
125.55433022230864	-1.5851570591330528
126.57170075923204	-0.5677865222096443
130.24028915911913	3.1008018776774406
129.97151854634285	2.832031264901161
130.86921133100986	3.7297240495681763
122.86778659373522	-4.2717006877064705
118.4679901227355	-8.671497158706188
131.71771623194218	4.578228950500488
114.99578116834164	-12.143706113100052
139.40881018340588	12.269322901964188
140.69102807343006	13.551540791988373
137.78743508458138	10.647947803139687
144.38929663598537	17.249809354543686
126.01007087528706	-1.1294164061546326
139.1909382790327	12.051450997591019
129.79109570384026	2.651608422398567
121.64132194966078	-5.4981653317809105
133.0395729765296	5.90008569508791
123.37952686846256	-3.759960412979126
123.01849769055843	-4.120989590883255
134.1031411960721	6.963653914630413
140.6559148132801	13.516427531838417
133.44751309603453	6.308025814592838
130.1548775434494	3.0153902620077133
132.59534890204668	5.455861620604992
121.49177457392216	-5.647712707519531
128.59592766314745	1.456440381705761
154.65850856900215	27.519021287560463
124.01776178181171	-3.1217254996299744
130.0876087397337	2.9481214582920074
110.33617103099823	-16.80331625044346
123.61292629688978	-3.5265609845519066
108.23266740143299	-18.906819880008698
120.95321413129568	-6.1862731501460075
111.1005557179451	-16.03893156349659
132.3412022292614	5.20171494781971
123.26810450851917	-3.871382772922516
116.44126069545746	-10.69822658598423
122.09132085740566	-5.048166424036026
143.48678556084633	16.34729827940464
121.32544346898794	-5.814043812453747
117.18672986328602	-9.95275741815567
141.44181034713984	14.302323065698147
117.46138673275709	-9.678100548684597
130.80309287458658	3.6636055931448936
110.60224399715662	-16.53724328428507
152.36948059499264	25.22999331355095
140.28831592947245	13.148828648030758
132.60594957321882	5.466462291777134
138.67234399914742	11.532856717705727
117.2946196347475	-9.844867646694183
147.72570490837097	20.586217626929283
117.92395807802677	-9.215529203414917
113.76883318275213	-13.370654098689556
110.77019306272268	-16.369294218719006
120.4597435221076	-6.679743759334087
110.97572602331638	-16.163761258125305
142.9214139059186	15.78192662447691
130.6346178278327	3.4951305463910103
125.34270626306534	-1.7967810183763504
134.09767811000347	6.958190828561783
121.44456832110882	-5.6949189603328705
114.87272049486637	-12.266766786575317
126.73779862374067	-0.4016886577010155
135.37104550004005	8.231558218598366
122.95034053176641	-4.189146749675274
142.05500937253237	14.91552209109068
121.63296812027693	-5.506519161164761
130.7837742716074	3.6442869901657104
140.26266553997993	13.123178258538246
119.54955697059631	-7.589930310845375
126.04842853546143	-1.0910587459802628
117.35790545493364	-9.781581826508045
131.529958948493	4.390471667051315
117.81894467771053	-9.320542603731155
143.13341657817364	15.993929296731949
120.82463055104017	-6.314856730401516
139.91222281754017	12.77273553609848
114.11523777991533	-13.024249501526356
134.92267876118422	7.783191479742527
138.98354724049568	11.844059959053993
131.7580453082919	4.6185580268502235
132.10812553018332	4.968638248741627
128.24727406352758	1.1077867820858955
131.33165291696787	4.19216563552618
144.14876178652048	17.009274505078793
125.98118478804827	-1.1583024933934212
145.25745061784983	18.11796333640814
111.16301100701094	-15.976476274430752
136.6573081985116	9.517820917069912
116.06537505239248	-11.074112229049206
112.98077692091465	-14.158710360527039
130.97747314721346	3.8379858657717705
112.19818644225597	-14.941300839185715
117.66625337302685	-9.47323390841484
123.83697643131018	-3.3025108501315117
137.67813931405544	10.538652032613754
132.54845006763935	5.408962786197662
119.98027794063091	-7.159209340810776
120.36428606510162	-6.775201216340065
137.04787500947714	9.90838772803545
126.84901861101389	-0.2904686704277992
140.2634580731392	13.123970791697502
120.00025710463524	-7.13923017680645
131.9299494922161	4.790462210774422
120.43346833437681	-6.706018947064877
129.28114439547062	2.1416571140289307
134.52361161261797	7.384124331176281
127.55092983692884	0.4114425554871559
127.768898203969	0.6294109225273132
126.10722227394581	-1.0322650074958801
119.63424020260572	-7.505247078835964
141.56405278295279	14.424565501511097
138.46839749068022	11.32891020923853
136.90641316771507	9.766925886273384
132.4158145263791	5.27632724493742
116.0268185287714	-11.112668752670288
114.24472064524889	-12.894766636192799
124.26000665873289	-2.8794806227087975
122.55786060541868	-4.581626676023006
120.84916332364082	-6.290323957800865
129.22687945514917	2.087392173707485
132.5322078242898	5.39272054284811
122.36833646893501	-4.771150812506676
120.32618569582701	-6.813301585614681
128.47070230543613	1.3312150239944458
128.7074141651392	1.5679268836975098
121.64760901778936	-5.491878263652325
121.28370708972216	-5.855780191719532
146.01878752559423	18.879300244152546
135.80009526759386	8.660607986152172
136.73441173881292	9.594924457371235
116.59698569774628	-10.542501583695412
134.51990468800068	7.3804174065589905
129.51890566945076	2.3794183880090714
130.69419723004103	3.5547099485993385
115.54272777587175	-11.596759505569935
127.81779308617115	0.6783058047294617
150.99483751505613	23.855350233614445
114.03374168276787	-13.10574559867382
115.78433373570442	-11.355153545737267
126.62905310094357	-0.5104341804981232
98.01182052493095	-29.127666756510735
147.4239736571908	20.28448637574911
139.64319852739573	12.503711245954037
120.73668124526739	-6.402806036174297
133.8825270831585	6.7430398017168045
121.2240851894021	-5.915402092039585
138.19678407907486	11.057296797633171
116.92539416998625	-10.21409311145544
118.32400245219469	-8.815484829246998
120.31858085095882	-6.820906430482864
141.22582755982876	14.08634027838707
105.96530739963055	-21.174179881811142
132.30877170711756	5.169284425675869
137.47713445872068	10.337647177278996
139.91778928041458	12.778301998972893
129.70876992493868	2.56928264349699
135.86026318371296	8.72077590227127
124.76385188102722	-2.375635400414467
105.65350490808487	-21.48598237335682
131.03199619799852	3.892508916556835
130.57059482485056	3.4311075434088707
134.87924750894308	7.739760227501392
118.90639327466488	-8.23309400677681
102.03645809739828	-25.103029184043407
113.03367777913809	-14.1058095023036
125.27209047228098	-1.8673968091607094
152.75080975145102	25.611322470009327
127.4837509766221	0.3442636951804161
118.40205668658018	-8.737430594861507
123.7123508900404	-3.427136391401291
115.3575553521514	-11.781931929290295
125.77609676867723	-1.3633905127644539
113.29675940424204	-13.84272787719965
125.48682747781277	-1.6526598036289215
134.79026506096125	7.650777779519558
144.65274414420128	17.51325686275959
129.03800078481436	1.8985135033726692
135.6399007588625	8.500413477420807
128.2532768920064	1.1137896105647087
123.96768735349178	-3.1717999279499054
128.48872572928667	1.3492384478449821
122.6937167942524	-4.445770487189293
117.73057048767805	-9.408916793763638
133.81808365136385	6.678596369922161
120.1039807125926	-7.035506568849087
121.57488518953323	-5.564602091908455
126.413758225739	-0.7257290557026863
122.27176487445831	-4.8677224069833755
126.75817747414112	-0.3813098073005676
120.53618114441633	-6.603306137025356
124.35729422420263	-2.7821930572390556
114.45695884525776	-12.68252843618393
104.0151813775301	-23.12430590391159
129.28852942585945	2.1490421444177628
128.527981095016	1.3884938135743141
129.5301353558898	2.3906480744481087
122.45488357543945	-4.684603706002235
116.99877507984638	-10.140712201595306
136.2781734392047	9.138686157763004
130.855848133564	3.716360852122307
134.8407763838768	7.701289102435112
128.73465594649315	1.5951686650514603
130.4119891896844	3.2725019082427025
136.82843561470509	9.688948333263397
139.0735458061099	11.934058524668217
126.21597161144018	-0.9235156700015068
109.97455438226461	-17.164932899177074
113.73437089473009	-13.405116386711597
120.28861013054848	-6.850877150893211
122.59644949436188	-4.543037787079811
132.91188721358776	5.772399932146072
110.0394380018115	-17.100049279630184
132.37611958384514	5.23663230240345
124.35886730253696	-2.780619978904724
129.08638594299555	1.9468986615538597
98.05661820620298	-29.082869075238705
139.3768072426319	12.237319961190224
116.10233979672194	-11.037147484719753
112.88528185337782	-14.25420542806387
122.93879517167807	-4.200692109763622
129.6497689113021	2.510281629860401
127.02969708293676	-0.10979019850492477
143.47774267196655	16.338255390524864
144.6452889814973	17.5058017000556
97.42968556284904	-29.709801718592644
123.34663789719343	-3.7928493842482567
138.8604589626193	11.720971681177616
119.56910706311464	-7.570380218327045
132.93793331086636	5.798446029424667
116.76039204001427	-10.379095241427422
132.13891177624464	4.999424494802952
127.63952718675137	0.5000399053096771
133.24710476398468	6.107617482542992
118.4561380892992	-8.683349192142487
132.80647437274456	5.666987091302872
126.26188669353724	-0.8776005879044533
118.21762764453888	-8.92185963690281
118.8240209966898	-8.315466284751892
121.01117132604122	-6.128315955400467
128.74900352209806	1.6095162406563759
135.30093692988157	8.161449648439884
100.90967835485935	-26.229808926582336
148.92522102594376	21.785733744502068
140.82017321139574	13.680685929954052
119.30517689138651	-7.83431039005518
107.13386733829975	-20.005619943141937
123.65479998290539	-3.4846872985363007
126.24140179157257	-0.8980854898691177
123.72060865908861	-3.418878622353077
119.87425172328949	-7.265235558152199
138.72425638884306	11.584769107401371
123.9560556486249	-3.1834316328167915
116.0217258259654	-11.117761455476284
124.76049304008484	-2.3789942413568497
125.18735385686159	-1.9521334245800972
122.05607870221138	-5.0834085792303085
137.7811579927802	10.64167071133852
129.68163441866636	2.5421471372246742
139.9151542633772	12.775666981935501
132.82904518395662	5.6895579025149345
118.21041367202997	-8.929073609411716
123.73041509091854	-3.4090721905231476
124.98667825758457	-2.1528090238571167
120.85763761401176	-6.281849667429924
108.45033141970634	-18.689155861735344
121.31897587329149	-5.820511408150196
108.60957634449005	-18.529910936951637
108.78093883395195	-18.35854844748974
122.17207497358322	-4.967412307858467
133.91694765537977	6.777460373938084
110.3266589269042	-16.812828354537487
111.65869383513927	-15.480793446302414
133.6909342110157	6.551446929574013
126.79656514525414	-0.3429221361875534
139.50432044267654	12.364833161234856
113.0305244922638	-14.108962789177895
134.87266539782286	7.733178116381168
138.47778867930174	11.33830139786005
121.7250472381711	-5.414440043270588
133.33677671849728	6.197289437055588
110.64179418236017	-16.497693099081516
116.24193555861712	-10.897551722824574
113.30309421569109	-13.836393065750599
131.61885119229555	4.479363910853863
114.80087870359421	-12.33860857784748
129.01722967624664	1.8777423948049545
150.14037607610226	23.00088879466057
122.9956007450819	-4.143886536359787
151.34155575186014	24.202068470418453
129.44845342636108	2.3089661449193954
141.98605351895094	14.84656623750925
95.19644861668348	-31.943038664758205
138.65108901262283	11.511601731181145
134.88217889517546	7.7426916137337685
134.73628593236208	7.596798650920391
126.04846491664648	-1.091022364795208
122.96984430402517	-4.169642977416515
140.10255179554224	12.963064514100552
155.3158048838377	28.17631760239601
136.86684437841177	9.727357096970081
133.27721969783306	6.137732416391373
114.74203012138605	-12.397457160055637
125.13400833308697	-2.005478948354721
102.15988621115685	-24.979601070284843
125.69175128638744	-1.447735995054245
124.00881417095661	-3.130673110485077
121.92518540471792	-5.214301876723766
115.4372554346919	-11.702231846749783
114.31624377518892	-12.823243506252766
94.80071868002415	-32.33876860141754
132.45105631649494	5.311569035053253
115.36834714561701	-11.77114013582468
121.00028892606497	-6.13919835537672
128.56051845103502	1.4210311695933342
139.7156259343028	12.576138652861118
128.70802515745163	1.568537876009941
104.10358479619026	-23.035902485251427
120.44673483073711	-6.692752450704575
138.34762534499168	11.208138063549995
126.17710112780333	-0.9623861536383629
128.31704737246037	1.1775600910186768
131.95706476271152	4.817577481269836
123.7580808326602	-3.3814064487814903
129.85464237630367	2.7151550948619843
130.31240125745535	3.1729139760136604
128.9508563503623	1.8113690689206123
125.76054482161999	-1.378942459821701
151.05480468273163	23.91531740128994
135.49345663934946	8.353969357907772
130.34579560905695	3.206308327615261
112.50750881433487	-14.63197846710682
108.92883950471878	-18.210647776722908
130.91405668109655	3.7745693996548653
129.34291930496693	2.203432023525238
105.22117944806814	-21.918307833373547
116.19425048679113	-10.945236794650555
128.1491971835494	1.0097099021077156
147.77177269011736	20.63228540867567
112.77374619245529	-14.365741088986397
129.43256218731403	2.293074905872345
118.41045542061329	-8.7290318608284
138.0123735293746	10.872886247932911
125.32329134643078	-1.81619593501091
127.8570627272129	0.7175754457712173
134.24301263689995	7.10352535545826
122.19528543204069	-4.944201849400997
134.0209378376603	6.881450556218624
133.832663372159	6.693176090717316
120.93937142193317	-6.200115859508514
149.91466452926397	22.775177247822285
119.67689030617476	-7.462596975266933
147.0990419909358	19.959554709494114
146.06386760622263	18.92438032478094
127.33918600529432	0.19969872385263443
135.12868135422468	7.989194072782993
129.78448151051998	2.644994229078293
120.81643763929605	-6.323049642145634
137.1484133452177	10.008926063776016
103.665407769382	-23.47407951205969
122.18744833022356	-4.952038951218128
120.81496036052704	-6.32452692091465
143.63098872452974	16.491501443088055
143.27269392460585	16.133206643164158
133.40818440169096	6.268697120249271
126.61752411723137	-0.5219631642103195
127.8804260790348	0.7409387975931168
119.02253144979477	-8.11695583164692
124.09682800620794	-3.0426592752337456
150.16777671128511	23.028289429843426
115.78524075448513	-11.354246526956558
132.28560852259398	5.1461212411522865
148.74929866939783	21.609811387956142
128.01233414560556	0.8728468641638756
125.14788515865803	-1.9916021227836609
120.90045657008886	-6.239030711352825
145.18647464364767	18.046987362205982
119.32207721471786	-7.8174100667238235
151.0038856342435	23.8643983528018
119.34272615611553	-7.796761125326157
114.22313709557056	-12.916350185871124
124.136928871274	-3.002558410167694
134.47016556560993	7.330678284168243
120.5507976487279	-6.588689632713795
135.3235468789935	8.184059597551823
108.67771701514721	-18.46177026629448
122.20794679969549	-4.931540481746197
111.9223110228777	-15.217176258563995
126.98728473484516	-0.1522025465965271
139.57664799690247	12.437160715460777
121.4762901365757	-5.66319714486599
132.48212517797947	5.342637896537781
141.3500638306141	14.210576549172401
114.60278399288654	-12.536703288555145
120.14108902215958	-6.998398259282112
128.97459208965302	1.8351048082113266
