Ea=124.2089936286211	delta_Ea
129.7941184490919	5.58512482047081
118.42769738286734	-5.781296245753765
129.66217578947544	5.45318216085434
155.09919994324446	30.890206314623356
109.2598599717021	-14.949133656919003
130.56433160603046	6.355337977409363
122.92152464389801	-1.2874689847230911
118.87626101821661	-5.332732610404491
152.26312094181776	28.05412731319666
115.37538884580135	-8.833604782819748
107.60463689267635	-16.604356735944748
130.31351947784424	6.104525849223137
107.71206170320511	-16.496931925415993
130.99956265091896	6.790569022297859
126.24178279191256	2.0327891632914543
126.09184259921312	1.882848970592022
130.52248000353575	6.313486374914646
153.62060467153788	29.411611042916775
125.4089572802186	1.1999636515974998
126.81429574638605	2.60530211776495
132.08522914350033	7.876235514879227
107.16811192780733	-17.04088170081377
108.83419764786959	-15.374795980751514
110.49666241556406	-13.712331213057041
142.00203707814217	17.793043449521065
161.18670847266912	36.97771484404802
116.14558029919863	-8.063413329422474
76.24346204847097	-47.96553158015013
148.749865911901	24.540872283279896
138.70120364427567	14.492210015654564
99.32018161565065	-24.888812012970448
145.22642275691032	21.017429128289223
124.7666815072298	0.5576878786087036
105.1870718151331	-19.021921813488007
105.19026235491037	-19.018731273710728
138.9624978005886	14.753504171967506
128.95984123647213	4.750847607851028
122.00544107705355	-2.2035525515675545
148.33884781599045	24.129854187369347
148.35825339704752	24.14925976842642
143.6714190170169	19.462425388395786
119.64632625132799	-4.56266737729311
99.4586489573121	-24.750344671308994
144.1677923053503	19.958798676729202
130.82741418480873	6.61842055618763
73.70895051956177	-50.500043109059334
133.43820441514254	9.229210786521435
116.93888989835978	-7.270103730261326
128.3838510364294	4.174857407808304
130.08306903392076	5.8740754052996635
104.47394900768995	-19.73504462093115
120.63826137781143	-3.5707322508096695
141.5601563975215	17.351162768900394
140.7449210882187	16.535927459597588
137.0423974171281	12.833403788506985
109.92692954838276	-14.282064080238342
142.06104420870543	17.852050580084324
141.72621669620275	17.517223067581654
98.94924714416265	-25.259746484458447
135.8641690686345	11.655175440013409
145.4450814500451	21.236087821424007
99.827287748456	-24.3817058801651
119.86995348334312	-4.339040145277977
140.81244634091854	16.60345271229744
117.8209083750844	-6.388085253536701
107.38375511020422	-16.82523851841688
148.4466341882944	24.23764055967331
103.43411868065596	-20.774874947965145
86.90504153072834	-37.30395209789276
100.82039786875248	-23.388595759868622
171.7443821951747	47.53538856655359
129.61277172714472	5.403778098523617
122.02403841912746	-2.184955209493637
119.1711730659008	-5.037820562720299
101.94505915790796	-22.26393447071314
117.11533783376217	-7.0936557948589325
114.56780486553907	-9.641188763082027
126.92471067607403	2.7157170474529266
93.19624847173691	-31.012745156884193
146.10956939309835	21.900575764477253
108.59713213145733	-15.611861497163773
135.80970012396574	11.600706495344639
135.97360671311617	11.764613084495068
132.76032821834087	8.551334589719772
139.1114342585206	14.902440629899502
141.90660870820284	17.697615079581738
133.17380048334599	8.964806854724884
151.3753221258521	27.166328497231007
128.31706757098436	4.108073942363262
137.4081328585744	13.199139229953289
137.94786348938942	13.738869860768318
118.41817547380924	-5.790818154811859
86.63805846869946	-37.570935159921646
129.61894583702087	5.409952208399773
133.2939324527979	9.084938824176788
149.08387280255556	24.87487917393446
99.77242602407932	-24.43656760454178
102.7556023299694	-21.453391298651695
102.25621008872986	-21.952783539891243
125.89531669020653	1.6863230615854263
141.42768846452236	17.21869483590126
107.60639140754938	-16.60260222107172
145.4323058873415	21.223312258720398
118.75727984309196	-5.451713785529137
131.8879015147686	7.678907886147499
116.23583006113768	-7.973163567483425
146.68780172616243	22.478808097541332
106.24077077955008	-17.968222849071026
129.5778422728181	5.368848644196987
135.64439894258976	11.435405313968658
155.42922648787498	31.220232859253883
107.87997738271952	-16.329016245901585
130.59388647973537	6.384892851114273
143.1038296893239	18.8948360607028
132.71679029613733	8.507796667516232
129.09048080444336	4.881487175822258
115.51619359850883	-8.692800030112267
116.91907225549221	-7.289921373128891
113.66123214364052	-10.547761484980583
122.33070029318333	-1.8782933354377747
112.60537143796682	-11.603622190654278
118.9064783975482	-5.302515231072903
136.97422010451555	12.765226475894451
130.2757199779153	6.066726349294186
108.54080820083618	-15.66818542778492
152.41693264245987	28.207939013838768
141.92389956861734	17.714905939996243
134.86724508553743	10.658251456916332
143.68435741215944	19.47536378353834
137.40127970278263	13.19228607416153
134.57346291840076	10.364469289779663
111.35300329327583	-12.855990335345268
130.66672018915415	6.457726560533047
131.27234325557947	7.06334962695837
133.78422167897224	9.575228050351143
122.70437113940716	-1.5046224892139435
92.21717645227909	-31.99181717634201
89.25815875083208	-34.95083487778902
97.58914544433355	-26.619848184287548
122.00971572846174	-2.199277900159359
131.46729616075754	7.25830253213644
131.33505383878946	7.126060210168362
93.4341802150011	-30.774813413619995
124.79250028729439	0.5835066586732864
141.55659794807434	17.34760431945324
92.65102258324623	-31.55797104537487
132.04257410764694	7.833580479025841
108.52864450961351	-15.680349119007587
90.28033786267042	-33.92865576595068
137.16914570331573	12.960152074694633
100.92525976151228	-23.283733867108822
124.92925494909286	0.7202613204717636
91.96829910576344	-32.240694522857666
93.05156005173922	-31.157433576881886
108.7211324647069	-15.487861163914204
137.10865341871977	12.899659790098667
113.70400961488485	-10.504984013736248
89.93719337880611	-34.27180024981499
130.64420875906944	6.435215130448341
124.70386762917042	0.4948740005493164
121.14513628184795	-3.0638573467731476
104.3242362216115	-19.8847574070096
99.41788817942142	-24.791105449199677
140.0831963121891	15.874202683568
123.62662985175848	-0.5823637768626213
111.58680564910173	-12.622187979519367
121.61082537472248	-2.5981682538986206
125.76656131446362	1.557567685842514
135.19481446594	10.985820837318897
126.33257073909044	2.1235771104693413
122.07522689551115	-2.133766733109951
88.74872153252363	-35.46027209609747
139.5163839533925	15.307390324771404
95.69446510076523	-28.514528527855873
135.29706312716007	11.088069498538971
145.55325313657522	21.34425950795412
127.78265202790499	3.573658399283886
98.79998314380646	-25.409010484814644
131.62972601503134	7.420732386410236
114.96265134215355	-9.246342286467552
139.05534678697586	14.84635315835476
125.59488516300917	1.3858915343880653
99.89636719971895	-24.31262642890215
99.89087934792042	-24.318114280700684
117.41231132298708	-6.796682305634022
151.45469337701797	27.245699748396873
136.8037153929472	12.594721764326096
140.6986248716712	16.4896312430501
134.07137797027826	9.862384341657162
118.92181495577097	-5.287178672850132
129.73133774846792	5.522344119846821
105.7026974260807	-18.506296202540398
123.67708653211594	-0.5319070965051651
105.68588870763779	-18.523104920983315
151.68099129199982	27.471997663378716
112.82884616404772	-11.380147464573383
100.23035194724798	-23.97864168137312
141.0141938328743	16.805200204253197
124.68163435161114	0.472640722990036
136.6306934133172	12.421699784696102
114.37558351457119	-9.833410114049911
117.7143636494875	-6.494629979133606
136.95091810822487	12.741924479603767
109.11979477852583	-15.089198850095272
98.46549383550882	-25.743499793112278
112.42325324565172	-11.78574038296938
129.57340835779905	5.364414729177952
131.77090634405613	7.561912715435028
119.25141027569771	-4.957583352923393
124.87997205555439	0.6709784269332886
115.16906125098467	-9.039932377636433
122.76275543868542	-1.4462381899356842
97.70147927850485	-26.507514350116253
139.83291576057673	15.623922131955624
94.90515714883804	-29.303836479783058
127.73018301278353	3.521189384162426
129.4762880653143	5.2672944366931915
125.6989668905735	1.4899732619524002
122.57405108213425	-1.6349425464868546
122.9894079118967	-1.2195857167243958
125.43397323042154	1.2249796018004417
121.86939968168736	-2.3395939469337463
154.64466010034084	30.435666471719742
142.32414435595274	18.11515072733164
105.78491154313087	-18.424082085490227
113.3854964748025	-10.823497153818607
145.1455818042159	20.936588175594807
114.764981739223	-9.444011889398098
154.63989558815956	30.43090195953846
136.06259279698133	11.853599168360233
127.38683101534843	3.177837386727333
122.01946770399809	-2.1895259246230125
129.778186917305	5.569193288683891
150.28995061665773	26.080956988036633
117.24983412027359	-6.959159508347511
107.76076786220074	-16.448225766420364
125.77933766692877	1.5703440383076668
148.40663634985685	24.197642721235752
131.42859724909067	7.21960362046957
123.89602561295033	-0.31296801567077637
113.19137275964022	-11.017620868980885
114.54644380509853	-9.662549823522568
123.43298266083002	-0.7760109677910805
113.05540270358324	-11.15359092503786
117.43495973944664	-6.774033889174461
131.83991841226816	7.63092478364706
158.89095675200224	34.68196312338114
151.69954094290733	27.490547314286232
110.34789408743382	-13.861099541187286
143.96547546982765	19.75648184120655
120.92862156778574	-3.2803720608353615
117.86384991556406	-6.345143713057041
96.6639567092061	-27.545036919414997
154.71178475022316	30.50279112160206
125.79250265657902	1.5835090279579163
113.80097981542349	-10.408013813197613
127.19282251596451	2.9838288873434067
150.20170505344868	25.992711424827576
126.93403724581003	2.7250436171889305
135.32752684503794	11.118533216416836
114.94402328878641	-9.26497033983469
138.21962294727564	14.010629318654537
105.33581691980362	-18.873176708817482
142.7938238233328	18.584830194711685
124.21204379945993	0.0030501708388328552
93.75886335968971	-30.45013026893139
123.50466376543045	-0.7043298631906509
134.01032447069883	9.801330842077732
98.08247861266136	-26.12651501595974
130.46384934335947	6.254855714738369
81.28118659555912	-42.92780703306198
129.65213576704264	5.4431421384215355
165.88117243349552	41.67217880487442
150.9620954990387	26.753101870417595
134.69469161331654	10.485697984695435
99.65297371894121	-24.55601990967989
120.02956897765398	-4.179424650967121
124.9671490341425	0.7581554055213928
103.44751640409231	-20.76147722452879
151.9108522683382	27.701858639717102
143.63650900870562	19.427515380084515
143.84301231056452	19.634018681943417
128.7805755212903	4.571581892669201
130.39848997443914	6.189496345818043
106.08210508525372	-18.126888543367386
125.68628318607807	1.4772895574569702
138.47405181080103	14.265058182179928
131.3017515167594	7.092757888138294
160.65534310787916	36.44634947925806
112.76219840347767	-11.446795225143433
108.60570020228624	-15.603293426334858
133.80974446237087	9.600750833749771
114.36529198288918	-9.843701645731926
134.89844597876072	10.689452350139618
116.30656335502863	-7.902430273592472
122.92427141219378	-1.2847222164273262
137.52269771695137	13.313704088330269
111.29108914732933	-12.917904481291771
122.76067610830069	-1.4483175203204155
135.1673394665122	10.958345837891102
138.37899736315012	14.170003734529018
144.66809254139662	20.459098912775517
84.19988218694925	-40.00911144167185
157.73491871356964	33.52592508494854
154.13953598588705	29.93054235726595
110.71503909677267	-13.49395453184843
115.29258573800325	-8.916407890617847
104.53936309367418	-19.66963053494692
137.71359083801508	13.504597209393978
125.39044923335314	1.1814556047320366
107.15888753533363	-17.050106093287468
110.7669934257865	-13.442000202834606
153.87780437618494	29.66881074756384
141.03651730716228	16.827523678541183
115.19891752302647	-9.010076105594635
140.42834420502186	16.219350576400757
133.4101480692625	9.201154440641403
111.67219910770655	-12.536794520914555
104.65191926062107	-19.55707436800003
161.4793417006731	37.270348072052
131.07032629847527	6.861332669854164
128.53149195760489	4.322498328983784
111.20384714752436	-13.005146481096745
135.37315710633993	11.16416347771883
99.57407334446907	-24.63492028415203
131.0377494096756	6.828755781054497
153.15001656115055	28.94102293252945
104.63091805577278	-19.57807557284832
130.41247421503067	6.203480586409569
137.62848588824272	13.41949225962162
126.57949718087912	2.3705035522580147
108.39570352435112	-15.813290104269981
96.73326554894447	-27.475728079676628
149.9910639896989	25.782070361077785
124.21649903059006	0.007505401968955994
118.66302143037319	-5.5459721982479095
99.50652405619621	-24.70246957242489
106.38125786930323	-17.827735759317875
100.89926430583	-23.3097293227911
127.04629272967577	2.8372991010546684
99.90072727948427	-24.30826634913683
118.31904207915068	-5.889951549470425
120.77694343775511	-3.4320501908659935
110.63478098809719	-13.57421264052391
167.10827960073948	42.89928597211838
103.2899202182889	-20.919073410332203
78.81987979263067	-45.38911383599043
140.24627774208784	16.03728411346674
141.37776039540768	17.168766766786575
114.77057918161154	-9.438414447009563
104.36913066357374	-19.83986296504736
132.19700064510107	7.988007016479969
127.58857712894678	3.37958350032568
141.79503647983074	17.58604285120964
139.54962215572596	15.340628527104855
118.2437639310956	-5.965229697525501
112.94132178276777	-11.267671845853329
140.08304727077484	15.87405364215374
121.50419782102108	-2.7047958076000214
133.81042055040598	9.601426921784878
140.93642370402813	16.727430075407028
143.02844674885273	18.81945312023163
133.0373810827732	8.828387454152107
144.3698544949293	20.160860866308212
133.217603713274	9.0086100846529
101.54463497549295	-22.664358653128147
113.32288670539856	-10.886106923222542
114.7354179173708	-9.473575711250305
134.7408751025796	10.531881473958492
140.57033781707287	16.361344188451767
117.19097741693258	-7.0180162116885185
140.3029023334384	16.093908704817295
146.24236345291138	22.033369824290276
171.9395561143756	47.73056248575449
104.79338193684816	-19.415611691772938
108.21392427384853	-15.995069354772568
129.78891740739346	5.579923778772354
150.49864763766527	26.28965400904417
120.8269547894597	-3.382038839161396
95.92338639497757	-28.285607233643532
104.67235123366117	-19.536642394959927
117.24987818300724	-6.959115445613861
114.9932171702385	-9.215776458382607
134.79614980518818	10.587156176567078
104.93212354928255	-19.27687007933855
109.98150149732828	-14.22749213129282
146.58493830263615	22.375944674015045
111.68300591409206	-12.525987714529037
136.79773762077093	12.58874399214983
96.93362259119749	-27.27537103742361
105.93074785917997	-18.278245769441128
130.54212288558483	6.33312925696373
120.93780528008938	-3.271188348531723
110.18635249137878	-14.022641137242317
142.45978419482708	18.25079056620598
138.47768443077803	14.268690802156925
117.7409552410245	-6.468038387596607
124.25144334882498	0.042449720203876495
122.30917067825794	-1.8998229503631592
117.26023280620575	-6.948760822415352
110.62731622904539	-13.58167739957571
156.96191921830177	32.75292558968067
128.21734904497862	4.008355416357517
126.4711929783225	2.2621993497014046
105.06667885184288	-19.14231477677822
129.5272809714079	5.318287342786789
104.3917679861188	-19.817225642502308
102.25895982980728	-21.95003379881382
119.51335978507996	-4.695633843541145
151.46889972686768	27.259906098246574
157.21731166541576	33.00831803679466
116.40735099464655	-7.801642633974552
155.77914831787348	31.570154689252377
111.22201331704855	-12.986980311572552
135.60916898399591	11.400175355374813
94.58633917570114	-29.62265445291996
131.14357736706734	6.934583738446236
97.40885856747627	-26.80013506114483
111.11522635817528	-13.093767270445824
142.52082964777946	18.311836019158363
87.73516187816858	-36.47383175045252
139.86348794400692	15.654494315385818
115.1490025818348	-9.059991046786308
90.63521748781204	-33.57377614080906
127.55880871415138	3.349815085530281
123.15967287123203	-1.0493207573890686
139.94585827738047	15.736864648759365
97.69193754345179	-26.517056085169315
122.13336950540543	-2.0756241232156754
109.44260287284851	-14.76639075577259
120.4788863286376	-3.7301072999835014
126.41607011854649	2.2070764899253845
114.53243488818407	-9.67655874043703
128.88051114976406	4.67151752114296
119.03132900595665	-5.177664622664452
118.11081286519766	-6.098180763423443
124.41380346566439	0.20480983704328537
136.43807173520327	12.229078106582165
116.9507514834404	-7.258242145180702
105.75541186332703	-18.453581765294075
124.61050432920456	0.40151070058345795
119.07775623351336	-5.131237395107746
139.2587968558073	15.049803227186203
90.73802205175161	-33.47097157686949
146.06535789370537	21.856364265084267
127.97799266129732	3.76899903267622
100.76361257582903	-23.445381052792072
142.4239864051342	18.2149927765131
101.8671647310257	-22.341828897595406
108.46506760269403	-15.743926025927067
107.06641528755426	-17.142578341066837
157.0229901894927	32.8139965608716
124.66843072324991	0.4594370946288109
85.44885516166687	-38.76013846695423
116.08730039745569	-8.121693231165409
143.29113923758268	19.082145608961582
101.671127140522	-22.537866488099098
139.7620533928275	15.55305976420641
126.50230014324188	2.293306514620781
136.30156045407057	12.092566825449467
131.7395263016224	7.530532673001289
134.86913350969553	10.660139881074429
134.5432205349207	10.334226906299591
117.90474112331867	-6.304252505302429
103.26085572689772	-20.948137901723385
156.90376837551594	32.694774746894836
107.91240335255861	-16.29659027606249
108.38306304067373	-15.825930587947369
139.81769712269306	15.60870349407196
104.41048523783684	-19.798508390784264
106.66628017276525	-17.542713455855846
110.46205395460129	-13.746939674019814
127.61525402218103	3.4062603935599327
117.35999412089586	-6.848999507725239
100.1293250694871	-24.079668559134007
128.5820959508419	4.373102322220802
143.18356730043888	18.97457367181778
116.23714202642441	-7.971851602196693
125.33698857575655	1.1279949471354485
137.55469496548176	13.345701336860657
123.81695490330458	-0.3920387253165245
165.57018765807152	41.36119402945042
125.01232248544693	0.8033288568258286
150.7286065891385	26.519612960517406
138.0918234139681	13.882829785346985
127.23278138786554	3.023787759244442
127.25080978125334	3.0418161526322365
147.1761082559824	22.967114627361298
113.25484552234411	-10.954148106276989
126.49903728812933	2.2900436595082283
127.42743922024965	3.2184455916285515
141.43007385730743	17.221080228686333
118.67025558650494	-5.538738042116165
121.41644714027643	-2.7925464883446693
70.95374403893948	-53.255249589681625
104.38408086448908	-19.824912764132023
151.6677921190858	27.458798490464687
142.41607757657766	18.207083947956562
128.3042185306549	4.095224902033806
144.38250540196896	20.173511773347855
157.38274033367634	33.17374670505524
121.00097565352917	-3.208017975091934
120.23358161002398	-3.975412018597126
122.88049691170454	-1.3284967169165611
155.10495947301388	30.895965844392776
113.5713232010603	-10.637670427560806
108.74086121469736	-15.46813241392374
124.93799790740013	0.7290042787790298
104.08265044540167	-20.126343183219433
74.13747162371874	-50.07152200490236
125.38104376196861	1.1720501333475113
141.45766849815845	17.248674869537354
105.57828670740128	-18.630706921219826
129.3821196705103	5.173126041889191
130.30578485131264	6.096791222691536
137.5944016650319	13.385408036410809
110.59084185957909	-13.618151769042015
93.09805606305599	-31.11093756556511
124.32650134712458	0.11750771850347519
108.26964031904936	-15.939353309571743
143.70751544088125	19.49852181226015
124.42312262952328	0.2141290009021759
129.17874755710363	4.9697539284825325
113.3936640098691	-10.815329618752003
111.00549577176571	-13.203497856855392
117.57589342445135	-6.63310020416975
115.57270687073469	-8.63628675788641
124.81937386840582	0.6103802397847176
109.65916085243225	-14.54983277618885
131.55831221491098	7.349318586289883
113.04818820953369	-11.16080541908741
136.44153255224228	12.232538923621178
103.69941776245832	-20.509575866162777
101.30720259994268	-22.901791028678417
159.9860920533538	35.777098424732685
148.45378071069717	24.244787082076073
107.5207282975316	-16.688265331089497
112.89627175033092	-11.312721878290176
119.78750053048134	-4.421493098139763
144.50089233368635	20.29189870506525
131.69533294439316	7.486339315772057
118.40918009728193	-5.7998135313391685
111.35990303754807	-12.849090591073036
111.99705640226603	-12.211937226355076
111.61471443623304	-12.594279192388058
139.44910728931427	15.240113660693169
122.60347766429186	-1.6055159643292427
132.6290666386485	8.420073010027409
158.1134024709463	33.90440884232521
135.00173295289278	10.792739324271679
100.16582152992487	-24.043172098696232
135.26191648840904	11.052922859787941
127.41950864344835	3.2105150148272514
124.8830615580082	0.6740679293870926
107.08087136596441	-17.12812226265669
154.54177779704332	30.332784168422222
133.19385281205177	8.984859183430672
153.32803615182638	29.11904252320528
143.42000295221806	19.211009323596954
115.97546929121017	-8.233524337410927
97.16599471122026	-27.042998917400837
101.95370115339756	-22.25529247522354
105.671052955091	-18.5379406735301
110.6311709433794	-13.5778226852417
163.8857026696205	39.67670904099941
130.71166552603245	6.502671897411346
132.34533990174532	8.136346273124218
125.88336928188801	1.6743756532669067
128.693334646523	4.484341017901897
102.9339125752449	-21.275081053376198
98.31854794174433	-25.890445686876774
116.45770128816366	-7.751292340457439
122.2052116766572	-2.0037819519639015
139.96938871592283	15.760395087301731
112.07382637262344	-12.135167255997658
86.13959770649672	-38.069395922124386
119.9706049412489	-4.238388687372208
104.51080469042063	-19.698188938200474
96.05112437903881	-28.15786924958229
120.6802147179842	-3.528778910636902
112.69818022847176	-11.510813400149345
136.10318671911955	11.894193090498447
128.32695126533508	4.117957636713982
127.87516836822033	3.666174739599228
115.94946610182524	-8.259527526795864
117.84322687983513	-6.365766748785973
138.0008645579219	13.791870929300785
126.32003761082888	2.111043982207775
143.56339639425278	19.354402765631676
129.26655215770006	5.05755852907896
107.17205293476582	-17.036940693855286
121.95975688844919	-2.2492367401719093
118.72350330650806	-5.485490322113037
156.61757503449917	32.40858140587807
142.8754509612918	18.66645733267069
118.76663213223219	-5.442361496388912
125.3762175142765	1.1672238856554031
119.1947065666318	-5.014287061989307
142.40091285854578	18.19191922992468
110.08144803345203	-14.127545595169067
110.91536051034927	-13.293633118271828
125.4276921376586	1.2186985090374947
132.21693551540375	8.007941886782646
159.20886769145727	34.99987406283617
157.23430179804564	33.025308169424534
141.41835086792707	17.209357239305973
124.48682633042336	0.2778327018022537
114.2729946449399	-9.935998983681202
145.6360967680812	21.427103139460087
103.9426216930151	-20.266371935606003
109.45094123482704	-14.75805239379406
116.87202175706625	-7.3369718715548515
121.06698449701071	-3.1420091316103935
126.66323777288198	2.4542441442608833
155.7937270477414	31.58473341912031
101.22316668182611	-22.985826946794987
106.97043499350548	-17.238558635115623
111.03588112443686	-13.173112504184246
90.67023223638535	-33.538761392235756
93.23981329798698	-30.969180330634117
111.01757323741913	-13.191420391201973
126.01772560179234	1.8087319731712341
145.7036470323801	21.494653403759003
144.00759179145098	19.798598162829876
121.89327609539032	-2.3157175332307816
150.5433511659503	26.334357537329197
85.03555422276258	-39.17343940585852
135.50349189341068	11.294498264789581
169.05925222486258	44.850258596241474
110.0569581463933	-14.152035482227802
135.94732969254255	11.738336063921452
134.64097914099693	10.431985512375832
126.32959724217653	2.1206036135554314
142.78324253112078	18.574248902499676
127.55810102820396	3.349107399582863
140.57195418328047	16.362960554659367
142.5194567143917	18.310463085770607
125.70743176341057	1.4984381347894669
112.29039811342955	-11.918595515191555
129.54414431005716	5.335150681436062
141.90996835380793	17.700974725186825
125.86646532267332	1.6574716940522194
137.2953740656376	13.086380437016487
108.44959039241076	-15.759403236210346
138.7453674674034	14.53637383878231
122.4366374462843	-1.7723561823368073
148.61763848364353	24.40864485502243
105.55497901886702	-18.654014609754086
101.11269200593233	-23.09630162268877
138.20763687044382	13.99864324182272
114.32607987523079	-9.882913753390312
141.02480532228947	16.815811693668365
124.44078063219786	0.23178700357675552
79.44258435815573	-44.766409270465374
146.50980193912983	22.300808310508728
99.81703924387693	-24.391954384744167
126.99793172627687	2.788938097655773
103.28586282581091	-20.923130802810192
126.09202203154564	1.8830284029245377
133.5149441510439	9.30595052242279
128.047936193645	3.838942565023899
142.18707302957773	17.97807940095663
142.49794194847345	18.288948319852352
114.31211152672768	-9.896882101893425
149.7175829783082	25.5085893496871
160.7833638638258	36.5743702352047
141.6856480911374	17.476654462516308
124.30430096387863	0.09530733525753021
95.26915153861046	-28.939842090010643
96.16367707401514	-28.04531655460596
125.28553478419781	1.076541155576706
137.6549328044057	13.445939175784588
163.88349276036024	39.67449913173914
121.30254576355219	-2.9064478650689125
129.5863108932972	5.377317264676094
111.73432049900293	-12.474673129618168
98.7681525349617	-25.4408410936594
162.91508695483208	38.706093326210976
100.57029063254595	-23.638702996075153
125.43610993027687	1.2271163016557693
138.26421353965998	14.055219911038876
128.92468989640474	4.715696267783642
111.76797895133495	-12.441014677286148
104.04462444037199	-20.16436918824911
123.52037008851767	-0.6886235401034355
102.48720528930426	-21.721788339316845
134.02328842878342	9.814294800162315
145.1357579678297	20.926764339208603
87.9748082458973	-36.23418538272381
121.28824397921562	-2.9207496494054794
96.04959027469158	-28.15940335392952
128.68696498125792	4.477971352636814
123.71833527833223	-0.49065835028886795
128.44960464537144	4.240611016750336
120.59512448310852	-3.613869145512581
108.99317187070847	-15.215821757912636
152.2288081124425	28.019814483821392
120.1216119080782	-4.087381720542908
132.41367775946856	8.204684130847454
123.12897796928883	-1.0800156593322754
129.17231457680464	4.9633209481835365
107.97013333439827	-16.23886029422283
100.22472584247589	-23.98426778614521
98.00068859755993	-26.208305031061172
116.28766404092312	-7.921329587697983
131.3538202494383	7.1448266208171844
118.54495103657246	-5.664042592048645
108.37436508387327	-15.83462854474783
88.17281293869019	-36.036180689930916
98.12738792598248	-26.081605702638626
133.703351251781	9.494357623159885
106.63065356761217	-17.57834006100893
120.43163347244263	-3.7773601561784744
160.52008363604546	36.311090007424355
120.23184885829687	-3.97714477032423
98.27644550800323	-25.932548120617867
132.6339848190546	8.424991190433502
90.67308616638184	-33.535907462239265
96.9491790086031	-27.259814620018005
111.2421737909317	-12.9668198376894
127.89043355733156	3.6814399287104607
123.31401178985834	-0.8949818387627602
119.78174618631601	-4.427247442305088
90.36821023374796	-33.84078339487314
108.04197552800179	-16.167018100619316
117.67706873267889	-6.531924895942211
100.1935528293252	-24.015440799295902
126.01283545792103	1.8038418292999268
130.87482710182667	6.665833473205566
129.78054059296846	5.5715469643473625
107.5043770223856	-16.704616606235504
133.72144582867622	9.512452200055122
132.2061032652855	7.997109636664391
125.3350346237421	1.1260409951210022
117.912552498281	-6.296441130340099
125.5676792114973	1.3586855828762054
117.89448951929808	-6.314504109323025
104.0055111348629	-20.2034824937582
178.34085474908352	54.13186112046242
148.81798826158047	24.608994632959366
106.26104738563299	-17.94794624298811
160.24948383122683	36.040490202605724
119.73358505964279	-4.47540856897831
139.99919651448727	15.790202885866165
99.97697631269693	-24.232017315924168
130.78565188497305	6.576658256351948
122.75151832401752	-1.4574753046035767
138.21209326386452	14.003099635243416
121.13804357498884	-3.0709500536322594
124.9758950099349	0.7669013813138008
144.26259019225836	20.053596563637257
102.63179906457663	-21.577194564044476
118.73830319941044	-5.470690429210663
117.77098830789328	-6.438005320727825
102.12965454161167	-22.07933908700943
121.22386953234673	-2.985124096274376
122.42131131142378	-1.7876823171973228
101.53789833933115	-22.67109528928995
114.68015941977501	-9.528834208846092
143.0930360853672	18.8840424567461
128.83078935742378	4.621795728802681
120.89062558114529	-3.318368047475815
108.73605851829052	-15.472935110330582
129.01839371025562	4.8094000816345215
128.79609105736017	4.587097428739071
110.25406764447689	-13.95492598414421
85.87800674885511	-38.33098687976599
150.76958996802568	26.560596339404583
109.37931363284588	-14.829679995775223
145.0109443962574	20.8019507676363
125.2485993206501	1.0396056920289993
139.03854436427355	14.829550735652447
88.34814122319221	-35.860852405428886
90.07248312234879	-34.136510506272316
135.7768092751503	11.567815646529198
120.5025713890791	-3.7064222395420074
117.59160619974136	-6.617387428879738
90.76575737446547	-33.443236254155636
143.7776696383953	19.568676009774208
99.599834010005	-24.609159618616104
108.77198200672865	-15.437011621892452
108.71048185229301	-15.498511776328087
135.16684260219336	10.957848973572254
114.88442732393742	-9.324566304683685
121.96250163763762	-2.246491990983486
128.30471850931644	4.095724880695343
135.96491431444883	11.755920685827732
115.20004043728113	-9.00895319133997
154.46449419111013	30.255500562489033
122.45656807720661	-1.7524255514144897
113.35245127230883	-10.856542356312275
122.09879925101995	-2.1101943776011467
155.28580213338137	31.076808504760265
114.49536807835102	-9.71362555027008
147.51245871931314	23.303465090692043
122.17051201313734	-2.038481615483761
111.93902460485697	-12.269969023764133
123.2690194323659	-0.9399741962552071
122.82512740790844	-1.3838662207126617
96.63594326376915	-27.57305036485195
147.89605189859867	23.68705826997757
92.83616869151592	-31.37282493710518
155.6700298935175	31.461036264896393
127.57158144563437	3.3625878170132637
102.50094608962536	-21.708047538995743
116.74727664887905	-7.46171697974205
178.09042360633612	53.881429977715015
122.4532494917512	-1.7557441368699074
159.1013693511486	34.892375722527504
157.08131290972233	32.87231928110123
101.13585392385721	-23.07313970476389
156.4096029996872	32.20060937106609
78.88079094141722	-45.328202687203884
87.96858765929937	-36.24040596932173
149.7812106385827	25.572217009961605
145.2058876156807	20.996893987059593
136.09567131102085	11.88667768239975
104.99907790869474	-19.209915719926357
148.87094648182392	24.66195285320282
130.40999503433704	6.201001405715942
125.88169654458761	1.6727029159665108
144.33029451966286	20.121300891041756
115.99350416660309	-8.215489462018013
120.35469997674227	-3.8542936518788338
151.07437670975924	26.865383081138134
126.10637588799	1.8973822593688965
133.21125556528568	9.002261936664581
146.49343115836382	22.284437529742718
137.77786199003458	13.568868361413479
99.45350650697947	-24.755487121641636
86.68473837524652	-37.52425525337458
138.30257255584002	14.093578927218914
141.6405261978507	17.431532569229603
129.9231487289071	5.714155100286007
135.9134128689766	11.704419240355492
114.95000571012497	-9.258987918496132
97.47529474645853	-26.73369888216257
104.90175003558397	-19.30724359303713
128.88863879442215	4.679645165801048
105.10828419774771	-19.100709430873394
126.31363683193922	2.104643203318119
141.97185395658016	17.76286032795906
99.40286613255739	-24.80612749606371
155.9627671316266	31.753773503005505
142.2355176359415	18.026524007320404
100.73442571610212	-23.474567912518978
149.9877029657364	25.778709337115288
117.68052181601524	-6.528471812605858
101.28585006296635	-22.923143565654755
137.62930792570114	13.42031429708004
149.1111258044839	24.90213217586279
158.92118081450462	34.71218718588352
128.10486996918917	3.8958763405680656
138.67653336375952	14.467539735138416
108.36756354570389	-15.841430082917213
139.61844366788864	15.40945003926754
122.68344850093126	-1.5255451276898384
135.095281355083	10.886287726461887
135.0822637602687	10.873270131647587
135.13276039808989	10.923766769468784
139.03653267771006	14.827539049088955
127.35627962648869	3.1472859978675842
121.88439608365297	-2.324597544968128
106.25155736505985	-17.95743626356125
128.3155404254794	4.106546796858311
105.04499999433756	-19.163993634283543
134.4935015514493	10.284507922828197
113.68311151862144	-10.525882109999657
152.21875075250864	28.00975712388754
116.37509943544865	-7.833894193172455
123.00655413419008	-1.2024394944310188
133.75577206164598	9.546778433024883
156.0645028948784	31.855509266257286
107.61819885671139	-16.590794771909714
104.62797828763723	-19.581015340983868
125.70518056303263	1.4961869344115257
92.36107423901558	-31.847919389605522
102.73204650729895	-21.476947121322155
121.89488500356674	-2.3141086250543594
126.24104081839323	2.032047189772129
126.07954426854849	1.8705506399273872
151.82816181331873	27.619168184697628
116.71670255810022	-7.492291070520878
125.91195615381002	1.7029625251889229
116.1190575286746	-8.089936099946499
130.03010334819555	5.8211097195744514
145.2214412689209	21.012447640299797
130.58563744276762	6.376643814146519
109.21400535106659	-14.994988277554512
125.71487943828106	1.5058858096599579
118.24874927848577	-5.960244350135326
98.15226633101702	-26.056727297604084
136.24263805150986	12.033644422888756
145.6247833520174	21.4157897233963
138.5910891443491	14.382095515727997
132.17360396683216	7.96461033821106
130.3915355578065	6.1825419291853905
124.91469806432724	0.7057044357061386
107.61719657480717	-16.591797053813934
125.7438813149929	1.5348876863718033
111.11625775694847	-13.09273587167263
126.85488876700401	2.6458951383829117
101.90355233103037	-22.305441297590733
148.38967211544514	24.180678486824036
124.31192003190517	0.10292640328407288
132.10401495546103	7.895021326839924
109.20338888466358	-15.00560474395752
142.48447678983212	18.275483161211014
159.52116332948208	35.31216970086098
122.89053974300623	-1.318453885614872
162.2226282134652	38.01363458484411
125.88448003679514	1.675486408174038
102.70096907764673	-21.50802455097437
115.10605867952108	-9.102934949100018
150.6999233290553	26.490929700434208
128.34883262962103	4.1398390009999275
173.15548764169216	48.94649401307106
120.85970126837492	-3.3492923602461815
102.83025024831295	-21.37874338030815
133.32341843098402	9.114424802362919
124.82116764783859	0.6121740192174911
133.33015123009682	9.121157601475716
98.05126386880875	-26.157729759812355
122.62261459231377	-1.586379036307335
114.26846937090158	-9.940524257719517
107.36613692343235	-16.84285670518875
132.99543433636427	8.786440707743168
109.71201914548874	-14.496974483132362
136.9658276066184	12.756833977997303
129.24475384503603	5.035760216414928
109.85351422429085	-14.355479404330254
116.0404265075922	-8.1685671210289
102.77941815555096	-21.429575473070145
118.93481715023518	-5.274176478385925
133.16929191350937	8.960298284888268
145.52270440757275	21.313710778951645
112.56624619662762	-11.642747431993484
129.87885231524706	5.6698586866259575
104.00376757234335	-20.205226056277752
124.67987811565399	0.4708844870328903
102.72554159164429	-21.483452036976814
125.24145560711622	1.032461978495121
116.77562724798918	-7.433366380631924
123.49717941880226	-0.71181420981884
107.71173029392958	-16.497263334691525
138.89264913648367	14.683655507862568
116.59359451383352	-7.615399114787579
80.90856144577265	-43.30043218284845
113.55434633046389	-10.654647298157215
157.81783555448055	33.60884192585945
102.04897299408913	-22.160020634531975
92.99326185882092	-31.215731769800186
135.75818038731813	11.549186758697033
130.75647912174463	6.547485493123531
132.05442234873772	7.845428720116615
150.46024372428656	26.251250095665455
136.10983412712812	11.900840498507023
152.39357156306505	28.18457793444395
127.74082144349813	3.5318278148770332
111.38088844716549	-12.828105181455612
165.5328870639205	41.3238934352994
145.74860084056854	21.53960721194744
115.01779630035162	-9.191197328269482
137.1899354532361	12.980941824615002
120.64684623479843	-3.56214739382267
165.42631205916405	41.217318430542946
164.6172360405326	40.40824241191149
114.66523433476686	-9.543759293854237
158.40572094917297	34.19672732055187
142.49946979433298	18.29047616571188
130.44818799942732	6.239194370806217
152.74396581947803	28.534972190856934
119.13403636217117	-5.074957266449928
120.83948161453009	-3.369512014091015
130.93468782305717	6.725694194436073
161.05841677635908	36.84942314773798
159.0091446787119	34.80015105009079
158.53847736120224	34.32948373258114
104.28797523677349	-19.92101839184761
148.19050146639347	23.98150783777237
126.86238960176706	2.6533959731459618
129.33265122771263	5.12365759909153
147.34593552350998	23.136941894888878
116.66036296635866	-7.54863066226244
112.40112116932869	-11.807872459292412
110.40300174057484	-13.805991888046265
125.83259061723948	1.6235969886183739
130.34626844525337	6.137274816632271
118.97755295038223	-5.231440678238869
128.4545738697052	4.245580241084099
120.80916737020016	-3.399826258420944
113.16352231800556	-11.04547131061554
108.1548825725913	-16.054111056029797
105.46676653623581	-18.742227092385292
104.09707111865282	-20.11192250996828
120.47478371113539	-3.734209917485714
142.00242933630943	17.79343570768833
142.919761672616	18.710768043994904
141.1326461955905	16.923652566969395
131.2180726453662	7.0090790167450905
116.17545767128468	-8.033535957336426
151.33294063061476	27.123947001993656
142.17718167603016	17.968188047409058
111.46655146032572	-12.742442168295383
158.38542312383652	34.176429495215416
118.27928856015205	-5.9297050684690475
107.61357980966568	-16.59541381895542
98.19697842001915	-26.01201520860195
137.8903007954359	13.681307166814804
134.0367707312107	9.827777102589607
125.78640794754028	1.5774143189191818
123.92772164940834	-0.2812719792127609
121.88091867417097	-2.3280749544501305
170.65382924675941	46.44483561813831
119.25507071614265	-4.953922912478447
161.3953123614192	37.1863187327981
102.98157708346844	-21.227416545152664
102.45561197400093	-21.75338165462017
154.08055520802736	29.87156157940626
112.31364911049604	-11.895344518125057
148.1791342049837	23.97014057636261
95.94493389874697	-28.264059729874134
104.24606413394213	-19.962929494678974
95.79578494280577	-28.413208685815334
129.82601971924305	5.617026090621948
85.93709350377321	-38.27190012484789
108.89776032418013	-15.311233304440975
108.36613165587187	-15.842861972749233
111.12312741577625	-13.085866212844849
162.43302334845066	38.22402971982956
151.08745143562555	26.87845780700445
120.87979452311993	-3.329199105501175
114.70849230885506	-9.500501319766045
127.02779045701027	2.818796828389168
126.44285449385643	2.2338608652353287
119.79521425068378	-4.413779377937317
109.92851205170155	-14.280481576919556
105.70713094621897	-18.501862682402134
128.78414208441973	4.575148455798626
90.42692372202873	-33.78206990659237
112.6180048584938	-11.590988770127296
100.443549528718	-23.765444099903107
115.5724235996604	-8.636570028960705
151.28913205116987	27.08013842254877
131.47293626517057	7.263942636549473
121.71825507283211	-2.490738555788994
129.22785029560328	5.018856666982174
163.9099953621626	39.70100173354149
147.55070551484823	23.34171188622713
113.45424454659224	-10.754749082028866
139.28584728389978	15.076853655278683
117.08862570673227	-7.120367921888828
133.67608512938023	9.467091500759125
110.11529316008091	-14.093700468540192
107.07956130057573	-17.129432328045368
79.92918810993433	-44.27980551868677
120.4053268507123	-3.803666777908802
118.71760904043913	-5.4913845881819725
137.06565903872252	12.856665410101414
142.01925612986088	17.810262501239777
136.38143803924322	12.17244441062212
124.93739725649357	0.728403627872467
151.46243591606617	27.25344228744507
125.08391839265823	0.8749247640371323
153.94579005241394	29.73679642379284
103.54898738116026	-20.660006247460842
111.6982729807496	-12.510720647871494
108.58684436231852	-15.622149266302586
125.65713516622782	1.4481415376067162
97.56874805688858	-26.64024557173252
143.7854858711362	19.576492242515087
121.46491076052189	-2.7440828680992126
102.77775382250547	-21.431239806115627
133.73384109139442	9.524847462773323
133.6407786384225	9.431785009801388
156.8133882805705	32.604394651949406
115.2709299698472	-8.938063658773899
122.64090767502785	-1.568085953593254
127.33482744544744	3.1258338168263435
95.21403060108423	-28.99496302753687
139.66561547666788	15.45662184804678
114.97392359375954	-9.235070034861565
122.15100568532944	-2.057987943291664
142.50619318336248	18.297199554741383
132.4826174378395	8.273623809218407
108.50842617452145	-15.700567454099655
125.63518618047237	1.4261925518512726
123.9242982044816	-0.28469542413949966
119.1153304129839	-5.093663215637207
140.66856110095978	16.459567472338676
138.08744367957115	13.87845005095005
141.4078193306923	17.19882570207119
130.86173628270626	6.652742654085159
98.32090735435486	-25.888086274266243
119.99206180870533	-4.2169318199157715
116.26950341463089	-7.9394902139902115
115.42028690129519	-8.788706727325916
115.8200312256813	-8.388962402939796
107.48887718468904	-16.720116443932056
90.98822274804115	-33.22077088057995
138.3655900210142	14.156596392393112
124.6748616322875	0.4658680036664009
127.8543059900403	3.645312361419201
127.6697237342596	3.460730105638504
129.6852295845747	5.476235955953598
115.8766110688448	-8.332382559776306
136.51087372750044	12.301880098879337
122.22590077668428	-1.9830928519368172
122.53995752334595	-1.6690361052751541
114.67624800652266	-9.532745622098446
142.37876842170954	18.169774793088436
124.19655757397413	-0.012436054646968842
135.20364601910114	10.994652390480042
160.6142867282033	36.405293099582195
111.62140940874815	-12.587584219872952
106.47532260417938	-17.73367102444172
110.7529924288392	-13.456001199781895
123.89937875419855	-0.3096148744225502
79.57797572761774	-44.63101790100336
138.30337317287922	14.094379544258118
110.74932146817446	-13.459672160446644
117.01197519153357	-7.197018437087536
126.63241866230965	2.4234250336885452
110.70547127723694	-13.503522351384163
109.67663808166981	-14.532355546951294
118.26064901798964	-5.948344610631466
146.02448777854443	21.815494149923325
167.63549015671015	43.42649652808905
112.86272839456797	-11.346265234053135
154.32881040126085	30.11981677263975
108.28715565800667	-15.921837970614433
134.71799840033054	10.509004771709442
135.61613519489765	11.40714156627655
136.02740962058306	11.818415991961956
119.37671829760075	-4.832275331020355
100.84958942234516	-23.35940420627594
135.18780706077814	10.97881343215704
145.46861757338047	21.25962394475937
100.84230553358793	-23.36668809503317
119.5869008526206	-4.6220927760005
139.87276058644056	15.663766957819462
124.44027181714773	0.2312781885266304
125.14843921363354	0.9394455850124359
103.8553466051817	-20.353647023439407
87.93854419887066	-36.27044942975044
113.75143803656101	-10.457555592060089
106.23396195471287	-17.975031673908234
140.32887590676546	16.11988227814436
123.46066312491894	-0.7483305037021637
106.00234647840261	-18.206647150218487
110.95895919203758	-13.250034436583519
117.91074950993061	-6.298244118690491
149.55199236422777	25.34299873560667
130.95864017307758	6.749646544456482
138.40936927497387	14.200375646352768
139.62397354096174	15.414979912340641
140.61954482644796	16.410551197826862
95.878532782197	-28.330460846424103
106.79338869452477	-17.415604934096336
115.99418820440769	-8.21480542421341
124.38627918064594	0.1772855520248413
143.06568973511457	18.856696106493473
127.73586871474981	3.5268750861287117
103.8849435299635	-20.324050098657608
144.10202325880527	19.893029630184174
117.94959705322981	-6.259396575391293
128.16301891207695	3.9540252834558487
129.7563099488616	5.547316320240498
152.4994025453925	28.290408916771412
149.43749605119228	25.228502422571182
149.1799491494894	24.9709555208683
131.02819760143757	6.819203972816467
126.56582094728947	2.3568273186683655
99.17538538575172	-25.033608242869377
143.87004195153713	19.66104832291603
103.43766205012798	-20.77133157849312
103.46369601041079	-20.745297618210316
133.13575971871614	8.926766090095043
122.31094975024462	-1.898043878376484
120.07242079079151	-4.13657283782959
119.54867237061262	-4.66032125800848
144.80554312467575	20.59654949605465
118.16295836120844	-6.0460352674126625
90.9570772126317	-33.2519164159894
135.9627593755722	11.753765746951103
111.98530266433954	-12.223690964281559
125.54275744408369	1.3337638154625893
112.39371276646852	-11.815280862152576
118.68496965616941	-5.524023972451687
134.36213512718678	10.153141498565674
112.95224962383509	-11.256744004786015
146.73170011490583	22.522706486284733
101.62623010575771	-22.582763522863388
128.88180266320705	4.672809034585953
119.82441344857216	-4.384580180048943
121.05144362151623	-3.1575500071048737
131.3121767938137	7.103183165192604
119.21271108835936	-4.9962825402617455
150.60619699954987	26.397203370928764
102.44906404614449	-21.759929582476616
111.57965784519911	-12.629335783421993
118.2826391607523	-5.926354467868805
165.23707847297192	41.028084844350815
157.99125108122826	33.782257452607155
151.09750749915838	26.88851387053728
113.7747617661953	-10.434231862425804
173.30231942236423	49.09332579374313
119.16736783087254	-5.041625797748566
128.82416152209044	4.615167893469334
118.87681739032269	-5.332176238298416
81.63178036361933	-42.577213265001774
105.50373315066099	-18.70526047796011
107.88763229548931	-16.32136133313179
150.68581461906433	26.47682099044323
114.80906657129526	-9.39992705732584
139.38731482625008	15.178321197628975
138.8899780958891	14.68098446726799
140.17292372137308	15.96393009275198
121.87463770061731	-2.334355928003788
116.6941010504961	-7.514892578125
118.3561703786254	-5.8528232499957085
121.34576384723186	-2.8632297813892365
122.29401111602783	-1.9149825125932693
113.90792033076286	-10.301073297858238
124.44021982699633	0.23122619837522507
98.07832752913237	-26.130666099488735
120.5084338709712	-3.7005597576498985
124.6409445181489	0.4319508895277977
97.17435556650162	-27.034638062119484
138.03946211189032	13.830468483269215
112.08040475845337	-12.128588870167732
119.68756271898746	-4.5214309096336365
100.54483465105295	-23.66415897756815
127.92857509851456	3.7195814698934555
118.45379793643951	-5.755195692181587
127.55866225063801	3.3496686220169067
140.90166103094816	16.69266740232706
100.55054683983326	-23.658446788787842
120.01878659427166	-4.1902070343494415
122.71526549756527	-1.493728131055832
100.27993615716696	-23.929057471454144
147.00292132794857	22.79392769932747
81.92805378884077	-42.28093983978033
105.0634755268693	-19.145518101751804
111.37113685160875	-12.837856777012348
115.28140430152416	-8.927589327096939
92.94595625251532	-31.263037376105785
153.4573930799961	29.248399451375008
99.31778618693352	-24.891207441687584
113.20322725921869	-11.005766369402409
148.89073549211025	24.68174186348915
115.1958776563406	-9.013115972280502
144.91401167213917	20.705018043518066
140.2317692115903	16.02277558296919
138.68460039794445	14.475606769323349
103.62275031208992	-20.58624331653118
135.21712571382523	11.008132085204124
109.5454800054431	-14.663513623178005
119.95305135846138	-4.255942270159721
116.51695564389229	-7.692037984728813
80.84174237400293	-43.36725125461817
84.46030214428902	-39.748691484332085
115.5933203175664	-8.615673311054707
102.94209833443165	-21.266895294189453
136.8133366778493	12.604343049228191
131.66927537322044	7.460281744599342
126.51963441818953	2.3106407895684242
122.13990843296051	-2.069085195660591
115.65541262179613	-8.55358100682497
147.08770612627268	22.878712497651577
114.55970112234354	-9.649292506277561
122.5090249106288	-1.6999687179923058
160.85714755952358	36.64815393090248
142.6097617968917	18.400768168270588
110.38948609679937	-13.819507531821728
152.58755641430616	28.378562785685062
129.70788756012917	5.498893931508064
108.39596020430326	-15.813033424317837
115.8438516035676	-8.365142025053501
103.72500486671925	-20.483988761901855
123.77831491827965	-0.43067871034145355
139.46045899391174	15.251465365290642
142.706827968359	18.497834339737892
120.1941444054246	-4.0148492231965065
135.10811563581228	10.899122007191181
139.10085973143578	14.891866102814674
123.65048379451036	-0.5585098341107368
169.32522470504045	45.11623107641935
84.89022149145603	-39.31877213716507
130.58007258176804	6.3710789531469345
154.66595013439655	30.45695650577545
105.33543580025434	-18.873557828366756
132.732606805861	8.523613177239895
116.82526432722807	-7.383729301393032
110.67450100928545	-13.534492619335651
114.8310501202941	-9.377943508327007
132.91051960736513	8.70152597874403
145.10787900537252	20.898885376751423
137.31872515380383	13.109731525182724
90.9801482334733	-33.2288453951478
113.50384890288115	-10.705144725739956
131.91182202100754	7.7028283923864365
123.45392360538244	-0.7550700232386589
105.0317985266447	-19.177195101976395
113.58535233139992	-10.623641297221184
143.66059763729572	19.45160400867462
127.89799603074789	3.689002402126789
116.75496996194124	-7.454023666679859
140.17901729047298	15.970023661851883
90.19407903403044	-34.014914594590664
113.55181254446507	-10.657181084156036
178.3692059367895	54.16021230816841
124.60660991817713	0.39761628955602646
123.65456639230251	-0.5544272363185883
141.63551883399487	17.426525205373764
104.58655418455601	-19.622439444065094
107.80569598823786	-16.403297640383244
129.25076942890882	5.0417758002877235
117.22507001459599	-6.983923614025116
143.98489612340927	19.77590249478817
121.26682855188847	-2.9421650767326355
128.8210669606924	4.612073332071304
122.39732617139816	-1.8116674572229385
164.5843014717102	40.375307843089104
110.797687754035	-13.411305874586105
90.91666167974472	-33.29233194887638
130.28216240555048	6.0731687769293785
138.21006472408772	14.001071095466614
108.956423163414	-15.2525704652071
135.5726998820901	11.36370625346899
134.6026147454977	10.393621116876602
113.76279564201832	-10.446197986602783
100.55152227729559	-23.657471351325512
137.56138467043638	13.352391041815281
117.0958408638835	-7.113152764737606
70.90074034035206	-53.30825328826904
91.59966839849949	-32.60932523012161
142.10680632293224	17.897812694311142
126.56921070069075	2.360217072069645
106.27020844072104	-17.938785187900066
129.13086014986038	4.921866521239281
67.48215006291866	-56.72684356570244
119.09389767795801	-5.11509595066309
107.48068872094154	-16.728304907679558
115.32320407032967	-8.885789558291435
97.0860874503851	-27.122906178236008
142.9172973036766	18.708303675055504
134.87155890464783	10.662565276026726
129.70301507413387	5.494021445512772
87.64651343226433	-36.56248019635677
133.01604168862104	8.807048059999943
116.80138515681028	-7.407608471810818
99.3085016682744	-24.9004919603467
169.54124011099339	45.332246482372284
123.59270000457764	-0.6162936240434647
111.12122783064842	-13.08776579797268
79.71275801956654	-44.496235609054565
120.48667769134045	-3.722315937280655
148.6391042843461	24.430110655725002
166.0123117864132	41.80331815779209
111.49452474713326	-12.714468881487846
131.62677383422852	7.417780205607414
115.40717120468616	-8.801822423934937
132.42163225263357	8.21263862401247
128.513811185956	4.3048175573349
135.08263947814703	10.873645849525928
119.57213530689478	-4.636858321726322
137.94048639386892	13.731492765247822
124.88578100502491	0.6767873764038086
167.0396075695753	42.83061394095421
134.57832469046116	10.369331061840057
111.04164499044418	-13.167348638176918
91.06333519518375	-33.14565843343735
136.04075114428997	11.831757515668869
114.77915988862514	-9.429833739995956
135.24029421061277	11.031300581991673
118.0954800248146	-6.113513603806496
115.23353745788336	-8.975456170737743
110.48341802507639	-13.725575603544712
130.52445018291473	6.3154565542936325
133.9439169615507	9.734923332929611
124.9018139615655	0.6928203329443932
97.25182717293501	-26.957166455686092
135.0184247866273	10.809431158006191
116.60875213891268	-7.600241489708424
106.68686620146036	-17.52212742716074
128.22524863481522	4.016255006194115
128.18329103291035	3.9742974042892456
88.47288538515568	-35.736108243465424
83.3744427934289	-40.8345508351922
150.3742272630334	26.16523363441229
140.94669361412525	16.73769998550415
118.51303137093782	-5.695962257683277
137.5815872848034	13.37259365618229
127.77768139541149	3.56868776679039
119.00315972417593	-5.205833904445171
161.2726643383503	37.063670709729195
152.11046835035086	27.901474721729755
105.38969840854406	-18.819295220077038
102.42326463013887	-21.785728998482227
120.79691041260958	-3.412083216011524
120.01469396054745	-4.194299668073654
107.86970682442188	-16.33928680419922
122.84937755018473	-1.3596160784363747
124.0683251991868	-0.14066842943429947
104.89964889734983	-19.309344731271267
113.40262387692928	-10.806369751691818
129.1713474020362	4.962353773415089
127.91461779922247	3.705624170601368
131.3821123316884	7.173118703067303
117.57888310402632	-6.630110524594784
141.4524668082595	17.243473179638386
141.53980364650488	17.330810017883778
128.7117720246315	4.502778396010399
153.4923234730959	29.283329844474792
134.51901728659868	10.310023657977581
110.09012373536825	-14.11886989325285
98.75185640156269	-25.45713722705841
138.72594629973173	14.51695267111063
104.37232141941786	-19.836672209203243
137.44538441300392	13.23639078438282
117.76662442088127	-6.44236920773983
125.35879173129797	1.1497981026768684
153.5191949084401	29.31020127981901
159.046116925776	34.8371232971549
106.82439681142569	-17.384596817195415
108.78864880651236	-15.420344822108746
112.68351712077856	-11.52547650784254
128.7891199886799	4.5801263600587845
127.25599782913923	3.0470042005181313
108.75705248117447	-15.451941147446632
158.83221989125013	34.62322626262903
142.58707296848297	18.37807933986187
103.08515030145645	-21.12384332716465
118.89099377393723	-5.317999854683876
124.50044898688793	0.29145535826683044
124.44462022185326	0.23562659323215485
108.48403277993202	-15.72496084868908
115.54999657720327	-8.658997051417828
113.21120420843363	-10.997789420187473
124.53914163261652	0.33014800399541855
133.41109158098698	9.202097952365875
109.92957779020071	-14.279415838420391
136.25683280080557	12.047839172184467
124.24753376096487	0.038540132343769073
118.69214417040348	-5.516849458217621
153.94468715041876	29.735693521797657
116.86553497612476	-7.343458652496338
126.02364191412926	1.8146482855081558
116.4367386996746	-7.772254928946495
106.63438938558102	-17.574604243040085
105.80164620280266	-18.407347425818443
140.2319619730115	16.022968344390392
103.95679362118244	-20.25220000743866
95.80442107468843	-28.404572553932667
143.40880186855793	19.19980823993683
132.78761949390173	8.578625865280628
112.02248079329729	-12.18651283532381
120.72374127805233	-3.4852523505687714
152.3071932196617	28.09819959104061
140.9351897612214	16.726196132600307
130.45465843379498	6.245664805173874
133.77878323197365	9.569789603352547
135.14620616286993	10.937212534248829
133.0971354469657	8.888141818344593
113.62265161424875	-10.586342014372349
127.58891396224499	3.379920333623886
107.30147076398134	-16.90752286463976
131.49899327754974	7.289999648928642
132.2590283229947	8.050034694373608
129.93767537921667	5.72868175059557
132.0980805978179	7.889086969196796
146.84881965070963	22.639826022088528
153.24716942757368	29.03817579895258
139.98507361114025	15.77607998251915
131.31663928180933	7.107645653188229
118.75058348476887	-5.458410143852234
114.02785539627075	-10.18113823235035
137.9005534797907	13.691559851169586
119.99732487648726	-4.211668752133846
152.15458092093468	27.945587292313576
106.8465434089303	-17.3624502196908
81.0141901448369	-43.1948034837842
137.91758659482002	13.708592966198921
128.8613294735551	4.652335844933987
151.91425959020853	27.70526596158743
115.10273096710443	-9.106262661516666
127.29492313414812	3.0859295055270195
110.99007618427277	-13.218917444348335
127.9005890339613	3.6915954053401947
137.0183933004737	12.809399671852589
111.90777634829283	-12.301217280328274
128.92909885942936	4.720105230808258
116.43152502179146	-7.777468606829643
116.29830788075924	-7.910685747861862
95.08721747249365	-29.121776156127453
119.75170900672674	-4.45728462189436
131.7740948945284	7.565101265907288
137.9607708081603	13.751777179539204
137.70469143986702	13.495697811245918
129.41915265470743	5.21015902608633
105.68048314750195	-18.528510481119156
85.27274470031261	-38.93624892830849
132.23777926713228	8.02878563851118
129.22598078101873	5.016987152397633
128.9933426976204	4.7843490689992905
107.809620000422	-16.3993736281991
126.00695495307446	1.7979613244533539
107.61436878889799	-16.59462483972311
133.90447007119656	9.695476442575455
124.26073399186134	0.051740363240242004
134.14677661657333	9.937782987952232
102.9036752358079	-21.305318392813206
120.43355840444565	-3.775435224175453
129.7243129014969	5.515319272875786
128.46819286048412	4.259199231863022
120.2858411744237	-3.9231524541974068
104.90211278945208	-19.306880839169025
114.95281957089901	-9.256174057722092
120.69933161139488	-3.509662017226219
103.54512602835894	-20.663867600262165
127.86164098978043	3.6526473611593246
118.28774978220463	-5.921243846416473
124.89390857517719	0.6849149465560913
108.69728486984968	-15.51170875877142
104.19208466261625	-20.01690896600485
149.1124915331602	24.90349790453911
117.49978189915419	-6.709211729466915
128.1128170490265	3.903823420405388
93.61566819995642	-30.593325428664684
85.23293709009886	-38.97605653852224
134.52071944624186	10.311725817620754
138.65225947648287	14.443265847861767
172.90326357632875	48.69426994770765
136.0395931005478	11.83059947192669
119.79361540079117	-4.415378227829933
138.970268368721	14.761274740099907
119.17186463624239	-5.037128992378712
123.62305391579866	-0.5859397128224373
149.1159785091877	24.906984880566597
98.67887018620968	-25.530123442411423
145.73580022156239	21.526806592941284
149.15609428286552	24.947100654244423
100.40722776204348	-23.801765866577625
129.5035608485341	5.294567219913006
110.84477563947439	-13.36421798914671
141.07314904034138	16.864155411720276
123.66686379164457	-0.5421298369765282
117.56701625883579	-6.641977369785309
141.315435603261	17.106441974639893
111.0030370131135	-13.205956615507603
115.55798207223415	-8.651011556386948
142.3036212027073	18.09462757408619
119.6064051091671	-4.602588519454002
169.59406925737858	45.38507562875748
150.71702264249325	26.508029013872147
161.13811691105366	36.929123282432556
130.88109550625086	6.672101877629757
101.32814494520426	-22.880848683416843
100.5940790772438	-23.614914551377296
135.98020204156637	11.77120841294527
127.6668373644352	3.4578437358140945
130.23565809428692	6.026664465665817
120.42279300093651	-3.786200627684593
142.38584958016872	18.176855951547623
128.45420370995998	4.2452100813388824
132.68957687169313	8.480583243072033
116.63675371557474	-7.57223991304636
137.42092548310757	13.211931854486465
130.714957177639	6.505963549017906
132.31357589364052	8.104582265019417
96.13349267095327	-28.075500957667828
123.00913927704096	-1.199854351580143
135.98519425094128	11.776200622320175
107.55665055662394	-16.652343071997166
123.1548754349351	-1.0541181936860085
159.6731937304139	35.46420010179281
116.51359310001135	-7.695400528609753
139.30449084192514	15.095497213304043
151.37503866106272	27.166045032441616
109.90075965225697	-14.308233976364136
119.34714663773775	-4.86184699088335
112.54722652584314	-11.661767102777958
113.55206218361855	-10.656931445002556
126.85608281940222	2.6470891907811165
105.2487958446145	-18.960197784006596
119.76848818361759	-4.4405054450035095
114.84402263909578	-9.364970989525318
115.08953354507685	-9.119460083544254
109.45606476813555	-14.752928860485554
152.231628626585	28.022634997963905
110.95017962902784	-13.258813999593258
134.00646904855967	9.797475419938564
129.8032598271966	5.594266198575497
110.73768324404955	-13.471310384571552
108.65554470568895	-15.553448922932148
128.28712763637304	4.078134007751942
98.19637144356966	-26.01262218505144
164.10583186149597	39.89683823287487
131.79246228188276	7.5834686532616615
113.21399095654488	-10.995002672076225
115.90555668622255	-8.303436942398548
113.01941576600075	-11.189577862620354
145.8864724934101	21.67747886478901
78.70663119107485	-45.50236243754625
130.71627309918404	6.507279470562935
152.969889447093	28.76089581847191
135.29988860338926	11.090894974768162
116.24259054660797	-7.96640308201313
123.61038776487112	-0.5986058637499809
115.05952083319426	-9.149472795426846
106.4813242778182	-17.7276693508029
133.71998263895512	9.510989010334015
122.81077092140913	-1.3982227072119713
155.0084690079093	30.799475379288197
108.09885482490063	-16.110138803720474
126.83020114898682	2.621207520365715
117.67159935832024	-6.537394270300865
122.84396093338728	-1.3650326952338219
102.9422882348299	-21.2667053937912
145.7908135354519	21.581819906830788
120.54052741080523	-3.668466217815876
128.98070585727692	4.771712228655815
113.66065589338541	-10.548337735235691
99.21035097539425	-24.998642653226852
162.82069513201714	38.611701503396034
130.5984125509858	6.389418922364712
153.73018220812082	29.52118857949972
110.65468776971102	-13.554305858910084
115.14355605840683	-9.065437570214272
147.2756798043847	23.066686175763607
127.54575595259666	3.336762323975563
107.31946122646332	-16.889532402157784
124.92896065115929	0.7199670225381851
148.10943540930748	23.90044178068638
112.47770073264837	-11.731292895972729
134.42203468829393	10.213041059672832
106.08670648187399	-18.122287146747112
143.5430684387684	19.334074810147285
100.51093477010727	-23.698058858513832
116.48950930684805	-7.719484321773052
121.3517253100872	-2.8572683185338974
128.57379802316427	4.364804394543171
136.86822291463614	12.659229286015034
192.93175123631954	68.72275760769844
111.97498448193073	-12.234009146690369
100.7729098200798	-23.436083808541298
110.90677903592587	-13.302214592695236
102.94433910399675	-21.264654524624348
115.39256678521633	-8.81642684340477
115.3173910677433	-8.8916025608778
96.90463946014643	-27.304354168474674
141.69488755613565	17.485893927514553
143.7984858751297	19.5894922465086
99.70654258877039	-24.502451039850712
113.192137978971	-11.016855649650097
99.60324651747942	-24.60574711114168
91.69257036596537	-32.516423262655735
102.57409640401602	-21.634897224605083
124.02925895899534	-0.17973466962575912
154.52519939094782	30.316205762326717
109.1410608664155	-15.0679327622056
122.42415600270033	-1.7848376259207726
121.09903493523598	-3.109958693385124
140.98925445228815	16.78026082366705
127.90211123228073	3.69311760365963
93.12258152663708	-31.086412101984024
124.90420308709145	0.6952094584703445
117.41654738038778	-6.792446248233318
147.5536184385419	23.344624809920788
106.01724957674742	-18.191744051873684
142.17462707310915	17.96563344448805
125.26638824492693	1.057394616305828
139.41099990159273	15.20200627297163
105.1901527941227	-19.018840834498405
125.32356608659029	1.1145724579691887
91.13097767531872	-33.07801595330238
122.01427384465933	-2.194719783961773
122.67459569871426	-1.534397929906845
113.96672954410315	-10.242264084517956
150.15273097157478	25.943737342953682
124.82387872040272	0.6148850917816162
159.81650272011757	35.60750909149647
136.52779133617878	12.318797707557678
121.11602851003408	-3.092965118587017
134.41520250588655	10.206208877265453
112.35229580849409	-11.85669782012701
116.91604740172625	-7.2929462268948555
94.23604227602482	-29.972951352596283
150.33544720709324	26.126453578472137
157.39148948341608	33.18249585479498
109.13150138407946	-15.077492244541645
106.19333695620298	-18.015656672418118
129.41301888227463	5.204025253653526
135.70714987814426	11.498156249523163
126.33920587599277	2.1302122473716736
86.81951352953911	-37.38948009908199
116.53679952025414	-7.672194108366966
134.89349913597107	10.684505507349968
114.78583472967148	-9.423158898949623
129.62777788192034	5.418784253299236
115.29412698745728	-8.914866641163826
110.23045915365219	-13.97853447496891
125.44805166870356	1.2390580400824547
125.69456274807453	1.4855691194534302
127.2106071561575	3.001613527536392
114.23417722433805	-9.974816404283047
106.33620664477348	-17.872786983847618
99.77428328990936	-24.43471033871174
125.397525370121	1.1885317414999008
168.20868613570929	43.999692507088184
106.54132736474276	-17.667666263878345
108.996328599751	-15.212665028870106
122.71755384653807	-1.4914397820830345
107.95308554917574	-16.255908079445362
132.87673997879028	8.667746350169182
121.46546237915754	-2.743531249463558
96.34463404119015	-27.864359587430954
132.90872107446194	8.699727445840836
115.52672301977873	-8.682270608842373
99.3765095770359	-24.832484051585197
129.21631881594658	5.007325187325478
108.09463108330965	-16.11436254531145
98.57408749312162	-25.634906135499477
116.63324739038944	-7.575746238231659
137.56700214743614	13.35800851881504
94.69200532138348	-29.516988307237625
108.337028875947	-15.871964752674103
156.18720149248838	31.978207863867283
138.86034657806158	14.65135294944048
84.41968686133623	-39.78930676728487
114.80923793464899	-9.39975569397211
113.63791255652905	-10.571081072092056
118.75402069091797	-5.454972937703133
131.5089155137539	7.29992188513279
108.34377707540989	-15.865216553211212
116.62779965996742	-7.581193968653679
112.75159475207329	-11.457398876547813
111.41343486309052	-12.795558765530586
88.26678588241339	-35.942207746207714
127.27601967006922	3.0670260414481163
137.85384357720613	13.644849948585033
113.67835015058517	-10.530643478035927
97.26931643486023	-26.939677193760872
91.5098872706294	-32.699106357991695
96.53604008257389	-27.67295354604721
126.02684628218412	1.8178526535630226
154.71715243160725	30.508158802986145
124.90249279141426	0.6934991627931595
134.9998612999916	10.790867671370506
94.62493328005075	-29.584060348570347
123.56718270480633	-0.6418109238147736
135.28607047349215	11.077076844871044
102.63209998607635	-21.576893642544746
124.37765657901764	0.16866295039653778
128.59223929047585	4.383245661854744
118.72091884166002	-5.488074786961079
143.09153359383345	18.882539965212345
135.6507227793336	11.44172915071249
137.81669092178345	13.607697293162346
124.07046012580395	-0.13853350281715393
103.4410977885127	-20.767895840108395
105.82586912810802	-18.383124500513077
87.34376706928015	-36.865226559340954
125.1617087945342	0.952715165913105
122.1085639744997	-2.100429654121399
113.64497109502554	-10.564022533595562
135.11179393529892	10.902800306677818
127.6560470238328	3.4470533952116966
100.49969003349543	-23.709303595125675
119.8406261280179	-4.368367500603199
160.56852265447378	36.35952902585268
140.65081614255905	16.44182251393795
134.15282885730267	9.943835228681564
155.0532095208764	30.844215892255306
148.4800097718835	24.271016143262386
145.13107455521822	20.92208092659712
123.38434215635061	-0.8246514722704887
147.94555761665106	23.736563988029957
137.48069820553064	13.271704576909542
130.27586770057678	6.066874071955681
140.69437651336193	16.48538288474083
117.72323068231344	-6.485762946307659
123.61394993960857	-0.5950436890125275
159.51068101078272	35.30168738216162
103.97493915259838	-20.23405447602272
96.36828216910362	-27.84071145951748
97.8828636109829	-26.326130017638206
117.3036834448576	-6.905310183763504
112.50622755289078	-11.702766075730324
150.50598262250423	26.296988993883133
123.17358256876469	-1.0354110598564148
118.48478998243809	-5.724203646183014
127.35031902045012	3.141325391829014
135.95498068630695	11.745987057685852
110.09969586133957	-14.109297767281532
111.44344606995583	-12.765547558665276
142.29643907397985	18.087445445358753
160.3726634979248	36.1636698693037
141.76110941916704	17.55211579054594
114.91327454149723	-9.29571908712387
123.32111693173647	-0.8878766968846321
119.51223737001419	-4.696756258606911
125.52030397951603	1.311310350894928
141.63313882052898	17.424145191907883
115.25779528915882	-8.95119833946228
127.01075813174248	2.801764503121376
175.20922048389912	51.000226855278015
148.43392252922058	24.22492890059948
124.08719853311777	-0.12179509550333023
128.32813906669617	4.119145438075066
128.83122788369656	4.622234255075455
151.44891803711653	27.239924408495426
84.75282437354326	-39.45616925507784
130.6458780914545	6.4368844628334045
97.5037743896246	-26.705219238996506
98.23870564997196	-25.97028797864914
110.41746596246958	-13.791527666151524
122.44044825434685	-1.7685453742742538
134.94849562644958	10.739501997828484
95.17784409970045	-29.03114952892065
132.16885709762573	7.959863469004631
107.8104432746768	-16.3985503539443
113.19697654247284	-11.012017086148262
101.23642739653587	-22.972566232085228
128.57258842140436	4.36359479278326
99.20788926631212	-25.00110436230898
129.99423528462648	5.7852416560053825
139.28835593909025	15.07936231046915
136.6376864090562	12.428692780435085
107.5555360764265	-16.653457552194595
160.78283732384443	36.57384369522333
105.51351065933704	-18.695482969284058
109.75592039525509	-14.453073233366013
117.27130915224552	-6.93768447637558
109.91960602998734	-14.289387598633766
129.06432569026947	4.855332061648369
103.4798935726285	-20.729100055992603
120.42759712040424	-3.781396508216858
142.60982310771942	18.40082947909832
123.48350707441568	-0.7254865542054176
127.30363683402538	3.0946432054042816
93.29488088190556	-30.914112746715546
96.52584555745125	-27.683148071169853
133.05334362387657	8.84434999525547
140.09520658105612	15.886212952435017
113.08443018049002	-11.124563448131084
123.1337415650487	-1.0752520635724068
133.7043361365795	9.495342507958412
119.17788192629814	-5.03111170232296
121.96379233896732	-2.245201289653778
105.35853595286608	-18.850457675755024
130.05610289424658	5.847109265625477
138.5599564164877	14.350962787866592
149.8041551709175	25.59516154229641
152.22167952358723	28.012685894966125
136.16491419821978	11.955920569598675
131.88495503365993	7.675961405038834
134.81464906036854	10.605655431747437
112.87363658845425	-11.335357040166855
154.8363122716546	30.627318643033504
127.48011766374111	3.2711240351200104
114.55766271799803	-9.651330910623074
108.9137252047658	-15.295268423855305
96.73088970780373	-27.478103920817375
88.6258475407958	-35.5831460878253
121.94707792252302	-2.2619157060980797
101.22491151839495	-22.984082110226154
114.51952478289604	-9.68946884572506
110.55496414750814	-13.654029481112957
105.78198146820068	-18.427012160420418
126.27336263656616	2.0643690079450607
89.59594185650349	-34.613051772117615
122.80501849204302	-1.403975136578083
116.62228824198246	-7.586705386638641
105.15382780134678	-19.055165827274323
111.08381986618042	-13.125173762440681
121.57198078930378	-2.6370128393173218
137.2309539243579	13.02196029573679
136.31038241833448	12.101388789713383
85.9349634051323	-38.27403022348881
134.6371217444539	10.428128115832806
144.41121070086956	20.20221707224846
123.59965828061104	-0.6093353480100632
149.55427381396294	25.345280185341835
133.74655140191317	9.537557773292065
141.1303741633892	16.921380534768105
111.49554804712534	-12.713445581495762
96.48918183892965	-27.719811789691448
129.83717539906502	5.628181770443916
112.12116030603647	-12.087833322584629
143.17214255034924	18.963148921728134
160.64093707501888	36.43194344639778
149.6082033365965	25.399209707975388
127.90444386005402	3.6954502314329147
134.9773499146104	10.768356285989285
98.38719365745783	-25.821799971163273
131.5840581431985	7.375064514577389
141.40825453400612	17.199260905385017
144.37664273381233	20.16764910519123
138.8839800953865	14.674986466765404
122.2269991338253	-1.9819944947957993
154.3618035390973	30.152809910476208
165.38055486232042	41.17156123369932
136.40692772716284	12.197934098541737
113.35779821127653	-10.85119541734457
94.87462090700865	-29.334372721612453
106.5590862557292	-17.649907372891903
132.64347571134567	8.434482082724571
134.88913322985172	10.680139601230621
128.00855414569378	3.7995605170726776
87.11177971959114	-37.09721390902996
99.53082402050495	-24.67816960811615
115.95716978609562	-8.251823842525482
94.2574702873826	-29.9515233412385
151.537661164999	27.328667536377907
111.26695432513952	-12.942039303481579
96.98817341029644	-27.22082021832466
110.00949569791555	-14.199497930705547
155.5335383489728	31.324544720351696
135.72036867588758	11.511375047266483
140.67902822047472	16.47003459185362
147.25702933222055	23.048035703599453
137.96995076537132	13.760957136750221
124.38980997353792	0.18081634491682053
118.73252398520708	-5.4764696434140205
103.31031529605389	-20.898678332567215
135.6681922674179	11.459198638796806
122.60520165413618	-1.6037919744849205
111.92981987446547	-12.279173754155636
114.34485521167517	-9.864138416945934
127.21244997531176	3.0034563466906548
168.72023833543062	44.51124470680952
141.55331597477198	17.344322346150875
136.52278439700603	12.313790768384933
137.55022931843996	13.341235689818859
142.12695498764515	17.917961359024048
112.03873274475336	-12.17026088386774
128.9043545871973	4.695360958576202
135.5451871007681	11.336193472146988
139.46294526010752	15.253951631486416
130.2129148170352	6.003921188414097
161.76240970939398	37.55341608077288
112.44695157557726	-11.762042053043842
118.33880530297756	-5.870188325643539
120.24794052541256	-3.961053103208542
121.73094408214092	-2.478049546480179
149.73855601996183	25.529562391340733
129.81987313181162	5.610879503190517
110.09689977765083	-14.112093850970268
99.54598726332188	-24.663006365299225
123.75535827130079	-0.4536353573203087
128.52303866297007	4.314045034348965
118.86017516255379	-5.348818466067314
139.24654982984066	15.037556201219559
138.28630451112986	14.077310882508755
158.74361220002174	34.53461857140064
141.69987100362778	17.490877375006676
108.32024694234133	-15.888746686279774
157.35082303732634	33.141829408705235
122.28086504340172	-1.9281285852193832
127.61581142991781	3.406817801296711
141.22359857708216	17.014604948461056
101.86246716231108	-22.346526466310024
106.97770617157221	-17.231287457048893
117.95772426575422	-6.2512693628668785
130.97067058086395	6.761676952242851
134.4659933820367	10.256999753415585
118.69745882600546	-5.5115348026156425
142.91992069035769	18.710927061736584
115.91739492863417	-8.291598699986935
132.7176275625825	8.508633933961391
113.71448138356209	-10.494512245059013
159.92065554857254	35.71166191995144
134.94827930629253	10.739285677671432
127.24045272916555	3.0314591005444527
104.57215218991041	-19.63684143871069
152.35329166054726	28.144298031926155
127.65869442373514	3.4497007951140404
121.84384495764971	-2.3651486709713936
161.583973698318	37.3749800696969
96.41995094716549	-27.789042681455612
154.74643547832966	30.537441849708557
147.56501507014036	23.35602144151926
99.12019305676222	-25.088800571858883
108.63860560208559	-15.570388026535511
164.45132206380367	40.24232843518257
120.07334993779659	-4.135643690824509
125.03752244263887	0.8285288140177727
96.57402291148901	-27.63497071713209
122.942910566926	-1.2660830616950989
139.02104295790195	14.812049329280853
123.67847795784473	-0.5305156707763672
146.34985546022654	22.140861831605434
140.8688501417637	16.659856513142586
115.52722895145416	-8.681764677166939
95.35722787678242	-28.851765751838684
113.34583377093077	-10.863159857690334
138.64927223324776	14.440278604626656
124.18626789748669	-0.022725731134414673
