Ea=172.13888850063086	delta_Ea
166.8367740213871	-5.302114479243755
174.4099837243557	2.271095223724842
175.6785433664918	3.539654865860939
182.44361022114754	10.304721720516682
162.50486633181572	-9.634022168815136
173.75740671157837	1.6185182109475136
161.9742902442813	-10.164598256349564
161.42349968850613	-10.71538881212473
176.72765459120274	4.58876609057188
169.38141894340515	-2.757469557225704
169.56287389993668	-2.5760146006941795
178.25009825080633	6.111209750175476
165.53312189877033	-6.605766601860523
171.76250594109297	-0.3763825595378876
172.2163125053048	0.07742400467395782
178.3455333262682	6.2066448256373405
174.0574870929122	1.9185985922813416
186.63018386811018	14.491295367479324
169.4908044040203	-2.648084096610546
158.35534720122814	-13.783541299402714
177.73954225331545	5.600653752684593
167.70398131012917	-4.43490719050169
168.82796281576157	-3.3109256848692894
164.59356562793255	-7.545322872698307
184.66581754386425	12.526929043233395
184.2143792361021	12.075490735471249
182.50793953984976	10.369051039218903
152.2577193826437	-19.881169117987156
180.47783782333136	8.3389493227005
173.79841845482588	1.6595299541950226
164.9513984322548	-7.187490068376064
182.6281170397997	10.489228539168835
173.30872767418623	1.1698391735553741
164.39661616832018	-7.742272332310677
166.19555043429136	-5.943338066339493
177.69588711857796	5.556998617947102
171.59433358162642	-0.5445549190044403
169.64980623871088	-2.4890822619199753
184.7105749770999	12.57168647646904
172.97128738462925	0.832398883998394
188.85859382152557	16.719705320894718
173.40971813350916	1.2708296328783035
157.580283485353	-14.558605015277863
178.73020124435425	6.5913127437233925
177.28419174999	5.145303249359131
152.29283075779676	-19.84605774283409
176.65625158697367	4.517363086342812
173.00271466374397	0.8638261631131172
171.65632408112288	-0.48256441950798035
173.9021806716919	1.763292171061039
169.5325773730874	-2.6063111275434494
161.5584988668561	-10.580389633774757
188.65316478908062	16.514276288449764
176.26167621463537	4.122787714004517
179.24732859432697	7.108440093696117
176.6309732273221	4.492084726691246
184.98100329190493	12.84211479127407
183.1524474993348	11.013558998703957
168.4663469567895	-3.672541543841362
185.13889157027006	13.000003069639206
195.84840565174818	23.709517151117325
161.07262887060642	-11.066259630024433
167.4637747183442	-4.675113782286644
175.1291882172227	2.990299716591835
167.33812423795462	-4.800764262676239
167.10270455479622	-5.036183945834637
171.65084689110518	-0.48804160952568054
161.3460811600089	-10.792807340621948
152.97648762911558	-19.162400871515274
151.7977104485035	-20.34117805212736
188.75571589916945	16.61682739853859
179.23637112230062	7.097482621669769
174.82023490220308	2.6813464015722275
171.67717437446117	-0.46171412616968155
155.91222593933344	-16.226662561297417
167.4554723277688	-4.683416172862053
162.88490433245897	-9.253984168171883
169.7309999987483	-2.407888501882553
160.87567748129368	-11.263211019337177
189.53313986957073	17.394251368939877
161.0571539402008	-11.08173456043005
174.68645451962948	2.547566018998623
175.91419161111116	3.7753031104803085
179.0866736844182	6.947785183787346
180.75543056428432	8.616542063653469
180.77638614922762	8.637497648596764
185.23519164323807	13.096303142607212
192.40299002081156	20.264101520180702
166.94511172920465	-5.193776771426201
171.70857797563076	-0.43031052500009537
173.01597494632006	0.8770864456892014
178.14548820257187	6.006599701941013
152.189616702497	-19.94927179813385
173.87521763145924	1.7363291308283806
175.56221697479486	3.423328474164009
172.71244451403618	0.573556013405323
171.91981831938028	-0.2190701812505722
170.58630592375994	-1.5525825768709183
167.89310084283352	-4.245787657797337
173.67327471077442	1.5343862101435661
178.35715737193823	6.218268871307373
159.0028768926859	-13.136011607944965
188.98338063806295	16.8444921374321
167.51317071914673	-4.625717781484127
178.5450699031353	6.406181402504444
163.75737534463406	-8.3815131559968
180.44060593098402	8.301717430353165
176.0002576187253	3.8613691180944443
163.70285943895578	-8.436029061675072
178.08632066845894	5.947432167828083
169.1068198531866	-3.032068647444248
170.81359513103962	-1.3252933695912361
170.72226866334677	-1.4166198372840881
181.36182846874	9.22293996810913
179.20207399874926	7.063185498118401
170.61464472860098	-1.5242437720298767
164.11615707725286	-8.02273142337799
162.81089483946562	-9.327993661165237
166.49454959481955	-5.64433890581131
172.4976108968258	0.35872239619493484
165.40497110038996	-6.733917400240898
169.2346975877881	-2.9041909128427505
171.60412104427814	-0.5347674563527107
177.22419832646847	5.085309825837612
170.35135336965322	-1.7875351309776306
186.7062406539917	14.567352153360844
175.0795121192932	2.9406236186623573
172.78102956712246	0.6421410664916039
190.19943034648895	18.060541845858097
186.26911448687315	14.130225986242294
179.0574907064438	6.918602205812931
172.7120623961091	0.5731738954782486
168.43970847129822	-3.699180029332638
163.24205595254898	-8.896832548081875
182.69251281023026	10.5536243095994
175.21709695458412	3.078208453953266
150.11036883294582	-22.028519667685032
152.32517066597939	-19.81371783465147
154.8060064315796	-17.332882069051266
167.23326412588358	-4.905624374747276
179.94595631957054	7.807067818939686
164.3785954117775	-7.760293088853359
162.82432539016008	-9.314563110470772
173.68367820978165	1.5447897091507912
170.42643965780735	-1.7124488428235054
165.34801364690065	-6.790874853730202
184.90472979098558	12.765841290354729
174.29974737763405	2.160858877003193
153.71005012840033	-18.42883837223053
186.93743505328894	14.798546552658081
160.50944674760103	-11.629441753029823
175.7575223520398	3.6186338514089584
162.50628323853016	-9.632605262100697
163.35292103886604	-8.785967461764812
154.95421274006367	-17.18467576056719
169.44729813933372	-2.6915903612971306
162.01285333186388	-10.126035168766975
154.5588966757059	-17.579991824924946
166.28319243341684	-5.855696067214012
183.27008578926325	11.131197288632393
169.41312734037638	-2.7257611602544785
160.99136291444302	-11.14752558618784
163.52266505360603	-8.616223447024822
174.2159691825509	2.0770806819200516
167.72825173288584	-4.410636767745018
170.86640376597643	-1.2724847346544266
169.33434841036797	-2.80454009026289
179.93030823767185	7.7914197370409966
177.67055425047874	5.531665749847889
174.08555363118649	1.9466651305556297
173.96247871220112	1.823590211570263
169.07881094515324	-3.060077555477619
177.51627938449383	5.377390883862972
165.6504145041108	-6.488473996520042
187.2460956349969	15.107207134366035
180.78720476478338	8.648316264152527
172.41522941738367	0.27634091675281525
166.8428778424859	-5.296010658144951
190.4170828834176	18.27819438278675
165.9677438661456	-6.171144634485245
182.71876703202724	10.579878531396389
176.8014663979411	4.662577897310257
163.22565672546625	-8.913231775164604
170.3724177479744	-1.7664707526564598
169.50115717202425	-2.6377313286066055
183.52134108543396	11.382452584803104
174.27580843120813	2.136919930577278
175.30229519307613	3.163406692445278
172.6725990176201	0.5337105169892311
160.37153789401054	-11.767350606620312
186.54220671206713	14.403318211436272
149.54451525956392	-22.594373241066933
176.7879072651267	4.64901876449585
169.6748189330101	-2.4640695676207542
183.09440365433693	10.955515153706074
161.8376244008541	-10.301264099776745
166.2812633663416	-5.857625134289265
178.94856979697943	6.809681296348572
174.67656461894512	2.537676118314266
174.53928904235363	2.4004005417227745
166.78110578656197	-5.35778271406889
166.55069725215435	-5.588191248476505
183.67514575272799	11.53625725209713
171.5742507353425	-0.564637765288353
162.08674117177725	-10.052147328853607
167.37309610843658	-4.765792392194271
187.9634830802679	15.82459457963705
173.75937218219042	1.6204836815595627
169.00870468467474	-3.1301838159561157
171.92317736148834	-0.21571113914251328
169.60228396207094	-2.5366045385599136
170.4548500776291	-1.6840384230017662
156.19341619312763	-15.945472307503223
174.70771182328463	2.5688233226537704
162.16719713807106	-9.971691362559795
178.13799813389778	5.999109633266926
170.42616920918226	-1.7127192914485931
175.39541432261467	3.2565258219838142
173.1508423089981	1.0119538083672523
165.76378279924393	-6.375105701386929
171.74332853406668	-0.39555996656417847
173.62678441405296	1.4878959134221077
177.8387945368886	5.699906036257744
186.48067793250084	14.341789431869984
152.59687565267086	-19.542012847959995
169.5843085348606	-2.5545799657702446
176.03571498394012	3.896826483309269
174.81673841178417	2.6778499111533165
183.40491015464067	11.266021654009819
175.4828501343727	3.3439616337418556
178.33345916122198	6.1945706605911255
178.36664185672998	6.227753356099129
169.86063162982464	-2.278256870806217
180.64163328707218	8.502744786441326
176.443176060915	4.304287560284138
170.01860620826483	-2.120282292366028
176.936724498868	4.797835998237133
185.47655875980854	13.337670259177685
172.00184282660484	-0.13704567402601242
169.41386896371841	-2.7250195369124413
163.22793048620224	-8.910958014428616
170.5527921319008	-1.5860963687300682
162.03065821528435	-10.108230285346508
172.4152246788144	0.2763361781835556
167.63182277977467	-4.50706572085619
167.88251052051783	-4.2563779801130295
190.92562133818865	18.786732837557793
192.33875986933708	20.199871368706226
157.25446121394634	-14.884427286684513
182.2688291221857	10.129940621554852
173.1334755346179	0.9945870339870453
163.53313977271318	-8.605748727917671
164.4482203796506	-7.690668120980263
191.83194437623024	19.693055875599384
179.64406349509954	7.505174994468689
167.86509136855602	-4.273797132074833
180.70936453342438	8.570476032793522
194.83051667362452	22.69162817299366
171.79909204691648	-0.3397964537143707
177.5079935863614	5.369105085730553
175.63068357855082	3.49179507791996
173.24176696687937	1.1028784662485123
160.5345628708601	-11.604325629770756
186.06161345541477	13.922724954783916
174.5315360352397	2.392647534608841
163.7900212854147	-8.34886721521616
180.70968522131443	8.570796720683575
182.11389948427677	9.975010983645916
165.40130598843098	-6.737582512199879
179.9095733165741	7.770684815943241
147.40013372898102	-24.738754771649837
176.79399456828833	4.655106067657471
191.94833978265524	19.809451282024384
174.77176094055176	2.6328724399209023
180.26079251617193	8.121904015541077
151.3038959428668	-20.834992557764053
167.850890673697	-4.287997826933861
173.80346108227968	1.6645725816488266
160.40437185764313	-11.734516642987728
185.4076253697276	13.268736869096756
175.61119811981916	3.4723096191883087
180.2703555226326	8.131467022001743
177.5938198119402	5.454931311309338
174.46273157000542	2.3238430693745613
164.6692417487502	-7.469646751880646
178.33770041167736	6.198811911046505
182.67835377156734	10.539465270936489
186.84641629457474	14.707527793943882
186.23894883692265	14.10006033629179
170.5457839742303	-1.593104526400566
157.21642422676086	-14.922464273869991
185.15921626240015	13.020327761769295
174.9564846009016	2.817596100270748
176.28696577996016	4.1480772793293
164.7572497203946	-7.381638780236244
175.15646950900555	3.017581008374691
175.20279289782047	3.063904397189617
170.56754063814878	-1.571347862482071
182.23511108756065	10.096222586929798
167.89673859626055	-4.242149904370308
172.33234722912312	0.19345872849225998
179.7117222547531	7.572833754122257
148.63087678700686	-23.508011713624
189.18335212767124	17.044463627040386
190.77612457424402	18.637236073613167
164.55206532776356	-7.586823172867298
170.78307699412107	-1.3558115065097809
167.60367537289858	-4.535213127732277
170.4346849769354	-1.704203523695469
174.5526215210557	2.413733020424843
165.1057404652238	-7.033148035407066
169.57629631459713	-2.5625921860337257
188.03095020353794	15.892061702907085
183.09261772036552	10.953729219734669
160.8646840080619	-11.27420449256897
176.24694929271936	4.108060792088509
179.56184266507626	7.4229541644454
167.28533735126257	-4.853551149368286
163.52429331839085	-8.61459518224001
196.53001061826944	24.391122117638588
179.60721094161272	7.468322440981865
181.3396300971508	9.200741596519947
171.57910664379597	-0.5597818568348885
181.76950365304947	9.630615152418613
160.15640268474817	-11.982485815882683
171.43180767446756	-0.7070808261632919
176.8175506144762	4.678662113845348
158.15986900776625	-13.979019492864609
169.48645675182343	-2.6524317488074303
168.5194437429309	-3.6194447576999664
159.15560035407543	-12.983288146555424
163.48512910306454	-8.653759397566319
150.9655194953084	-21.173369005322456
179.39807099103928	7.259182490408421
162.25152245163918	-9.88736604899168
178.30495196580887	6.166063465178013
152.52164366096258	-19.617244839668274
169.78343057632446	-2.3554579243063927
164.33937730640173	-7.799511194229126
170.70715192705393	-1.4317365735769272
158.46733708679676	-13.671551413834095
168.71414940059185	-3.4247391000390053
165.87917260825634	-6.2597158923745155
177.50139059871435	5.362502098083496
184.05968724936247	11.920798748731613
160.23977246135473	-11.899116039276123
161.91832502186298	-10.220563478767872
169.68830925226212	-2.45057924836874
177.2263104468584	5.0874219462275505
164.9676747918129	-7.171213708817959
170.88561870902777	-1.2532697916030884
185.88780534267426	13.7489168420434
171.10329473018646	-1.0355937704443932
178.48632436990738	6.347435869276524
173.49939508736134	1.3605065867304802
165.63544499129057	-6.503443509340286
164.28322811424732	-7.8556603863835335
169.05866323411465	-3.0802252665162086
174.90958190709352	2.7706934064626694
174.73017793148756	2.5912894308567047
174.46420854330063	2.325320042669773
173.85143040120602	1.712541900575161
173.29922810941935	1.1603396087884903
174.1066603511572	1.9677718505263329
175.7341935262084	3.595305025577545
157.48300622403622	-14.655882276594639
166.98484420776367	-5.154044292867184
164.76809778809547	-7.370790712535381
179.5647048279643	7.42581632733345
168.96582583338022	-3.1730626672506332
170.98708156496286	-1.1518069356679916
173.69471498578787	1.555826485157013
187.46414347738028	15.32525497674942
191.13835570961237	18.999467208981514
162.77211019396782	-9.366778306663036
159.73337288200855	-12.405515618622303
185.27125228196383	13.13236378133297
192.59776391088963	20.45887541025877
170.0007393732667	-2.1381491273641586
157.92481596767902	-14.214072532951832
153.3334735482931	-18.805414952337742
172.8851979598403	0.7463094592094421
167.17353919148445	-4.965349309146404
175.88506123423576	3.746172733604908
160.98429019004107	-11.15459831058979
166.64099986106157	-5.4978886395692825
183.24775554984808	11.108867049217224
159.75681110471487	-12.382077395915985
180.91466140002012	8.775772899389267
162.90622182190418	-9.232666678726673
164.2050020173192	-7.933886483311653
171.62220563739538	-0.5166828632354736
171.06556537002325	-1.073323130607605
161.99324549734592	-10.145643003284931
177.5380515679717	5.399163067340851
179.33105285465717	7.192164354026318
166.89456167817116	-5.244326822459698
172.68181297183037	0.5429244711995125
169.21668034046888	-2.922208160161972
165.26453468948603	-6.874353811144829
176.8625564649701	4.723667964339256
181.93278900533915	9.79390050470829
178.04683742672205	5.907948926091194
176.763426348567	4.624537847936153
158.07652129977942	-14.06236720085144
169.200334854424	-2.9385536462068558
156.91292593628168	-15.225962564349174
170.86190397292376	-1.2769845277071
171.0162067785859	-1.1226817220449448
173.3764984831214	1.2376099824905396
192.809900008142	20.67101150751114
166.76507118344307	-5.373817317187786
183.8029688000679	11.664080299437046
161.31585133820772	-10.823037162423134
169.18846961855888	-2.950418882071972
158.18181101232767	-13.957077488303185
170.06073679029942	-2.07815171033144
158.3252345994115	-13.813653901219368
181.56835901737213	9.429470516741276
180.3717487975955	8.232860296964645
151.28537783026695	-20.853510670363903
191.42974188178778	19.29085338115692
162.0153165459633	-10.123571954667568
155.19481837004423	-16.944070130586624
166.69596850126982	-5.442919999361038
167.53931837528944	-4.599570125341415
184.85121116787195	12.712322667241096
151.73110850900412	-20.40777999162674
161.58539178222418	-10.553496718406677
166.66261684894562	-5.476271651685238
170.2185273244977	-1.9203611761331558
160.2420615181327	-11.896826982498169
172.93519639968872	0.7963078990578651
185.5875826999545	13.448694199323654
169.73465616256	-2.4042323380708694
172.28830361366272	0.14941511303186417
159.20237711071968	-12.936511389911175
176.0863932520151	3.9475047513842583
176.55264438688755	4.413755886256695
153.45835456997156	-18.680533930659294
168.61176238954067	-3.5271261110901833
168.64630149304867	-3.4925870075821877
172.59608767926693	0.45719917863607407
158.45658826828003	-13.682300232350826
168.14053799957037	-3.998350501060486
178.65087047219276	6.511981971561909
169.22559814155102	-2.913290359079838
177.95702293515205	5.818134434521198
162.9454858675599	-9.193402633070946
155.90514225512743	-16.233746245503426
164.64248576760292	-7.496402733027935
201.32473079115152	29.185842290520668
175.3998017013073	3.260913200676441
149.01920247077942	-23.119686029851437
161.75009460747242	-10.388793893158436
181.75310496240854	9.614216461777687
160.63833175599575	-11.500556744635105
180.62389244884253	8.48500394821167
177.01395485550165	4.875066354870796
179.1082740277052	6.969385527074337
180.53521040081978	8.396321900188923
181.34460555016994	9.20571704953909
178.9008477628231	6.761959262192249
168.81124395877123	-3.3276445418596268
163.20550386607647	-8.933384634554386
186.91163285076618	14.772744350135326
170.67783977091312	-1.4610487297177315
169.64603354781866	-2.492854952812195
187.26478643715382	15.12589793652296
165.5973497852683	-6.541538715362549
173.48101937770844	1.3421308770775795
170.43694535642862	-1.7019431442022324
169.65456752479076	-2.4843209758400917
163.008499994874	-9.130388505756855
164.23252350091934	-7.9063649997115135
171.2739879488945	-0.8649005517363548
180.40616999566555	8.267281495034695
166.98634257167578	-5.152545928955078
165.88429886102676	-6.254589639604092
174.88094536215067	2.7420568615198135
181.9148160815239	9.77592758089304
179.00765300542116	6.868764504790306
167.3216401040554	-4.817248396575451
173.76751758158207	1.6286290809512138
181.2917244359851	9.152835935354233
163.08388804644346	-9.055000454187393
174.31198327988386	2.173094779253006
181.3623262643814	9.223437763750553
161.8403886705637	-10.298499830067158
175.31177551299334	3.17288701236248
171.61983742564917	-0.5190510749816895
171.78158736974	-0.35730113089084625
174.65730828791857	2.518419787287712
168.82465835660696	-3.3142301440238953
149.15346965193748	-22.98541884869337
162.00656826794147	-10.13232023268938
190.11947333067656	17.9805848300457
181.51748979836702	9.378601297736168
172.63149340450764	0.49260490387678146
191.58108313381672	19.442194633185863
185.93423238396645	13.79534388333559
173.49553833156824	1.3566498309373856
166.32935243844986	-5.809536062180996
178.4095431342721	6.270654633641243
186.3958295583725	14.256941057741642
172.45869585871696	0.31980735808610916
171.59444737434387	-0.5444411262869835
176.82211796194315	4.683229461312294
157.78330064564943	-14.355587854981422
153.81578790396452	-18.323100596666336
162.7235188856721	-9.415369614958763
180.58475406467915	8.44586556404829
169.19157592952251	-2.947312571108341
181.3634923696518	9.224603869020939
177.79623600840569	5.65734750777483
186.94896603375673	14.810077533125877
167.7428836002946	-4.396004900336266
160.25274995714426	-11.886138543486595
167.30805344879627	-4.830835051834583
167.059862293303	-5.079026207327843
174.60074842721224	2.4618599265813828
179.51455201208591	7.375663511455059
168.64545277506113	-3.493435725569725
167.65682426840067	-4.4820642322301865
172.88913837075233	0.750249870121479
165.22673562169075	-6.912152878940105
186.3719504699111	14.233061969280243
177.38756693154573	5.248678430914879
167.3249020203948	-4.8139864802360535
180.6597688421607	8.520880341529846
175.4420721232891	3.3031836226582527
178.93213000893593	6.793241508305073
168.68986686319113	-3.449021637439728
154.9265781417489	-17.21231035888195
190.29336708039045	18.154478579759598
188.68290445953608	16.54401595890522
162.19568014144897	-9.943208359181881
180.41742625832558	8.278537757694721
179.02443818747997	6.885549686849117
179.34956853091717	7.210680030286312
173.8962663039565	1.757377803325653
172.13841493427753	-0.00047356635332107544
171.06375221908092	-1.0751362815499306
158.08043858408928	-14.058449916541576
166.86038240790367	-5.278506092727184
176.4698801636696	4.330991663038731
165.97430569678545	-6.164582803845406
162.89508989453316	-9.243798606097698
187.17282500863075	15.033936507999897
175.96054312586784	3.821654625236988
153.47141759097576	-18.667470909655094
183.5589355379343	11.420047037303448
171.3742656558752	-0.7646228447556496
181.19901200383902	9.06012350320816
160.24703626334667	-11.891852237284184
188.47622851282358	16.337340012192726
185.9654013440013	13.826512843370438
184.08597230911255	11.947083808481693
181.8603179976344	9.721429497003555
165.0263248682022	-7.112563632428646
155.94398891180754	-16.19489958882332
167.91773379594088	-4.2211547046899796
162.9261858612299	-9.212702639400959
170.331473775208	-1.8074147254228592
191.28076288104057	19.141874380409718
172.29223200678825	0.15334350615739822
181.28708671033382	9.148198209702969
185.3535418882966	13.214653387665749
172.98549430817366	0.8466058075428009
167.62258423119783	-4.5163042694330215
166.6836208179593	-5.455267682671547
166.94847887009382	-5.190409630537033
164.6035256460309	-7.535362854599953
167.00581758469343	-5.133070915937424
170.56152706593275	-1.5773614346981049
167.02991964668036	-5.1089688539505005
173.3992424234748	1.260353922843933
166.67683904618025	-5.462049454450607
172.39512936770916	0.2562408670783043
172.6721446737647	0.5332561731338501
166.21454501152039	-5.92434348911047
173.13658171147108	0.9976932108402252
170.0740064382553	-2.0648820623755455
176.4810849353671	4.342196434736252
168.02223986387253	-4.1166486367583275
169.33837131410837	-2.800517186522484
177.0192910283804	4.880402527749538
166.42840289324522	-5.710485607385635
178.30867733806372	6.169788837432861
174.6178027316928	2.4789142310619354
171.40851122885942	-0.730377271771431
174.27982684224844	2.1409383416175842
169.96502105891705	-2.17386744171381
182.8621025979519	10.723214097321033
183.86535883694887	11.726470336318016
169.019597761333	-3.119290739297867
168.13522128015757	-4.0036672204732895
165.06595519930124	-7.072933301329613
182.92646343261003	10.78757493197918
171.9884726330638	-0.15041586756706238
156.30673776566982	-15.832150734961033
176.49797627329826	4.359087772667408
176.8329096212983	4.694021120667458
193.0429250895977	20.904036588966846
182.89369159191847	10.754803091287613
185.10363872349262	12.964750222861767
174.791718557477	2.652830056846142
168.78232964128256	-3.356558859348297
176.00837821513414	3.8694897145032883
160.40946958959103	-11.72941891103983
151.2437769472599	-20.895111553370953
169.62455405294895	-2.514334447681904
168.50981345772743	-3.6290750429034233
174.70243918150663	2.563550680875778
184.57270016521215	12.433811664581299
157.7349856197834	-14.403902880847454
156.19819819927216	-15.9406903013587
173.22213750332594	1.0832490026950836
151.9938539043069	-20.145034596323967
159.4961135238409	-12.642774976789951
167.90725372731686	-4.231634773313999
178.1776272431016	6.038738742470741
181.3843607082963	9.245472207665443
173.491306938231	1.3524184376001358
170.26489805430174	-1.8739904463291168
181.5883947312832	9.449506230652332
148.04335287213326	-24.0955356284976
179.50150583684444	7.362617336213589
195.91507617384195	23.776187673211098
164.3553396090865	-7.783548891544342
175.36379668861628	3.2249081879854202
175.48738785088062	3.3484993502497673
164.49598668515682	-7.642901815474033
178.9714855775237	6.832597076892853
172.95535673946142	0.8164682388305664
179.91730411350727	7.778415612876415
177.8275106549263	5.6886221542954445
181.22769179195166	9.0888032913208
172.72251115739346	0.5836226567626
174.42508831620216	2.286199815571308
171.62208195775747	-0.5168065428733826
168.75024980306625	-3.388638697564602
166.68631491810083	-5.452573582530022
166.00968146324158	-6.129207037389278
179.63904550671577	7.500157006084919
170.16160560399294	-1.9772828966379166
189.22637727111578	17.087488770484924
155.57672119885683	-16.562167301774025
166.78496105223894	-5.353927448391914
183.51160215586424	11.372713655233383
160.73736164718866	-11.401526853442192
176.04113142192364	3.902242921292782
166.02020122855902	-6.118687272071838
157.1800131648779	-14.958875335752964
172.66071148961782	0.521822988986969
163.59912160784006	-8.539766892790794
164.96788334101439	-7.17100515961647
160.41166277229786	-11.727225728332996
168.34874249249697	-3.7901460081338882
176.58064234256744	4.441753841936588
175.63540513813496	3.496516637504101
183.13500259816647	10.99611409753561
181.44353011995554	9.304641619324684
164.6281322836876	-7.510756216943264
184.1618630886078	12.022974587976933
193.70293229073286	21.564043790102005
167.76530022919178	-4.3735882714390755
168.48748952150345	-3.651398979127407
158.07426833361387	-14.064620167016983
158.34255919605494	-13.79632930457592
174.02880465984344	1.8899161592125893
174.69582617282867	2.5569376721978188
185.9124392643571	13.773550763726234
170.62701416760683	-1.511874333024025
171.11310720443726	-1.0257812961935997
174.25566244870424	2.116773948073387
161.06766048818827	-11.071228012442589
190.58953957259655	18.450651071965694
162.91386587172747	-9.225022628903389
160.01011014729738	-12.128778353333473
178.10765565931797	5.968767158687115
169.74044427275658	-2.398444227874279
171.0686690285802	-1.0702194720506668
155.5606941729784	-16.578194327652454
175.8219333216548	3.683044821023941
161.02883041650057	-11.110058084130287
179.03162148594856	6.892732985317707
186.28763137757778	14.148742876946926
147.58059189468622	-24.558296605944633
179.31194254755974	7.173054046928883
164.2925903648138	-7.846298135817051
167.30022920668125	-4.838659293949604
170.86285734921694	-1.2760311514139175
184.56166376173496	12.422775261104107
177.88966173678637	5.75077323615551
154.50881003588438	-17.630078464746475
177.54816848784685	5.409279987215996
175.35747672617435	3.218588225543499
186.53227280825377	14.39338430762291
163.0610720589757	-9.077816441655159
173.5989948734641	1.460106372833252
168.27471881359816	-3.8641696870326996
167.85926812142134	-4.279620379209518
157.98968218266964	-14.149206317961216
173.26662581413984	1.1277373135089874
170.70728609710932	-1.4316024035215378
175.14862310141325	3.0097346007823944
168.1709983944893	-3.9678901061415672
153.79361378401518	-18.345274716615677
160.76868011802435	-11.370208382606506
174.19030361622572	2.051415115594864
159.74797024577856	-12.390918254852295
171.85271751135588	-0.28617098927497864
181.2413114309311	9.102422930300236
180.35661000013351	8.217721499502659
165.41343078762293	-6.725457713007927
174.7655520066619	2.6266635060310364
159.1368105188012	-13.002077981829643
152.43248881399632	-19.70639968663454
171.69963655620813	-0.43925194442272186
170.21955520659685	-1.9193332940340042
167.02036758512259	-5.11852091550827
170.95000890642405	-1.18887959420681
158.12752440571785	-14.011364094913006
167.89524693787098	-4.243641562759876
160.98356910049915	-11.155319400131702
149.3582051768899	-22.78068332374096
176.53378875553608	4.394900254905224
167.67086502164602	-4.468023478984833
180.67769865691662	8.538810156285763
174.83045212179422	2.6915636211633682
175.4978557229042	3.3589672222733498
173.04544884711504	0.9065603464841843
169.69655615091324	-2.442332349717617
182.09052603691816	9.951637536287308
161.00031903386116	-11.138569466769695
165.74270073324442	-6.3961877673864365
168.73062644153833	-3.4082620590925217
199.51679798215628	27.37790948152542
174.82156948000193	2.682680979371071
170.34256397932768	-1.7963245213031769
194.34432779997587	22.205439299345016
177.35354871302843	5.214660212397575
187.00850381702185	14.869615316390991
156.75801886618137	-15.380869634449482
179.4943009018898	7.3554124012589455
166.67580884695053	-5.4630796536803246
169.7627082541585	-2.3761802464723587
171.76021090894938	-0.3786775916814804
169.9472725763917	-2.1916159242391586
180.56598755717278	8.42709905654192
180.18046967685223	8.04158117622137
169.27404882758856	-2.8648396730422974
169.62472467124462	-2.5141638293862343
150.70145392417908	-21.43743457645178
160.24392218142748	-11.894966319203377
170.93315937370062	-1.2057291269302368
162.30376781523228	-9.835120685398579
166.78957760334015	-5.349310897290707
189.58303298056126	17.4441444799304
178.79867171496153	6.659783214330673
173.6023178845644	1.4634293839335442
159.09894056618214	-13.039947934448719
173.89224255084991	1.753354050219059
174.08671478927135	1.9478262886404991
162.6295372992754	-9.509351201355457
160.954359292984	-11.184529207646847
187.71761269122362	15.578724190592766
167.12028206139803	-5.018606439232826
184.2524383738637	12.113549873232841
175.45894902199507	3.320060521364212
175.5350802242756	3.3961917236447334
163.58497688174248	-8.553911618888378
141.1769202426076	-30.961968258023262
173.8979256004095	1.7590370997786522
178.9513324648142	6.8124439641833305
169.22422370314598	-2.9146647974848747
161.49059658497572	-10.648291915655136
187.5939015224576	15.455013021826744
164.39863858371973	-7.740249916911125
174.39292745292187	2.254038952291012
162.49696647375822	-9.641922026872635
183.11049250513315	10.971604004502296
175.9011072292924	3.762218728661537
162.57599252462387	-9.562895976006985
176.70286522060633	4.5639767199754715
175.32615076750517	3.1872622668743134
155.7768576219678	-16.362030878663063
182.52126547694206	10.382376976311207
163.77438740432262	-8.364501096308231
164.41349416971207	-7.725394330918789
173.017225086689	0.8783365860581398
192.4239814132452	20.285092912614346
167.74650372564793	-4.392384774982929
176.83253752440214	4.693649023771286
174.70687250047922	2.567983999848366
164.71043015271425	-7.428458347916603
172.9021846652031	0.7632961645722389
164.9038211926818	-7.235067307949066
164.83886861801147	-7.300019882619381
180.3341706842184	8.195282183587551
154.85447086393833	-17.284417636692524
176.88245578110218	4.743567280471325
173.0224685817957	0.8835800811648369
160.47824673354626	-11.660641767084599
168.96784099936485	-3.1710475012660027
204.05981863290071	31.92093013226986
167.7501259073615	-4.388762593269348
179.13575848191977	6.99686998128891
185.97991801798344	13.841029517352581
157.87362138926983	-14.265267111361027
185.33325002342463	13.19436152279377
153.47807423770428	-18.66081426292658
156.2916560769081	-15.847232423722744
190.55355322360992	18.41466472297907
176.9905407205224	4.851652219891548
171.2707241103053	-0.8681643903255463
154.98359637707472	-17.155292123556137
174.65372791141272	2.5148394107818604
172.8390874490142	0.7001989483833313
173.86274261772633	1.7238541170954704
185.39960618317127	13.260717682540417
171.7421408817172	-0.3967476189136505
169.10866932570934	-3.0302191749215126
174.25243460386992	2.1135461032390594
178.4536316394806	6.314743138849735
164.17134262621403	-7.967545874416828
177.79273054748774	5.65384204685688
172.1820365935564	0.04314809292554855
161.1996712461114	-10.939217254519463
157.04265022277832	-15.096238277852535
183.51342920958996	11.374540708959103
181.70923741161823	9.570348910987377
169.63305731117725	-2.505831189453602
173.26907686144114	1.1301883608102798
174.09737986326218	1.958491362631321
163.4843075722456	-8.654580928385258
172.6550230383873	0.516134537756443
174.05787274986506	1.9189842492341995
165.78458223491907	-6.354306265711784
172.66240763664246	0.5235191360116005
177.01367588341236	4.874787382781506
154.16464801877737	-17.974240481853485
190.75731521844864	18.618426717817783
184.5821184143424	12.443229913711548
161.30166650563478	-10.83722199499607
186.3916118144989	14.252723313868046
168.3675408810377	-3.7713476195931435
151.49301739037037	-20.645871110260487
181.58528431504965	9.446395814418793
181.61693116277456	9.478042662143707
184.63207494467497	12.493186444044113
169.22251922637224	-2.9163692742586136
171.93425498902798	-0.20463351160287857
168.69383641332388	-3.4450520873069763
180.37150122225285	8.23261272162199
178.38919172436	6.250303223729134
174.95639226585627	2.8175037652254105
162.08186177909374	-10.057026721537113
180.73887403309345	8.599985532462597
176.90341141074896	4.764522910118103
169.70324260741472	-2.435645893216133
174.10830914974213	1.969420649111271
173.2073009237647	1.06841242313385
173.96958553791046	1.8306970372796059
165.34190692007542	-6.796981580555439
182.56837916374207	10.42949066311121
173.40937227755785	1.2704837769269943
170.48072930425406	-1.6581591963768005
170.07427030056715	-2.0646182000637054
174.35397757589817	2.215089075267315
176.02836798876524	3.889479488134384
190.9062860161066	18.76739751547575
155.1334647834301	-17.005423717200756
168.54410473257303	-3.594783768057823
171.83256921172142	-0.30631928890943527
143.80456890165806	-28.334319598972797
172.01283832639456	-0.1260501742362976
165.7063615694642	-6.432526931166649
168.22732713073492	-3.911561369895935
178.17212096601725	6.033232465386391
197.77226965129375	25.6333811506629
164.19564994424582	-7.94323855638504
161.8394165188074	-10.299471981823444
166.5142219811678	-5.624666519463062
176.48406264930964	4.34517414867878
173.4404125586152	1.3015240579843521
163.88636445999146	-8.2525240406394
177.23766497522593	5.09877647459507
165.70650304108858	-6.4323854595422745
173.34579444676638	1.206905946135521
165.73273783177137	-6.406150668859482
168.78981601446867	-3.3490724861621857
186.35992355644703	14.221035055816174
181.38915778696537	9.250269286334515
170.47575488686562	-1.6631336137652397
165.04351004958153	-7.095378451049328
169.26650949567556	-2.8723790049552917
161.41484636813402	-10.724042132496834
166.79846660792828	-5.3404218927025795
163.30730491131544	-8.831583589315414
166.1835765466094	-5.955311954021454
160.76104798167944	-11.377840518951416
180.69844433665276	8.5595558360219
178.19343391805887	6.054545417428017
181.19719126820564	9.058302767574787
165.94583190977573	-6.193056590855122
180.89530862867832	8.756420128047466
184.37964536249638	12.24075686186552
175.5585145279765	3.4196260273456573
190.65088517218828	18.511996671557426
167.44683320075274	-4.69205529987812
158.24055629223585	-13.898332208395004
162.26458516716957	-9.874303333461285
185.35965888947248	13.220770388841629
171.21484157443047	-0.9240469262003899
189.141577295959	17.00268879532814
171.2848787009716	-0.8540097996592522
162.90797899663448	-9.230909503996372
178.82783019542694	6.688941694796085
157.84689534455538	-14.291993156075478
170.78325165063143	-1.3556368499994278
154.85658659040928	-17.282301910221577
166.57011796534061	-5.568770535290241
171.402618765831	-0.7362697347998619
168.10730197280645	-4.031586527824402
174.9252304136753	2.7863419130444527
167.6980708912015	-4.440817609429359
176.559147849679	4.420259349048138
176.79393054544926	4.655042044818401
169.67331819236279	-2.46557030826807
171.05904384702444	-1.0798446536064148
159.65533764660358	-12.483550854027271
164.4925621598959	-7.646326340734959
179.59661521017551	7.457726709544659
181.64153470098972	9.502646200358868
173.24558260291815	1.1066941022872925
183.53700701892376	11.398118518292904
165.98415307700634	-6.1547354236245155
180.79676136374474	8.65787286311388
164.84310372173786	-7.295784778892994
180.43470311909914	8.295814618468285
173.0713373720646	0.9324488714337349
170.66675984114408	-1.4721286594867706
169.31923701614141	-2.819651484489441
181.28704623132944	9.148157730698586
171.55220679193735	-0.5866817086935043
148.03052316606045	-24.108365334570408
169.3997437208891	-2.739144779741764
188.0840922370553	15.945203736424446
150.6254414767027	-21.513447023928165
160.17602936178446	-11.962859138846397
180.70133897662163	8.562450475990772
178.60516345500946	6.466274954378605
170.399071469903	-1.7398170307278633
177.7333918735385	5.5945033729076385
176.09655187278986	3.957663372159004
192.80128098279238	20.662392482161522
171.1184115037322	-1.0204769968986511
168.81512836366892	-3.323760136961937
184.72987169772387	12.59098319709301
172.5991528481245	0.46026434749364853
162.86781635135412	-9.271072149276733
174.81201915442944	2.67313065379858
166.0137278661132	-6.12516063451767
188.63863959908485	16.499751098454
180.23098070919514	8.092092208564281
167.3258967474103	-4.812991753220558
184.68959102779627	12.550702527165413
180.4918002858758	8.352911785244942
174.51643480360508	2.377546302974224
186.4159206226468	14.277032122015953
163.66836949437857	-8.470519006252289
176.52594530582428	4.387056805193424
170.7321629524231	-1.4067255482077599
180.06562515348196	7.926736652851105
187.19297159463167	15.054083094000816
194.43238256126642	22.293494060635567
160.92331080138683	-11.215577699244022
175.31410395354033	3.1752154529094696
176.6484940648079	4.509605564177036
184.19426529854536	12.055376797914505
181.94398326426744	9.805094763636589
168.47860679775476	-3.660281702876091
159.23942390084267	-12.899464599788189
160.39588088542223	-11.743007615208626
171.6943049877882	-0.4445835128426552
167.1868654191494	-4.952023081481457
173.29619584977627	1.1573073491454124
167.29760313034058	-4.841285370290279
174.66375836730003	2.524869866669178
155.44993910193443	-16.688949398696423
160.3032422065735	-11.83564629405737
174.7906678467989	2.6517793461680412
159.37542675435543	-12.763461746275425
174.58769869059324	2.448810189962387
172.02957636862993	-0.10931213200092316
189.27005283534527	17.131164334714413
174.3209701627493	2.182081662118435
171.32422871887684	-0.8146597817540169
170.21519643813372	-1.923692062497139
183.26600935310125	11.127120852470398
172.8080032467842	0.6691147461533546
171.32933282107115	-0.8095556795597076
194.85224916040897	22.713360659778118
171.53477551788092	-0.604112982749939
160.27602844685316	-11.862860053777695
158.83704571425915	-13.301842786371708
182.23493488132954	10.09604638069868
175.3562019392848	3.217313438653946
180.79146206378937	8.652573563158512
173.2478870600462	1.1089985594153404
167.8333817794919	-4.305506721138954
200.78413589298725	28.645247392356396
166.34346050024033	-5.79542800039053
191.54808869212866	19.409200191497803
166.35524783283472	-5.783640667796135
166.83674354106188	-5.302144959568977
182.7950914800167	10.656202979385853
159.44865661114454	-12.690231889486313
179.29199570417404	7.153107203543186
159.9426623210311	-12.196226179599762
158.44974131137133	-13.68914718925953
161.55827309936285	-10.580615401268005
174.3636950403452	2.2248065397143364
150.86262250691652	-21.276265993714333
155.23757158964872	-16.901316910982132
165.17243248224258	-6.966456018388271
167.40510830283165	-4.733780197799206
186.74801372736692	14.609125226736069
185.80286449193954	13.66397599130869
171.0399042442441	-1.098984256386757
169.17423117160797	-2.9646573290228844
171.57107277959585	-0.5678157210350037
162.4794294387102	-9.659459061920643
177.69464024156332	5.555751740932465
164.11643204838037	-8.02245645225048
162.69281392544508	-9.446074575185776
179.97735453397036	7.8384660333395
155.02422520518303	-17.114663295447826
165.3938488289714	-6.74503967165947
150.71359028667212	-21.42529821395874
166.2438676133752	-5.895020887255669
187.46392273157835	15.325034230947495
174.17009253054857	2.031204029917717
170.77471224218607	-1.364176258444786
168.00144509226084	-4.137443408370018
188.87789325416088	16.739004753530025
188.37424088269472	16.235352382063866
161.16820829361677	-10.970680207014084
177.64503096789122	5.506142467260361
169.57356576621532	-2.565322734415531
173.35630965977907	1.2174211591482162
165.24108175188303	-6.897806748747826
165.68942099064589	-6.44946750998497
161.69312154501677	-10.44576695561409
158.26243144273758	-13.876457057893276
158.58843076974154	-13.55045773088932
178.52370442450047	6.38481592386961
177.492721401155	5.353832900524139
171.7760388329625	-0.3628496676683426
169.28386729210615	-2.855021208524704
192.80006567388773	20.661177173256874
173.22952449321747	1.0906359925866127
178.61218016594648	6.473291665315628
166.56208370625973	-5.576804794371128
164.37614272534847	-7.762745775282383
170.4881402105093	-1.6507482901215553
174.12532422691584	1.9864357262849808
167.34625305235386	-4.792635448276997
174.7738761305809	2.6349876299500465
168.37504232674837	-3.7638461738824844
162.05249135941267	-10.086397141218185
175.41622780263424	3.2773393020033836
174.60516542941332	2.466276928782463
184.03525719046593	11.896368689835072
175.8875518515706	3.7486633509397507
178.1551944091916	6.016305908560753
172.13922333717346	0.00033483654260635376
152.91094754636288	-19.22794095426798
176.80128005892038	4.662391558289528
158.87573730945587	-13.263151191174984
165.34184657037258	-6.797041930258274
171.59688317030668	-0.542005330324173
166.8767526820302	-5.262135818600655
167.25205615907907	-4.886832341551781
174.7294590100646	2.5905705094337463
175.31066995114088	3.171781450510025
170.01192213594913	-2.1269663646817207
179.33414427936077	7.195255778729916
171.40900164842606	-0.7298868522047997
177.1219980865717	4.983109585940838
182.25210190564394	10.113213405013084
160.62147041410208	-11.517418086528778
170.23639338463545	-1.902495115995407
164.2953613549471	-7.843527145683765
166.2249639928341	-5.913924507796764
161.6268070936203	-10.512081407010555
168.68349211663008	-3.455396384000778
161.25676523149014	-10.88212326914072
183.64974156022072	11.510853059589863
174.50990530103445	2.371016800403595
169.20968359708786	-2.9292049035429955
177.95559073239565	5.816702231764793
179.47809998691082	7.3392114862799644
174.52742075920105	2.3885322585701942
180.68979792296886	8.550909422338009
163.18127373605967	-8.95761476457119
167.79372684657574	-4.345161654055119
174.67471385002136	2.5358253493905067
179.81278140842915	7.67389290779829
173.87764194607735	1.7387534454464912
178.49493754655123	6.356049045920372
186.75277076661587	14.613882265985012
163.2430400699377	-8.89584843069315
165.94653190672398	-6.192356593906879
153.85397440195084	-18.28491409868002
165.62543939054012	-6.513449110090733
144.45273130387068	-27.686157196760178
171.22399885952473	-0.9148896411061287
156.2731920108199	-15.865696489810944
176.80593167245388	4.667043171823025
167.8622244372964	-4.276664063334465
167.8051322698593	-4.333756230771542
157.5431067571044	-14.595781743526459
177.42615742981434	5.287268929183483
180.49829928576946	8.359410785138607
187.95559368282557	15.81670518219471
165.13753763586283	-7.001350864768028
189.37681967765093	17.237931177020073
162.67758765816689	-9.46130084246397
173.77938956022263	1.6405010595917702
172.79625257104635	0.6573640704154968
181.46035403758287	9.321465536952019
174.60009445250034	2.4612059518694878
157.3516889065504	-14.787199594080448
179.71227056533098	7.573382064700127
183.31408342719078	11.175194926559925
156.12285535782576	-16.0160331428051
156.8145336061716	-15.324354894459248
185.80271780490875	13.663829304277897
170.17644196748734	-1.9624465331435204
165.22426818311214	-6.914620317518711
150.46497717499733	-21.673911325633526
143.30014786869287	-28.83874063193798
170.97053407877684	-1.1683544218540192
165.013594083488	-7.125294417142868
178.75025963783264	6.611371137201786
176.2473073899746	4.1084188893437386
163.15073078125715	-8.988157719373703
166.88170548528433	-5.257183015346527
169.96600659936666	-2.1728819012641907
181.48498514294624	9.346096642315388
175.1170876249671	2.9781991243362427
189.6639579832554	17.52506948262453
170.39319353550673	-1.7456949651241302
196.09605266153812	23.95716416090727
155.70646713674068	-16.43242136389017
168.77148562669754	-3.3674028739333153
161.34149891883135	-10.797389581799507
172.61963099986315	0.4807424992322922
180.35245572775602	8.213567227125168
172.69351445138454	0.5546259507536888
170.70042818784714	-1.438460312783718
180.39378099143505	8.254892490804195
176.1829948425293	4.044106341898441
172.05593975633383	-0.08294874429702759
171.13623374700546	-1.002654753625393
176.43122540414333	4.292336903512478
187.33278103917837	15.193892538547516
189.55105558782816	17.412167087197304
178.3484555259347	6.209567025303841
162.10714679211378	-10.031741708517075
163.510932803154	-8.627955697476864
179.95085234194994	7.811963841319084
166.50849840044975	-5.630390100181103
167.94712533801794	-4.191763162612915
174.43958457559347	2.300696074962616
165.40786470472813	-6.731023795902729
173.85854386538267	1.7196553647518158
167.62084363400936	-4.518044866621494
177.32477333396673	5.1858848333358765
175.34415075182915	3.205262251198292
163.35894446074963	-8.77994403988123
176.83251529186964	4.693626791238785
169.4802089780569	-2.658679522573948
173.45764452964067	1.318756029009819
163.86182471364737	-8.27706378698349
171.0872005596757	-1.051687940955162
172.67752770334482	0.5386392027139664
167.2192301750183	-4.919658325612545
178.4208169505	6.281928449869156
168.2126271650195	-3.9262613356113434
177.9470233619213	5.808134861290455
172.34965801239014	0.21076951175928116
178.60190656036139	6.46301805973053
167.19551796466112	-4.943370535969734
177.05853846669197	4.919649966061115
191.51977133750916	19.3808828368783
152.9888171032071	-19.150071397423744
160.91237392276525	-11.2265145778656
176.9847197458148	4.845831245183945
188.60542607307434	16.466537572443485
181.0298566520214	8.890968151390553
184.32269594818354	12.183807447552681
175.15939244627953	3.02050394564867
200.6741059422493	28.535217441618443
161.19299670308828	-10.945891797542572
175.81829581409693	3.679407313466072
157.104370996356	-15.034517504274845
148.66618205606937	-23.47270644456148
159.63530234992504	-12.503586150705814
168.97813745588064	-3.1607510447502136
195.9567188695073	23.817830368876457
168.62699561566114	-3.5118928849697113
186.3456784337759	14.206789933145046
168.0682775452733	-4.070610955357552
182.9974995404482	10.858611039817333
164.51725934445858	-7.6216291561722755
176.60440811514854	4.465519614517689
168.47067567706108	-3.6682128235697746
186.7811388298869	14.642250329256058
170.70736306160688	-1.4315254390239716
159.70225604623556	-12.436632454395294
178.56758001446724	6.428691513836384
148.86447744071484	-23.27441105991602
172.050949588418	-0.08793891221284866
167.55965031683445	-4.579238183796406
164.886789098382	-7.252099402248859
179.63577356934547	7.496885068714619
164.8009513169527	-7.33793718367815
169.9876143708825	-2.1512741297483444
160.34808968752623	-11.79079881310463
174.20814729481936	2.0692587941884995
158.79456374049187	-13.344324760138988
175.37353025376797	3.2346417531371117
169.95977251976728	-2.179115980863571
165.49818260222673	-6.640705898404121
162.34073707461357	-9.798151426017284
173.67039934545755	1.5315108448266983
159.29995185881853	-12.838936641812325
182.82825822383165	10.689369723200798
158.11229265481234	-14.02659584581852
157.64531331509352	-14.493575185537338
161.29101742058992	-10.847871080040932
163.5934520214796	-8.545436479151249
156.85716420412064	-15.28172429651022
186.85451466590166	14.715626165270805
161.2980944365263	-10.840794064104557
166.0478689223528	-6.091019578278065
179.0289935991168	6.890105098485947
165.10580035299063	-7.033088147640228
183.6700440198183	11.53115551918745
176.7596903219819	4.620801821351051
181.69072543084621	9.551836930215359
161.5088482350111	-10.630040265619755
174.2844124287367	2.145523928105831
164.04804798960686	-8.090840511023998
168.5862386599183	-3.5526498407125473
175.52874506264925	3.3898565620183945
152.50456968694925	-19.634318813681602
165.82221338897943	-6.316675111651421
167.10564410686493	-5.033244393765926
161.1092362999916	-11.029652200639248
169.4555843397975	-2.6833041608333588
166.95545291900635	-5.183435581624508
178.53399220854044	6.395103707909584
170.95489310473204	-1.183995395898819
156.72740265727043	-15.411485843360424
172.73142571002245	0.5925372093915939
170.83471713215113	-1.3041713684797287
174.90325490385294	2.764366403222084
187.03778821974993	14.898899719119072
176.97712878882885	4.838240288197994
170.12720098346472	-2.0116875171661377
183.36259773373604	11.223709233105183
173.39983182400465	1.2609433233737946
164.17898885160685	-7.95989964902401
165.2630419433117	-6.875846557319164
161.23404854536057	-10.90483995527029
169.25659556686878	-2.8822929337620735
178.8953785970807	6.756490096449852
171.83777501434088	-0.301113486289978
172.50533686578274	0.36644836515188217
181.08114585280418	8.942257352173328
175.26985237002373	3.130963869392872
163.73951161652803	-8.399376884102821
194.98895802348852	22.850069522857666
142.01843520998955	-30.120453290641308
176.468874797225	4.329986296594143
193.88659711182117	21.74770861119032
160.64348574727774	-11.495402753353119
173.5847672149539	1.4458787143230438
169.46170827001333	-2.677180230617523
165.64171083271503	-6.497177667915821
168.83250315487385	-3.3063853457570076
183.94480738788843	11.805918887257576
184.20231025665998	12.063421756029129
166.85148978233337	-5.2873987182974815
161.632274068892	-10.506614431738853
169.90088091790676	-2.2380075827240944
178.31809508055449	6.17920657992363
166.1653060913086	-5.973582409322262
160.94173973798752	-11.197148762643337
163.8975140079856	-8.241374492645264
185.03898916393518	12.900100663304329
175.37380257993937	3.23491407930851
172.30373577028513	0.164847269654274
167.35757430642843	-4.781314194202423
159.81923954188824	-12.319648958742619
163.97704708576202	-8.161841414868832
194.45359866321087	22.314710162580013
160.39981221407652	-11.739076286554337
178.83660409599543	6.697715595364571
177.68294049799442	5.544051997363567
159.6436113268137	-12.495277173817158
163.6064307540655	-8.532457746565342
169.19292351603508	-2.9459649845957756
169.7555119395256	-2.3833765611052513
181.31062303483486	9.171734534204006
168.9061380699277	-3.232750430703163
180.3667156919837	8.227827191352844
169.69205405563116	-2.446834444999695
194.46694829314947	22.328059792518616
162.94106973707676	-9.197818763554096
141.4813427105546	-30.657545790076256
164.72438690811396	-7.414501592516899
178.60224602371454	6.463357523083687
160.80950041115284	-11.329388089478016
171.7263481542468	-0.41254034638404846
172.19744888693094	0.058560386300086975
169.06111373007298	-3.0777747705578804
146.56493041664362	-25.573958083987236
179.67372485250235	7.5348363518714905
165.33977842330933	-6.799110077321529
151.96070770174265	-20.178180798888206
161.28004773706198	-10.858840763568878
193.090223364532	20.95133486390114
173.23510790616274	1.0962194055318832
166.42322851717472	-5.715659983456135
181.74426820874214	9.605379708111286
145.96680076420307	-26.172087736427784
168.04242980480194	-4.096458695828915
163.50649616867304	-8.632392331957817
162.94788633286953	-9.191002167761326
156.12142683565617	-16.01746166497469
180.67292128503323	8.53403278440237
173.16681899875402	1.027930498123169
177.00699945539236	4.868110954761505
157.30108861625195	-14.83779988437891
171.1659227013588	-0.9729657992720604
167.54916287213564	-4.589725628495216
169.40990521758795	-2.7289832830429077
192.92713590711355	20.788247406482697
162.590787217021	-9.548101283609867
164.1264786720276	-8.012409828603268
161.33131682872772	-10.807571671903133
158.57456043362617	-13.56432806700468
186.33448734879494	14.195598848164082
195.47289281338453	23.334004312753677
162.16495879739523	-9.973929703235626
173.54416269809008	1.4052741974592209
162.5808656513691	-9.55802284926176
174.19359319657087	2.0547046959400177
175.95114347338676	3.812254972755909
179.923839494586	7.784950993955135
169.4281497374177	-2.7107387632131577
174.19772797822952	2.058839477598667
175.56995971500874	3.43107121437788
192.88672968000174	20.74784117937088
178.36929996311665	6.23041146248579
175.32802710682154	3.1891386061906815
154.5735860913992	-17.565302409231663
179.81766291707754	7.678774416446686
171.47317478060722	-0.665713720023632
175.07888600230217	2.9399975016713142
166.52003909647465	-5.618849404156208
163.80410737544298	-8.334781125187874
167.1510206758976	-4.987867824733257
169.0950507298112	-3.043837770819664
176.48701056092978	4.34812206029892
162.8194937556982	-9.319394744932652
161.16846645623446	-10.9704220443964
174.85572634637356	2.7168378457427025
172.1826517060399	0.04376320540904999
165.09064986556768	-7.048238635063171
169.0379467830062	-3.1009417176246643
168.30848417431116	-3.8304043263196945
154.25699837505817	-17.88189012557268
153.42768747359514	-18.711201027035713
182.8341587036848	10.695270203053951
187.87571956962347	15.736831068992615
168.18766510486603	-3.9512233957648277
171.1062088534236	-1.0326796472072601
176.98761048167944	4.848721981048584
172.80890491604805	0.6700164154171944
195.91774097085	23.778852470219135
187.39515072107315	15.256262220442295
166.1438332721591	-5.995055228471756
165.87276335060596	-6.266125150024891
165.02001341432333	-7.118875086307526
161.02900252491236	-11.109885975718498
160.27000754326582	-11.868880957365036
182.8503728657961	10.711484365165234
172.78038685023785	0.6414983496069908
166.75038304924965	-5.3885054513812065
169.17452515661716	-2.964363344013691
177.71568229794502	5.576793797314167
173.1390853524208	1.0001968517899513
184.92794216424227	12.789053663611412
159.23780359327793	-12.901084907352924
178.58724884688854	6.448360346257687
178.62779089808464	6.488902397453785
175.67591527849436	3.5370267778635025
184.74720968306065	12.60832118242979
177.1660445034504	5.027156002819538
163.7359487861395	-8.402939714491367
165.20026663690805	-6.938621863722801
187.7068828716874	15.567994371056557
168.46373914182186	-3.6751493588089943
178.86457429081202	6.72568579018116
168.02816125750542	-4.110727243125439
176.86220524460077	4.723316743969917
191.4427139684558	19.303825467824936
187.2032322138548	15.064343713223934
158.91318036615849	-13.22570813447237
168.6968301460147	-3.442058354616165
168.86944986134768	-3.2694386392831802
177.44841468334198	5.309526182711124
171.9379958435893	-0.20089265704154968
165.70375971496105	-6.435128785669804
184.3846826404333	12.245794139802456
168.73662645369768	-3.402262046933174
162.22763401269913	-9.911254487931728
167.02191524207592	-5.1169732585549355
179.3728800714016	7.2339915707707405
173.64362835884094	1.5047398582100868
163.32834265381098	-8.810545846819878
177.99250988662243	5.853621385991573
170.77387283742428	-1.3650156632065773
174.4895945712924	2.350706070661545
175.8803965896368	3.741508089005947
160.62201830744743	-11.516870193183422
169.8038797751069	-2.3350087255239487
174.84072045981884	2.7018319591879845
162.80955401808023	-9.329334482550621
179.62874856591225	7.489860065281391
165.9413681179285	-6.197520382702351
183.4367689266801	11.297880426049232
167.25322695821524	-4.885661542415619
161.39376953989267	-10.745118960738182
159.66954129189253	-12.469347208738327
188.3917639106512	16.25287541002035
168.29681028425694	-3.8420782163739204
161.63997370004654	-10.498914800584316
188.23956316709518	16.10067466646433
182.2487571388483	10.10986863821745
177.99222848564386	5.853339985013008
178.90159354358912	6.76270504295826
191.16763494163752	19.02874644100666
177.84016048163176	5.7012719810009
176.44642186164856	4.307533361017704
166.76550751179457	-5.3733809888362885
180.0197204053402	7.880831904709339
171.49653401970863	-0.6423544809222221
167.7951273471117	-4.343761153519154
168.8998693600297	-3.239019140601158
161.75438649207354	-10.38450200855732
175.6194492727518	3.4805607721209526
174.55073329806328	2.4118447974324226
171.9510280713439	-0.1878604292869568
176.52203184366226	4.383143343031406
191.8124121055007	19.673523604869843
178.84317576140165	6.704287260770798
177.1603986993432	5.021510198712349
175.97532070428133	3.8364322036504745
174.5296480357647	2.3907595351338387
168.42959827184677	-3.7092902287840843
183.5356718376279	11.396783336997032
174.7611634209752	2.6222749203443527
178.88657454401255	6.747686043381691
162.3622436672449	-9.776644833385944
145.33553490042686	-26.80335360020399
178.34270008653402	6.203811585903168
179.8183078765869	7.6794193759560585
184.18713381141424	12.048245310783386
163.05235650390387	-9.08653199672699
162.10717683285475	-10.031711667776108
168.82860159873962	-3.3102869018912315
187.04500141739845	14.906112916767597
169.06717463582754	-3.071713864803314
170.80101554095745	-1.3378729596734047
166.1639041379094	-5.974984362721443
170.54066015779972	-1.5982283428311348
167.8039004728198	-4.33498802781105
162.13314594328403	-10.00574255734682
168.09725652635098	-4.0416319742798805
178.83765222132206	6.698763720691204
169.19216765463352	-2.9467208459973335
182.8995338305831	10.76064532995224
184.35096491873264	12.212076418101788
164.27946880459785	-7.859419696033001
152.66661530733109	-19.47227319329977
176.2748985812068	4.136010080575943
172.8950087800622	0.7561202794313431
172.3136839196086	0.17479541897773743
169.51607805490494	-2.622810445725918
174.0551193729043	1.9162308722734451
162.34179231524467	-9.79709618538618
170.37409939616919	-1.76478910446167
173.20101233571768	1.0621238350868225
180.31212997436523	8.173241473734379
155.85313665121794	-16.285751849412918
167.71454261243343	-4.424345888197422
178.92981892079115	6.790930420160294
172.71230500936508	0.5734165087342262
174.88144623488188	2.7425577342510223
168.82747161388397	-3.3114168867468834
165.5837187319994	-6.555169768631458
182.27564877271652	10.136760272085667
165.83770842850208	-6.301180072128773
172.82881152629852	0.6899230256676674
170.98270435631275	-1.1561841443181038
182.85981748998165	10.720928989350796
164.01670771837234	-8.12218078225851
168.3253879547119	-3.8135005459189415
188.87842436879873	16.739535868167877
180.0071518793702	7.868263378739357
179.39940570294857	7.260517202317715
167.42824386060238	-4.710644640028477
152.80617646872997	-19.332712031900883
168.21121029555798	-3.92767820507288
175.09772290289402	2.9588344022631645
197.0805435180664	24.94165501743555
181.31517246365547	9.176283963024616
166.08274841308594	-6.056140087544918
183.54897324740887	11.410084746778011
160.12527177482843	-12.013616725802422
169.08724658936262	-3.0516419112682343
175.0671704262495	2.9282819256186485
156.8867458552122	-15.252142645418644
178.588437654078	6.449549153447151
186.82228057831526	14.683392077684402
155.81603283435106	-16.322855666279793
173.3451143503189	1.2062258496880531
170.67540346831083	-1.4634850323200226
181.7554561421275	9.616567641496658
184.11150716990232	11.97261866927147
171.8113956823945	-0.327492818236351
175.78850380331278	3.649615302681923
168.58588709682226	-3.5530014038085938
163.50935368984938	-8.629534810781479
188.08588630706072	15.946997806429863
166.42910010367632	-5.709788396954536
194.498556740582	22.359668239951134
181.69658052921295	9.557692028582096
186.1156237795949	13.976735278964043
182.6153372824192	10.47644878178835
161.63940347731113	-10.499485023319721
166.0857256129384	-6.0531628876924515
178.18415861576796	6.0452701151371
175.4231112599373	3.284222759306431
169.89250079542398	-2.246387705206871
165.1246204674244	-7.014268033206463
167.99541037529707	-4.143478125333786
179.80699463933706	7.668106138706207
176.4374639466405	4.298575446009636
165.46937686949968	-6.669511631131172
174.72169309854507	2.582804597914219
168.3685559630394	-3.7703325375914574
184.45481660962105	12.315928108990192
164.24987694621086	-7.889011554419994
170.38341581821442	-1.755472682416439
183.27590622007847	11.137017719447613
164.6297461912036	-7.509142309427261
177.31944765150547	5.180559150874615
188.5359624400735	16.397073939442635
175.35363644361496	3.214747942984104
177.29635506123304	5.157466560602188
179.41956931352615	7.280680812895298
166.62724564224482	-5.51164285838604
175.87166184186935	3.7327733412384987
164.49782601743937	-7.64106248319149
172.89007885754108	0.7511903569102287
178.77998550981283	6.641097009181976
164.86160024255514	-7.277288258075714
169.9318329244852	-2.207055576145649
169.27238599956036	-2.8665025010704994
168.48744405061007	-3.65144445002079
165.54079625755548	-6.598092243075371
168.86366345733404	-3.275225043296814
177.73325768858194	5.594369187951088
179.984291061759	7.8454025611281395
180.11254827678204	7.97365977615118
163.2879569903016	-8.850931510329247
168.10215375572443	-4.0367347449064255
173.82726851850748	1.688380017876625
171.1787477582693	-0.9601407423615456
191.52022632211447	19.381337821483612
179.16749339550734	7.02860489487648
163.1928917914629	-8.945996709167957
161.4871472492814	-10.65174125134945
161.988400362432	-10.150488138198853
174.05505824834108	1.916169747710228
154.87513522058725	-17.263753280043602
181.29869583249092	9.159807331860065
172.51780530810356	0.37891680747270584
176.58331451565027	4.444426015019417
163.83110532909632	-8.307783171534538
165.21900725364685	-6.919881246984005
162.05459570884705	-10.08429279178381
160.93136135488749	-11.20752714574337
184.21237625926733	12.073487758636475
173.65986830741167	1.5209798067808151
190.27151438593864	18.13262588530779
174.8151858896017	2.676297388970852
172.9901500865817	0.8512615859508514
175.66424003988504	3.5253515392541885
174.63381765782833	2.4949291571974754
157.14800595492125	-14.99088254570961
182.01755729317665	9.878668792545795
165.0704032406211	-7.068485260009766
172.31820978969336	0.1793212890625
176.6666096523404	4.527721151709557
172.0834548175335	-0.05543368309736252
182.2481322363019	10.109243735671043
177.48183353990316	5.342945039272308
182.0415514111519	9.90266291052103
165.7925483584404	-6.346340142190456
165.7808877006173	-6.358000800013542
189.80506546795368	17.666176967322826
171.8620627000928	-0.27682580053806305
164.7415193542838	-7.397369146347046
163.47268245369196	-8.666206046938896
177.63507094979286	5.496182449162006
162.2435166835785	-9.895371817052364
171.98169171065092	-0.1571967899799347
155.03153376281261	-17.10735473781824
171.3721149340272	-0.7667735666036606
159.86157643049955	-12.277312070131302
169.5355079844594	-2.6033805161714554
168.75141151994467	-3.3874769806861877
182.02217925339937	9.883290752768517
177.7579109147191	5.619022414088249
187.4892828091979	15.350394308567047
180.00595465302467	7.867066152393818
157.09769991785288	-15.041188582777977
166.93581733107567	-5.203071169555187
174.08057851344347	1.9416900128126144
167.92724616080523	-4.21164233982563
169.79362027347088	-2.345268227159977
169.95387284457684	-2.18501565605402
187.11401966959238	14.975131168961525
177.20367646217346	5.064787961542606
169.51420797407627	-2.6246805265545845
166.83296474069357	-5.305923759937286
156.52603910118341	-15.612849399447441
148.84349016845226	-23.295398332178593
170.76710513234138	-1.3717833682894707
160.60662396997213	-11.532264530658722
194.3841613382101	22.24527283757925
163.11095877736807	-9.027929723262787
174.85156888514757	2.712680384516716
176.80244620144367	4.663557700812817
182.28016906231642	10.141280561685562
171.45426687598228	-0.684621624648571
163.76074884831905	-8.378139652311802
171.50586583465338	-0.633022665977478
175.12844043970108	2.9895519390702248
193.26618906855583	21.127300567924976
162.7678939178586	-9.370994582772255
185.16765427589417	13.02876577526331
175.90456880629063	3.765680305659771
175.27967887371778	3.1407903730869293
167.82962732762098	-4.309261173009872
166.04835399985313	-6.090534500777721
151.70139198750257	-20.43749651312828
175.00046534091234	2.8615768402814865
167.4003009274602	-4.738587573170662
165.91583527624607	-6.223053224384785
190.82155647873878	18.68266797810793
161.06304167956114	-11.075846821069717
189.61865397542715	17.479765474796295
175.3873748779297	3.248486377298832
172.65657062083483	0.5176821202039719
175.54695922136307	3.408070720732212
165.71528457850218	-6.423603922128677
174.34640784561634	2.207519344985485
166.72688342630863	-5.412005074322224
180.0264933258295	7.88760482519865
186.0180738940835	13.879185393452644
168.43815077841282	-3.7007377222180367
173.65096897631884	1.5120804756879807
174.21186362206936	2.0729751214385033
165.30135749280453	-6.837531007826328
181.07045652717352	8.931568026542664
159.8162033483386	-12.322685152292252
159.1582017466426	-12.980686753988266
175.67266213148832	3.5337736308574677
179.5713468119502	7.432458311319351
178.3227382823825	6.183849781751633
168.35520677268505	-3.7836817279458046
161.97500482201576	-10.163883678615093
172.4271244034171	0.2882359027862549
175.46263054013252	3.323742039501667
170.53373269736767	-1.6051558032631874
164.95687567442656	-7.1820128262043
165.44666323065758	-6.692225269973278
155.65473549813032	-16.484153002500534
171.9114115163684	-0.22747698426246643
194.91354610025883	22.77465759962797
159.56226447224617	-12.576624028384686
158.6587316915393	-13.480156809091568
161.95649369060993	-10.182394810020924
164.35153927654028	-7.787349224090576
188.6011400744319	16.46225157380104
182.79982356727123	10.660935066640377
160.95390045642853	-11.184988044202328
176.35428365319967	4.215395152568817
166.15251188725233	-5.986376613378525
160.8755615502596	-11.263326950371265
184.25768125802279	12.11879275739193
159.6917570233345	-12.447131477296352
166.89687970280647	-5.242008797824383
169.63110179454088	-2.5077867060899734
172.76800157874823	0.6291130781173706
166.85411700606346	-5.284771494567394
169.08974368870258	-3.0491448119282722
197.68190579116344	25.54301729053259
176.1164649128914	3.9775764122605324
154.8733936920762	-17.26549480855465
165.73916571587324	-6.399722784757614
173.61871802061796	1.4798295199871063
162.50206527858973	-9.63682322204113
183.5600296035409	11.421141102910042
155.86770157516003	-16.27118692547083
167.4806473404169	-4.658241160213947
166.04427164793015	-6.09461685270071
170.50053139030933	-1.6383571103215218
148.1603648737073	-23.97852362692356
168.51432517915964	-3.6245633214712143
189.12673830240965	16.987849801778793
172.52867636084557	0.38978786021471024
164.91846587508917	-7.220422625541687
157.2897142469883	-14.849174253642559
165.39091408252716	-6.747974418103695
172.1400661021471	0.0011776015162467957
179.76396216452122	7.625073663890362
164.80024242401123	-7.338646076619625
182.69400318711996	10.555114686489105
149.2265928760171	-22.912295624613762
174.08338154107332	1.9444930404424667
180.42718750983477	8.28829900920391
161.86480621248484	-10.274082288146019
172.89340323209763	0.7545147314667702
168.99345665425062	-3.1454318463802338
164.9731945693493	-7.165693931281567
180.8533614575863	8.714472956955433
171.40644555538893	-0.7324429452419281
181.51323033869267	9.37434183806181
175.0711610391736	2.9322725385427475
160.93104983866215	-11.207838661968708
172.8896713629365	0.7507828623056412
146.93855031579733	-25.200338184833527
173.21268917620182	1.0738006755709648
182.7271285355091	10.588240034878254
162.58509866148233	-9.553789839148521
176.15278235822916	4.013893857598305
170.95152250677347	-1.1873659938573837
162.40902035683393	-9.72986814379692
172.13860979676247	-0.00027870386838912964
205.85405596345663	33.715167462825775
186.5311991944909	14.392310693860054
178.46145854890347	6.32257004827261
181.59496355056763	9.456075049936771
174.25132557749748	2.1124370768666267
178.6507637873292	6.511875286698341
171.05026350170374	-1.0886249989271164
188.6319050118327	16.49301651120186
181.71134630590677	9.572457805275917
174.4354341775179	2.2965456768870354
177.86868268996477	5.729794189333916
167.89925325661898	-4.239635244011879
168.14280927181244	-3.9960792288184166
182.8423455581069	10.703457057476044
156.07189824432135	-16.06699025630951
162.66679905354977	-9.472089447081089
158.56884603202343	-13.570042468607426
172.09002174437046	-0.04886675626039505
163.8458245769143	-8.293063923716545
188.05532264709473	15.916434146463871
171.41210137307644	-0.7267871275544167
162.13932384550571	-9.999564655125141
174.3658897355199	2.2270012348890305
172.95685657858849	0.8179680779576302
166.3624088689685	-5.776479631662369
160.33192209899426	-11.8069664016366
171.21034494787455	-0.9285435527563095
191.43086963146925	19.291981130838394
191.57252006232738	19.43363156169653
179.81023402512074	7.67134552448988
176.24277885258198	4.103890351951122
165.34860569238663	-6.790282808244228
168.0515789836645	-4.087309516966343
187.13499903678894	14.996110536158085
172.7134425714612	0.5745540708303452
173.8544064089656	1.715517908334732
190.06792202591896	17.929033525288105
184.51454446464777	12.375655964016914
177.6745989099145	5.535710409283638
183.03976970911026	10.900881208479404
173.24856886267662	1.109680362045765
187.5924426689744	15.453554168343544
150.74425759911537	-21.394630901515484
166.2816134467721	-5.857275053858757
157.3774759620428	-14.761412538588047
156.10479997098446	-16.034088529646397
171.27014385163784	-0.8687446489930153
173.68818179517984	1.5492932945489883
175.08378572016954	2.9448972195386887
148.60062290728092	-23.538265593349934
183.6886691302061	11.549780629575253
166.57445596158504	-5.564432539045811
167.80294185131788	-4.335946649312973
162.98503873497248	-9.153849765658379
174.83756504952908	2.69867654889822
161.88164441287518	-10.25724408775568
180.3164926469326	8.177604146301746
184.7710884064436	12.63219990581274
173.04330536723137	0.9044168666005135
165.21538858115673	-6.923499919474125
180.4806474968791	8.341758996248245
155.20471683889627	-16.93417166173458
178.86450041085482	6.725611910223961
170.0269587635994	-2.11192973703146
164.01870822906494	-8.120180271565914
173.95714024454355	1.8182517439126968
159.89412087202072	-12.244767628610134
172.99505104869604	0.8561625480651855
179.28559758514166	7.146709084510803
173.52131040394306	1.3824219033122063
167.83117938041687	-4.307709120213985
152.7459276393056	-19.392960861325264
168.24500165879726	-3.8938868418335915
181.68024072796106	9.541352227330208
183.6516030356288	11.51271453499794
161.24056941270828	-10.898319087922573
179.0867836624384	6.947895161807537
168.63100010156631	-3.507888399064541
164.05867544561625	-8.08021305501461
165.91192846745253	-6.2269600331783295
168.68972036987543	-3.4491681307554245
168.6494174823165	-3.4894710183143616
171.61330600827932	-0.525582492351532
184.00448422133923	11.86559572070837
179.6557896360755	7.516901135444641
178.57223449647427	6.4333459958434105
162.9583165794611	-9.180571921169758
177.0681151971221	4.9292266964912415
164.30705027282238	-7.8318382278084755
176.96393007040024	4.8250415697693825
174.52663057297468	2.3877420723438263
170.06374863535166	-2.0751398652791977
178.07904063910246	5.940152138471603
166.0742202103138	-6.064668290317059
160.80294032394886	-11.335948176681995
165.30807600170374	-6.830812498927116
164.42424127459526	-7.714647226035595
153.5080715343356	-18.630816966295242
159.94015461206436	-12.198733888566494
166.41884360462427	-5.720044896006584
172.26395336538553	0.12506486475467682
151.92203963547945	-20.216848865151405
169.90288977324963	-2.2359987273812294
178.1079635694623	5.969075068831444
163.30904477834702	-8.82984372228384
162.37811900675297	-9.760769493877888
171.19444935023785	-0.9444391503930092
178.15760730206966	6.018718801438808
183.713355794549	11.574467293918133
155.76960526406765	-16.369283236563206
181.2538043409586	9.11491584032774
178.87686470150948	6.73797620087862
176.8209376782179	4.682049177587032
187.48967431485653	15.350785814225674
169.92087102681398	-2.2180174738168716
170.1806394532323	-1.9582490473985672
171.51963225007057	-0.6192562505602837
170.78706848621368	-1.3518200144171715
164.66589755564928	-7.472990944981575
172.25975604355335	0.1208675429224968
193.23854722082615	21.099658720195293
182.2428108677268	10.103922367095947
183.0254908055067	10.88660230487585
175.9832294434309	3.844340942800045
180.48477681726217	8.345888316631317
165.74310875684023	-6.3957797437906265
174.7247682362795	2.585879735648632
171.84735774248838	-0.2915307581424713
176.0476260110736	3.9087375104427338
173.21163407713175	1.0727455765008926
165.40726697444916	-6.731621526181698
183.1226369291544	10.98374842852354
192.96739988029003	20.828511379659176
176.34644559025764	4.207557089626789
168.1779627352953	-3.96092576533556
163.75736137479544	-8.381527125835419
160.6595520451665	-11.479336455464363
171.3846564143896	-0.7542320862412453
177.3024888932705	5.163600392639637
173.29832556843758	1.1594370678067207
160.9302736967802	-11.20861480385065
158.1434005871415	-13.995487913489342
164.5950350984931	-7.543853402137756
147.28466260433197	-24.854225896298885
178.1397219672799	6.0008334666490555
171.72880191355944	-0.41008658707141876
158.51365138590336	-13.625237114727497
165.96086614578962	-6.178022354841232
190.7123216241598	18.573433123528957
178.31517628580332	6.1762877851724625
178.89561085402966	6.7567223533988
175.4292932972312	3.290404796600342
179.12962763011456	6.9907391294837
176.49739767611027	4.358509175479412
167.62698529660702	-4.511903204023838
161.03579419106245	-11.103094309568405
172.92930937558413	0.79042087495327
176.17727003991604	4.038381539285183
172.13308769464493	-0.005800805985927582
171.8485733345151	-0.2903151661157608
174.28801967203617	2.1491311714053154
193.92599698156118	21.78710848093033
185.89915899187326	13.760270491242409
176.53692168742418	4.398033186793327
168.1727859824896	-3.9661025181412697
171.0683744251728	-1.0705140754580498
174.60029016435146	2.4614016637206078
172.60563641041517	0.466747909784317
170.22681617736816	-1.9120723232626915
170.8328221142292	-1.3060663864016533
168.5466480255127	-3.5922404751181602
191.75344312936068	19.61455462872982
168.84014234691858	-3.2987461537122726
170.79717034101486	-1.3417181596159935
173.47802886366844	1.3391403630375862
172.4143054932356	0.2754169926047325
177.14777640253305	5.008887901902199
180.04404459148645	7.9051560908555984
170.96450709551573	-1.1743814051151276
161.29535969346762	-10.843528807163239
174.23667491972446	2.097786419093609
177.82318799197674	5.684299491345882
175.63131023198366	3.492421731352806
186.41367093473673	14.274782434105873
174.45856927335262	2.3196807727217674
189.52250063419342	17.383612133562565
189.17656041681767	17.03767191618681
168.50012731552124	-3.6387611851096153
190.10382346063852	17.964934960007668
175.17633225023746	3.0374437496066093
166.02421528100967	-6.1146732196211815
184.12226617336273	11.983377672731876
147.74682170152664	-24.392066799104214
169.602046713233	-2.5368417873978615
161.7848649173975	-10.354023583233356
177.72271962463856	5.583831124007702
185.7378108650446	13.598922364413738
172.52891436964273	0.39002586901187897
173.0504897981882	0.911601297557354
162.80059207975864	-9.338296420872211
170.1344639286399	-2.004424571990967
161.81011213362217	-10.328776367008686
190.8162125274539	18.677324026823044
175.38786909729242	3.2489805966615677
172.02178373932838	-0.11710476130247116
169.23995812237263	-2.8989303782582283
180.5152081027627	8.376319602131844
169.08491062372923	-3.0539778769016266
171.2947246581316	-0.8441638424992561
192.19855915755033	20.05967065691948
158.59089143574238	-13.547997064888477
190.53414531052113	18.39525680989027
183.52549504488707	11.38660654425621
160.8835280314088	-11.255360469222069
160.70673187822104	-11.43215662240982
191.68617052584887	19.54728202521801
169.26318435370922	-2.8757041469216347
173.577981390059	1.4390928894281387
159.0739903524518	-13.064898148179054
164.8530414029956	-7.285847097635269
179.8746604025364	7.735771901905537
178.0026202723384	5.863731771707535
184.9778372645378	12.838948763906956
180.70573293417692	8.566844433546066
169.5346220433712	-2.604266457259655
169.46941744536161	-2.6694710552692413
164.98416117578745	-7.154727324843407
182.54183783382177	10.402949333190918
176.7354388460517	4.596550345420837
