Ea=84.66208596527576	delta_Ea
70.22075237333775	-14.441333591938019
80.915093049407	-3.746992915868759
90.30088187754154	5.638795912265778
100.10384035855532	15.441754393279552
74.95398220419884	-9.708103761076927
98.06299243867397	13.400906473398209
73.96756172180176	-10.694524243474007
63.15299063175917	-21.509095333516598
99.70997143536806	15.047885470092297
85.22076718509197	0.5586812198162079
81.810507401824	-2.851578563451767
86.86918842792511	2.2071024626493454
82.34873849898577	-2.313347466289997
72.88899524509907	-11.773090720176697
93.32355595380068	8.661469988524914
100.80292883515358	16.140842869877815
95.09780496358871	10.43571899831295
120.04344230145216	35.381356336176395
92.30165555328131	7.639569588005543
69.1683116927743	-15.493774272501469
88.38953687995672	3.727450914680958
66.89215858280659	-17.769927382469177
74.87707506865263	-9.785010896623135
74.3877989128232	-10.274287052452564
110.93326531350613	26.271179348230362
90.48044963181019	5.818363666534424
94.22615531086922	9.564069345593452
27.6972863599658	-56.96479960530996
103.587901070714	18.925815105438232
85.69919869303703	1.0371127277612686
59.69074119627476	-24.971344769001007
102.26342508941889	17.601339124143124
76.32109002023935	-8.340995945036411
66.16051559150219	-18.501570373773575
71.6504878103733	-13.011598154902458
98.28223939239979	13.620153427124023
91.60568310320377	6.943597137928009
64.48421224206686	-20.177873723208904
103.06564465165138	18.403558686375618
95.8531816676259	11.19109570235014
115.74544155597687	31.083355590701103
85.32972706854343	0.6676411032676697
46.59840897470713	-38.06367699056864
95.05440670251846	10.392320737242699
100.5293914526701	15.867305487394333
50.752148278057575	-33.90993768721819
103.67396508157253	19.011879116296768
80.66837052255869	-3.9937154427170753
81.61534011363983	-3.046745851635933
67.90588789433241	-16.756198070943356
77.24159397184849	-7.420491993427277
57.183136224746704	-27.47894974052906
119.10181350260973	34.439727537333965
106.19852980971336	21.5364438444376
95.84236312657595	11.180277161300182
80.42407106608152	-4.238014899194241
107.33077345043421	22.668687485158443
85.90793813019991	1.2458521649241447
78.02668434381485	-6.635401621460915
112.78309748321772	28.12101151794195
128.1643700748682	43.50228410959244
61.9438930824399	-22.718192882835865
96.19124262034893	11.529156655073166
100.33573337644339	15.673647411167622
83.38920104503632	-1.2728849202394485
72.82251170277596	-11.83957426249981
102.01819527894258	17.35610931366682
74.64363020658493	-10.018455758690834
54.44197403639555	-30.220111928880215
57.62387461960316	-27.038211345672607
110.74184402823448	26.079758062958717
101.90154597908258	17.23946001380682
86.93710505962372	2.275019094347954
92.4138895124197	7.751803547143936
67.14426595717669	-17.51782000809908
72.98620637506247	-11.675879590213299
62.247336991131306	-22.41474897414446
86.54036767035723	1.8782817050814629
59.657059617340565	-25.0050263479352
104.77831746637821	20.116231501102448
65.22842487692833	-19.433661088347435
99.23406042158604	14.571974456310272
85.43071115761995	0.7686251923441887
93.02372828125954	8.361642315983772
100.77697002142668	16.114884056150913
101.84594283998013	17.18385687470436
99.53721309453249	14.875127129256725
102.37728086858988	17.715194903314114
68.28809376060963	-16.373992204666138
95.87999624758959	11.217910282313824
99.8866967856884	15.224610820412636
72.57164844870567	-12.090437516570091
58.90656416863203	-25.755521796643734
84.22372281551361	-0.4383631497621536
86.33885406702757	1.6767681017518044
89.7373987659812	5.075312800705433
77.767567679286	-6.894518285989761
86.54156342893839	1.8794774636626244
77.49240678548813	-7.169679179787636
81.0497113019228	-3.6123746633529663
109.2881990596652	24.62611309438944
55.197773694992065	-29.4643122702837
130.11703787744045	45.45495191216469
89.5966844111681	4.934598445892334
88.28735860437155	3.6252726390957832
72.30772590637207	-12.354360058903694
111.95400546491146	27.291919499635696
86.42235556989908	1.7602696046233177
76.08846911042929	-8.573616854846478
92.90486008673906	8.242774121463299
96.50784903764725	11.845763072371483
85.25488617271185	0.5928002074360847
84.92694963514805	0.26486366987228394
99.65548192709684	14.99339596182108
108.98500128090382	24.32291531562805
97.93796416372061	13.275878198444843
65.9657392501831	-18.69634671509266
63.066167928278446	-21.59591803699732
79.12660600990057	-5.5354799553751945
92.26228348910809	7.600197523832321
76.356075912714	-8.30601005256176
70.91870243102312	-13.743383534252644
81.55015804618597	-3.111927919089794
89.77900640666485	5.116920441389084
77.44375506043434	-7.218330904841423
121.28215253353119	36.620066568255424
102.78262672573328	18.120540760457516
86.66682520508766	2.0047392398118973
114.16907876729965	29.506992802023888
102.37309437990189	17.71100841462612
98.99153523892164	14.329449273645878
79.30697640776634	-5.355109557509422
88.55872489511967	3.8966389298439026
77.3483687788248	-7.313717186450958
97.09927949309349	12.437193527817726
99.32360915839672	14.661523193120956
58.27437698096037	-26.387708984315395
54.71899738162756	-29.943088583648205
50.952857717871666	-33.7092282474041
91.74026139825583	7.078175432980061
104.31540191918612	19.65331595391035
66.69190002977848	-17.970185935497284
69.62582056224346	-15.036265403032303
95.21956093609333	10.557474970817566
80.77411556243896	-3.8879704028367996
73.43174771219492	-11.230338253080845
109.52716494351625	24.86507897824049
90.39551966637373	5.733433701097965
45.58130915462971	-39.08077681064606
122.62674347311258	37.96465750783682
81.6046244725585	-3.057461492717266
82.9058722704649	-1.7562136948108673
73.66866317391396	-10.993422791361809
59.79914852976799	-24.862937435507774
58.238005451858044	-26.42408051341772
90.88447461277246	6.2223886474967
84.23962689936161	-0.42245906591415405
62.31569207459688	-22.346393890678883
79.0588616207242	-5.603224344551563
97.02639842033386	12.364312455058098
90.40437998622656	5.742294020950794
83.15445867180824	-1.5076272934675217
49.8601238951087	-34.801962070167065
84.69633752852678	0.034251563251018524
71.64576730877161	-13.016318656504154
73.80651983618736	-10.855566129088402
73.96921907365322	-10.692866891622543
92.88190571963787	8.219819754362106
93.21052297949791	8.548437014222145
91.03567833453417	6.373592369258404
79.015440993011	-5.646644972264767
66.48543249815702	-18.17665346711874
115.95853100717068	31.296445041894913
71.92177265137434	-12.740313313901424
89.37302327901125	4.710937313735485
96.98349452763796	12.321408562362194
88.31742810457945	3.6553421393036842
69.5313393548131	-15.130746610462666
120.91105225682259	36.24896629154682
55.71902475506067	-28.94306121021509
103.52055820822716	18.858472242951393
93.08260906487703	8.420523099601269
48.92263401299715	-35.739451952278614
67.54864414036274	-17.113441824913025
75.69611895829439	-8.965967006981373
101.65283323824406	16.990747272968292
79.13827226310968	-5.5238137021660805
88.02802985161543	3.3659438863396645
82.50717934966087	-2.154906615614891
69.0928954333067	-15.56919053196907
108.02739682793617	23.365310862660408
60.324420407414436	-24.337665557861328
103.09358363598585	18.431497670710087
64.85990838706493	-19.80217757821083
114.6016603782773	29.939574413001537
76.80112388730049	-7.860962077975273
61.23767248541117	-23.424413479864597
96.14770194143057	11.485615976154804
76.24411540478468	-8.417970560491085
89.84124308079481	5.179157115519047
80.2241693586111	-4.437916606664658
76.52834989130497	-8.133736073970795
110.83449451625347	26.172408550977707
67.2635395154357	-17.39854644984007
54.61680316179991	-30.045282803475857
72.16901417076588	-12.493071794509888
103.9826046526432	19.32051868736744
88.20826721191406	3.546181246638298
83.3664937093854	-1.2955922558903694
89.68022321909666	5.018137253820896
81.12074172496796	-3.541344240307808
79.77273312211037	-4.889352843165398
58.43111211061478	-26.230973854660988
87.049694634974	2.3876086696982384
62.32626111060381	-22.335824854671955
95.33730641752481	10.67522045224905
81.02813317626715	-3.6339527890086174
107.31236785650253	22.65028189122677
86.40363795310259	1.7415519878268242
63.09548618644476	-21.566599778831005
83.85698726028204	-0.8050987049937248
85.21950618177652	0.5574202165007591
100.88355666399002	16.221470698714256
100.21137426793575	15.549288302659988
47.217425145208836	-37.44466082006693
77.45827256143093	-7.203813403844833
101.40120339393616	16.739117428660393
80.59760298579931	-4.064482979476452
112.36667706817389	27.70459110289812
89.20584350079298	4.543757535517216
87.21013420075178	2.548048235476017
80.11302569508553	-4.549060270190239
102.73645006865263	18.074364103376865
96.33670441061258	11.674618445336819
78.0390549749136	-6.623030990362167
71.69049740582705	-12.971588559448719
99.2371221780777	14.575036212801933
109.67091340571642	25.008827440440655
85.27887225151062	0.6167862862348557
77.82402439415455	-6.838061571121216
69.04801689088345	-15.614069074392319
97.72434926778078	13.062263302505016
72.63330695033073	-12.02877901494503
93.39496233314276	8.732876367866993
79.2824000492692	-5.379685916006565
85.42058254778385	0.7584965825080872
110.67503071576357	26.012944750487804
124.0201253965497	39.35803943127394
56.214077204465866	-28.4480087608099
104.40801081806421	19.74592485278845
89.62772737443447	4.965641409158707
72.38396066427231	-12.278125301003456
66.91701705008745	-17.745068915188313
131.70818523317575	47.04609926789999
101.73130615055561	17.069220185279846
81.25113713741302	-3.4109488278627396
94.14324609935284	9.481160134077072
113.99948870390654	29.33740273863077
91.8033381998539	7.141252234578133
67.66239446401596	-16.999691501259804
77.60853037983179	-7.0535555854439735
89.77743531018496	5.115349344909191
65.37962057441473	-19.282465390861034
110.10745713859797	25.4453711733222
84.12307086586952	-0.5390150994062424
78.16710005700588	-6.494985908269882
84.29845076799393	-0.36363519728183746
109.48595468699932	24.823868721723557
67.96098827570677	-16.701097689568996
83.39697420597076	-1.2651117593050003
46.81491310894489	-37.84717285633087
96.07330369949341	11.411217734217644
120.96060413122177	36.29851816594601
90.404192276299	5.742106311023235
101.44721856713295	16.785132601857185
44.72294256836176	-39.939143396914005
77.61601334810257	-7.046072617173195
94.26154265552759	9.599456690251827
57.72268547862768	-26.939400486648083
107.76351284235716	23.101426877081394
112.0517890676856	27.38970310240984
106.1337526589632	21.47166669368744
89.23484790325165	4.5727619379758835
88.35651534050703	3.694429375231266
74.5655899271369	-10.096496038138866
82.1422718912363	-2.5198140740394592
88.07842757552862	3.416341610252857
97.46201363950968	12.799927674233913
115.69109610468149	31.029010139405727
81.36537922918797	-3.296706736087799
65.31335426867008	-19.348731696605682
98.34985897690058	13.687773011624813
85.17258304357529	0.5104970782995224
91.61490088701248	6.952814921736717
69.36659403145313	-15.295491933822632
101.39669713377953	16.73461116850376
95.4808219447732	10.818735979497433
78.5103417262435	-6.1517442390322685
102.09900815784931	17.436922192573547
77.8556687682867	-6.8064171969890594
103.05383943021297	18.39175346493721
115.9832274839282	31.32114151865244
48.68531933426857	-35.976766631007195
110.05867835879326	25.396592393517494
112.58477363735437	27.92268767207861
77.30346796661615	-7.358617998659611
82.33943722397089	-2.3226487413048744
69.71045155823231	-14.951634407043457
93.17702227830887	8.514936313033104
78.360456161201	-6.301629804074764
79.03792602568865	-5.624159939587116
74.62296412140131	-10.039121843874454
120.78156203776598	36.119476072490215
92.64313357323408	7.981047607958317
65.01186062395573	-19.650225341320038
82.47630412131548	-2.185781843960285
88.9263508245349	4.264264859259129
71.95284759998322	-12.70923836529255
68.92712416499853	-15.734961800277233
119.44037113338709	34.778285168111324
90.12986569851637	5.467779733240604
89.21393681317568	4.551850847899914
86.65966357290745	1.9975776076316833
90.92097859084606	6.258892625570297
53.37475588917732	-31.287330076098442
81.21831475943327	-3.443771205842495
103.37067471444607	18.708588749170303
72.34023685008287	-12.32184911519289
83.08956012129784	-1.5725258439779282
59.764230236411095	-24.89785572886467
72.01629675924778	-12.645789206027985
63.053794987499714	-21.60829097777605
41.00280858576298	-43.65927737951279
100.45194445550442	15.789858490228653
66.72311201691628	-17.93897394835949
96.98422746360302	12.322141498327255
59.57542280852795	-25.086663156747818
102.57176242023706	17.9096764549613
65.08225354552269	-19.579832419753075
89.40270617604256	4.740620210766792
62.13502752035856	-22.527058444917202
79.80741010606289	-4.854675859212875
78.79894994944334	-5.863136015832424
94.51778810471296	9.855702139437199
108.11313097923994	23.451045013964176
61.811529725790024	-22.85055623948574
67.06660013645887	-17.59548582881689
82.14514426887035	-2.5169416964054108
115.10613787919283	30.444051913917065
71.5843750461936	-13.077710919082165
84.24608052521944	-0.416005440056324
106.45487365871668	21.792787693440914
88.27732276171446	3.615236796438694
85.89226044714451	1.230174481868744
94.49443275481462	9.83234678953886
83.06470132619143	-1.5973846390843391
59.79799135029316	-24.864094614982605
92.81721839308739	8.155132427811623
92.47091820091009	7.808832235634327
106.28397136181593	21.621885396540165
92.10621671378613	7.444130748510361
84.38256670534611	-0.279519259929657
98.08220279961824	13.42011683434248
87.5534792765975	2.8913933113217354
86.26287864893675	1.600792683660984
55.59081221371889	-29.071273751556873
78.56287333369255	-6.099212631583214
67.17187896370888	-17.490207001566887
101.8529993146658	17.19091334939003
69.84659093618393	-14.815495029091835
84.45784571766853	-0.20424024760723114
85.44266804307699	0.7805820778012276
99.64777463674545	14.985688671469688
118.40386892855167	33.74178296327591
62.57570347189903	-22.086382493376732
77.07883297652006	-7.583252988755703
108.06016989052296	23.398083925247192
118.00775337219238	33.34566740691662
81.49663898348808	-3.1654469817876816
65.2240464836359	-19.438039481639862
59.38853245228529	-25.273553512990475
97.79208708554506	13.130001120269299
76.94602905958891	-7.716056905686855
93.97344923764467	9.311363272368908
79.48493955284357	-5.177146412432194
72.91368132084608	-11.748404644429684
97.04348180443048	12.38139583915472
64.30452479422092	-20.35756117105484
115.85276487469673	31.190678909420967
73.47496597468853	-11.187119990587234
70.60001517087221	-14.062070794403553
85.24205745756626	0.5799714922904968
83.26307675987482	-1.3990092054009438
73.09927707910538	-11.562808886170387
100.37354151159525	15.711455546319485
98.63557717949152	13.973491214215755
79.34922522306442	-5.312860742211342
78.78015656769276	-5.881929397583008
86.45855344086885	1.79646747559309
70.68313199281693	-13.97895397245884
98.13909277319908	13.477006807923317
115.68724793195724	31.02516196668148
105.59203397482634	20.92994800955057
85.37077339738607	0.7086874321103096
52.73551445454359	-31.926571510732174
83.491613894701	-1.1704720705747604
54.278765112161636	-30.383320853114128
62.53602170944214	-22.126064255833626
81.54379526525736	-3.118290700018406
96.19929330796003	11.537207342684269
127.02699639648199	42.364910431206226
93.31906884163618	8.656982876360416
106.5094857737422	21.847399808466434
74.09296105802059	-10.569124907255173
86.51494724303484	1.8528612777590752
58.82594444602728	-25.836141519248486
82.12149129062891	-2.5405946746468544
70.64348693937063	-14.018599025905132
89.18388293683529	4.5217969715595245
90.02718341350555	5.36509744822979
57.451560981571674	-27.21052498370409
96.71172745525837	12.049641489982605
60.38906832039356	-24.273017644882202
60.353698931634426	-24.30838703364134
76.7375949844718	-7.9244909808039665
79.55519849061966	-5.106887474656105
122.93226328492165	38.27017731964588
50.8223375082016	-33.839748457074165
76.83189787715673	-7.83018808811903
71.35272682458162	-13.309359140694141
78.02004507929087	-6.642040885984898
67.64407606422901	-17.018009901046753
84.64818499982357	-0.013900965452194214
93.634113535285	8.972027570009232
94.29537239670753	9.63328643143177
79.94479756057262	-4.71728840470314
79.7512836381793	-4.910802327096462
96.23394250869751	11.571856543421745
90.41818468272686	5.756098717451096
43.29971230775118	-41.362373657524586
86.44768746942282	1.7856015041470528
72.28090520948172	-12.381180755794048
97.88466476649046	13.222578801214695
68.75491892546415	-15.907167039811611
81.25766863673925	-3.4044173285365105
94.81971806287766	10.15763209760189
68.54833937436342	-16.113746590912342
96.33457650244236	11.672490537166595
63.50896602123976	-21.153119944036007
65.15798360109329	-19.504102364182472
76.40689255297184	-8.255193412303925
117.72974593937397	33.067659974098206
76.39871168136597	-8.263374283909798
53.97646979242563	-30.685616172850132
56.61497355252504	-28.04711241275072
99.16027460992336	14.498188644647598
63.987020790576935	-20.67506517469883
103.49358681589365	18.831500850617886
88.26490271836519	3.602816753089428
100.68516089767218	16.023074932396412
98.57133135944605	13.909245394170284
109.3157078102231	24.653621844947338
94.74332883954048	10.081242874264717
71.56775306910276	-13.094332896173
75.0994581207633	-9.562627844512463
119.05036897957325	34.388283014297485
71.5769148170948	-13.085171148180962
87.73846601694822	3.0763800516724586
86.16303239017725	1.5009464249014854
76.07278679311275	-8.58929917216301
79.61403697729111	-5.048048987984657
84.00139091163874	-0.6606950536370277
79.90099335461855	-4.761092610657215
83.24025329202414	-1.4218326732516289
87.06151640415192	2.399430438876152
77.80076507478952	-6.86132089048624
88.91736183315516	4.255275867879391
71.17114422470331	-13.490941740572453
75.6332231014967	-9.028862863779068
96.72656500339508	12.064479038119316
98.12672751396894	13.46464154869318
99.56484197825193	14.90275601297617
76.97144454717636	-7.690641418099403
89.50880397111177	4.84671800583601
99.15566240996122	14.49357644468546
77.62129276245832	-7.04079320281744
79.40636363625526	-5.2557223290205
95.54782905429602	10.885743089020252
75.19749909639359	-9.46458686888218
104.6464312672615	19.98434530198574
77.73708209395409	-6.925003871321678
88.60422021895647	3.942134253680706
89.18513652682304	4.523050561547279
65.6252826526761	-19.03680331259966
40.6304582208395	-44.031627744436264
82.79113040864468	-1.8709555566310883
108.60794696211815	23.945860996842384
101.55946177989244	16.89737581461668
74.58815712481737	-10.073928840458393
106.37764681130648	21.715560846030712
102.25241781771183	17.590331852436066
98.79717828333378	14.135092318058014
83.86318151652813	-0.7989044487476349
91.48614297807217	6.824057012796402
115.69809710234404	31.03601113706827
85.12757826596498	0.46549230068922043
86.10448046773672	1.4423945024609566
91.57185472548008	6.909768760204315
68.46967374533415	-16.192412219941616
55.043094642460346	-29.61899132281542
74.85032407939434	-9.811761885881424
82.6421712860465	-2.0199146792292595
81.94590273499489	-2.716183230280876
90.52705635130405	5.86497038602829
84.5541158169508	-0.10797014832496643
108.72465427219868	24.062568306922913
78.00992766022682	-6.652158305048943
70.71372423321009	-13.948361732065678
89.32253731042147	4.660451345145702
72.41263439506292	-12.249451570212841
94.0878222361207	9.425736270844936
86.0898771584034	1.4277911931276321
73.75568151473999	-10.906404450535774
86.9664496704936	2.3043637052178383
72.6400821134448	-12.02200385183096
77.22686968743801	-7.435216277837753
108.96687364578247	24.304787680506706
86.09434711188078	1.4322611466050148
71.41686111688614	-13.245224848389626
87.93618993461132	3.274103969335556
81.05090238898993	-3.611183576285839
79.62024833261967	-5.041837632656097
78.57808091491461	-6.0840050503611565
65.8222449272871	-18.839841037988663
107.46809774637222	22.80601178109646
100.54634217917919	15.884256213903427
86.01170288026333	1.349616914987564
85.92936027795076	1.2672743126749992
92.40180907398462	7.7397231087088585
108.03407789766788	23.37199193239212
80.50340111553669	-4.158684849739075
72.61263319849968	-12.049452766776085
81.27924468368292	-3.382841281592846
87.06434132903814	2.4022553637623787
84.6423659324646	-0.019720032811164856
108.32688303291798	23.664797067642212
84.55376233905554	-0.10832362622022629
73.48580727726221	-11.176278688013554
110.80596721917391	26.143881253898144
93.94478195160627	9.28269598633051
63.42703302949667	-21.235052935779095
108.63447964936495	23.972393684089184
73.12147291749716	-11.540613047778606
87.36041104793549	2.6983250826597214
68.8469806984067	-15.815105266869068
111.48153185844421	26.81944589316845
106.83356364071369	22.171477675437927
111.548215277493	26.886129312217236
92.45734363794327	7.795257672667503
71.53472363948822	-13.127362325787544
66.73527296632528	-17.92681299895048
62.107533410191536	-22.55455255508423
62.64626633375883	-22.015819631516933
79.9438916221261	-4.718194343149662
114.65025068074465	29.988164715468884
79.1999545916915	-5.4621313735842705
104.30390024930239	19.641814284026623
107.61954144388437	22.95745547860861
90.19282024353743	5.5307342782616615
68.0762502849102	-16.585835680365562
67.727597810328	-16.934488154947758
65.83978316932917	-18.822302795946598
70.07671425491571	-14.58537171036005
103.32947624474764	18.667390279471874
95.97648344188929	11.314397476613522
62.123601630330086	-22.53848433494568
94.89207028597593	10.229984320700169
70.55612268298864	-14.10596328228712
72.42919220775366	-12.232893757522106
85.56923419982195	0.9071482345461845
84.10391953587532	-0.558166429400444
88.07254214584827	3.4104561805725098
92.82947648316622	8.167390517890453
96.16054809838533	11.49846213310957
79.04006685316563	-5.622019112110138
84.33308296650648	-0.3290029987692833
92.83690363168716	8.1748176664114
81.82384432852268	-2.8382416367530823
102.98815163224936	18.32606566697359
88.83743146061897	4.175345495343208
85.58252835273743	0.9204423874616623
82.66968069970608	-1.992405265569687
80.82939236611128	-3.832693599164486
82.1849828734994	-2.477103091776371
91.05904441326857	6.396958447992802
82.78727784007788	-1.8748081251978874
92.95694693177938	8.29486096650362
71.49596425890923	-13.166121706366539
104.66925973445177	20.007173769176006
80.90116395801306	-3.7609220072627068
60.934078358113766	-23.728007607162
98.45294274389744	13.790856778621674
83.49410695582628	-1.167979009449482
108.80772444605827	24.14563848078251
119.29207982867956	34.6299938634038
106.21866416931152	21.55657820403576
97.64654076099396	12.984454795718193
87.74529394507408	3.083207979798317
82.83653970807791	-1.825546257197857
55.002105340361595	-29.65998062491417
61.83552951365709	-22.82655645161867
79.3291851207614	-5.33290084451437
90.76094893366098	6.09886296838522
82.16286845505238	-2.4992175102233887
102.17179580032825	17.50970983505249
60.559293769299984	-24.10279219597578
74.04075714945793	-10.621328815817833
97.68795540183783	13.025869436562061
50.55449119210243	-34.10759477317333
75.50019256770611	-9.161893397569656
81.73357140272856	-2.928514562547207
86.9238603785634	2.2617744132876396
107.0254870429635	22.36340107768774
91.04358558356762	6.381499618291855
86.85423894971609	2.1921529844403267
107.86518451571465	23.20309855043888
41.163135685026646	-43.49895028024912
78.97422988712788	-5.687856078147888
124.18675814568996	39.5246721804142
70.62140364199877	-14.040682323276997
82.82440882921219	-1.8376771360635757
93.2618254199624	8.599739454686642
79.46519839018583	-5.1968875750899315
114.05857819318771	29.39649222791195
81.20104034990072	-3.461045615375042
100.55783094465733	15.895744979381561
96.24503532797098	11.582949362695217
95.03201872855425	10.369932763278484
64.14209616929293	-20.519989795982838
87.9228799790144	3.260794013738632
80.42739537358284	-4.2346905916929245
93.65558278560638	8.99349682033062
95.0084887444973	10.346402779221535
68.81063338369131	-15.851452581584454
92.99105902761221	8.328973062336445
84.59425565600395	-0.06783030927181244
111.03007064014673	26.367984674870968
62.226675391197205	-22.43541057407856
60.89140408486128	-23.770681880414486
107.65055052191019	22.988464556634426
53.6472467854619	-31.014839179813862
104.97302613407373	20.31094016879797
62.84139234572649	-21.820693619549274
53.91141761094332	-30.750668354332447
88.58154098689556	3.9194550216197968
73.7516540363431	-10.910431928932667
77.97280008345842	-6.689285881817341
62.86625003814697	-21.795835927128792
65.43341717869043	-19.22866878658533
107.12438137829304	22.462295413017273
105.23763582110405	20.575549855828285
103.59324663132429	18.931160666048527
118.44055907428265	33.77847310900688
80.54173751920462	-4.120348446071148
93.46941292285919	8.807326957583427
116.10672987997532	31.444643914699554
79.79521209746599	-4.8668738678097725
92.52416084706783	7.8620748817920685
54.52952525019646	-30.132560715079308
54.086633168160915	-30.57545279711485
84.66011538356543	-0.0019705817103385925
89.95890755951405	5.296821594238281
111.05389669537544	26.391810730099678
75.04932650178671	-9.612759463489056
77.14982949197292	-7.512256473302841
75.70848726481199	-8.953598700463772
64.21455730497837	-20.447528660297394
123.59233520925045	38.930249243974686
54.52594217658043	-30.136143788695335
80.66414621472359	-3.9979397505521774
78.03280149400234	-6.629284471273422
85.97868943959475	1.3166034743189812
92.36045396327972	7.69836799800396
57.799340575933456	-26.862745389342308
88.79327403008938	4.131188064813614
62.62546148151159	-22.03662448376417
84.84342344105244	0.18133747577667236
104.73432240635157	20.072236441075802
39.231050208210945	-45.43103575706482
98.55680134147406	13.894715376198292
75.76547943800688	-8.896606527268887
84.91376966238022	0.25168369710445404
92.6096809655428	7.947595000267029
103.23310524225235	18.571019276976585
97.77072530984879	13.108639344573021
72.72401534765959	-11.938070617616177
93.47107305377722	8.808987088501453
91.7072769626975	7.0451909974217415
115.27955924719572	30.617473281919956
60.84569835662842	-23.816387608647346
81.44306983798742	-3.2190161272883415
59.442895591259	-25.219190374016762
71.89136882126331	-12.770717144012451
66.85791083425283	-17.80417513102293
100.62137053906918	15.959284573793411
92.70961590856314	8.047529943287373
85.56032599508762	0.8982400298118591
76.92957051843405	-7.732515446841717
57.55696348100901	-27.105122484266758
54.20208241045475	-30.460003554821014
98.46589486300945	13.803808897733688
54.3880966976285	-30.273989267647266
88.600401930511	3.9383159652352333
98.89004231989384	14.227956354618073
104.61967434734106	19.957588382065296
80.48828646540642	-4.173799499869347
100.86918352544308	16.207097560167313
50.64194583892822	-34.02014012634754
61.02620753645897	-23.635878428816795
75.9542435258627	-8.70784243941307
86.92580287158489	2.263716906309128
80.29636397957802	-4.365721985697746
86.39224746823311	1.730161502957344
64.61701829731464	-20.04506766796112
77.06942877173424	-7.592657193541527
74.0365747064352	-10.625511258840561
46.1857825294137	-38.476303435862064
87.46428223699331	2.8021962717175484
73.18772890418768	-11.474357061088085
106.37469239532948	21.71260643005371
76.94410218298435	-7.717983782291412
89.89260679483414	5.2305208295583725
96.66687629371881	12.00479032844305
95.83990330249071	11.177817337214947
97.22636913508177	12.564283169806004
73.87780927121639	-10.784276694059372
74.40668884664774	-10.255397118628025
76.3131161108613	-8.348969854414463
122.6395976766944	37.97751171141863
96.78205010294914	12.119964137673378
69.44882027059793	-15.21326569467783
103.65523777902126	18.9931518137455
90.94787628948689	6.285790324211121
109.74867866188288	25.086592696607113
56.24494991451502	-28.417136050760746
74.95038764178753	-9.711698323488235
85.2524828016758	0.590396836400032
88.33230432122946	3.6702183559536934
78.7714925557375	-5.890593409538269
79.06910289824009	-5.592983067035675
104.3644922748208	19.70240630954504
71.36095970124006	-13.301126264035702
70.1704705953598	-14.491615369915962
84.48472394049168	-0.17736202478408813
62.535746335983276	-22.126339629292488
74.74775365740061	-9.914332307875156
74.08504304289818	-10.577042922377586
65.5735200047493	-19.088565960526466
72.98708565533161	-11.675000309944153
129.85565112531185	45.19356516003609
94.69263364374638	10.030547678470612
94.70453114807606	10.042445182800293
67.77004712074995	-16.892038844525814
85.10878764092922	0.44670167565345764
82.36652897298336	-2.295556992292404
72.26546400785446	-12.396621957421303
65.88550911098719	-18.776576854288578
99.83195149153471	15.169865526258945
83.32553046196699	-1.336555503308773
92.60840182751417	7.946315862238407
86.43149640411139	1.7694104388356209
97.50766387581825	12.845577910542488
59.823674999177456	-24.83841096609831
30.308584481477737	-54.35350148379803
85.28461385518312	0.6225278899073601
97.85266195982695	13.190575994551182
86.49986051023006	1.8377745449543
64.45775393396616	-20.204332031309605
78.05777591466904	-6.604310050606728
66.04058769345284	-18.62149827182293
75.00886792689562	-9.653218038380146
60.923632971942425	-23.73845299333334
85.96363309770823	1.3015471324324608
85.12445797026157	0.4623720049858093
82.77165093272924	-1.8904350325465202
99.43991223722696	14.777826271951199
86.91923034191132	2.2571443766355515
53.361888974905014	-31.30019699037075
104.4015724658966	19.739486500620842
68.53140453249216	-16.130681432783604
87.37992732226849	2.7178413569927216
74.61571568250656	-10.046370282769203
122.75138157606125	38.089295610785484
74.10561230033636	-10.556473664939404
98.39165420085192	13.729568235576153
80.10851063579321	-4.553575329482555
75.02462020516396	-9.637465760111809
90.65418077260256	5.992094807326794
77.97035307437181	-6.69173289090395
77.04693180322647	-7.6151541620492935
94.21535494178534	9.553268976509571
72.97902158647776	-11.683064378798008
112.02736944705248	27.365283481776714
95.31773083657026	10.655644871294498
68.81880267709494	-15.843283288180828
78.0885985121131	-6.57348745316267
129.39145331084728	44.72936734557152
79.90003985911608	-4.762046106159687
81.50657965987921	-3.155506305396557
101.67087552696466	17.0087895616889
55.91012602299452	-28.751959942281246
106.35668954253197	21.694603577256203
56.38246688991785	-28.279619075357914
63.22434160858393	-21.437744356691837
124.39933238178492	39.73724641650915
109.58244379609823	24.920357830822468
96.63787367194891	11.975787706673145
48.6887149438262	-35.973371021449566
88.98247369378805	4.320387728512287
95.98447252810001	11.32238656282425
89.73367469012737	5.071588724851608
122.77650889009237	38.11442292481661
83.93754026293755	-0.7245457023382187
77.45394786447287	-7.208138100802898
107.57287876307964	22.91079279780388
91.85618913918734	7.1941031739115715
70.01204939186573	-14.650036573410034
95.24873746186495	10.586651496589184
98.29399902373552	13.631913058459759
75.08853331953287	-9.573552645742893
51.654714196920395	-33.00737176835537
94.68726278841496	10.02517682313919
109.1758174970746	24.51373153179884
82.22642987966537	-2.4356560856103897
94.03389013558626	9.371804170310497
69.94721096754074	-14.714874997735023
61.84071660041809	-22.821369364857674
78.40304606407881	-6.259039901196957
91.5778521746397	6.915766209363937
64.78891928493977	-19.873166680336
81.82574876397848	-2.836337201297283
98.93155341595411	14.269467450678349
40.45422066748142	-44.20786529779434
121.34696836769581	36.684882402420044
93.2819756269455	8.619889661669731
65.96532950550318	-18.696756459772587
105.57231479883194	20.910228833556175
74.20710691809654	-10.454979047179222
51.28102007508278	-33.381065890192986
104.74800246208906	20.085916496813297
107.41710089892149	22.755014933645725
122.43106236308813	37.76897639781237
83.46734677255154	-1.194739192724228
86.77502875030041	2.112942785024643
86.46886029839516	1.8067743331193924
93.64162147790194	8.979535512626171
91.71875797212124	7.056672006845474
81.66420563310385	-2.997880332171917
66.79642993956804	-17.86565602570772
100.12514978647232	15.463063821196556
91.86415573209524	7.202069766819477
70.44990694522858	-14.212179020047188
80.609325543046	-4.052760422229767
84.59186287969351	-0.07022308558225632
95.6773149445653	11.015228979289532
65.39500243961811	-19.267083525657654
87.57577168941498	2.9136857241392136
90.42469696700573	5.762611001729965
93.58727166801691	8.925185702741146
72.04104890674353	-12.621037058532238
84.03461026400328	-0.6274757012724876
93.1329739689827	8.470888003706932
114.67739277333021	30.015306808054447
73.96206956356764	-10.700016401708126
69.26423072069883	-15.397855244576931
82.54070913046598	-2.12137683480978
31.34671976417303	-53.315366201102734
73.90104007720947	-10.761045888066292
81.82715750485659	-2.834928460419178
80.92483808845282	-3.7372478768229485
91.68384010344744	7.021754138171673
117.6083395704627	32.94625360518694
76.16148693859577	-8.500599026679993
78.3164295181632	-6.34565644711256
77.77913086116314	-6.882955104112625
93.07866935431957	8.416583389043808
90.7836267054081	6.121540740132332
76.72009114921093	-7.941994816064835
85.6418505012989	0.97976453602314
83.69815628230572	-0.963929682970047
86.71897196024656	2.0568859949707985
79.07154482603073	-5.590541139245033
72.82660869508982	-11.835477270185947
108.31300965696573	23.650923691689968
90.59985515475273	5.937769189476967
87.10132829099894	2.4392423257231712
74.86825546622276	-9.793830499053001
73.1913218870759	-11.470764078199863
64.28886307030916	-20.373222894966602
83.4100553393364	-1.2520306259393692
67.54388727247715	-17.118198692798615
90.36174102127552	5.699655055999756
68.16744014620781	-16.494645819067955
104.6576888859272	19.995602920651436
94.22533144056797	9.563245475292206
112.09918862581253	27.437102660536766
83.03223040699959	-1.6298555582761765
88.8801346346736	4.218048669397831
110.52491966634989	25.862833701074123
96.12882228940725	11.466736324131489
118.67598439753056	34.01389843225479
86.44372319430113	1.781637229025364
46.89883626997471	-37.763249695301056
77.30071631073952	-7.361369654536247
94.97852881997824	10.316442854702473
86.27194714546204	1.6098611801862717
103.64463958144188	18.982553616166115
82.0467839166522	-2.615302048623562
61.42061085999012	-23.241475105285645
104.78954610973597	20.1274601444602
60.62931899726391	-24.032766968011856
72.6013884395361	-12.06069752573967
52.745257414877415	-31.91682855039835
67.89096207171679	-16.77112389355898
87.71695839613676	3.0548724308609962
67.76976508647203	-16.89232087880373
103.96993289142847	19.307846926152706
73.81053107976913	-10.85155488550663
101.96079130470753	17.298705339431763
97.2951134070754	12.63302744179964
86.55332806706429	1.8912421017885208
66.7163698002696	-17.94571616500616
58.452610179781914	-26.20947578549385
78.45135196298361	-6.210734002292156
93.31183283776045	8.649746872484684
94.94003684818745	10.277950882911682
94.09991039335728	9.437824428081512
115.21118927747011	30.549103312194347
59.29804177582264	-25.364044189453125
104.40644323080778	19.744357265532017
63.79676357656717	-20.86532238870859
79.37919081747532	-5.282895147800446
73.2570214793086	-11.40506448596716
72.00018158555031	-12.661904379725456
82.43582970649004	-2.2262562587857246
100.0558191537857	15.393733188509941
75.20130417495966	-9.460781790316105
35.0231387168169	-49.63894724845886
76.28343389183283	-8.378652073442936
120.9356140345335	36.273528069257736
49.13085302710533	-35.53123293817043
56.35141442716122	-28.310671538114548
102.02269142866135	17.360605463385582
84.19434750080109	-0.46773846447467804
95.58754063397646	10.925454668700695
90.5111961811781	5.8491102159023285
102.2647625952959	17.60267663002014
121.06990594416857	36.4078199788928
87.88455434888601	3.2224683836102486
71.7098968476057	-12.95218911767006
103.36170540750027	18.699619442224503
90.7231755182147	6.061089552938938
51.52875751256943	-33.13332845270634
88.50497379899025	3.842887833714485
81.68585424125195	-2.976231724023819
109.21318081021309	24.551094844937325
112.66521743685007	28.003131471574306
73.95817198604345	-10.703913979232311
112.50246803462505	27.84038206934929
111.89512903988361	27.23304307460785
82.26624444127083	-2.395841524004936
107.02165250480175	22.359566539525986
77.64915712177753	-7.01292884349823
68.10787764936686	-16.55420831590891
74.43010599166155	-10.231979973614216
108.64572402089834	23.983638055622578
126.65545362979174	41.99336766451597
111.43439556658268	26.772309601306915
57.20747622847557	-27.454609736800194
104.1479167714715	19.485830806195736
87.96129524707794	3.2992092818021774
79.55611392110586	-5.105972044169903
99.50274389982224	14.84065793454647
97.61894253641367	12.956856571137905
54.55794031918049	-30.104145646095276
63.67896544188261	-20.983120523393154
75.3717876598239	-9.29029830545187
71.43543472141027	-13.22665124386549
83.12293373048306	-1.5391522347927094
91.4020968824625	6.740010917186737
84.9043088555336	0.2422228902578354
49.43682258576155	-35.22526337951422
64.29877308011055	-20.363312885165215
72.40626042336226	-12.25582554191351
71.85198467224836	-12.810101293027401
83.80887661129236	-0.8532093539834023
88.55118806660175	3.8891021013259888
102.11483439058065	17.45274842530489
79.36114817857742	-5.300937786698341
94.15961644798517	9.497530482709408
85.32085777819157	0.658771812915802
105.91985990852118	21.25777394324541
99.39146053791046	14.729374572634697
86.66368626058102	2.001600295305252
114.7348322570324	30.07274629175663
83.7826718389988	-0.8794141262769699
64.94025954604149	-19.721826419234276
56.68610632419586	-27.975979641079903
81.55067929625511	-3.1114066690206528
102.11581633239985	17.45373036712408
92.91571587324142	8.25362990796566
78.89138047397137	-5.770705491304398
77.67257177829742	-6.98951418697834
133.3805464282632	48.71846046298742
71.62575121223927	-13.036334753036499
118.12732487171888	33.46523890644312
64.45802313834429	-20.204062826931477
89.18768884986639	4.525602884590626
95.05325789749622	10.391171932220459
76.05388776957989	-8.608198195695877
92.61908969283104	7.957003727555275
58.18013569712639	-26.481950268149376
69.28405610471964	-15.378029860556126
72.45239735394716	-12.209688611328602
101.25425695627928	16.592170991003513
56.418977342545986	-28.24310862272978
78.78142234683037	-5.880663618445396
83.79297430068254	-0.8691116645932198
76.54027300328016	-8.121812961995602
104.28254675865173	19.62046079337597
120.47562601417303	35.813540048897266
94.09073678404093	9.428650818765163
74.09314902126789	-10.568936944007874
91.28023058921099	6.618144623935223
68.68253932893276	-15.979546636343002
89.28453561663628	4.622449651360512
70.64156141132116	-14.020524553954601
72.8276334926486	-11.834452472627163
98.59897516667843	13.936889201402664
54.69765014201403	-29.964435823261738
86.17858238518238	1.5164964199066162
54.9426284879446	-29.71945747733116
79.4510370194912	-5.211048945784569
121.5382702499628	36.87618428468704
69.02882751822472	-15.633258447051048
89.82675942778587	5.164673462510109
71.25597228109837	-13.406113684177399
131.5890437811613	46.926957815885544
98.28630836308002	13.62422239780426
66.40195509791374	-18.260130867362022
90.46983943879604	5.807753473520279
88.50852035731077	3.8464343920350075
87.6490069925785	2.986921027302742
86.5463114157319	1.8842254504561424
70.4723724797368	-14.18971348553896
67.15894755721092	-17.503138408064842
86.33866370469332	1.676577739417553
58.08855292201042	-26.573533043265343
91.27656534314156	6.614479377865791
102.92337898164988	18.26129301637411
90.09848440438509	5.436398439109325
77.31500766426325	-7.347078301012516
109.48962890356779	24.827542938292027
91.5834871828556	6.921401217579842
90.9822376742959	6.320151709020138
73.36204273253679	-11.300043232738972
63.41074278205633	-21.251343183219433
79.21399958431721	-5.448086380958557
98.24851587414742	13.58642990887165
66.14599819481373	-18.516087770462036
94.46304849535227	9.800962530076504
58.62719386070967	-26.034892104566097
78.95207545906305	-5.710010506212711
97.01392125338316	12.351835288107395
92.02400193363428	7.361915968358517
116.44389456510544	31.781808599829674
78.87325596809387	-5.788829997181892
84.37789035588503	-0.2841956093907356
90.7907478287816	6.12866186350584
72.68175681680441	-11.980329148471355
88.53341265022755	3.8713266849517822
68.75873892009258	-15.903347045183182
85.5605955645442	0.8985095992684364
85.83638897538185	1.1743030101060867
69.77640011161566	-14.885685853660107
80.03133787214756	-4.630748093128204
83.88119352608919	-0.780892439186573
94.9074907451868	10.245404779911041
82.01938028633595	-2.6427056789398193
96.55859181284904	11.89650584757328
90.52551620453596	5.863430239260197
87.47633231431246	2.8142463490366936
103.9471378326416	19.285051867365837
61.291670225560665	-23.3704157397151
82.46112900972366	-2.200956955552101
71.41182594746351	-13.250260017812252
68.8850873336196	-15.77699863165617
75.22575112432241	-9.43633484095335
93.5725134909153	8.910427525639534
54.725151002407074	-29.93693496286869
92.46984512358904	7.807759158313274
82.16316384077072	-2.498922124505043
80.7762431949377	-3.8858427703380585
85.52094511687756	0.8588591516017914
96.6058987006545	11.943812735378742
70.26644837856293	-14.395637586712837
94.50966234505177	9.847576379776001
87.55743256211281	2.8953465968370438
80.71146000921726	-3.950625956058502
97.59976844489574	12.93768247961998
100.57406071573496	15.911974750459194
90.28307570517063	5.620989739894867
103.70002701878548	19.037941053509712
114.96449116617441	30.302405200898647
73.05920322984457	-11.602882735431194
66.63046985864639	-18.03161610662937
56.26326823234558	-28.398817732930183
74.30261197686195	-10.35947398841381
43.377325385808945	-41.28476057946682
81.58719670027494	-3.07488926500082
52.251314871013165	-32.4107710942626
95.05818703770638	10.39610107243061
74.86015806347132	-9.801927901804447
83.5109289586544	-1.1511570066213608
68.2345322817564	-16.427553683519363
89.34376925230026	4.681683287024498
98.05648895353079	13.394402988255024
123.52286197245121	38.860776007175446
65.75178237259388	-18.910303592681885
100.12590060383081	15.46381463855505
67.90134976804256	-16.7607361972332
99.27196490764618	14.609878942370415
92.156475096941	7.49438913166523
113.20584143698215	28.54375547170639
82.90941492468119	-1.7526710405945778
56.23020952939987	-28.431876435875893
89.02534695714712	4.363260991871357
113.81408026069403	29.151994295418262
67.19659256190062	-17.46549340337515
61.5637437030673	-23.09834226220846
90.43553673475981	5.773450769484043
72.67549300938845	-11.986592955887318
61.858886949718	-22.803199015557766
44.59171952307224	-40.07036644220352
35.23125613480806	-49.4308298304677
97.40244574844837	12.740359783172607
66.78110321611166	-17.880982749164104
96.21476508677006	11.552679121494293
97.45936707407236	12.797281108796597
67.65092973411083	-17.011156231164932
67.06697002053261	-17.595115944743156
86.35082238167524	1.688736416399479
121.23962219804525	36.57753623276949
96.75873279571533	12.096646830439568
102.60125355422497	17.939167588949203
90.04155664891005	5.379470683634281
137.13987785577774	52.477791890501976
52.06946261227131	-32.592623353004456
81.22836712002754	-3.4337188452482224
45.83555006980896	-38.826535895466805
78.8819043263793	-5.780181638896465
95.21461514383554	10.55252917855978
76.11959781497717	-8.542488150298595
70.49398166686296	-14.1681042984128
100.60224040597677	15.940154440701008
60.63587688654661	-24.026209078729153
88.45805547386408	3.795969508588314
84.13606449961662	-0.5260214656591415
90.74409282207489	6.082006856799126
112.94419987499714	28.282113909721375
112.21523439139128	27.553148426115513
91.9067335575819	7.244647592306137
76.57907316833735	-8.08301279693842
69.56633298844099	-15.095752976834774
90.24102288484573	5.578936919569969
78.58115175366402	-6.080934211611748
80.51765432208776	-4.144431643188
91.90373336523771	7.241647399961948
82.13332987576723	-2.5287560895085335
94.85472694039345	10.192640975117683
80.11738353967667	-4.544702425599098
105.47506718337536	20.812981218099594
86.36087544262409	1.6987894773483276
67.28998751938343	-17.372098445892334
98.19958512485027	13.537499159574509
69.76289470493793	-14.89919126033783
77.47625552862883	-7.185830436646938
82.23838613182306	-2.4236998334527016
80.0427026450634	-4.619383320212364
91.01081150770187	6.348725542426109
60.966223768889904	-23.69586219638586
95.74809115380049	11.086005188524723
85.00313033908606	0.3410443738102913
78.60974602401257	-6.052339941263199
80.83273025602102	-3.8293557092547417
91.6101631745696	6.948077209293842
77.09665431082249	-7.565431654453278
84.2662111222744	-0.39587484300136566
107.47378639131784	22.81170042604208
68.28328227996826	-16.378803685307503
61.95921628177166	-22.702869683504105
93.39354885369539	8.731462888419628
118.46656420081854	33.804478235542774
85.61652280390263	0.9544368386268616
114.24822561442852	29.586139649152756
90.66048802435398	5.9984020590782166
123.49133626371622	38.829250298440456
70.43908552825451	-14.223000437021255
92.3776919618249	7.7156059965491295
50.975298292934895	-33.68678767234087
42.14621672779322	-42.51586923748255
58.10870483517647	-26.553381130099297
76.78784082084894	-7.874245144426823
113.70390333980322	29.041817374527454
74.21541053056717	-10.446675434708595
122.55544526129961	37.893359296023846
91.23352675139904	6.571440786123276
101.13913843035698	16.477052465081215
95.63019413501024	10.968108169734478
87.12214673310518	2.460060767829418
83.11263922601938	-1.549446739256382
99.28712904453278	14.625043079257011
87.18146505206823	2.519379086792469
64.84490303695202	-19.817182928323746
95.1054013594985	10.443315394222736
48.30655753612518	-36.35552842915058
89.35626120120287	4.694175235927105
73.50627537071705	-11.155810594558716
64.88253781944513	-19.77954814583063
80.22787966579199	-4.434206299483776
68.05853401869535	-16.60355194658041
80.12643603235483	-4.535649932920933
60.93271788954735	-23.729368075728416
95.86140211671591	11.199316151440144
58.45050700753927	-26.211578957736492
91.18721348047256	6.5251275151968
90.25279381126165	5.590707845985889
68.31640920042992	-16.345676764845848
76.99394901841879	-7.6681369468569756
82.2784772887826	-2.383608676493168
68.93849630653858	-15.723589658737183
108.36444029211998	23.702354326844215
52.64442919194698	-32.01765677332878
55.9668724834919	-28.695213481783867
72.73095408082008	-11.93113188445568
70.0170017555356	-14.645084209740162
55.090085200965405	-29.57200076431036
98.30798193067312	13.645895965397358
61.77604030072689	-22.886045664548874
68.39273791015148	-16.269348055124283
93.78798811882734	9.125902153551579
68.97022964805365	-15.691856317222118
111.33744876086712	26.675362795591354
87.75171541422606	3.0896294489502907
103.75550908595324	19.09342312067747
55.5617895796895	-29.10029638558626
87.60608749836683	2.9440015330910683
62.04665510356426	-22.615430861711502
77.17904893308878	-7.483037032186985
98.0897573903203	13.427671425044537
49.95273143798113	-34.709354527294636
81.77452912926674	-2.8875568360090256
75.94382302463055	-8.718262940645218
64.0938433110714	-20.56824265420437
82.37842567265034	-2.2836602926254272
79.81456408649683	-4.8475218787789345
77.99465457350016	-6.667431391775608
87.23803495615721	2.575948990881443
75.81554149091244	-8.846544474363327
89.21542440354824	4.553338438272476
82.78708209097385	-1.8750038743019104
95.2273680344224	10.565282069146633
105.90704461932182	21.24495865404606
99.04271158576012	14.380625620484352
67.8552116304636	-16.806874334812164
112.5371492728591	27.875063307583332
80.18930587917566	-4.4727800861001015
53.45950797200203	-31.202577993273735
66.37480038404465	-18.287285581231117
74.65403388440609	-10.008052080869675
81.19458211958408	-3.467503845691681
96.72120311111212	12.059117145836353
86.3793553635478	1.7172693982720375
82.62150251865387	-2.040583446621895
83.65327268093824	-1.0088132843375206
81.05585332214832	-3.6062326431274414
69.81393191218376	-14.848154053092003
112.71047490090132	28.048388935625553
36.4679993391037	-48.194086626172066
95.87182810902596	11.20974214375019
115.45963210612535	30.79754614084959
52.731233075261116	-31.93085289001465
92.30357230454683	7.641486339271069
81.90573147684336	-2.7563544884324074
66.37498094141483	-18.28710502386093
69.86163119226694	-14.800454773008823
105.41650714725256	20.754421181976795
107.38101217150688	22.718926206231117
91.26153744757175	6.59945148229599
64.02871849387884	-20.633367471396923
76.93492043018341	-7.727165535092354
104.87024477124214	20.208158805966377
78.67909596115351	-5.982990004122257
69.36967146396637	-15.292414501309395
80.73952613770962	-3.922559827566147
108.56437031179667	23.9022843465209
93.64238441735506	8.980298452079296
75.22804325073957	-9.43404271453619
78.0615957826376	-6.600490182638168
78.13586185872555	-6.526224106550217
60.40236958861351	-24.259716376662254
133.2826503291726	48.62056436389685
62.09230300784111	-22.569782957434654
91.29220739006996	6.630121424794197
89.71571190655231	5.05362594127655
76.03466835618019	-8.627417609095573
61.55191823840141	-23.11016772687435
83.48272432386875	-1.179361641407013
92.91457556933165	8.252489604055882
103.89026103168726	19.228175066411495
78.05072848498821	-6.611357480287552
96.19873501360416	11.5366490483284
87.1447548866272	2.482668921351433
118.77888246625662	34.116796500980854
73.3897085338831	-11.27237743139267
35.352631628513336	-49.30945433676243
68.8930813074112	-15.76900465786457
95.27908217906952	10.616996213793755
69.1225898861885	-15.539496079087257
84.05213605612516	-0.6099499091506004
77.70567090064287	-6.956415064632893
89.27190170437098	4.609815739095211
53.37353944033384	-31.28854652494192
102.12208364158869	17.459997676312923
77.38235805928707	-7.279727905988693
47.60043092817068	-37.06165503710508
62.57154691964388	-22.090539045631886
102.11985316872597	17.457767203450203
91.07363488525152	6.411548919975758
75.56997168064117	-9.09211428463459
93.45178355276585	8.789697587490082
42.61725954711437	-42.04482641816139
72.08298102766275	-12.57910493761301
73.1844701319933	-11.47761583328247
56.981498412787914	-27.68058755248785
53.02968466281891	-31.632401302456856
97.24683649837971	12.584750533103943
73.21077147126198	-11.451314494013786
90.80509289354086	6.143006928265095
55.11518210917711	-29.546903856098652
100.20937901735306	15.547293052077293
66.33377308398485	-18.328312881290913
84.00382127612829	-0.6582646891474724
106.83714560419321	22.175059638917446
78.417356595397	-6.244729369878769
78.36123976111412	-6.300846204161644
60.430584132671356	-24.23150183260441
65.1198762729764	-19.542209692299366
113.15774038434029	28.495654419064522
117.1047848239541	32.44269885867834
67.08852683007717	-17.573559135198593
101.21812633424997	16.55604036897421
70.00356237590313	-14.658523589372635
84.86206299066544	0.19997702538967133
100.35894497483969	15.696859009563923
90.6696993932128	6.007613427937031
82.53420975804329	-2.1278762072324753
85.13281205296516	0.4707260876893997
81.48615846037865	-3.1759275048971176
124.5449226051569	39.882836639881134
86.58289965242147	1.92081368714571
81.7056958898902	-2.9563900753855705
40.8682955801487	-43.79379038512707
108.62524329125881	23.963157325983047
81.85813244432211	-2.8039535209536552
83.66576153039932	-0.996324434876442
79.47913847863674	-5.182947486639023
77.5257286131382	-7.136357352137566
80.10268767178059	-4.559398293495178
80.46553906798363	-4.196546897292137
81.34574180096388	-3.316344164311886
75.86731029301882	-8.794775672256947
61.175519682466984	-23.48656628280878
92.83593957871199	8.173853613436222
86.33028724044561	1.6682012751698494
60.7815965116024	-23.880489453673363
74.42414397746325	-10.237941987812519
74.12710404396057	-10.534981921315193
61.59564883261919	-23.066437132656574
65.20992916822433	-19.45215679705143
95.4644395262003	10.80235356092453
103.00946881622076	18.347382850944996
76.55659056454897	-8.105495400726795
89.68974287807941	5.02765691280365
97.88092902302742	13.218843057751656
92.81504580378532	8.15295983850956
124.88243130594492	40.220345340669155
118.7421738281846	34.08008786290884
67.54128148406744	-17.120804481208324
69.08445346355438	-15.577632501721382
66.4415383040905	-18.220547661185265
63.75731420516968	-20.904771760106087
58.07339622825384	-26.588689737021923
88.98764846473932	4.325562499463558
84.91485448181629	0.25276851654052734
64.36478423327208	-20.29730173200369
91.40961879491806	6.747532829642296
101.93957481533289	17.277488850057125
85.98359276354313	1.3215067982673645
117.34309918433428	32.681013219058514
74.52588354796171	-10.136202417314053
106.69360469281673	22.03151872754097
94.3599199578166	9.697833992540836
83.10139395296574	-1.560692012310028
101.61054890602827	16.948462940752506
82.62216075509787	-2.0399252101778984
51.394680328667164	-33.2674056366086
65.29673263430595	-19.36535333096981
111.46235467493534	26.800268709659576
67.23359694331884	-17.42848902195692
91.25495489686728	6.592868931591511
70.19941322505474	-14.462672740221024
93.33348940312862	8.67140343785286
106.67865703999996	22.016571074724197
114.46373498439789	29.801649019122124
73.08744874596596	-11.574637219309807
83.11501725763083	-1.5470687076449394
67.73461674153805	-16.927469223737717
100.49956032633781	15.83747436106205
99.24525539577007	14.583169430494308
63.342392928898335	-21.31969303637743
119.57204071432352	34.909954749047756
92.35293917357922	7.6908532083034515
61.81511189043522	-22.846974074840546
65.13705177605152	-19.525034189224243
82.79504714906216	-1.8670388162136078
87.55858016759157	2.8964942023158073
70.8024440780282	-13.859641887247562
81.15412999689579	-3.5079559683799744
86.04189455509186	1.3798085898160934
79.53837656229734	-5.12370940297842
91.4072844684124	6.745198503136635
53.29919248074293	-31.362893484532833
84.08897744864225	-0.5731085166335106
96.09338967502117	11.431303709745407
69.08203020691872	-15.580055758357048
93.19197129458189	8.529885329306126
60.42162075638771	-24.240465208888054
86.7500673159957	2.0879813507199287
69.86685908585787	-14.795226879417896
62.06131252646446	-22.600773438811302
62.51297324150801	-22.149112723767757
94.0706645399332	9.40857857465744
64.67020834982395	-19.991877615451813
68.37652833014727	-16.285557635128498
113.17643613368273	28.514350168406963
85.60502890497446	0.9429429396986961
89.52583299577236	4.863747030496597
91.8642856925726	7.202199727296829
130.44459527730942	45.78250931203365
100.99518052488565	16.33309455960989
82.81577693670988	-1.8463090285658836
89.69548287987709	5.033396914601326
95.58847186714411	10.926385901868343
95.79105469584465	11.128968730568886
72.66928351670504	-11.992802448570728
82.85398775339127	-1.8080982118844986
72.02644903212786	-12.635636933147907
92.61371399462223	7.951628029346466
73.4081147685647	-11.253971196711063
98.33234465867281	13.670258693397045
100.57635781913996	15.914271853864193
90.90939365327358	6.247307687997818
94.98319304734468	10.32110708206892
91.33567981421947	6.67359384894371
77.23526997864246	-7.426815986633301
87.00630496442318	2.344218999147415
86.24717553704977	1.585089571774006
108.73405710607767	24.071971140801907
85.37379392236471	0.7117079570889473
102.68652963638306	18.024443671107292
63.0426799505949	-21.619406014680862
52.11512612551451	-32.54695983976126
92.33220612257719	7.670120157301426
102.44749619811773	17.78541023284197
109.37521800398827	24.7131320387125
66.75126652419567	-17.910819441080093
66.35168606042862	-18.310399904847145
78.70997329056263	-5.952112674713135
121.11268213391304	36.450596168637276
68.85900646448135	-15.80307950079441
87.26864713430405	2.606561169028282
79.25895871967077	-5.403127245604992
75.97441036999226	-8.687675595283508
67.6925749629736	-16.96951100230217
76.42126023769379	-8.240825727581978
82.06655564159155	-2.5955303236842155
103.67153009027243	19.009444124996662
74.68533041328192	-9.976755551993847
104.47184637188911	19.80976040661335
120.18232707679272	35.52024111151695
81.53644509613514	-3.125640869140625
46.873782992362976	-37.78830297291279
76.22125026583672	-8.440835699439049
89.89710264652967	5.23501668125391
85.46943616867065	0.8073502033948898
68.06049006432295	-16.601595900952816
65.77721434086561	-18.884871624410152
60.26643468439579	-24.395651280879974
102.35801394283772	17.69592797756195
77.68671262264252	-6.975373342633247
94.80682186037302	10.144735895097256
66.90262880176306	-17.759457163512707
88.55118362605572	3.889097660779953
93.71110735833645	9.049021393060684
82.59329069405794	-2.068795271217823
93.4432113841176	8.781125418841839
70.98535253852606	-13.676733426749706
79.67077162116766	-4.991314344108105
86.42009633779526	1.758010372519493
67.28408717364073	-17.377998791635036
102.34792393445969	17.685837969183922
76.99876447767019	-7.663321487605572
100.17169128358364	15.509605318307877
74.14624217152596	-10.51584379374981
64.98429940640926	-19.6777865588665
115.06297326087952	30.400887295603752
92.2104919552803	7.5484059900045395
102.77065499871969	18.108569033443928
62.31616668403149	-22.345919281244278
50.13734605908394	-34.524739906191826
77.03924215584993	-7.622843809425831
99.39898671209812	14.736900746822357
136.9025354757905	52.240449510514736
100.91443898528814	16.25235302001238
66.40682359784842	-18.25526236742735
103.94395481795073	19.28186885267496
67.92717623710632	-16.73490972816944
78.23655934631824	-6.4255266189575195
103.76699633151293	19.104910366237164
61.215447925031185	-23.44663804024458
93.61454859375954	8.952462628483772
106.82409435510635	22.16200838983059
61.51096171140671	-23.151124253869057
98.14917635917664	13.487090393900871
75.60705249756575	-9.055033467710018
102.62814607471228	17.966060109436512
107.25173332542181	22.589647360146046
71.36620046943426	-13.295885495841503
82.3033235669136	-2.3587623983621597
85.00645925104618	0.34437328577041626
82.5535993129015	-2.1084866523742676
99.20693781971931	14.54485185444355
70.10064267367125	-14.561443291604519
111.01297283172607	26.35088686645031
99.95289038866758	15.290804423391819
115.06520500779152	30.403119042515755
107.07469886541367	22.4126129001379
65.3805954605341	-19.28149050474167
87.13413301855326	2.4720470532774925
87.89728894084692	3.2352029755711555
92.21718841046095	7.5551024451851845
75.33394959568977	-9.328136369585991
76.1323559731245	-8.52972999215126
66.53147175908089	-18.130614206194878
106.33196028321981	21.66987431794405
92.4472176656127	7.785131700336933
86.20180577039719	1.5397198051214218
99.58201184123755	14.91992587596178
78.6341048181057	-6.027981147170067
90.38670372217894	5.7246177569031715
68.5053001344204	-16.15678583085537
86.59263358265162	1.9305476173758507
92.9086432158947	8.246557250618935
72.63573436439037	-12.026351600885391
92.5022826641798	7.8401966989040375
119.43708765506744	34.77500168979168
85.93384823203087	1.271762266755104
95.22011400014162	10.558028034865856
112.09079602360725	27.42871005833149
68.41181372106075	-16.25027224421501
86.51306603848934	1.8509800732135773
80.92980725318193	-3.73227871209383
89.11884045600891	4.456754490733147
86.97319444268942	2.3111084774136543
75.57665173709393	-9.085434228181839
73.91322557628155	-10.748860388994217
66.91978031396866	-17.742305651307106
67.6473184749484	-17.01476749032736
79.44494262337685	-5.217143341898918
82.86404493451118	-1.7980410307645798
86.41328401118517	1.7511980459094048
88.51082681119442	3.8487408459186554
97.82629042863846	13.164204463362694
70.80547910928726	-13.856606855988503
63.435345105826855	-21.22674085944891
91.70219623297453	7.040110267698765
68.0272543951869	-16.634831570088863
116.22574731707573	31.563661351799965
89.48072724044323	4.818641275167465
90.42025501281023	5.758169047534466
69.98038110882044	-14.681704856455326
73.0164528042078	-11.645633161067963
100.90739703923464	16.245311073958874
45.316086545586586	-39.34599941968918
87.5829596221447	2.9208736568689346
105.14290371537209	20.48081775009632
86.59282680600882	1.9307408407330513
70.0116415321827	-14.650444433093071
86.20978632569313	1.547700360417366
73.18513099849224	-11.476954966783524
71.46959541738033	-13.192490547895432
99.88925398886204	15.227168023586273
95.30947190523148	10.647385939955711
111.65701603889465	26.99493007361889
83.11430684477091	-1.547779120504856
80.9901662915945	-3.671919673681259
104.12330786138773	19.461221896111965
89.11670000106096	4.454614035785198
64.0609932616353	-20.60109270364046
94.21789024025202	9.555804274976254
84.46515943855047	-0.1969265267252922
87.84586624056101	3.183780275285244
83.59659583121538	-1.0654901340603828
82.38237523287535	-2.2797107324004173
108.62720222771168	23.965116262435913
84.2309016957879	-0.4311842694878578
101.59956894814968	16.937482982873917
68.97278741002083	-15.689298555254936
59.44411585479975	-25.217970110476017
120.78990774601698	36.127821780741215
91.37015701830387	6.708071053028107
60.36369124054909	-24.298394724726677
64.5159058868885	-20.14618007838726
101.68675295263529	17.024666987359524
68.32829085737467	-16.333795107901096
84.58701730519533	-0.07506866008043289
52.95694820582867	-31.705137759447098
99.66991765797138	15.007831692695618
68.34810388088226	-16.3139820843935
91.05397862195969	6.391892656683922
69.53000826388597	-15.13207770138979
96.6658278182149	12.003741852939129
101.32906195521355	16.666975989937782
121.84269116073847	37.180605195462704
83.43766281753778	-1.2244231477379799
50.51204105466604	-34.15004491060972
71.17347897589207	-13.488606989383698
66.52961572259665	-18.13247024267912
84.94836417585611	0.28627821058034897
82.26796495914459	-2.394121006131172
64.8000770881772	-19.86200887709856
125.88646650314331	41.224380537867546
83.42484218627214	-1.2372437790036201
84.26081570237875	-0.4012702628970146
74.83168811351061	-9.830397851765156
65.32429879158735	-19.33778717368841
49.70402355492115	-34.958062410354614
62.071874774992466	-22.5902111902833
76.69354289025068	-7.968543075025082
131.13032142072916	46.468235455453396
81.86363611370325	-2.7984498515725136
77.39243042469025	-7.269655540585518
82.28148076683283	-2.380605198442936
98.98559382557869	14.323507860302925
85.80263522267342	1.1405492573976517
66.756432980299	-17.90565298497677
83.82241869717836	-0.8396672680974007
75.18009614944458	-9.481989815831184
118.80333640426397	34.14125043898821
67.57932468503714	-17.08276128023863
96.90242453664541	12.240338571369648
101.92423477768898	17.262148812413216
83.30721911042929	-1.3548668548464775
70.10219763219357	-14.559888333082199
78.5141928717494	-6.147893093526363
53.78410308808088	-30.87798287719488
84.66185546666384	-0.00023049861192703247
78.55051469802856	-6.1115712672472
70.53509519994259	-14.126990765333176
112.97443919628859	28.31235323101282
75.39176204055548	-9.270323924720287
109.02710674703121	24.365020781755447
97.0547603070736	12.392674341797829
83.21466322988272	-1.4474227353930473
97.27194932103157	12.609863355755806
74.53730576485395	-10.12478020042181
97.51487976312637	12.852793797850609
85.32994654774666	0.6678605824708939
107.21230589598417	22.55021993070841
114.07101983577013	29.408933870494366
62.208431623876095	-22.45365434139967
92.83453635126352	8.172450385987759
83.92581288516521	-0.7362730801105499
84.06102599948645	-0.6010599657893181
90.55295532941818	5.890869364142418
73.60357997566462	-11.058505989611149
67.9478510543704	-16.71423491090536
103.78696649521589	19.12488052994013
95.71031432598829	11.048228360712528
83.05154659599066	-1.6105393692851067
70.19393149018288	-14.468154475092888
59.39633444696665	-25.265751518309116
88.00523515790701	3.3431491926312447
83.28423804044724	-1.3778479248285294
92.08779533952475	7.4257093742489815
81.52311160415411	-3.1389743611216545
79.19594988971949	-5.466136075556278
46.847569547593594	-37.81451641768217
79.00174914300442	-5.660336822271347
125.59743674099445	40.93535077571869
67.14885926246643	-17.513226702809334
68.70401177555323	-15.958074189722538
81.67478827387094	-2.9872976914048195
68.8868377879262	-15.775248177349567
101.24633730947971	16.58425134420395
96.44249147176743	11.780405506491661
84.40345794707537	-0.2586280182003975
94.32125391811132	9.65916795283556
72.01936826109886	-12.642717704176903
56.37036006897688	-28.291725896298885
91.87747151404619	7.215385548770428
66.37085066735744	-18.29123529791832
61.447428576648235	-23.21465738862753
66.6336917579174	-18.02839420735836
95.59682796895504	10.934742003679276
78.16867305338383	-6.493412911891937
67.40355699509382	-17.258528970181942
139.1319271400571	54.46984117478132
94.40064953267574	9.738563567399979
46.82720064371824	-37.83488532155752
63.708547204732895	-20.95353876054287
83.00459855049849	-1.657487414777279
76.76910393685102	-7.89298202842474
81.48465421050787	-3.1774317547678947
70.36769799888134	-14.294387966394424
90.69606782495975	6.0339818596839905
76.59637675434351	-8.065709210932255
92.79017101228237	8.128085047006607
49.80718719959259	-34.854898765683174
89.5100564956665	4.847970530390739
115.34665323793888	30.684567272663116
87.29849997162819	2.6364140063524246
63.436335518956184	-21.22575044631958
55.99687518924475	-28.665210776031017
53.61553417146206	-31.046551793813705
78.8250164911151	-5.837069474160671
108.52414540201426	23.86205943673849
67.0311534628272	-17.63093250244856
91.63768976926804	6.975603803992271
60.637064054608345	-24.02502191066742
103.37699026614428	18.71490430086851
99.00950086861849	14.347414903342724
85.09917325526476	0.4370872899889946
92.45530498027802	7.793219015002251
91.48336870968342	6.821282744407654
66.60106948763132	-18.061016477644444
106.0312769934535	21.369191028177738
106.82668448984623	22.164598524570465
107.29163371771574	22.629547752439976
97.21418441832066	12.552098453044891
77.58311069011688	-7.078975275158882
78.57569572329521	-6.086390241980553
34.820433117449284	-49.84165284782648
93.15831352770329	8.49622756242752
91.73215971887112	7.070073753595352
74.80793525278568	-9.854150712490082
90.4250835031271	5.762997537851334
78.84753827005625	-5.814547695219517
58.500247329473495	-26.16183863580227
74.33962167054415	-10.322464294731617
128.67023838311434	44.00815241783857
90.40469857305288	5.742612607777119
87.58910635113716	2.927020385861397
105.40453636646271	20.742450401186943
94.55057515949011	9.888489194214344
105.70710415393114	21.045018188655376
80.31355665624142	-4.3485293090343475
102.58611466735601	17.92402870208025
101.60885222256184	16.946766257286072
96.56428640335798	11.902200438082218
92.93503431230783	8.27294834703207
69.42163634300232	-15.240449622273445
77.32412868738174	-7.33795727789402
105.80822111666203	21.14613515138626
52.58851356059313	-32.073572404682636
87.55082032829523	2.8887343630194664
58.22872671484947	-26.433359250426292
91.70324866473675	7.041162699460983
69.6623252928257	-14.999760672450066
102.47920683026314	17.817120864987373
87.23996217548847	2.5778762102127075
75.14623097330332	-9.515854991972446
91.38355270028114	6.721466735005379
74.31532640755177	-10.346759557723999
72.61269085109234	-12.049395114183426
57.84435434639454	-26.817731618881226
85.46320828050375	0.8011223152279854
113.072125852108	28.410039886832237
104.7874722853303	20.12538632005453
91.50521744042635	6.843131475150585
92.60300305485725	7.94091708958149
64.89391881972551	-19.76816714555025
84.97428686916828	0.3122009038925171
110.59180542826653	25.92971946299076
93.92014087736607	9.258054912090302
85.55888730287552	0.8968013375997543
114.40510945767164	29.743023492395878
106.29810193181038	21.636015966534615
94.7274911031127	10.065405137836933
88.86902528256178	4.206939317286015
85.58797501772642	0.9258890524506569
101.75029265880585	17.088206693530083
37.55297093838453	-47.10911502689123
76.04481778293848	-8.617268182337284
67.93048803508282	-16.731597930192947
45.09918037056923	-39.562905594706535
82.58538154512644	-2.0767044201493263
95.30442132800817	10.64233536273241
92.2207788452506	7.558692879974842
45.66043634712696	-39.001649618148804
91.68981705605984	7.027731090784073
71.37885550409555	-13.28323046118021
68.0657941326499	-16.596291832625866
63.68614550679922	-20.975940458476543
98.09334623813629	13.431260272860527
61.46168865263462	-23.200397312641144
85.29608256369829	0.6339965984225273
108.53250936418772	23.870423398911953
71.54219577461481	-13.119890190660954
71.84660321474075	-12.815482750535011
103.97041249275208	19.30832652747631
63.57159234583378	-21.090493619441986
80.13002710789442	-4.532058857381344
68.6152288094163	-16.04685715585947
60.41081426292658	-24.251271702349186
99.08018338680267	14.418097421526909
68.60842958837748	-16.05365637689829
90.55203838646412	5.8899524211883545
112.70871549844742	28.046629533171654
102.05856279283762	17.396476827561855
81.95375398546457	-2.7083319798111916
58.07625771313906	-26.585828252136707
67.77253255993128	-16.889553405344486
78.36057553440332	-6.30151043087244
112.81260126084089	28.15051529556513
60.06768371909857	-24.594402246177197
100.25063814222813	15.588552176952362
95.9901152253151	11.32802926003933
63.81628956645727	-20.845796398818493
50.70942363888025	-33.95266232639551
78.2265894562006	-6.435496509075165
71.08434668183327	-13.577739283442497
95.22195983678102	10.55987387150526
99.98028152436018	15.318195559084415
108.91931807249784	24.25723210722208
83.7265394628048	-0.9355465024709702
71.01646514981985	-13.645620815455914
77.34487701952457	-7.31720894575119
69.80841687321663	-14.853669092059135
94.31042451411486	9.648338548839092
84.95456892251968	0.2924829572439194
90.1083874925971	5.446301527321339
89.96080538630486	5.298719421029091
72.89528299123049	-11.766802974045277
60.62232066690922	-24.039765298366547
79.20208567380905	-5.460000291466713
62.527557991445065	-22.1345279738307
78.77842810750008	-5.883657857775688
67.49614730477333	-17.165938660502434
71.10860989242792	-13.553476072847843
70.16703136265278	-14.495054602622986
41.99994018673897	-42.6621457785368
92.38928310573101	7.727197140455246
83.97946656495333	-0.6826194003224373
61.64540155231953	-23.016684412956238
68.99290807545185	-15.669177889823914
92.04803601652384	7.385950051248074
94.62442579865456	9.962339833378792
98.34381726384163	13.681731298565865
55.247408390045166	-29.4146775752306
102.57347963750362	17.91139367222786
99.50261260569096	14.840526640415192
60.58468338102102	-24.07740258425474
113.29700615257025	28.634920187294483
85.34325046092272	0.6811644956469536
82.12744883447886	-2.5346371307969093
83.14746347814798	-1.514622487127781
67.59259231388569	-17.069493651390076
76.38288543373346	-8.279200531542301
85.5090734809637	0.8469875156879425
122.6215091496706	37.959423184394836
106.35941671580076	21.697330750524998
110.38100153952837	25.718915574252605
85.1632731333375	0.5011871680617332
97.60128089785576	12.939194932579994
60.336327970027924	-24.32575799524784
96.182797126472	11.520711161196232
87.96629256010056	3.304206594824791
107.1061573177576	22.444071352481842
88.45432744920254	3.792241483926773
83.68224432319403	-0.9798416420817375
91.13202421367168	6.46993824839592
134.6069491878152	49.944863222539425
79.47190418839455	-5.190181776881218
81.99873526394367	-2.6633507013320923
57.182422295212746	-27.47966367006302
67.96443663537502	-16.69764932990074
72.06204630434513	-12.600039660930634
85.8335268869996	1.1714409217238426
88.39087235182524	3.728786386549473
62.77090371400118	-21.891182251274586
71.81997133791447	-12.842114627361298
59.54551073163748	-25.116575233638287
46.31116237491369	-38.35092359036207
101.41087769716978	16.748791731894016
63.56930182129145	-21.092784143984318
45.440473936498165	-39.2216120287776
68.41814628988504	-16.24393967539072
113.27935843914747	28.617272473871708
96.93283247202635	12.270746506750584
98.27283108979464	13.610745124518871
94.75878131389618	10.096695348620415
126.93679208308458	42.27470611780882
78.73529972881079	-5.926786236464977
69.3719531595707	-15.29013280570507
63.93509954959154	-20.726986415684223
75.40651009976864	-9.255575865507126
96.2847436890006	11.622657723724842
77.34181682765484	-7.320269137620926
77.76742334663868	-6.894662618637085
83.1479684188962	-1.5141175463795662
122.10528747737408	37.44320151209831
102.83502316474915	18.17293719947338
97.38964311033487	12.727557145059109
81.10515331476927	-3.5569326505064964
84.31805658340454	-0.34402938187122345
73.62623839080334	-11.035847574472427
95.7194104641676	11.05732449889183
73.56986241042614	-11.092223554849625
86.00363176316023	1.3415457978844643
78.45763022452593	-6.204455740749836
126.1509216055274	41.48883564025164
60.47496935725212	-24.187116608023643
79.34277894347906	-5.319307021796703
86.93231485784054	2.2702288925647736
92.12166447937489	7.459578514099121
84.68591953068972	0.023833565413951874
102.36815512180328	17.70606915652752
99.58345791697502	14.921371951699257
62.53622204065323	-22.125863924622536
86.54083216935396	1.8787462040781975
90.1756000444293	5.513514079153538
79.67890025675297	-4.983185708522797
111.6839985921979	27.02191262692213
82.19839453697205	-2.4636914283037186
128.39851636439562	43.736430399119854
113.0171510875225	28.355065122246742
71.11634162813425	-13.545744337141514
107.48524004220963	22.82315407693386
95.66782545298338	11.005739487707615
74.49033245444298	-10.171753510832787
98.59010913968086	13.928023174405098
47.73635679483414	-36.92572917044163
82.40592473745346	-2.2561612278223038
68.41603714972734	-16.24604881554842
102.51546480506659	17.85337883979082
122.77739605307579	38.115310087800026
91.3625906854868	6.700504720211029
93.41591000556946	8.753824040293694
84.09714291244745	-0.5649430528283119
100.22820579260588	15.566119827330112
70.2719872072339	-14.390098758041859
115.5684836357832	30.90639767050743
92.53281378746033	7.870727822184563
92.9944434389472	8.332357473671436
81.61813942342997	-3.0439465418457985
105.90821399539709	21.246128030121326
82.08194356411695	-2.5801424011588097
80.64703235775232	-4.015053607523441
112.38245882093906	27.7203728556633
59.401381611824036	-25.26070435345173
119.06639255583286	34.4043065905571
105.0268844589591	20.364798493683338
55.7342464029789	-28.927839562296867
68.02539936453104	-16.636686600744724
120.33924199640751	35.677156031131744
79.84949047118425	-4.812595494091511
86.70530057698488	2.043214611709118
56.983256593346596	-27.67882937192917
73.05898098647594	-11.60310497879982
90.02141649276018	5.359330527484417
89.86092860251665	5.198842637240887
107.89846141636372	23.23637545108795
97.29094143211842	12.628855466842651
69.19141433387995	-15.470671631395817
67.53647308796644	-17.125612877309322
64.99255724996328	-19.66952871531248
99.95348799228668	15.291402027010918
103.3595854267478	18.697499461472034
