Ea=64.1046339944005	delta_Ea
61.20798386633396	-2.8966501280665398
61.777698539197445	-2.3269354552030563
63.361502423882484	-0.7431315705180168
73.10185506939888	8.997221074998379
61.89920345693827	-2.2054305374622345
66.81063039600849	2.7059964016079903
61.41243173927069	-2.692202255129814
56.58880687505007	-7.515827119350433
74.63261117786169	10.52797718346119
64.23230408132076	0.12767008692026138
59.52343224734068	-4.581201747059822
62.89949023723602	-1.2051437571644783
62.45038727670908	-1.6542467176914215
62.506310038268566	-1.5983239561319351
66.94746980071068	2.842835806310177
65.00595285743475	0.9013188630342484
64.53867856413126	0.43404456973075867
72.19697818905115	8.09234419465065
71.09316247701645	6.988528482615948
65.45255641639233	1.347922421991825
65.51887567341328	1.4142416790127754
61.663145907223225	-2.4414880871772766
57.496915340423584	-6.607718653976917
62.98291855305433	-1.1217154413461685
70.13081278651953	6.026178792119026
71.14723510295153	7.042601108551025
63.128654688596725	-0.9759793058037758
51.097593903541565	-13.007040090858936
68.36803594976664	4.263401955366135
63.52449367195368	-0.5801403224468231
57.969637125730515	-6.134996868669987
70.99077796190977	6.88614396750927
58.4954913854599	-5.609142608940601
57.82177157700062	-6.282862417399883
59.52514071017504	-4.579493284225464
72.85911080986261	8.754476815462112
68.83906411379576	4.734430119395256
60.148200169205666	-3.9564338251948357
73.87051005661488	9.765876062214375
66.94194463640451	2.837310642004013
68.89162298291922	4.786988988518715
61.927667662501335	-2.176966331899166
56.20687962323427	-7.897754371166229
68.2705002874136	4.165866293013096
66.47491458803415	2.3702805936336517
53.0275749489665	-11.077059045433998
72.87868499010801	8.774050995707512
61.37839341908693	-2.726240575313568
68.10806927829981	4.003435283899307
61.066717356443405	-3.037916637957096
54.90879659354687	-9.195837400853634
62.661585941910744	-1.4430480524897575
70.34276115894318	6.238127164542675
64.35417513549328	0.24954114109277725
68.17268914729357	4.068055152893066
59.45189309865236	-4.652740895748138
72.38327238708735	8.278638392686844
65.03476218879223	0.9301281943917274
58.357513815164566	-5.747120179235935
67.42570146918297	3.321067474782467
68.63927959650755	4.534645602107048
59.11094954609871	-4.993684448301792
61.78065367043018	-2.323980323970318
70.83653920143843	6.731905207037926
59.291635528206825	-4.812998466193676
64.47065870463848	0.3660247102379799
70.34539853781462	6.240764543414116
60.49525424093008	-3.609379753470421
53.800702914595604	-10.303931079804897
60.22538626194	-3.879247732460499
73.88608463853598	9.781450644135475
66.10686246305704	2.00222846865654
64.65074196457863	0.5461079701781273
64.95311398804188	0.8484799936413765
61.813691794872284	-2.2909421995282173
59.86002732813358	-4.244606666266918
59.57763763517141	-4.526996359229088
66.85026501864195	2.7456310242414474
54.07247545570135	-10.03215853869915
68.16345699131489	4.058822996914387
62.532968029379845	-1.5716659650206566
66.48352823406458	2.3788942396640778
66.7764071598649	2.6717731654644012
64.87683929502964	0.772205300629139
62.7612526640296	-1.343381330370903
66.25754600018263	2.1529120057821274
63.82394939661026	-0.28068459779024124
70.87892066687346	6.774286672472954
63.657499857246876	-0.4471341371536255
65.00590527057648	0.9012712761759758
70.01931460946798	5.914680615067482
64.29169026762247	0.1870562732219696
56.36751367151737	-7.737120322883129
66.55397640168667	2.449342407286167
64.74803049117327	0.6433964967727661
70.82505121827126	6.720417223870754
58.36974386125803	-5.734890133142471
55.52629101276398	-8.578342981636524
58.326361909508705	-5.778272084891796
61.287396147847176	-2.8172378465533257
68.70627412199974	4.601640127599239
54.978245466947556	-9.126388527452946
78.10184182971716	13.997207835316658
68.29142338782549	4.186789393424988
60.88726004213095	-3.217373952269554
64.15630860626698	0.05167461186647415
69.56285267323256	5.458218678832054
60.29010095447302	-3.8145330399274826
67.6452392861247	3.540605291724205
64.13338802009821	0.02875402569770813
69.25013030320406	5.145496308803558
60.761998265981674	-3.342635728418827
64.32995670288801	0.22532270848751068
66.58774702996016	2.4831130355596542
66.59398613125086	2.489352136850357
65.15007270872593	1.045438714325428
61.811988562345505	-2.2926454320549965
62.7624085098505	-1.3422254845499992
61.33868129551411	-2.7659526988863945
71.26554339379072	7.160909399390221
63.04260842502117	-1.0620255693793297
59.40320552140474	-4.701428472995758
65.55951821058989	1.4548842161893845
63.62273506075144	-0.4818989336490631
62.23096456378698	-1.8736694306135178
72.8526486903429	8.748014695942402
69.95569263398647	5.851058639585972
67.26062650978565	3.155992515385151
70.17256131023169	6.067927315831184
68.29354121536016	4.188907220959663
69.09146919101477	4.986835196614265
57.361930035054684	-6.742703959345818
66.93572958558798	2.831095591187477
69.0769432708621	4.972309276461601
65.12300142645836	1.0183674320578575
69.18332924693823	5.078695252537727
58.134097687900066	-5.970536306500435
54.16291359066963	-9.94172040373087
58.92445529997349	-5.180178694427013
64.78481117635965	0.6801771819591522
63.6006676107645	-0.5039663836359978
60.87537632137537	-3.2292576730251312
59.27467752248049	-4.829956471920013
68.63572251051664	4.531088516116142
67.13216095417738	3.0275269597768784
56.93534264713526	-7.1692913472652435
65.69417809695005	1.589544102549553
62.91390252113342	-1.1907314732670784
59.660576678812504	-4.444057315587997
71.04012380540371	6.935489811003208
59.29793644696474	-4.8066975474357605
66.47170703113079	2.3670730367302895
59.176516488194466	-4.928117506206036
54.04340883344412	-10.061225160956383
63.21050330251455	-0.8941306918859482
68.67952141910791	4.574887424707413
64.15823647379875	0.05360247939825058
57.48260476440191	-6.622029229998589
64.75187642872334	0.647242434322834
66.66073699295521	2.5561029985547066
69.30468330532312	5.200049310922623
64.36752914637327	0.2628951519727707
61.80320190638304	-2.3014320880174637
67.44904039055109	3.344406396150589
60.485301315784454	-3.619332678616047
60.715194545686245	-3.3894394487142563
64.27768693119287	0.17305293679237366
59.086789190769196	-5.017844803631306
68.34113361686468	4.23649962246418
63.88876739889383	-0.2158665955066681
57.219179436564445	-6.885454557836056
54.85882243514061	-9.245811559259892
67.92939580976963	3.824761815369129
59.19640623778105	-4.908227756619453
64.58646165579557	0.48182766139507294
69.2914219647646	5.186787970364094
67.02009029686451	2.9154563024640083
54.7566449791193	-9.3479890152812
69.84776456654072	5.743130572140217
56.456558138132095	-7.648075856268406
68.96854760497808	4.863913610577583
68.96870063245296	4.8640666380524635
56.295757956802845	-7.808876037597656
63.57680284231901	-0.5278311520814896
63.1732073277235	-0.9314266666769981
67.49109925329685	3.386465258896351
70.04049967974424	5.935865685343742
75.03224759548903	10.927613601088524
70.21458575129509	6.1099517568945885
59.633805587887764	-4.470828406512737
65.73006374388933	1.6254297494888306
60.36791908740997	-3.736714906990528
64.59446822851896	0.4898342341184616
59.651114113628864	-4.453519880771637
74.6936101987958	10.588976204395294
64.37901059538126	0.27437660098075867
57.333994284272194	-6.770639710128307
63.564922615885735	-0.5397113785147667
63.145956471562386	-0.9586775228381157
64.97249080985785	0.867856815457344
62.04134160280228	-2.0632923915982246
65.10165767371655	0.9970236793160439
66.20869836211205	2.104064367711544
58.50209981203079	-5.602534182369709
54.895033590495586	-9.209600403904915
60.213371865451336	-3.8912621289491653
65.49966175109148	1.395027756690979
68.1044191122055	3.999785117805004
60.657215654850006	-3.447418339550495
65.14642553031445	1.0417915359139442
63.680471658706665	-0.4241623356938362
57.146875247359276	-6.957758747041225
54.0947183445096	-10.0099156498909
68.72704773396254	4.622413739562035
52.608740493655205	-11.495893500745296
60.39283782988787	-3.7117961645126343
64.25890367478132	0.15426968038082123
66.2492356672883	2.144601672887802
63.838283598423004	-0.2663503959774971
62.94607363641262	-1.1585603579878807
63.59964729845524	-0.5049866959452629
62.34693253040314	-1.757701463997364
74.66158426553011	10.556950271129608
66.12587643414736	2.0212424397468567
56.677066780626774	-7.427567213773727
62.00077284127474	-2.103861153125763
71.43637119978666	7.331737205386162
58.35615714639425	-5.7484768480062485
73.16358043253422	9.058946438133717
62.25966442376375	-1.8449695706367493
62.81921908259392	-1.2854149118065834
63.75659701228142	-0.3480369821190834
68.88017223775387	4.775538243353367
69.48249752819538	5.37786353379488
58.809086956083775	-5.295547038316727
59.890241250395775	-4.214392744004726
72.29346939176321	8.188835397362709
70.85336632281542	6.748732328414917
62.694510601460934	-1.4101233929395676
62.09606621414423	-2.0085677802562714
59.41750390082598	-4.687130093574524
66.29723473638296	2.19260074198246
59.83114553242922	-4.273488461971283
63.078531712293625	-1.0261022821068764
61.91155508905649	-2.1930789053440094
68.46094352006912	4.356309525668621
74.5711420699954	10.466508075594902
74.49067767709494	10.386043682694435
58.081528678536415	-6.023105315864086
70.63891383260489	6.534279838204384
66.80069443583488	2.6960604414343834
60.92037935554981	-3.184254638850689
59.22775699943304	-4.876876994967461
74.01659488677979	9.911960892379284
69.02384626120329	4.919212266802788
63.85504527390003	-0.2495887205004692
64.59105649590492	0.48642250150442123
68.80661056935787	4.701976574957371
64.46885550767183	0.3642215132713318
59.87902858108282	-4.22560541331768
57.64668793231249	-6.457946062088013
68.0221001431346	3.9174661487340927
56.64530037343502	-7.459333620965481
72.1552051231265	8.050571128726006
66.37079996615648	2.2661659717559814
62.44055552780628	-1.6640784665942192
63.9053373336792	-0.19929666072130203
68.36063593626022	4.256001941859722
57.107140228152275	-6.997493766248226
66.27785775065422	2.1732237562537193
55.03956426680088	-9.06506972759962
66.49818807095289	2.393554076552391
76.40530981868505	12.300675824284554
73.12894229590893	9.024308301508427
67.08092334866524	2.976289354264736
58.110150299966335	-5.994483694434166
65.88754439353943	1.7829103991389275
62.65945439785719	-1.445179596543312
58.76066442579031	-5.343969568610191
70.41557677090168	6.310942776501179
73.94181832671165	9.837184332311153
74.66540962457657	10.560775630176067
65.7051842957735	1.600550301373005
67.53595480322838	3.431320808827877
60.63020599633455	-3.4744279980659485
65.02793107181787	0.9232970774173737
65.61535317450762	1.5107191801071167
64.34083034098148	0.2361963465809822
73.36195468902588	9.257320694625378
58.025414913892746	-6.079219080507755
64.2832529693842	0.17861897498369217
68.3983501791954	4.293716184794903
65.589421056211	1.4847870618104935
70.3162972331047	6.211663238704205
60.031068071722984	-4.073565922677517
65.71861695498228	1.6139829605817795
71.50478319078684	7.400149196386337
59.80223912745714	-4.302394866943359
66.09099308401346	1.9863590896129608
68.24980153143406	4.145167537033558
69.38468678295612	5.280052788555622
70.1295939013362	6.024959906935692
52.66655419021845	-11.438079804182053
75.24445779621601	11.13982380181551
73.23476853966713	9.130134545266628
53.8239508792758	-10.280683115124702
56.77862972766161	-7.326004266738892
57.975421108305454	-6.129212886095047
69.07655647397041	4.971922479569912
67.82946049422026	3.7248264998197556
64.4514761865139	0.3468421921133995
64.5619358047843	0.4573018103837967
69.84823633730412	5.743602342903614
65.19352448731661	1.0888904929161072
64.34397596120834	0.23934196680784225
65.47029953449965	1.365665540099144
64.9862844273448	0.8816504329442978
63.158350847661495	-0.946283146739006
60.82456614822149	-3.2800678461790085
71.970808416605	7.8661744222044945
65.09286361932755	0.9882296249270439
66.49313309788704	2.388499103486538
62.899673745036125	-1.204960249364376
63.6874263882637	-0.41720760613679886
57.77640610933304	-6.328227885067463
66.0456380546093	1.9410040602087975
71.28582323342562	7.181189239025116
57.931131929159164	-6.173502065241337
64.34989769011736	0.2452636957168579
64.52127067744732	0.4166366830468178
64.41128163039684	0.3066476359963417
55.96050252765417	-8.14413146674633
55.95619864016771	-8.148435354232788
71.97984901070595	7.875215016305447
65.81958289444447	1.7149489000439644
67.03493250906467	2.930298514664173
57.52300646901131	-6.5816275253891945
59.665592171251774	-4.439041823148727
56.54596334695816	-7.558670647442341
67.34775986522436	3.24312587082386
53.22305027395487	-10.881583720445633
62.02089802920818	-2.083735965192318
61.96921049058437	-2.1354235038161278
61.72611317783594	-2.37852081656456
71.88330367952585	7.778669685125351
55.70910182595253	-8.395532168447971
54.947893507778645	-9.156740486621857
66.33750135451555	2.2328673601150513
74.34312365949154	10.238489665091038
63.40950505435467	-0.6951289400458336
60.01249212026596	-4.092141874134541
68.81994307041168	4.715309076011181
64.16474901139736	0.060115016996860504
62.74391147494316	-1.3607225194573402
66.53474606573582	2.4301120713353157
67.74239087849855	3.637756884098053
57.46645072102547	-6.638183273375034
67.88131726533175	3.776683270931244
66.27305912971497	2.1684251353144646
69.74127624928951	5.636642254889011
72.96909170597792	8.864457711577415
67.41733383387327	3.3126998394727707
67.08787560462952	2.9832416102290154
66.74173554778099	2.6371015533804893
65.49019038677216	1.3855563923716545
61.55883463472128	-2.545799359679222
60.18481123447418	-3.919822759926319
61.28020507842302	-2.824428915977478
67.15773165971041	3.053097665309906
70.73681958764791	6.632185593247414
63.27869191765785	-0.8259420767426491
67.35883248597383	3.2541984915733337
67.27925132215023	3.174617327749729
76.28478534519672	12.180151350796223
58.66009230911732	-5.444541685283184
60.16736643016338	-3.9372675642371178
70.99008648097515	6.88545248657465
70.25886841118336	6.154234416782856
67.67559538781643	3.570961393415928
58.243766367435455	-5.860867626965046
62.354681976139545	-1.7499520182609558
64.78370556980371	0.6790715754032135
56.67724748700857	-7.42738650739193
59.87605584412813	-4.228578150272369
56.65266676992178	-7.451967224478722
60.46421314030886	-3.6404208540916443
72.75628789514303	8.65165390074253
59.993493013083935	-4.1111409813165665
71.73285955935717	7.628225564956665
56.99990648776293	-7.104727506637573
59.585560008883476	-4.519073985517025
67.65836995095015	3.5537359565496445
61.80919186770916	-2.2954421266913414
61.577907368540764	-2.5267266258597374
70.77123515307903	6.666601158678532
63.625566110014915	-0.4790678843855858
63.29874437302351	-0.8058896213769913
65.02375267446041	0.9191186800599098
65.82203464955091	1.7174006551504135
61.753146931529045	-2.351487062871456
59.293490558862686	-4.811143435537815
74.71756442636251	10.612930431962013
66.57969972491264	2.475065730512142
63.13952077180147	-0.9651132225990295
55.467112362384796	-8.637521632015705
65.4636599496007	1.3590259552001953
54.86275355517864	-9.241880439221859
56.134631745517254	-7.970002248883247
60.03205195069313	-4.072582043707371
70.87276238203049	6.768128387629986
70.95494499057531	6.850310996174812
60.46781076490879	-3.6368232294917107
76.099663130939	11.995029136538506
62.25137223303318	-1.853261761367321
66.52439334243536	2.4197593480348587
60.161024421453476	-3.9436095729470253
60.1844364926219	-3.9201975017786026
62.000762701034546	-2.1038712933659554
55.79830951988697	-8.30632447451353
68.86844395846128	4.763809964060783
57.28627171367407	-6.818362280726433
64.76537442952394	0.6607404351234436
63.173355251550674	-0.9312787428498268
56.70331531018019	-7.401318684220314
65.77279946208	1.6681654676795006
60.87148305028677	-3.2331509441137314
67.95742306113243	3.85278906673193
58.845049038529396	-5.259584955871105
67.65231942385435	3.54768542945385
60.15528567880392	-3.9493483155965805
61.676572777330875	-2.428061217069626
63.650318540632725	-0.4543154537677765
66.3455458432436	2.2409118488430977
70.83379530906677	6.729161314666271
67.14276228100061	3.038128286600113
61.683712139725685	-2.420921854674816
68.04729912430048	3.9426651298999786
71.84322687983513	7.7385928854346275
62.228733740746975	-1.8759002536535263
63.54496289789677	-0.5596710965037346
64.79632014781237	0.6916861534118652
63.21007647365332	-0.8945575207471848
67.51609089970589	3.4114569053053856
61.604957684874535	-2.4996763095259666
69.17465946823359	5.070025473833084
63.94203173369169	-0.1626022607088089
56.22207421064377	-7.882559783756733
65.43751029670238	1.3328763023018837
57.06624507904053	-7.038388915359974
59.81402672082186	-4.290607273578644
58.664709344506264	-5.4399246498942375
75.953513905406	11.848879911005497
61.87228076905012	-2.23235322535038
56.10578315705061	-7.998850837349892
59.71418994665146	-4.3904440477490425
68.27196664363146	4.167332649230957
57.48364320397377	-6.620990790426731
67.0203087925911	2.9156747981905937
66.68578512966633	2.581151135265827
65.2219240218401	1.1172900274395943
69.45250800251961	5.347874008119106
68.82836651802063	4.723732523620129
68.56763345003128	4.462999455630779
62.71417057514191	-1.3904634192585945
57.503055676817894	-6.601578317582607
79.83162736147642	15.72699336707592
59.8670412003994	-4.2375927940011024
61.55451522767544	-2.5501187667250633
60.244998045265675	-3.8596359491348267
55.59341873973608	-8.511215254664421
59.59890802204609	-4.505725972354412
64.22545503824949	0.1208210438489914
62.0548250079155	-2.0498089864850044
65.99859008938074	1.8939560949802399
59.58383156359196	-4.520802430808544
63.43133653700352	-0.6732974573969841
64.33599965274334	0.2313656583428383
58.96875776350498	-5.135876230895519
64.69075965881348	0.5861256644129753
73.26163889467716	9.157004900276661
65.81358669698238	1.7089527025818825
72.76825591921806	8.663621924817562
65.13993361592293	1.0352996215224266
71.75562132894993	7.650987334549427
66.43973943591118	2.3351054415106773
69.08811482042074	4.983480826020241
65.47405374795198	1.3694197535514832
66.61016395688057	2.505529962480068
62.34304402768612	-1.7615899667143822
67.36938770860434	3.2647537142038345
64.04078718274832	-0.06384681165218353
71.54504884034395	7.440414845943451
66.7540839612484	2.6494499668478966
63.41028820723295	-0.6943457871675491
46.513624258339405	-17.591009736061096
62.92498068511486	-1.1796533092856407
74.51769665628672	10.413062661886215
67.15663070976734	3.0519967153668404
64.47716418653727	0.3725301921367645
72.13284543901682	8.028211444616318
69.35212217271328	5.2474881783127785
64.14447278529406	0.03983879089355469
62.550247222185135	-1.5543867722153664
62.79185938835144	-1.3127746060490608
73.9930040538311	9.8883700594306
59.11522161215544	-4.989412382245064
61.36801616847515	-2.73661782592535
63.2413287460804	-0.8633052483201027
58.132907919585705	-5.9717260748147964
53.351002648472786	-10.753631345927715
64.99222709238529	0.8875930979847908
66.28190548717976	2.177271492779255
60.59106031805277	-3.5135736763477325
63.45656829327345	-0.6480657011270523
65.08971513807774	0.9850811436772346
69.1972585991025	5.092624604701996
61.9955844655633	-2.109049528837204
56.127685479819775	-7.976948514580727
66.22005268186331	2.1154186874628067
57.75825360417366	-6.346380390226841
69.45034886151552	5.345714867115021
64.20144844800234	0.09681445360183716
63.51769308745861	-0.5869409069418907
62.968853302299976	-1.135780692100525
63.9003521502018	-0.20428184419870377
56.21161323040724	-7.893020763993263
63.94783950597048	-0.1567944884300232
63.403611578047276	-0.7010224163532257
61.18033058196306	-2.924303412437439
66.53471395373344	2.430079959332943
56.433836445212364	-7.670797549188137
62.55928395688534	-1.5453500375151634
57.76599348336458	-6.338640511035919
61.873595394194126	-2.231038600206375
76.57784769684076	12.473213702440262
72.67127004265785	8.566636048257351
62.685688227415085	-1.4189457669854164
57.63396406173706	-6.470669932663441
65.08292857557535	0.9782945811748505
67.97981021553278	3.8751762211322784
68.06014014035463	3.955506145954132
59.13751286268234	-4.967121131718159
62.5212776362896	-1.5833563581109047
64.67611300945282	0.5714790150523186
64.92003629356623	0.8154022991657257
70.71491669863462	6.610282704234123
64.46848307549953	0.36384908109903336
70.30775537341833	6.20312137901783
74.9816275909543	10.876993596553802
66.14803466200829	2.0434006676077843
61.46723832935095	-2.637395665049553
68.38889688998461	4.2842628955841064
63.93786508589983	-0.1667689085006714
62.668692372739315	-1.4359416216611862
58.914032720029354	-5.190601274371147
73.95094105601311	9.846307061612606
66.86817722767591	2.7635432332754135
72.68683063983917	8.582196645438671
65.52670139074326	1.4220673963427544
60.01110539585352	-4.093528598546982
55.57595452666283	-8.528679467737675
55.75511337816715	-8.349520616233349
60.095964685082436	-4.008669309318066
60.06923619657755	-4.035397797822952
75.36465319991112	11.260019205510616
68.66088284552097	4.556248851120472
68.1060596331954	4.001425638794899
67.63315730541945	3.528523311018944
69.24463523924351	5.140001244843006
60.48547439277172	-3.6191596016287804
58.567539513111115	-5.537094481289387
60.542469285428524	-3.5621647089719772
60.79434645175934	-3.310287542641163
76.32961874455214	12.224984750151634
63.55999269336462	-0.544641301035881
51.74432898312807	-12.36030501127243
63.56798233091831	-0.5366516634821892
58.787772953510284	-5.316861040890217
53.51261146366596	-10.592022530734539
63.380724743008614	-0.7239092513918877
64.15026140958071	0.0456274151802063
68.66660421341658	4.561970219016075
70.25377947837114	6.149145483970642
63.970614820718765	-0.134019173681736
67.9497934281826	3.8451594337821007
62.45911417901516	-1.6455198153853416
65.3841870650649	1.2795530706644058
65.01202274113894	0.9073887467384338
71.20416007190943	7.099526077508926
66.78012338280678	2.6754893884062767
59.00749599933624	-5.097137995064259
63.86268561333418	-0.24194838106632233
65.57117923349142	1.4665452390909195
67.8507396504283	3.746105656027794
69.44732468575239	5.342690691351891
59.42589657753706	-4.6787374168634415
67.13778828829527	3.0331542938947678
62.34051029384136	-1.7641237005591393
61.70556493848562	-2.399069055914879
62.72452674806118	-1.3801072463393211
60.62093159556389	-3.4837023988366127
63.24531948566437	-0.8593145087361336
62.87128356099129	-1.233350433409214
74.84412474930286	10.739490754902363
76.56781516969204	12.463181175291538
67.69821672141552	3.5935827270150185
62.12426510453224	-1.9803688898682594
58.17601964622736	-5.9286143481731415
67.42728820443153	3.3226542100310326
56.88602504879236	-7.218608945608139
61.03310029953718	-3.0715336948633194
59.83589977025986	-4.268734224140644
63.91609110683203	-0.18854288756847382
66.97789197415113	2.8732579797506332
73.61585159599781	9.51121760159731
58.32996096462011	-5.774673029780388
61.276690393686295	-2.8279436007142067
65.52562417089939	1.42099017649889
59.33802128583193	-4.766612708568573
57.01617629081011	-7.088457703590393
62.14682560414076	-1.9578083902597427
63.145685628056526	-0.9589483663439751
72.62533159554005	8.520697601139545
71.20044858753681	7.095814593136311
66.20577941834927	2.101145423948765
72.48152060806751	8.376886613667011
51.45196644216776	-12.652667552232742
64.53036996722221	0.4257359728217125
74.72872491925955	10.624090924859047
59.13655514270067	-4.968078851699829
67.24325248599052	3.138618491590023
68.30354517698288	4.198911182582378
64.4863690957427	0.38173510134220123
69.38120498508215	5.276570990681648
66.52188519388437	2.4172511994838715
70.80810970067978	6.703475706279278
71.64980586618185	7.545171871781349
61.31195288896561	-2.7926811054348946
55.90823595225811	-8.196398042142391
64.30318133533001	0.1985473409295082
69.9020966514945	5.797462657094002
66.37676112353802	2.272127129137516
68.88926062732935	4.784626632928848
58.88632421940565	-5.21830977499485
71.99278634041548	7.8881523460149765
62.873763374984264	-1.2308706194162369
73.31370556354523	9.209071569144726
62.89521020650864	-1.2094237878918648
59.12120418995619	-4.983429804444313
66.60353237390518	2.4988983795046806
61.050734266638756	-3.0538997277617455
68.44493616372347	4.3403021693229675
65.93822748959064	1.8335934951901436
50.4422987177968	-13.662335276603699
66.1409675180912	2.0363335236907005
52.96059328317642	-11.14404071122408
64.48593097925186	0.3812969848513603
57.46661775559187	-6.638016238808632
61.40176633000374	-2.702867664396763
66.67848815768957	2.57385416328907
72.81018970906734	8.705555714666843
71.17005368322134	7.065419688820839
72.5936276242137	8.488993629813194
59.583999797701836	-4.520634196698666
68.07891992479563	3.9742859303951263
72.4575697556138	8.352935761213303
67.38544469326735	3.280810698866844
66.05175333470106	1.94711934030056
57.785187028348446	-6.319446966052055
53.55369399487972	-10.550939999520779
63.428709015250206	-0.6759249791502953
66.26348842680454	2.1588544324040413
71.49187496304512	7.387240968644619
62.25945255160332	-1.845181442797184
64.36870747059584	0.2640734761953354
62.18112266808748	-1.9235113263130188
53.51109893620014	-10.59353505820036
77.00380186736584	12.899167872965336
53.97900626808405	-10.125627726316452
64.42713918536901	0.3225051909685135
62.58630871027708	-1.5183252841234207
65.48322138935328	1.378587394952774
66.33088105916977	2.226247064769268
61.62500552088022	-2.479628473520279
61.88610642403364	-2.2185275703668594
60.99298457056284	-3.1116494238376617
63.573071129620075	-0.531562864780426
68.39219376444817	4.287559770047665
52.66023064404726	-11.444403350353241
66.13797770440578	2.0333437100052834
57.063611686229706	-7.041022308170795
62.44626674056053	-1.6583672538399696
63.961070753633976	-0.14356324076652527
66.03777899593115	1.9331450015306473
62.15939415246248	-1.9452398419380188
64.61089234054089	0.5062583461403847
70.06027854979038	5.955644555389881
65.09568660706282	0.9910526126623154
69.00571198761463	4.90107799321413
60.01943779736757	-4.0851961970329285
64.47882659733295	0.37419260293245316
58.054895892739296	-6.049738101661205
57.13808564841747	-6.966548345983028
57.31904602050781	-6.785587973892689
63.81448820978403	-0.29014578461647034
68.35727619379759	4.252642199397087
63.49673527479172	-0.6078987196087837
60.16741845011711	-3.93721554428339
51.03538157790899	-13.069252416491508
55.407125256955624	-8.697508737444878
66.83152683824301	2.7268928438425064
58.34773112088442	-5.756902873516083
63.260486491024494	-0.8441475033760071
74.68029700964689	10.575663015246391
63.93290537595749	-0.17172861844301224
61.628728061914444	-2.4759059324860573
67.34448683261871	3.239852838218212
55.52918826788664	-8.575445726513863
57.07828154414892	-7.026352450251579
64.36005634069443	0.25542234629392624
65.06353363394737	0.9588996395468712
61.915232345461845	-2.189401648938656
65.35114420205355	1.2465102076530457
53.873512871563435	-10.231121122837067
57.863147757947445	-6.241486236453056
62.796253994107246	-1.3083800002932549
57.71917025744915	-6.385463736951351
61.25038006901741	-2.854253925383091
65.09645887464285	0.9918248802423477
66.44384104013443	2.3392070457339287
57.2721129655838	-6.8325210288167
63.57980239391327	-0.5248316004872322
67.24242477118969	3.1377907767891884
69.25960324704647	5.154969252645969
59.95298886299133	-4.151645131409168
65.50962515175343	1.4049911573529243
61.14897231012583	-2.9556616842746735
62.238190680742264	-1.8664433136582375
78.01922538131475	13.914591386914253
75.62694834917784	11.522314354777336
57.941519036889076	-6.163114957511425
68.56448117643595	4.459847182035446
60.66994443535805	-3.4346895590424538
66.29114426672459	2.1865102723240852
61.118796572089195	-2.985837422311306
58.84692373126745	-5.257710263133049
65.5086544379592	1.404020443558693
72.9521413743496	8.847507379949093
61.56604018062353	-2.53859381377697
65.91928572952747	1.8146517351269722
71.93848591297865	7.833851918578148
55.75446955859661	-8.35016443580389
57.39793910086155	-6.706694893538952
62.683877512812614	-1.4207564815878868
59.592207208275795	-4.512426786124706
66.97056702524424	2.8659330308437347
60.86348620802164	-3.2411477863788605
57.49691469222307	-6.607719302177429
58.53929987549782	-5.565334118902683
75.5337849482894	11.429150953888893
71.90287064015865	7.798236645758152
66.23378160595894	2.1291476115584373
59.67268114537001	-4.431952849030495
67.33782864362001	3.233194649219513
65.18676914274693	1.082135148346424
62.201517552137375	-1.9031164422631264
53.66624730080366	-10.43838669359684
69.0108980461955	4.906264051795006
62.100413635373116	-2.0042203590273857
66.79724024236202	2.692606247961521
63.2324086278677	-0.8722253665328026
67.0556793063879	2.9510453119874
52.9477353990078	-11.156898595392704
56.84848144650459	-7.256152547895908
67.75146364420652	3.6468296498060226
68.46601878106594	4.36138478666544
69.36674204468727	5.26210805028677
55.20353848487139	-8.901095509529114
60.421816274523735	-3.682817719876766
58.14514837414026	-5.959485620260239
60.95593619346619	-3.1486978009343147
57.536671459674835	-6.567962534725666
64.28677406162024	0.1821400672197342
60.39781507849693	-3.7068189159035683
63.28519384562969	-0.8194401487708092
67.29873452335596	3.1941005289554596
66.88506010174751	2.7804261073470116
63.08934959024191	-1.0152844041585922
68.88806845247746	4.783434458076954
63.6188807412982	-0.48575325310230255
61.568428456783295	-2.5362055376172066
63.19020550698042	-0.9144284874200821
71.57056803256273	7.4659340381622314
58.29092175513506	-5.813712239265442
69.85912879556417	5.754494801163673
61.970788054168224	-2.133845940232277
62.236988097429276	-1.8676458969712257
66.41375709325075	2.3091230988502502
60.06618522852659	-4.038448765873909
62.8573013395071	-1.2473326548933983
67.49115263670683	3.386518642306328
59.10703941434622	-4.997594580054283
73.56475981324911	9.46012581884861
68.0745662227273	3.9699322283267975
57.048442378640175	-7.056191615760326
61.29658483713865	-2.8080491572618484
75.1375508531928	11.032916858792305
60.89408315718174	-3.2105508372187614
72.76280791312456	8.65817391872406
75.55515997856855	11.450525984168053
56.13773821294308	-7.966895781457424
76.10488086938858	12.000246874988079
55.88888231664896	-8.215751677751541
55.29996656626463	-8.804667428135872
76.49960201978683	12.394968025386333
74.23178934305906	10.127155348658562
66.94456349313259	2.83992949873209
56.76556234806776	-7.339071646332741
69.03485528379679	4.930221289396286
62.92034161835909	-1.1842923760414124
67.11275889724493	3.008124902844429
72.83374775201082	8.729113757610321
67.24949227273464	3.1448582783341408
68.09128978103399	3.9866557866334915
76.34479883313179	12.240164838731289
65.59418389201164	1.4895498976111412
70.75160481780767	6.646970823407173
70.00640492886305	5.901770934462547
71.10180164128542	6.997167646884918
57.75587788969278	-6.348756104707718
52.39577881246805	-11.70885518193245
65.26183498650789	1.1572009921073914
69.61282297968864	5.508188985288143
66.4793082550168	2.3746742606163025
69.75644230097532	5.6518083065748215
59.97503733634949	-4.129596658051014
59.541793912649155	-4.562840081751347
55.33941304683685	-8.765220947563648
67.32578136771917	3.221147373318672
58.238852977752686	-5.865781016647816
61.6582627967	-2.4463711977005005
69.5845759883523	5.4799419939517975
54.41298650205135	-9.691647492349148
73.35668347775936	9.25204948335886
65.85692548006773	1.7522914856672287
56.36950912326574	-7.735124871134758
69.70838358998299	5.603749595582485
60.68207122385502	-3.4225627705454826
60.65903901308775	-3.4455949813127518
69.13573730736971	5.031103312969208
70.05716872960329	5.952534735202789
73.46592978388071	9.36129578948021
66.92134526371956	2.8167112693190575
70.53031122684479	6.425677232444286
61.38375975936651	-2.720874235033989
63.0695478618145	-1.0350861325860023
60.511903420090675	-3.592730574309826
66.63431525230408	2.529681257903576
60.87771397083998	-3.226920023560524
64.77247918397188	0.6678451895713806
69.76384156942368	5.659207575023174
63.864786982536316	-0.23984701186418533
60.004649952054024	-4.0999840423464775
56.5023136138916	-7.6023203805089
68.92032513022423	4.815691135823727
56.632215321063995	-7.472418673336506
61.78784178942442	-2.316792204976082
64.01930823922157	-0.08532575517892838
75.35499569773674	11.250361703336239
56.28634963929653	-7.81828435510397
64.38684054464102	0.28220655024051666
63.92943461239338	-0.17519938200712204
74.73369769752026	10.629063703119755
63.12974663078785	-0.9748873636126518
54.01271291077137	-10.091921083629131
61.98608270287514	-2.118551291525364
53.1901934966445	-10.914440497756004
61.852716848254204	-2.2519171461462975
61.79335868358612	-2.3112753108143806
58.46137294173241	-5.643261052668095
61.11419475078583	-2.9904392436146736
70.89670059084892	6.7920665964484215
68.2817820161581	4.177148021757603
64.21822774410248	0.11359374970197678
64.68649715185165	0.5818631574511528
65.97100439667702	1.866370402276516
66.11099468171597	2.006360687315464
69.7367550060153	5.6321210116147995
64.14594955742359	0.04131556302309036
63.87113043665886	-0.233503557741642
59.31205826252699	-4.792575731873512
61.34939393401146	-2.755240060389042
68.43678288906813	4.332148894667625
65.6556678339839	1.551033839583397
65.38942793756723	1.2847939431667328
68.28172962367535	4.177095629274845
66.41957715898752	2.314943164587021
64.10157088190317	-0.003063112497329712
61.69440622627735	-2.41022776812315
66.04380693286657	1.939172938466072
58.0531912073493	-6.051442787051201
72.57010127604008	8.465467281639576
57.5082103908062	-6.596423603594303
71.43520335108042	7.330569356679916
64.53391490131617	0.4292809069156647
66.44674069434404	2.3421066999435425
59.790330678224564	-4.314303316175938
67.11666113138199	3.0120271369814873
75.43204406648874	11.327410072088242
69.0858722627163	4.981238268315792
73.1354432106018	9.030809216201305
63.37281169742346	-0.7318222969770432
58.463713459670544	-5.640920534729958
61.18890926241875	-2.9157247319817543
71.6107190772891	7.506085082888603
63.89121988415718	-0.21341411024332047
77.32751300185919	13.222879007458687
62.996512070298195	-1.1081219241023064
59.756392121315	-4.348241873085499
66.67914360761642	2.5745096132159233
64.3694908246398	0.26485683023929596
66.84513156116009	2.7404975667595863
56.840654000639915	-7.263979993760586
59.22832740843296	-4.876306585967541
60.561328172683716	-3.5433058217167854
56.79599242657423	-7.308641567826271
71.5849719569087	7.480337962508202
58.7575715854764	-5.347062408924103
68.18268106132746	4.078047066926956
63.45380851626396	-0.6508254781365395
64.06211803108454	-0.042515963315963745
62.18116112053394	-1.923472873866558
58.03660289943218	-6.068031094968319
63.98597164452076	-0.11866234987974167
66.80484925955534	2.7002152651548386
68.56838476657867	4.463750772178173
60.59181755036116	-3.512816444039345
68.33111105114222	4.2264770567417145
62.0973005220294	-2.0073334723711014
66.27631735801697	2.1716833636164665
60.283641181886196	-3.820992812514305
61.37721906602383	-2.7274149283766747
57.871095322072506	-6.233538672327995
59.92120349407196	-4.183430500328541
56.962396286427975	-7.1422377079725266
66.9707508161664	2.8661168217658997
59.664364881813526	-4.440269112586975
51.097748443484306	-13.006885550916195
61.71366522461176	-2.390968769788742
71.01583697646856	6.911202982068062
61.074539326131344	-3.0300946682691574
50.22286180406809	-13.881772190332413
70.06417629867792	5.95954230427742
62.07286338508129	-2.03177060931921
68.7189719825983	4.6143379881978035
68.38096112012863	4.27632712572813
68.01267793029547	3.908043935894966
70.89323557913303	6.7886015847325325
71.14190186560154	7.037267871201038
58.47297206521034	-5.631661929190159
73.76444563269615	9.65981163829565
71.10676302015781	7.002129025757313
60.21183027327061	-3.8928037211298943
66.89008305221796	2.785449057817459
59.25267570465803	-4.85195828974247
74.15949944406748	10.054865449666977
71.501454398036	7.396820403635502
57.668165393173695	-6.436468601226807
69.74854186177254	5.643907867372036
71.19006531685591	7.085431322455406
61.571555249392986	-2.533078745007515
70.58278568834066	6.478151693940163
59.66104982793331	-4.44358416646719
57.90796626359224	-6.196667730808258
62.930832892656326	-1.173801101744175
75.84531595557928	11.74068196117878
71.32712120562792	7.222487211227417
71.29470848292112	7.190074488520622
59.04511069506407	-5.059523299336433
68.97510408610106	4.870470091700554
66.42408339679241	2.3194494023919106
63.23396360874176	-0.870670385658741
70.61982747912407	6.515193484723568
65.58372238278389	1.4790883883833885
57.30571214109659	-6.798921853303909
63.39376907795668	-0.7108649164438248
64.54322624206543	0.43859224766492844
62.979211047291756	-1.1254229471087456
63.916826002299786	-0.18780799210071564
67.31535493582487	3.21072094142437
59.65408904105425	-4.450544953346252
62.90529791265726	-1.1993360817432404
57.44467378407717	-6.659960210323334
61.34269589930773	-2.7619380950927734
61.61133708059788	-2.4932969138026237
61.98847357928753	-2.1161604151129723
63.718164056539536	-0.38646993786096573
66.64449907839298	2.5398650839924812
69.63318822532892	5.528554230928421
67.86768039315939	3.7630463987588882
63.77253998816013	-0.3320940062403679
69.14521823823452	5.040584243834019
68.31668622791767	4.21205223351717
62.99354161322117	-1.1110923811793327
72.06802800297737	7.96339400857687
60.83559215068817	-3.26904184371233
61.347208596765995	-2.7574253976345062
57.478002324700356	-6.626631669700146
66.67490240186453	2.5702684074640274
73.14691703021526	9.042283035814762
63.84982072561979	-0.2548132687807083
62.755873546004295	-1.348760448396206
63.86805780977011	-0.23657618463039398
78.94337271898985	14.838738724589348
64.11638199537992	0.011748000979423523
75.99864649772644	11.89401250332594
57.136485412716866	-6.968148581683636
62.711369439959526	-1.3932645544409752
73.2606605514884	9.156026557087898
61.72273124754429	-2.3819027468562126
66.89796564728022	2.793331652879715
55.31551932543516	-8.78911466896534
57.484271481633186	-6.620362512767315
57.05364330112934	-7.05099069327116
69.97911034524441	5.874476350843906
54.07298740744591	-10.031646586954594
61.054795518517494	-3.049838475883007
62.02630216628313	-2.0783318281173706
61.99294473230839	-2.1116892620921135
70.23868399858475	6.134050004184246
72.95384053140879	8.849206537008286
64.08552923053503	-0.019104763865470886
59.19916404783726	-4.905469946563244
67.80783658474684	3.7032025903463364
65.29551400244236	1.1908800080418587
60.1084998100996	-3.9961341843008995
63.699862979352474	-0.40477101504802704
61.52956875413656	-2.575065240263939
62.88070557266474	-1.2239284217357635
55.75354960560799	-8.351084388792515
61.422049552202225	-2.6825844421982765
52.77613516151905	-11.32849883288145
64.73435074836016	0.6297167539596558
75.56042829155922	11.455794297158718
65.25844889134169	1.153814896941185
63.506948843598366	-0.5976851508021355
68.56323251128197	4.458598516881466
81.16345951706171	17.05882552266121
66.39036364108324	2.2857296466827393
61.870405562222004	-2.2342284321784973
63.960471756756306	-0.14416223764419556
59.53967817872763	-4.5649558156728745
66.39830527454615	2.293671280145645
61.4665352627635	-2.638098731637001
58.84247452765703	-5.262159466743469
55.801397405564785	-8.303236588835716
66.90675136446953	2.802117370069027
63.11825079470873	-0.9863831996917725
66.46707220375538	2.3624382093548775
66.72444697469473	2.6198129802942276
65.65789522975683	1.5532612353563309
61.50952934473753	-2.5951046496629715
69.78682558238506	5.682191587984562
64.11519519984722	0.010561205446720123
71.52966473251581	7.425030738115311
64.68469151109457	0.5800575166940689
59.30605974048376	-4.79857425391674
63.19358644634485	-0.9110475480556488
67.88627263903618	3.7816386446356773
54.57690242677927	-9.527731567621231
69.04785622656345	4.943222232162952
62.44317466765642	-1.6614593267440796
60.774700693786144	-3.329933300614357
71.10117488354445	6.996540889143944
64.95083195716143	0.8461979627609253
76.62972271442413	12.525088720023632
58.473403342068195	-5.631230652332306
62.409523107111454	-1.6951108872890472
64.99244157969952	0.887807585299015
60.59785782545805	-3.5067761689424515
68.30439890176058	4.199764907360077
61.94437599182129	-2.160258002579212
65.15919839590788	1.0545644015073776
69.25013022124767	5.145496226847172
63.37311727553606	-0.7315167188644409
60.480673648416996	-3.6239603459835052
66.42367832362652	2.319044329226017
66.54119221121073	2.4365582168102264
63.53080473840237	-0.5738292559981346
68.26709035038948	4.162456355988979
66.93302031606436	2.8283863216638565
64.97229528427124	0.867661289870739
64.88441994041204	0.7797859460115433
57.82860407978296	-6.2760299146175385
60.685500137507915	-3.4191338568925858
62.469547510147095	-1.6350864842534065
64.863359965384	0.7587259709835052
59.70043710619211	-4.404196888208389
62.68163125962019	-1.4230027347803116
55.89075542241335	-8.213878571987152
63.65955541282892	-0.445078581571579
64.27987173944712	0.1752377450466156
63.14094899594784	-0.9636849984526634
67.01654516905546	2.9119111746549606
63.917795062065125	-0.18683893233537674
60.09816523641348	-4.006468757987022
65.96544004231691	1.8608060479164124
66.80339729040861	2.69876329600811
57.44186681509018	-6.662767179310322
61.99428799003363	-2.1103460043668747
70.23267241567373	6.1280384212732315
65.9778393059969	1.8732053115963936
69.68224176764488	5.577607773244381
69.83670270442963	5.732068710029125
58.54472942650318	-5.55990456789732
54.8732733130455	-9.231360681355
55.61263915151358	-8.491994842886925
63.86654732376337	-0.23808667063713074
53.70600710064173	-10.398626893758774
69.1392254754901	5.034591481089592
59.509870141744614	-4.594763852655888
64.89065730571747	0.786023311316967
62.39658961445093	-1.7080443799495697
57.31846462935209	-6.7861693650484085
54.33164617419243	-9.772987820208073
65.5292150825262	1.4245810881257057
69.90398629009724	5.799352295696735
79.35500621050596	15.250372216105461
58.01022370159626	-6.094410292804241
64.39029431343079	0.2856603190302849
62.88128838688135	-1.2233456075191498
67.07997123897076	2.9753372445702553
66.8268057629466	2.7221717685461044
67.45647823810577	3.3518442437052727
60.181446455419064	-3.9231875389814377
59.23549196869135	-4.869142025709152
67.40771390497684	3.3030799105763435
69.11296539753675	5.008331403136253
60.2906593978405	-3.8139745965600014
61.80758924037218	-2.2970447540283203
67.7742262557149	3.669592261314392
62.00363805145025	-2.1009959429502487
65.74554631859064	1.6409123241901398
59.25703105330467	-4.847602941095829
51.883439131081104	-12.221194863319397
60.37317815423012	-3.7314558401703835
52.41538344323635	-11.68925055116415
67.25689911842346	3.1522651240229607
63.07597608119249	-1.0286579132080078
58.1128753721714	-5.991758622229099
54.3537832275033	-9.750850766897202
60.70191077888012	-3.402723215520382
72.00253528356552	7.89790128916502
66.69524930417538	2.5906153097748756
63.2885078266263	-0.8161261677742004
67.6494797989726	3.5448458045721054
72.1908954679966	8.086261473596096
56.41322083026171	-7.691413164138794
61.953434728085995	-2.1511992663145065
59.52293358743191	-4.581700406968594
62.381859965622425	-1.7227740287780762
66.99024073779583	2.8856067433953285
67.12443921715021	3.01980522274971
60.77650400996208	-3.3281299844384193
69.23550418764353	5.130870193243027
57.064202442765236	-7.040431551635265
67.51864189654589	3.4140079021453857
65.8675309792161	1.7628969848155975
70.26681833714247	6.162184342741966
68.64288441091776	4.538250416517258
68.31800619512796	4.213372200727463
63.68668285012245	-0.41795114427804947
69.61249439418316	5.507860399782658
57.877858839929104	-6.226775154471397
67.98614856600761	3.881514571607113
56.068207770586014	-8.036426223814487
56.60945224761963	-7.495181746780872
66.34709382802248	2.2424598336219788
60.87229926884174	-3.232334725558758
65.63509204983711	1.5304580554366112
61.343718111515045	-2.760915882885456
71.45084286481142	7.346208870410919
63.26858651638031	-0.8360474780201912
55.6249990388751	-8.479634955525398
65.03023397922516	0.9255999848246574
59.07550531625748	-5.0291286781430244
64.65511439740658	0.5504804030060768
67.29783430695534	3.1932003125548363
62.38908318430185	-1.715550810098648
65.35045515745878	1.245821163058281
66.70164328813553	2.5970092937350273
67.9297261685133	3.825092174112797
59.91935746371746	-4.185276530683041
64.66599281877279	0.5613588243722916
64.55565569549799	0.4510217010974884
67.39899206906557	3.2943580746650696
64.30865861475468	0.20402462035417557
63.1678177639842	-0.9368162304162979
68.26859997212887	4.163965977728367
60.132508143782616	-3.9721258506178856
63.35218420624733	-0.7524497881531715
58.820554822683334	-5.284079171717167
72.30843569338322	8.203801698982716
70.10130790621042	5.996673911809921
72.6275001168251	8.522866122424603
65.36809118837118	1.2634571939706802
77.69258814305067	13.58795414865017
63.98101880401373	-0.12361519038677216
70.09933135658503	5.9946973621845245
59.23428110778332	-4.870352886617184
49.01980321854353	-15.084830775856972
60.61430048942566	-3.490333504974842
60.59564582258463	-3.508988171815872
71.65324407815933	7.548610083758831
62.365586161613464	-1.739047832787037
65.64015394449234	1.5355199500918388
71.10608265548944	7.0014486610889435
68.39724945276976	4.292615458369255
67.188581161201	3.083947166800499
60.32054302096367	-3.7840909734368324
63.74951646476984	-0.355117529630661
68.21689658612013	4.112262591719627
64.15981413424015	0.0551801398396492
59.018091827631	-5.0865421667695045
63.51381282508373	-0.5908211693167686
53.36104051023722	-10.743593484163284
65.16087920218706	1.05624520778656
61.76945535838604	-2.3351786360144615
55.73697095364332	-8.36766304075718
62.824356250464916	-1.280277743935585
58.21694230288267	-5.88769169151783
63.57777181267738	-0.5268621817231178
57.75520658493042	-6.349427409470081
63.344531051814556	-0.7601029425859451
63.26965197920799	-0.8349820151925087
65.24959783256054	1.144963838160038
66.6795008033514	2.574866808950901
50.934111051261425	-13.170522943139076
66.56086399406195	2.4562299996614456
62.64124632626772	-1.463387668132782
56.91729053109884	-7.187343463301659
72.20535214990377	8.100718155503273
52.941319927573204	-11.163314066827297
55.71353983134031	-8.391094163060188
60.71744880825281	-3.38718518614769
59.30073408037424	-4.80389991402626
53.42642991244793	-10.678204081952572
70.5928490459919	6.488215051591396
58.71710895001888	-5.3875250443816185
58.00718341767788	-6.097450576722622
66.52075517177582	2.4161211773753166
59.22439002990723	-4.880243964493275
71.2809163108468	7.176282316446304
66.11439181119204	2.0097578167915344
67.52148874104023	3.4168547466397285
54.86692065000534	-9.23771334439516
62.15745694190264	-1.9471770524978638
57.809457398951054	-6.295176595449448
68.2133147791028	4.108680784702301
62.07876369357109	-2.0258703008294106
50.837222807109356	-13.267411187291145
58.04830761253834	-6.0563263818621635
65.75903993844986	1.6544059440493584
59.4753999710083	-4.6292340233922005
62.14256947487593	-1.9620645195245743
65.08476872742176	0.9801347330212593
59.52310289442539	-4.581531099975109
64.84508641064167	0.740452416241169
64.28620185703039	0.18156786262989044
71.90902011841536	7.804386124014854
61.68706674873829	-2.4175672456622124
62.9123862311244	-1.1922477632761002
73.505889557302	9.401255562901497
71.53725863993168	7.4326246455311775
61.78726568818092	-2.317368306219578
68.32957835495472	4.224944360554218
65.05354664474726	0.948912650346756
57.0546999797225	-7.049934014678001
61.13430929929018	-2.970324695110321
63.03858982771635	-1.0660441666841507
61.014798268675804	-3.089835725724697
63.113759480416775	-0.9908745139837265
69.05546646565199	4.950832471251488
60.61231727898121	-3.4923167154192924
60.31386520713568	-3.790768787264824
64.02731566876173	-0.07731832563877106
63.69973821938038	-0.40489577502012253
73.40906999260187	9.30443599820137
53.240645721554756	-10.863988272845745
72.44314405322075	8.338510058820248
70.53154798597097	6.426913991570473
57.05174894630909	-7.052885048091412
63.48555448651314	-0.6190795078873634
59.342335142195225	-4.7622988522052765
58.57070064544678	-5.533933348953724
57.48332668095827	-6.62130731344223
69.7777815386653	5.673147544264793
74.00538567453623	9.900751680135727
66.73256082832813	2.6279268339276314
55.53930900245905	-8.565324991941452
62.78186849504709	-1.3227654993534088
66.93786593526602	2.8332319408655167
65.60369503498077	1.4990610405802727
59.63079587370157	-4.473838120698929
62.58022407442331	-1.524409919977188
66.92531298846006	2.8206789940595627
66.37987217307091	2.2752381786704063
61.82068269699812	-2.283951297402382
66.56481002271175	2.4601760283112526
54.07568474113941	-10.02894925326109
63.871763572096825	-0.2328704223036766
80.17724838852882	16.072614394128323
63.924880154430866	-0.179753839969635
61.86247178167105	-2.242162212729454
66.58834919333458	2.483715198934078
63.68784058094025	-0.41679341346025467
59.222885720431805	-4.881748273968697
62.608056008815765	-1.4965779855847359
61.72391690313816	-2.3807170912623405
72.18488570302725	8.080251708626747
62.022605769336224	-2.0820282250642776
68.6549491584301	4.550315164029598
63.1420706436038	-0.9625633507966995
73.64766974747181	9.543035753071308
64.39891750365496	0.29428350925445557
53.844306744635105	-10.260327249765396
61.89129218459129	-2.213341809809208
67.4703049659729	3.365670971572399
58.996660090982914	-5.107973903417587
64.94764316827059	0.8430091738700867
67.49058596044779	3.385951966047287
60.47260773926973	-3.632026255130768
58.617760732769966	-5.486873261630535
70.41588325053453	6.311249256134033
61.93894824385643	-2.165685750544071
50.74022736400366	-13.364406630396843
55.139200545847416	-8.965433448553085
66.70616218447685	2.601528190076351
66.75319647043943	2.648562476038933
62.96714720129967	-1.137486793100834
65.71473457664251	1.610100582242012
48.113603837788105	-15.991030156612396
62.435172356665134	-1.6694616377353668
61.15769699215889	-2.9469370022416115
57.29207485169172	-6.812559142708778
53.22231134772301	-10.882322646677494
66.54393255710602	2.439298562705517
66.33101338893175	2.22637939453125
67.43333654850721	3.3287025541067123
58.398008823394775	-5.706625171005726
67.46910595148802	3.364471957087517
60.49710965156555	-3.6075243428349495
54.516149796545506	-9.588484197854996
74.52234246581793	10.417708471417427
63.022672452032566	-1.0819615423679352
58.25146381556988	-5.853170178830624
54.932032115757465	-9.172601878643036
64.93069504201412	0.8260610476136208
70.12368595600128	6.0190519616007805
70.88575586676598	6.781121872365475
59.63354355841875	-4.4710904359817505
73.86857356876135	9.763939574360847
60.58154313266277	-3.523090861737728
63.95531156659126	-0.14932242780923843
66.43302351236343	2.3283895179629326
66.59831316024065	2.493679165840149
63.00354363769293	-1.101090356707573
66.12887221574783	2.024238221347332
59.623380564153194	-4.481253430247307
75.38104466348886	11.276410669088364
62.8305062353611	-1.274127759039402
54.26691993325949	-9.837714061141014
56.26162435114384	-7.843009643256664
66.37693466246128	2.2723006680607796
56.47735011577606	-7.627283878624439
68.21925102174282	4.1146170273423195
60.63281324505806	-3.4718207493424416
60.940098874270916	-3.1645351201295853
65.60057173669338	1.495937742292881
64.83327751606703	0.7286435216665268
67.39355333894491	3.2889193445444107
63.27084940671921	-0.8337845876812935
56.56780067831278	-7.536833316087723
66.51658663898706	2.411952644586563
63.395372591912746	-0.7092614024877548
57.4818262681365	-6.622807726264
63.26147199422121	-0.8431620001792908
64.25654575228691	0.15191175788640976
59.484384424984455	-4.620249569416046
56.488996624946594	-7.615637369453907
68.91650514304638	4.811871148645878
70.62694876641035	6.5223147720098495
62.358889035880566	-1.7457449585199356
68.10566659271717	4.0010325983166695
68.30351807922125	4.198884084820747
61.05254701524973	-3.052086979150772
70.89825256168842	6.793618567287922
70.34090131521225	6.2362673208117485
56.33252975344658	-7.772104240953922
59.097882218658924	-5.006751775741577
61.06451512128115	-3.0401188731193542
63.99956875294447	-0.1050652414560318
55.94105242937803	-8.163581565022469
59.424805231392384	-4.679828763008118
61.67379443347454	-2.4308395609259605
59.26931957155466	-4.8353144228458405
62.63914901018143	-1.4654849842190742
65.87734601646662	1.7727120220661163
65.64055151492357	1.5359175205230713
67.10464074462652	3.000006750226021
58.50351945310831	-5.6011145412921906
69.8882273286581	5.783593334257603
64.30507203191519	0.20043803751468658
67.35463229566813	3.249998301267624
64.0955408513546	-0.009093143045902252
61.588006511330605	-2.5166274830698967
56.22367201000452	-7.880961984395981
59.23155963420868	-4.873074360191822
69.76437949389219	5.659745499491692
57.786002077162266	-6.3186319172382355
70.76523435115814	6.660600356757641
62.563607543706894	-1.5410264506936073
66.572957649827	2.4683236554265022
68.19886783510447	4.094233840703964
72.84777504205704	8.743141047656536
63.61065834015608	-0.4939756542444229
63.65435955673456	-0.45027443766593933
60.95407389104366	-3.1505601033568382
69.16351863741875	5.058884643018246
73.3046567812562	9.200022786855698
61.24590603262186	-2.8587279617786407
74.81218887865543	10.707554884254932
68.06701374053955	3.9623797461390495
59.803314849734306	-4.301319144666195
59.77634612470865	-4.328287869691849
63.59653852880001	-0.5080954656004906
61.094680681824684	-3.009953312575817
59.96470761299133	-4.139926381409168
60.52505615353584	-3.5795778408646584
62.86575299501419	-1.2388809993863106
57.071668811142445	-7.032965183258057
65.31727895885706	1.2126449644565582
58.272984743118286	-5.831649251282215
63.93673396110535	-0.16790003329515457
66.77888954430819	2.6742555499076843
61.169477231800556	-2.935156762599945
66.48769696801901	2.3830629736185074
59.844881534576416	-4.259752459824085
67.37355747073889	3.2689234763383865
61.90735359489918	-2.1972803995013237
60.62467338144779	-3.479960612952709
59.21200108528137	-4.892632909119129
69.2059014737606	5.101267479360104
60.80671948194504	-3.2979145124554634
55.55786969512701	-8.546764299273491
70.00329372286797	5.8986597284674644
65.11699642241001	1.01236242800951
59.571621626615524	-4.533012367784977
67.47277917712927	3.3681451827287674
74.9791448712349	10.874510876834393
70.60414686053991	6.499512866139412
61.55270317941904	-2.5519308149814606
72.30154404044151	8.196910046041012
66.29349400103092	2.1888600066304207
71.64328937977552	7.538655385375023
60.09034697711468	-4.014287017285824
64.45493269711733	0.3502987027168274
60.02633760124445	-4.078296393156052
67.56861186027527	3.4639778658747673
60.51502498239279	-3.5896090120077133
71.4468430429697	7.342209048569202
67.46735533326864	3.362721338868141
64.31937286257744	0.2147388681769371
76.28556682914495	12.180932834744453
66.91676384955645	2.812129855155945
62.53201907873154	-1.5726149156689644
64.00988483428955	-0.09474916011095047
62.73050671815872	-1.3741272762417793
73.66151723265648	9.556883238255978
64.50304385274649	0.3984098583459854
73.84886075556278	9.744226761162281
62.25785034149885	-1.8467836529016495
51.57493855804205	-12.529695436358452
68.1690049842	4.0643709897994995
64.36500170826912	0.260367713868618
77.25778272002935	13.153148725628853
59.31072896718979	-4.793905027210712
61.98953316360712	-2.1151008307933807
60.646742790937424	-3.4578912034630775
66.14300571382046	2.038371719419956
67.65581191331148	3.5511779189109802
63.96490152925253	-0.1397324651479721
64.70515970140696	0.6005257070064545
57.45743101835251	-6.647202976047993
51.960514798760414	-12.144119195640087
57.689862847328186	-6.414771147072315
64.06317719817162	-0.04145679622888565
68.1041030883789	3.999469093978405
65.28913781791925	1.184503823518753
72.38340429216623	8.278770297765732
65.4375037997961	1.3328698053956032
60.40300404280424	-3.70162995159626
50.7643920481205	-13.340241946280003
64.49566825479269	0.391034260392189
67.41502694785595	3.310392953455448
62.810743525624275	-1.293890468776226
54.93868710845709	-9.165946885943413
62.37561095505953	-1.729023039340973
58.99753039330244	-5.107103601098061
70.75629853457212	6.651664540171623
66.32260593771935	2.217971943318844
64.5717998817563	0.46716588735580444
54.57640639692545	-9.528227597475052
67.02425245195627	2.919618457555771
67.44273410737514	3.3381001129746437
68.41851817071438	4.313884176313877
59.811894565820694	-4.292739428579807
55.44137414544821	-8.663259848952293
60.942050106823444	-3.162583887577057
60.45363460481167	-3.650999389588833
55.92647997289896	-8.178154021501541
68.02689004689455	3.922256052494049
62.306015603244305	-1.7986183911561966
67.48217564821243	3.3775416538119316
58.56920240074396	-5.53543159365654
56.31413985788822	-7.7904941365122795
72.55765887349844	8.453024879097939
64.49174475669861	0.38711076229810715
63.948563888669014	-0.15607010573148727
55.18963623791933	-8.91499775648117
53.92117699235678	-10.183457002043724
65.76605822145939	1.6614242270588875
73.08691439777613	8.982280403375626
73.89549021422863	9.790856219828129
66.33408053964376	2.2294465452432632
61.95442546159029	-2.150208532810211
71.59133933484554	7.486705340445042
61.463422141969204	-2.6412118524312973
60.519820503890514	-3.584813490509987
70.80276547372341	6.69813147932291
54.68222625553608	-9.422407738864422
69.84097400307655	5.736340008676052
72.48053224384785	8.375898249447346
58.09105098247528	-6.0135830119252205
66.05110097676516	1.9464669823646545
58.462502889335155	-5.642131105065346
73.06608363986015	8.961449645459652
63.71545683592558	-0.3891771584749222
63.349718526005745	-0.7549154683947563
64.94494073837996	0.840306743979454
59.634053751826286	-4.470580242574215
65.56683761626482	1.4622036218643188
62.900187872350216	-1.2044461220502853
63.57394202053547	-0.5306919738650322
74.1604838296771	10.055849835276604
72.31566920131445	8.211035206913948
65.26323495805264	1.158600963652134
65.65943022817373	1.5547962337732315
55.062597900629044	-9.042036093771458
62.79545188695192	-1.3091821074485779
62.17925927788019	-1.9253747165203094
65.31336824595928	1.2087342515587807
67.61682586371899	3.5121918693184853
65.04361817240715	0.938984178006649
63.09077003598213	-1.0138639584183693
66.30283211171627	2.198198117315769
62.51846806704998	-1.586165927350521
62.82129751890898	-1.2833364754915237
71.73311799019575	7.62848399579525
63.32631108909845	-0.7783229053020477
64.34021114557981	0.23557715117931366
56.887739293277264	-7.216894701123238
60.85671551525593	-3.247918479144573
67.37234885245562	3.2677148580551147
59.22177577018738	-4.882858224213123
66.72833477705717	2.6237007826566696
74.79391746222973	10.689283467829227
63.134461507201195	-0.9701724871993065
71.35167314112186	7.247039146721363
78.23720099031925	14.13256699591875
56.429865799844265	-7.674768194556236
63.59646874666214	-0.5081652477383614
59.863828241825104	-4.2408057525753975
62.22790051996708	-1.876733474433422
67.9321316704154	3.8274976760149
59.06888195127249	-5.035752043128014
61.0521375387907	-3.0524964556097984
59.08924660086632	-5.0153873935341835
64.93883669376373	0.8342026993632317
61.171407759189606	-2.9332262352108955
71.06919717788696	6.964563183486462
60.41052836924791	-3.694105625152588
61.00265245884657	-3.101981535553932
65.3373154476285	1.2326814532279968
60.82341859489679	-3.281215399503708
62.21373652666807	-1.8908974677324295
67.29945749789476	3.1948235034942627
54.80943325161934	-9.295200742781162
74.55619336664677	10.451559372246265
70.08146522939205	5.9768312349915504
68.56464231014252	4.460008315742016
60.73864362388849	-3.3659903705120087
65.14347857236862	1.0388445779681206
71.38824585080147	7.283611856400967
49.775146484375	-14.329487510025501
64.68302571773529	0.5783917233347893
77.70355621725321	13.598922222852707
68.66725818067789	4.5626241862773895
61.828076131641865	-2.2765578627586365
69.17992880195379	5.075294807553291
60.29242631047964	-3.8122076839208603
63.16203820705414	-0.9425957873463631
65.04315584152937	0.9385218471288681
62.32617824524641	-1.7784557491540909
72.09557973593473	7.990945741534233
57.40711431950331	-6.697519674897194
64.81047918647528	0.7058451920747757
63.26003021746874	-0.8446037769317627
64.93820571154356	0.8335717171430588
61.33045552670956	-2.7741784676909447
66.74471170455217	2.6400777101516724
61.57489858567715	-2.5297354087233543
66.48739016056061	2.3827561661601067
60.21830240637064	-3.8863315880298615
59.02193933725357	-5.082694657146931
75.09705497324467	10.992420978844166
62.73663807660341	-1.3679959177970886
70.7351196706295	6.630485676229
57.807684883475304	-6.296949110925198
56.305389970541	-7.799244023859501
70.98318040370941	6.87854640930891
67.66334050893784	3.5587065145373344
55.87763296067715	-8.227001033723354
60.55184080451727	-3.552793189883232
72.3359953686595	8.231361374258995
61.99123778939247	-2.11339620500803
65.63336802273989	1.528734028339386
57.86343798786402	-6.241196006536484
68.25518853962421	4.150554545223713
58.42241843044758	-5.682215563952923
65.8038170337677	1.699183039367199
61.13881842046976	-2.9658155739307404
62.602723732590675	-1.501910261809826
68.11964364349842	4.0150096490979195
81.85257405042648	17.747940056025982
58.59598498791456	-5.508649006485939
55.80121985077858	-8.303414143621922
56.3018057346344	-7.802828259766102
62.508433774113655	-1.5962002202868462
60.422200202941895	-3.6824337914586067
60.90505325049162	-3.199580743908882
55.03778142482042	-9.066852569580078
71.54494296014309	7.440308965742588
69.11775635927916	5.0131223648786545
55.37288839370012	-8.731745600700378
63.80998596549034	-0.29464802891016006
61.925497099757195	-2.1791368946433067
56.43367440998554	-7.670959584414959
55.139775298535824	-8.964858695864677
66.08675466477871	1.9821206703782082
73.7555303350091	9.650896340608597
61.928225472569466	-2.1764085218310356
58.22185432165861	-5.88277967274189
58.01402412354946	-6.09060987085104
72.38461823016405	8.27998423576355
65.84184942394495	1.7372154295444489
57.97402010113001	-6.1306138932704926
58.317994989454746	-5.786639004945755
61.522463113069534	-2.582170881330967
68.02390027791262	3.9192662835121155
60.31950180232525	-3.7851321920752525
64.3788559064269	0.27422191202640533
66.09605336934328	1.9914193749427795
69.63835444301367	5.533720448613167
61.2549866437912	-2.8496473506093025
69.09987641870975	4.995242424309254
51.69321610033512	-12.41141789406538
62.24934720247984	-1.855286791920662
58.486082412302494	-5.618551582098007
63.86006407439709	-0.24456992000341415
71.22505839169025	7.120424397289753
64.05986027419567	-0.04477372020483017
70.07003676146269	5.965402767062187
68.21463716775179	4.110003173351288
62.75413742661476	-1.35049656778574
68.86449178308249	4.759857788681984
60.89768976718187	-3.206944227218628
67.32734753936529	3.2227135449647903
54.155036613345146	-9.949597381055355
71.93918924033642	7.834555245935917
69.97626206278801	5.871628068387508
59.83130452781916	-4.273329466581345
62.939055144786835	-1.1655788496136665
64.25297483801842	0.1483408436179161
66.63328280299902	2.5286488085985184
62.11380784213543	-1.9908261522650719
58.24179257452488	-5.862841419875622
64.74010368436575	0.6354696899652481
70.57076957076788	6.466135576367378
61.967109210789204	-2.1375247836112976
62.576903998851776	-1.5277299955487251
60.455395109951496	-3.649238884449005
56.716206938028336	-7.388427056372166
61.319555297493935	-2.7850786969065666
64.35554870963097	0.25091471523046494
63.58572010695934	-0.5189138874411583
58.78688623011112	-5.317747764289379
57.67095926403999	-6.433674730360508
52.59015295654535	-11.514481037855148
60.170120015740395	-3.9345139786601067
80.75793673098087	16.653302736580372
59.5120689868927	-4.592565007507801
57.06408116966486	-7.0405528247356415
64.49044527113438	0.3858112767338753
55.91814944893122	-8.186484545469284
60.704366989433765	-3.400267004966736
64.09973283112049	-0.004901163280010223
58.096464939415455	-6.008169054985046
67.94568017870188	3.8410461843013763
61.6761389374733	-2.428495056927204
54.78411980718374	-9.320514187216759
66.55623468011618	2.4516006857156754
59.17397136986256	-4.930662624537945
56.84460020810366	-7.2600337862968445
60.037095099687576	-4.067538894712925
66.01421174407005	1.9095777496695518
57.942100659012794	-6.162533335387707
59.00579022616148	-5.098843768239021
79.23128940165043	15.126655407249928
68.66089376807213	4.556259773671627
47.55172964185476	-16.552904352545738
56.35817037522793	-7.746463619172573
56.52662789821625	-7.578006096184254
57.572996750473976	-6.531637243926525
64.12048448622227	0.0158504918217659
62.188084714114666	-1.9165492802858353
64.46875336021185	0.36411936581134796
61.100626826286316	-3.0040071681141853
62.27879433333874	-1.8258396610617638
53.857776932418346	-10.246857061982155
67.09732159227133	2.9926875978708267
70.37592993676662	6.271295942366123
65.76400799304247	1.6593739986419678
56.78624456375837	-7.318389430642128
52.257305681705475	-11.847328312695026
54.71554859727621	-9.38908539712429
60.31122728437185	-3.7934067100286484
75.61762854456902	11.512994550168514
62.96684496104717	-1.1377890333533287
67.55645764619112	3.451823651790619
60.26272129267454	-3.8419127017259598
66.08083039522171	1.976196400821209
66.64601062238216	2.5413766279816628
61.467316560447216	-2.637317433953285
66.95157996565104	2.846945971250534
61.46237042546272	-2.6422635689377785
60.086729407310486	-4.017904587090015
69.17599462717772	5.071360632777214
71.18394952267408	7.0793155282735825
67.53264934569597	3.428015351295471
68.062648832798	3.958014838397503
59.20253901928663	-4.902094975113869
58.59881230443716	-5.505821689963341
52.90414213389158	-11.200491860508919
63.84859040379524	-0.25604359060525894
65.77330609411001	1.6686720997095108
60.92015261948109	-3.1844813749194145
69.71915025264025	5.614516258239746
67.09692610055208	2.992292106151581
60.82515320926905	-3.2794807851314545
60.27991124987602	-3.824722744524479
70.02729777991772	5.922663785517216
65.28141344338655	1.1767794489860535
65.97732128947973	1.8726872950792313
73.91229278594255	9.807658791542053
71.39250048995018	7.287866495549679
72.73728307336569	8.632649078965187
62.272997327148914	-1.831636667251587
70.8787664398551	6.7741324454545975
65.22682739794254	1.1221934035420418
64.22052892297506	0.11589492857456207
69.54261549562216	5.437981501221657
58.2533453181386	-5.851288676261902
62.05211950838566	-2.052514486014843
76.16359286010265	12.058958865702152
53.399850487709045	-10.704783506691456
61.74651884287596	-2.3581151515245438
58.76779046654701	-5.336843527853489
62.70316243171692	-1.4014715626835823
65.33679384738207	1.2321598529815674
71.31748853623867	7.212854541838169
65.85462060570717	1.7499866113066673
61.73923873156309	-2.36539526283741
69.83691281825304	5.732278823852539
62.546417742967606	-1.5582162514328957
58.53479166328907	-5.569842331111431
56.995164930820465	-7.109469063580036
70.81904266029596	6.714408665895462
73.77912148088217	9.674487486481667
66.2685994580388	2.1639654636383057
62.59726978838444	-1.5073642060160637
66.88988442718983	2.7852504327893257
62.43598938733339	-1.6686446070671082
61.96538580954075	-2.1392481848597527
72.53388843685389	8.429254442453384
66.06433113664389	1.9596971422433853
65.99342032521963	1.88878633081913
78.72551922500134	14.620885230600834
71.22970071434975	7.1250667199492455
64.07741701602936	-0.02721697837114334
66.74555103480816	2.6409170404076576
66.01541254669428	1.9107785522937775
70.97561816871166	6.870984174311161
52.529855735599995	-11.574778258800507
65.02916876226664	0.9245347678661346
58.390987396240234	-5.713646598160267
57.364598743617535	-6.740035250782967
58.90247967839241	-5.202154316008091
61.784528486430645	-2.3201055079698563
66.99031181633472	2.885677821934223
58.54077508300543	-5.563858911395073
62.1315677985549	-1.973066195845604
66.24664415419102	2.142010159790516
61.66540576517582	-2.439228229224682
57.71745114773512	-6.387182846665382
65.58465922623873	1.4800252318382263
53.297586768865585	-10.807047225534916
59.70840258896351	-4.396231405436993
68.70636489242315	4.601730898022652
67.69642567634583	3.591791681945324
58.06661031395197	-6.038023680448532
75.25483611226082	11.150202117860317
61.08860856294632	-3.0160254314541817
60.654218286275864	-3.4504157081246376
62.53009285777807	-1.574541136622429
55.60284584015608	-8.501788154244423
71.07083816826344	6.966204173862934
57.982640877366066	-6.121993117034435
68.67328963428736	4.568655639886856
72.46247047185898	8.357836477458477
66.6341662555933	2.5295322611927986
70.87410368770361	6.769469693303108
57.30575744062662	-6.79887655377388
59.402674078941345	-4.701959915459156
60.828004129230976	-3.276629865169525
69.73549094796181	5.630856953561306
63.320992685854435	-0.7836413085460663
59.75947839021683	-4.345155604183674
63.83036897331476	-0.27426502108573914
62.61293909698725	-1.4916948974132538
59.690728686749935	-4.413905307650566
62.0935016348958	-2.0111323595046997
61.698136784136295	-2.406497210264206
70.90746485441923	6.80283086001873
72.91421230882406	8.809578314423561
70.58359354734421	6.4789595529437065
67.53815575689077	3.4335217624902725
65.1119990721345	1.0073650777339935
63.940251380205154	-0.16438261419534683
61.55760598927736	-2.5470280051231384
74.05364833027124	9.949014335870743
61.52837526798248	-2.5762587264180183
61.27917301654816	-2.8254609778523445
57.77426873892546	-6.330365255475044
58.02232225239277	-6.082311742007732
50.98041173070669	-13.12422226369381
62.81019651144743	-1.2944374829530716
56.4082492813468	-7.696384713053703
62.933176681399345	-1.1714573130011559
59.781685687601566	-4.322948306798935
59.722832195460796	-4.381801798939705
66.5908337533474	2.4861997589468956
52.88135603815317	-11.22327795624733
67.7285043373704	3.6238703429698944
63.094086810946465	-1.0105471834540367
61.93445769697428	-2.1701762974262238
60.88637213408947	-3.2182618603110313
64.1388825327158	0.03424853831529617
65.60172720253468	1.4970932081341743
64.64690402895212	0.5422700345516205
53.988640151917934	-10.115993842482567
67.04144193977118	2.936807945370674
68.93875835835934	4.834124363958836
57.266424894332886	-6.8382091000676155
74.5896965265274	10.485062532126904
71.43839145451784	7.33375746011734
70.0937921255827	5.989158131182194
67.03803426772356	2.933400273323059
56.265345223248005	-7.839288771152496
68.26470517367125	4.160071179270744
60.14638075232506	-3.9582532420754433
69.80687468498945	5.702240690588951
74.71507293730974	10.61043894290924
69.30225882679224	5.197624832391739
65.54504507780075	1.4404110834002495
64.24598472565413	0.14135073125362396
59.88388608396053	-4.220747910439968
66.0135107934475	1.9088767990469933
65.36615739017725	1.2615233957767487
71.38377089053392	7.279136896133423
65.655078753829	1.5504447594285011
64.76823073625565	0.6635967418551445
67.33145314455032	3.2268191501498222
73.63368744403124	9.529053449630737
61.348565474152565	-2.7560685202479362
61.19419914484024	-2.9104348495602608
51.253056310117245	-12.851577684283257
63.02026775479317	-1.0843662396073341
66.92140977829695	2.8167757838964462
65.32200635224581	1.2173723578453064
64.11847557872534	0.013841584324836731
55.13531928509474	-8.969314709305763
62.621681682765484	-1.4829523116350174
59.773156084120274	-4.331477910280228
56.58602266013622	-7.518611334264278
71.44750405102968	7.342870056629181
56.03138788044453	-8.073246113955975
55.441370613873005	-8.663263380527496
58.31157695502043	-5.7930570393800735
72.89599238336086	8.791358388960361
68.247942738235	4.1433087438344955
75.48949570953846	11.384861715137959
74.58409532159567	10.479461327195168
72.6433194950223	8.538685500621796
59.870040237903595	-4.234593756496906
59.868403896689415	-4.236230097711086
57.83222494274378	-6.272409051656723
66.14906237274408	2.044428378343582
65.29919987171888	1.1945658773183823
61.87793096899986	-2.2267030254006386
62.83272622525692	-1.2719077691435814
63.28223104774952	-0.8224029466509819
68.66396804898977	4.5593340545892715
68.56758692860603	4.462952934205532
70.06752198934555	5.962887994945049
66.46493991464376	2.3603059202432632
70.33035787940025	6.225723884999752
57.86376219987869	-6.240871794521809
67.83511699736118	3.730483002960682
70.50433644652367	6.399702452123165
67.54919849336147	3.444564498960972
63.9942792057991	-0.11035478860139847
73.57391147315502	9.46927747875452
62.30003835260868	-1.8045956417918205
60.57744611799717	-3.5271878764033318
64.53277166932821	0.4281376749277115
62.987889021635056	-1.1167449727654457
65.90214213728905	1.797508142888546
64.46216489374638	0.3575308993458748
63.29530069231987	-0.8093333020806313
55.71610686928034	-8.388527125120163
64.10309954732656	-0.0015344470739364624
65.66815125197172	1.5635172575712204
56.82875061780214	-7.275883376598358
70.47407468408346	6.3694406896829605
69.90921492129564	5.804580926895142
73.18180532753468	9.077171333134174
67.26045518368483	3.1558211892843246
58.81936479359865	-5.285269200801849
70.80933501571417	6.704701021313667
67.05790244042873	2.9532684460282326
63.296568758785725	-0.8080652356147766
68.88480309396982	4.780169099569321
57.67962957173586	-6.425004422664642
61.206974901258945	-2.897659093141556
60.687193870544434	-3.4174401238560677
68.34103349596262	4.2363995015621185
71.71027164906263	7.605637654662132
63.19219582527876	-0.9124381691217422
69.71085475385189	5.606220759451389
63.73788175731897	-0.3667522370815277
67.39648270606995	3.291848711669445
58.62285090982914	-5.4817830845713615
70.86149685829878	6.756862863898277
70.59019251167774	6.485558517277241
67.71142081171274	3.6067868173122406
58.55270232260227	-5.551931671798229
75.80837608873844	11.70374209433794
63.56540898233652	-0.5392250120639801
65.83105124533176	1.726417250931263
71.58228542655706	7.477651432156563
58.04560212790966	-6.059031866490841
70.09827081859112	5.993636824190617
75.67152462899685	11.566890634596348
58.77530774474144	-5.329326249659061
56.7742398455739	-7.330394148826599
72.87760393321514	8.77296993881464
66.27054186165333	2.1659078672528267
62.51817940175533	-1.5864545926451683
59.64582444727421	-4.458809547126293
63.59015532582998	-0.5144786685705185
68.72876965254545	4.624135658144951
65.3725436925888	1.267909698188305
69.65823245048523	5.553598456084728
70.85849288851023	6.753858894109726
56.78446013480425	-7.320173859596252
53.855697974562645	-10.248936019837856
59.95861143618822	-4.14602255821228
69.13242215663195	5.027788162231445
68.4208454862237	4.316211491823196
