Ea=97.77587851881981	delta_Ea
97.05722636729479	-0.7186521515250206
97.83049476891756	0.05461625009775162
107.90511903911829	10.129240520298481
117.93992853164673	20.16405001282692
85.64762746542692	-12.128251053392887
102.6911610364914	4.915282517671585
83.44157999753952	-14.334298521280289
88.99324637651443	-8.782632142305374
117.34747815877199	19.571599639952183
96.14051928371191	-1.6353592351078987
84.09352327138186	-13.682355247437954
114.80428802222013	17.028409503400326
83.51201039552689	-14.263868123292923
93.25026889145374	-4.525609627366066
94.01626995950937	-3.7596085593104362
104.42208504676819	6.6462065279483795
104.00137252360582	6.225494004786015
125.77685631066561	28.0009777918458
94.72317646443844	-3.0527020543813705
86.97311890125275	-10.802759617567062
111.84179283678532	14.065914317965508
91.63564137369394	-6.140237145125866
91.91699308902025	-5.858885429799557
89.08417651057243	-8.691702008247375
114.37356753647327	16.597689017653465
125.61818678677082	27.84230826795101
99.47207502275705	1.6961965039372444
60.952645532786846	-36.82323298603296
116.87449638545513	19.098617866635323
101.34417671710253	3.5682981982827187
76.96684484928846	-20.809033669531345
124.13027283549309	26.35439431667328
101.51286996901035	3.736991450190544
83.65619244426489	-14.11968607455492
87.29465701431036	-10.481221504509449
113.07152546942234	15.295646950602531
99.28953038156033	1.5136518627405167
94.49224220961332	-3.2836363092064857
120.77982176095247	23.003943242132664
111.73988574743271	13.9640072286129
112.47972568124533	14.703847162425518
99.71725642681122	1.9413779079914093
74.40780589729548	-23.368072621524334
115.88265120983124	18.10677269101143
101.26606311649084	3.490184597671032
60.12777540832758	-37.64810311049223
105.64630122482777	7.8704227060079575
98.54706277698278	0.7711842581629753
105.49675713479519	7.72087861597538
105.0433897972107	7.267511278390884
90.44169620424509	-7.3341823145747185
90.04487632960081	-7.731002189218998
116.30717492103577	18.531296402215958
106.29311646521091	8.517237946391106
108.66583946347237	10.889960944652557
98.93936116248369	1.1634826436638832
122.17844399809837	24.402565479278564
114.3157223239541	16.539843805134296
83.13871029019356	-14.637168228626251
112.7921440526843	15.016265533864498
124.36925456672907	26.59337604790926
75.72849386185408	-22.047384656965733
90.17820961773396	-7.597668901085854
106.5559006407857	8.780022121965885
91.07016886770725	-6.7057096511125565
85.25010232627392	-12.52577619254589
112.5604367479682	14.784558229148388
82.28179889917374	-15.494079619646072
65.19909873604774	-32.576779782772064
62.54107676446438	-35.23480175435543
133.43233831971884	35.65645980089903
103.36937601864338	5.59349749982357
99.12656948715448	1.3506909683346748
100.13123704493046	2.355358526110649
75.7663791179657	-22.00949940085411
96.3356124535203	-1.440266065299511
81.95499682426453	-15.820881694555283
89.54554676264524	-8.230331756174564
75.6046175211668	-22.171260997653008
124.75247965753078	26.976601138710976
80.38715796172619	-17.38872055709362
106.65411353856325	8.878235019743443
111.43449604511261	13.658617526292801
105.42504170536995	7.64916318655014
106.76519078016281	8.989312261343002
111.22317925095558	13.447300732135773
110.92715682834387	13.15127830952406
135.40951669216156	37.63363817334175
92.12122400850058	-5.654654510319233
102.63332676887512	4.857448250055313
101.01600176095963	3.2401232421398163
99.83333230018616	2.0574537813663483
67.30008754879236	-30.475790970027447
98.5705755352974	0.7946970164775848
102.31732549518347	4.541446976363659
113.73898002505302	15.963101506233215
84.99104479700327	-12.78483372181654
84.26994113624096	-13.50593738257885
86.86469957977533	-10.911178939044476
97.85319315642118	0.07731463760137558
108.09574002027512	10.319861501455307
78.83737309277058	-18.938505426049232
118.14712426066399	20.371245741844177
88.87839176505804	-8.897486753761768
98.00916340202093	0.23328488320112228
89.8630160689354	-7.912862449884415
119.8736959695816	22.097817450761795
89.97332104295492	-7.802557475864887
92.66680532693863	-5.10907319188118
106.473588578403	8.697710059583187
110.8260081782937	13.050129659473896
84.59364876151085	-13.18222975730896
102.40874469280243	4.63286617398262
110.38864094763994	12.612762428820133
103.61070632189512	5.834827803075314
89.85731993615627	-7.918558582663536
96.02694924175739	-1.748929277062416
88.67327570170164	-9.102602817118168
86.200764387846	-11.575114130973816
102.24796739220619	4.472088873386383
87.82074576616287	-9.955132752656937
88.45490185916424	-9.320976659655571
103.2480831593275	5.472204640507698
107.24027087539434	9.464392356574535
93.20536091178656	-4.570517607033253
119.1764599531889	21.400581434369087
103.76563074439764	5.989752225577831
105.0545511469245	7.278672628104687
121.69865369796753	23.92277517914772
114.49296201765537	16.717083498835564
106.65218368917704	8.876305170357227
84.04537377506495	-13.730504743754864
97.52910420298576	-0.2467743158340454
90.68856842070818	-7.0873100981116295
107.13139298558235	9.355514466762543
104.81003668159246	7.0341581627726555
65.41268869489431	-32.363189823925495
70.75523343682289	-27.020645081996918
79.44036799669266	-18.33551052212715
89.08303979039192	-8.692838728427887
102.21467347443104	4.438794955611229
94.47009901702404	-3.3057795017957687
77.91409084945917	-19.861787669360638
99.21689764410257	1.4410191252827644
106.62067975848913	8.844801239669323
82.93562038242817	-14.84025813639164
116.53023321181536	18.75435469299555
94.95743083953857	-2.8184476792812347
76.08306685835123	-21.69281166046858
123.59112456440926	25.815246045589447
79.8213534578681	-17.95452506095171
100.03169297426939	2.255814455449581
72.09866286069155	-25.67721565812826
75.15934590250254	-22.616532616317272
81.61854475736618	-16.15733376145363
99.25207344442606	1.4761949256062508
87.09473672509193	-10.681141793727875
66.29355582594872	-31.482322692871094
92.66438646614552	-5.1114920526742935
114.23196629434824	16.45608777552843
93.95827382057905	-3.817604698240757
84.59998346120119	-13.175895057618618
80.08448265492916	-17.691395863890648
108.43282750993967	10.656948991119862
97.13834547996521	-0.637533038854599
96.79504236578941	-0.9808361530303955
100.01778580993414	2.2419072911143303
106.77986943721771	9.003990918397903
110.2396315857768	12.463753066956997
99.71051162481308	1.9346331059932709
98.65199635922909	0.8761178404092789
85.71247158199549	-12.063406936824322
107.17353917658329	9.397660657763481
85.97974345088005	-11.796135067939758
116.49223678559065	18.71635826677084
111.88167483359575	14.105796314775944
97.73636301606894	-0.039515502750873566
84.25356940180063	-13.522309117019176
113.88368801027536	16.107809491455555
92.09151185303926	-5.684366665780544
110.79662292450666	13.020744405686855
105.52749626338482	7.75161774456501
82.48396565765142	-15.291912861168385
87.5046282634139	-10.271250255405903
91.25764474272728	-6.518233776092529
117.33995301276445	19.564074493944645
106.77642826735973	9.000549748539925
106.02428019046783	8.248401671648026
100.87233114987612	3.0964526310563087
85.43771699815989	-12.338161520659924
111.74751765280962	13.971639133989811
73.44299218058586	-24.332886338233948
105.63166772574186	7.855789206922054
89.80142636597157	-7.974452152848244
120.16501015424728	22.389131635427475
86.4313202649355	-11.344558253884315
82.0199234187603	-15.75595510005951
105.13807365298271	7.362195134162903
103.58818404376507	5.812305524945259
101.86797671765089	4.092098198831081
92.98251080513	-4.793367713689804
91.33109142631292	-6.4447870925068855
109.15576542913914	11.379886910319328
89.18016035854816	-8.595718160271645
81.90910453349352	-15.86677398532629
91.28724905848503	-6.488629460334778
106.61209242790937	8.836213909089565
101.73615671694279	3.960278198122978
98.43198258429766	0.656104065477848
99.66645457595587	1.8905760571360588
91.65024285763502	-6.125635661184788
96.11172677576542	-1.66415174305439
66.19103091210127	-31.58484760671854
104.59422412514687	6.818345606327057
83.46545453369617	-14.310423985123634
105.12151899933815	7.345640480518341
101.40421395003796	3.6283354312181473
94.64948159456253	-3.1263969242572784
102.64172984659672	4.865851327776909
96.28420074284077	-1.491677775979042
100.63733275234699	2.8614542335271835
95.78597132116556	-1.9899071976542473
123.58801568299532	25.81213716417551
118.66310810297728	20.887229584157467
75.03568824380636	-22.740190275013447
88.9544053375721	-8.821473181247711
109.15361564606428	11.377737127244473
97.4272622987628	-0.34861622005701065
117.07151280343533	19.295634284615517
104.21037042886019	6.434491910040379
109.59010734409094	11.81422882527113
103.01810486614704	5.242226347327232
100.4031258225441	2.627247303724289
111.93142540752888	14.155546888709068
97.91671478003263	0.14083626121282578
90.45215874165297	-7.323719777166843
94.40931007266045	-3.366568446159363
122.47286472469568	24.696986205875874
105.83342877030373	8.057550251483917
95.89202699810266	-1.883851520717144
87.55337678641081	-10.222501732409
90.7986154332757	-6.977263085544109
83.69699793308973	-14.078880585730076
93.96005008369684	-3.8158284351229668
86.13347478210926	-11.642403736710548
96.99444372951984	-0.7814347892999649
125.77180187404156	27.99592335522175
121.06778512895107	23.291906610131264
84.42794264107943	-13.347935877740383
112.77423992007971	14.9983614012599
102.67965956032276	4.903781041502953
84.79395291209221	-12.9819256067276
75.28346845507622	-22.49241006374359
124.52420554310083	26.748327024281025
106.51739395409822	8.741515435278416
88.59131472557783	-9.184563793241978
107.90763795375824	10.13175943493843
130.9224684908986	33.1465899720788
97.01942341774702	-0.7564551010727882
113.81080224364996	16.03492372483015
100.798355743289	3.022477224469185
102.27117485553026	4.495296336710453
78.38851200789213	-19.387366510927677
117.52980241179466	19.753923892974854
98.31262405961752	0.5367455407977104
76.30957116186619	-21.46630735695362
116.02578520029783	18.249906681478024
108.14374624192715	10.367867723107338
86.21022410690784	-11.565654411911964
110.78312462568283	13.007246106863022
55.216543301939964	-42.559335216879845
105.45947904139757	7.683600522577763
137.61439426988363	39.838515751063824
110.14305338263512	12.367174863815308
108.23342974483967	10.45755122601986
73.52413792908192	-24.251740589737892
88.53048629313707	-9.245392225682735
96.91773913800716	-0.858139380812645
85.17841809988022	-12.59746041893959
122.65218849480152	24.876309975981712
106.35784617066383	8.581967651844025
111.16317097842693	13.387292459607124
113.14517299830914	15.369294479489326
106.91072477400303	9.13484625518322
84.25395592302084	-13.52192259579897
100.88955171406269	3.1136731952428818
111.37665343284607	13.60077491402626
114.97893423587084	17.20305571705103
128.0284462273121	30.25256770849228
87.97751364856958	-9.798364870250225
82.08507435768843	-15.690804161131382
118.42444878071547	20.648570261895657
96.04585874080658	-1.7300197780132294
107.52997379004955	9.754095271229744
86.32157900184393	-11.45429951697588
95.59124547988176	-2.1846330389380455
115.9980990961194	18.222220577299595
87.61079781502485	-10.165080703794956
108.11084997653961	10.334971457719803
96.48485436290503	-1.2910241559147835
102.11192169040442	4.336043171584606
112.99346934258938	15.21759082376957
58.671791940927505	-39.1040865778923
124.75767441093922	26.981795892119408
127.32075578719378	29.544877268373966
84.88304616510868	-12.892832353711128
88.70608966052532	-9.069788858294487
92.93202047795057	-4.843858040869236
100.79049116373062	3.0146126449108124
108.25372529774904	10.477846778929234
80.1961669549346	-17.579711563885212
94.6522471755743	-3.1236313432455063
128.6380090340972	30.862130515277386
117.88828191906214	20.11240340024233
84.04402214288712	-13.731856375932693
108.83822342008352	11.062344901263714
112.70389020442963	14.928011685609818
92.62049853056669	-5.155379988253117
79.43443784862757	-18.34144067019224
133.13119457662106	35.35531605780125
109.94754472374916	12.171666204929352
107.96378634124994	10.187907822430134
85.25525063276291	-12.5206278860569
113.87727969139814	16.101401172578335
85.41653021425009	-12.359348304569721
100.48805164545774	2.7121731266379356
113.53283915668726	15.75696063786745
71.99415627866983	-25.781722240149975
100.13762635737658	2.3617478385567665
102.48775302618742	4.711874507367611
87.79882519692183	-9.977053321897984
82.91346491128206	-14.862413607537746
74.3747831210494	-23.401095397770405
115.7619883865118	17.986109867691994
93.3602309525013	-4.415647566318512
104.43226949870586	6.656390979886055
65.11189606040716	-32.66398245841265
84.22694353014231	-13.548934988677502
73.92187386751175	-23.85400465130806
97.05896954238415	-0.7169089764356613
73.26592195034027	-24.509956568479538
90.25139341503382	-7.524485103785992
92.4046797901392	-5.371198728680611
96.44297018647194	-1.3329083323478699
126.24181298911572	28.465934470295906
80.78751415014267	-16.98836436867714
75.75545102357864	-22.020427495241165
98.07282730937004	0.29694879055023193
110.78073544055223	13.004856921732426
87.3705822005868	-10.405296318233013
86.42632044106722	-11.34955807775259
112.13999948650599	14.364120967686176
99.86068602651358	2.0848075076937675
114.17174776643515	16.395869247615337
99.92569561302662	2.14981709420681
89.34017329663038	-8.435705222189426
92.85057553648949	-4.925302982330322
104.07458151131868	6.298702992498875
91.13996654003859	-6.635911978781223
106.29880972206593	8.522931203246117
109.517713367939	11.741834849119186
105.53790880739689	7.76203028857708
92.7683487534523	-5.007529765367508
110.81136445701122	13.035485938191414
103.57931061089039	5.8034320920705795
74.19050104916096	-23.58537746965885
91.12142618000507	-6.654452338814735
86.74733690172434	-11.02854161709547
110.41539769619703	12.639519177377224
103.16928789019585	5.393409371376038
93.21115650981665	-4.564722009003162
103.87236616760492	6.096487648785114
127.90390465408564	30.128026135265827
129.0043198466301	31.228441327810287
85.34834023565054	-12.42753828316927
76.33567152917385	-21.440206989645958
105.82204107940197	8.046162560582161
127.55560416728258	29.779725648462772
95.66774752736092	-2.108130991458893
73.68404014408588	-24.091838374733925
74.70142076164484	-23.07445775717497
97.16735873371363	-0.6085197851061821
85.24343463033438	-12.532443888485432
101.5359602496028	3.7600817307829857
79.07634397596121	-18.6995345428586
90.6012725904584	-7.174605928361416
115.68011227250099	17.904233753681183
83.0123296380043	-14.763548880815506
109.87523628026247	12.099357761442661
80.72970822453499	-17.04617029428482
85.32538989186287	-12.45048862695694
105.74355430155993	7.967675782740116
97.46478793025017	-0.3110905885696411
81.99428584426641	-15.781592674553394
113.07403516769409	15.298156648874283
112.56889800727367	14.793019488453865
91.5606976300478	-6.215180888772011
100.86058006435633	3.084701545536518
89.90264172106981	-7.873236797749996
93.57368838787079	-4.20219013094902
90.68125212937593	-7.094626389443874
118.89057168364525	21.11469316482544
107.31599193066359	9.540113411843777
101.10979613661766	3.3339176177978516
83.35619312524796	-14.419685393571854
98.40913744270802	0.6332589238882065
78.04397058486938	-19.731907933950424
88.54203134030104	-9.233847178518772
90.08015657961369	-7.695721939206123
107.24681720882654	9.470938690006733
123.39903789758682	25.623159378767014
89.4773690700531	-8.298509448766708
119.7665474191308	21.990668900310993
79.2885318249464	-18.487346693873405
94.91335462033749	-2.8625238984823227
69.87742558121681	-27.898452937602997
99.76073820143938	1.9848596826195717
79.24134016036987	-18.534538358449936
98.53481855988503	0.7589400410652161
111.6289545968175	13.853076077997684
56.92393267899752	-40.85194583982229
126.81877603381872	29.042897514998913
90.04224578291178	-7.7336327359080315
66.45572128146887	-31.32015723735094
97.0183396935463	-0.7575388252735138
93.32874558120966	-4.447132937610149
112.65592961013317	14.880051091313362
75.11599781364202	-22.659880705177784
88.36162160336971	-9.414256915450096
85.73457054793835	-12.041307970881462
94.4590592905879	-3.316819228231907
90.75912795215845	-7.016750566661358
96.40347633510828	-1.3724021837115288
113.62167840451002	15.845799885690212
98.236412063241	0.460533544421196
92.87735879421234	-4.898519724607468
88.88789784908295	-8.887980669736862
106.38803047686815	8.612151958048344
101.00752714276314	3.231648623943329
73.70265976339579	-24.073218755424023
97.7872723042965	0.01139378547668457
96.25354966521263	-1.5223288536071777
99.30463612824678	1.5287576094269753
72.29343830049038	-25.48244021832943
107.69264113157988	9.916762612760067
108.52653604745865	10.75065752863884
82.56388735026121	-15.211991168558598
107.05211862176657	9.276240102946758
80.3455858528614	-17.430292665958405
75.20615918934345	-22.569719329476357
81.45965944975615	-16.316219069063663
135.8153851106763	38.03950659185648
103.32019354403019	5.5443150252103806
60.881233513355255	-36.894645005464554
88.75446790456772	-9.02141061425209
115.79690955579281	18.021031036973
77.27377142757177	-20.502107091248035
115.44306555390358	17.66718703508377
105.43299432843924	7.657115809619427
104.63116884231567	6.855290323495865
106.87018100172281	9.094302482903004
106.7732934653759	8.997414946556091
102.06737143546343	4.2914929166436195
89.9948762357235	-7.7810022830963135
79.19914215058088	-18.576736368238926
128.782024204731	31.00614568591118
91.89483824372292	-5.881040275096893
88.16116566210985	-9.614712856709957
115.5260656028986	17.75018708407879
77.94604729115963	-19.82983122766018
93.60337410122156	-4.1725044175982475
98.59995837509632	0.8240798562765121
94.51668268442154	-3.2591958343982697
87.47377257049084	-10.302105948328972
78.4339113458991	-19.341967172920704
97.10712675750256	-0.6687517613172531
114.70806509256363	16.93218657374382
84.44557055085897	-13.330307967960835
92.33116937428713	-5.4447091445326805
105.24698887765408	7.471110358834267
107.34344159066677	9.567563071846962
123.04541378468275	25.26953526586294
89.75350151211023	-8.022377006709576
109.13089808821678	11.355019569396973
108.82354311645031	11.0476645976305
93.3914423212409	-4.384436197578907
106.95725578814745	9.18137726932764
114.06597407907248	16.290095560252666
82.2278591170907	-15.548019401729107
107.94962184131145	10.173743322491646
97.95655142515898	0.18067290633916855
107.55039066076279	9.774512141942978
99.02408570796251	1.248207189142704
94.40718808025122	-3.368690438568592
62.23212990164757	-35.54374861717224
81.93791245669127	-15.837966062128544
121.73490588366985	23.959027364850044
110.29319729655981	12.517318777740002
102.0529261380434	4.277047619223595
120.60232321918011	22.826444700360298
125.35108110308647	27.575202584266663
96.66603565216064	-1.1098428666591644
88.06213796883821	-9.713740549981594
107.01809820532799	9.242219686508179
120.24432725459337	22.468448735773563
90.52819569408894	-7.247682824730873
89.4155822917819	-8.360296227037907
107.41204670071602	9.63616818189621
74.41330962628126	-23.362568892538548
63.81629951298237	-33.95957900583744
93.50306063145399	-4.272817887365818
109.71585553139448	11.939977012574673
87.72295256704092	-10.052925951778889
108.15449269115925	10.37861417233944
106.49667385220528	8.720795333385468
118.04548597335815	20.269607454538345
95.58039780706167	-2.1954807117581367
76.09841844439507	-21.677460074424744
87.61626540869474	-10.159613110125065
81.84382824599743	-15.93205027282238
105.46095594763756	7.685077428817749
108.03442638367414	10.258547864854336
97.60776580870152	-0.16811271011829376
91.03451428562403	-6.741364233195782
99.62894429266453	1.853065773844719
87.68900117278099	-10.086877346038818
106.12145974487066	8.345581226050854
103.11559483408928	5.33971631526947
90.04545257985592	-7.73042593896389
108.63957574218512	10.863697223365307
95.54499059170485	-2.2308879271149635
115.27081891149282	17.494940392673016
90.15239079296589	-7.62348772585392
72.96348898112774	-24.81238953769207
130.55132488906384	32.775446370244026
125.5322812795639	27.756402760744095
75.72799095511436	-22.047887563705444
102.17484366893768	4.398965150117874
103.7830313667655	6.00715284794569
108.12625697255135	10.350378453731537
107.20302834361792	9.427149824798107
94.68416310101748	-3.091715417802334
90.72478536516428	-7.051093153655529
77.89636146277189	-19.879517056047916
92.04331240803003	-5.732566110789776
104.60411243140697	6.828233912587166
93.16373816877604	-4.612140350043774
93.8652123361826	-3.9106661826372147
124.74293960630894	26.967061087489128
111.69516540318727	13.919286884367466
72.71185982227325	-25.064018696546555
113.98028025776148	16.20440173894167
96.8780662342906	-0.8978122845292091
107.71530579775572	9.93942727893591
77.75552251189947	-20.020356006920338
126.67539296299219	28.899514444172382
112.06564399600029	14.289765477180481
121.4559376090765	23.68005909025669
111.34251285344362	13.566634334623814
91.05385898798704	-6.7220195308327675
74.2494199424982	-23.526458576321602
87.25356091558933	-10.522317603230476
82.25192269682884	-15.523955821990967
85.52814213186502	-12.247736386954784
128.74617470055819	30.970296181738377
106.51094108074903	8.735062561929226
105.38525860756636	7.609380088746548
113.12743214517832	15.351553626358509
96.75988548994064	-1.0159930288791656
81.26517967879772	-16.510698840022087
84.48591678589582	-13.289961732923985
92.01340076327324	-5.76247775554657
91.12811037153006	-6.647768147289753
96.84687601774931	-0.9290025010704994
94.6749666184187	-3.1009119004011154
82.9839097559452	-14.791968762874603
100.56020430475473	2.784325785934925
84.30651591718197	-13.46936260163784
94.03884357213974	-3.737034946680069
94.23941940814257	-3.5364591106772423
83.30499122291803	-14.470887295901775
101.90107161551714	4.1251930966973305
102.37840697914362	4.602528460323811
101.37607874721289	3.600200228393078
92.10030333697796	-5.67557518184185
86.23940718173981	-11.536471337080002
107.12722896784544	9.351350449025631
90.59908129274845	-7.176797226071358
111.16875593364239	13.392877414822578
102.57853055000305	4.802652031183243
84.5206394419074	-13.255239076912403
101.24563181400299	3.4697532951831818
94.16397050768137	-3.611908011138439
119.8172115534544	22.04133303463459
123.40559988468885	25.629721365869045
96.1478008851409	-1.6280776336789131
94.74796769022942	-3.027910828590393
95.49789030104876	-2.2779882177710533
112.84822564572096	15.07234712690115
95.01971137523651	-2.7561671435832977
86.64809219539165	-11.127786323428154
95.80331937223673	-1.9725591465830803
106.88104857504368	9.10517005622387
124.57906900346279	26.803190484642982
123.12771543115377	25.351836912333965
113.58932296186686	15.813444443047047
102.17768357694149	4.401805058121681
87.01937333494425	-10.75650518387556
119.36845104396343	21.592572525143623
79.75318699330091	-18.022691525518894
73.14123283326626	-24.63464568555355
86.41873946040869	-11.357139058411121
97.28328756988049	-0.4925909489393234
102.47299399971962	4.697115480899811
117.74073053151369	19.964852012693882
76.08262922614813	-21.69324929267168
76.33327884227037	-21.442599676549435
88.8564508408308	-8.919427677989006
63.595417104661465	-34.180461414158344
76.75656721740961	-21.019311301410198
87.69810988008976	-10.07776863873005
113.66408129036427	15.888202771544456
119.97114723920822	22.195268720388412
103.00705257803202	5.231174059212208
92.82125967741013	-4.954618841409683
112.23221534490585	14.456336826086044
55.06095779687166	-42.71492072194815
107.99638153612614	10.220503017306328
129.71466942876577	31.938790909945965
81.89039981365204	-15.88547870516777
105.16958906501532	7.393710546195507
112.69531071931124	14.919432200491428
95.29383645951748	-2.48204205930233
113.80907789617777	16.03319937735796
104.35839752852917	6.582519009709358
111.82401163130999	14.048133112490177
111.79892703145742	14.023048512637615
100.77513568848372	2.999257169663906
92.34263074398041	-5.433247774839401
104.65200102329254	6.8761225044727325
105.94218700379133	8.166308484971523
85.86666959524155	-11.909208923578262
94.43778024613857	-3.3380982726812363
94.62987194210291	-3.1460065767169
107.51711773127317	9.741239212453365
95.19116473942995	-2.5847137793898582
122.93413133919239	25.15825282037258
75.96805570274591	-21.807822816073895
84.50276229530573	-13.27311622351408
109.40046374499798	11.62458522617817
89.21973104029894	-8.55614747852087
107.82372412085533	10.047845602035522
99.41264428198338	1.6367657631635666
65.62356409430504	-32.15231442451477
105.44231848418713	7.666439965367317
71.56569296121597	-26.210185557603836
93.40371228009462	-4.372166238725185
85.34648910909891	-12.429389409720898
98.55375118553638	0.7778726667165756
100.87343227118254	3.097553752362728
100.47707977890968	2.7012012600898743
116.27564324438572	18.49976472556591
116.14166282862425	18.36578430980444
85.17858477681875	-12.597293742001057
119.53968150913715	21.763802990317345
126.78227074444294	29.00639222562313
100.88431303203106	3.1084345132112503
96.97912047058344	-0.7967580482363701
77.25823424011469	-20.51764427870512
70.32793490588665	-27.44794361293316
98.29182138293982	0.5159428641200066
98.83739847689867	1.0615199580788612
120.69147035479546	22.915591835975647
91.45480602234602	-6.321072496473789
96.30596064031124	-1.4699178785085678
95.40288823843002	-2.3729902803897858
80.51677941530943	-17.25909910351038
126.02710047364235	28.25122195482254
80.57521061599255	-17.200667902827263
86.67941115796566	-11.096467360854149
109.71036033332348	11.93448181450367
95.64315323531628	-2.1327252835035324
96.66487032920122	-1.1110081896185875
79.63048625737429	-18.145392261445522
100.36710541695356	2.5912268981337547
83.4129249304533	-14.362953588366508
103.35994884371758	5.584070324897766
116.34283579140902	18.566957272589207
65.6124596297741	-32.163418889045715
99.06747306883335	1.2915945500135422
76.92529185861349	-20.850586660206318
92.35250928252935	-5.423369236290455
100.6489835307002	2.873105011880398
113.11182752996683	15.335949011147022
98.62993126362562	0.8540527448058128
74.62754039466381	-23.148338124156
112.38892859220505	14.613050073385239
104.51376503705978	6.737886518239975
118.75031202286482	20.97443350404501
88.80523423850536	-8.970644280314445
98.17147049307823	0.39559197425842285
88.55018001794815	-9.225698500871658
78.74202099442482	-19.03385752439499
78.89834091067314	-18.877537608146667
94.01423946768045	-3.7616390511393547
101.75132665038109	3.9754481315612793
101.15414928644896	3.3782707676291466
87.47187948226929	-10.303999036550522
69.77089317888021	-28.004985339939594
85.38394990563393	-12.391928613185883
104.3727018982172	6.596823379397392
74.57654470950365	-23.19933380931616
92.77019944041967	-5.005679078400135
121.17314254492521	23.397264026105404
100.81030390411615	3.0344253852963448
82.71326978504658	-15.062608733773232
106.60448867082596	8.82861015200615
71.75716509670019	-26.018713422119617
69.90096640586853	-27.87491211295128
99.0685808211565	1.2927023023366928
98.887780174613	1.11190165579319
86.65425483137369	-11.121623687446117
93.38227909058332	-4.3935994282364845
72.08482442051172	-25.691054098308086
89.4136874973774	-8.362191021442413
81.75587923824787	-16.019999280571938
66.07028507441282	-31.705593444406986
103.50046590715647	5.7245873883366585
94.4211351275444	-3.354743391275406
101.29374293982983	3.5178644210100174
95.86838646233082	-1.9074920564889908
97.04997485876083	-0.7259036600589752
103.31884764879942	5.54296912997961
95.96874356269836	-1.8071349561214447
103.84518063813448	6.069302119314671
90.59171979874372	-7.184158720076084
88.86105841398239	-8.914820104837418
83.78967376053333	-13.986204758286476
143.48117224872112	45.705293729901314
112.22564170509577	14.449763186275959
91.99405764788389	-5.781820870935917
134.5540489256382	36.77817040681839
96.16536619514227	-1.6105123236775398
120.2557115405798	22.479833021759987
78.92937000095844	-18.846508517861366
105.70393618196249	7.928057663142681
90.65502067655325	-7.12085784226656
107.54708281159401	9.7712042927742
90.6581503674388	-7.117728151381016
100.04920591413975	2.2733273953199387
112.90544887632132	15.129570357501507
103.4437298849225	5.6678513661026955
96.3039242848754	-1.471954233944416
91.22181267291307	-6.5540658459067345
70.96234183013439	-26.813536688685417
87.03369696438313	-10.742181554436684
98.08071645349264	0.3048379346728325
80.08673161268234	-17.689146906137466
82.23437698930502	-15.54150152951479
121.98727895319462	24.21140043437481
103.44673433154821	5.670855812728405
93.99075154960155	-3.785126969218254
77.83080168068409	-19.94507683813572
104.3464230298996	6.570544511079788
93.82796585559845	-3.9479126632213593
82.82554253190756	-14.95033598691225
75.79741293936968	-21.97846557945013
126.49040677398443	28.714528255164623
82.22864598035812	-15.547232538461685
117.96962481737137	20.19374629855156
100.57370803505182	2.7978295162320137
102.77674928307533	5.000870764255524
74.18358409404755	-23.592294424772263
64.77112531661987	-33.004753202199936
104.27873145788908	6.502852939069271
100.66885776817799	2.892979249358177
89.8016959130764	-7.974182605743408
76.04942354559898	-21.726454973220825
122.99533522874117	25.21945670992136
83.3935630992055	-14.382315419614315
91.41503898054361	-6.3608395382761955
85.30112732946873	-12.474751189351082
108.89880300313234	11.122924484312534
102.40803287923336	4.632154360413551
86.0728214904666	-11.703057028353214
100.57970345765352	2.8038249388337135
105.67545524984598	7.899576731026173
84.00911854952574	-13.766759969294071
115.17692670226097	17.401048183441162
90.7284676283598	-7.047410890460014
85.49265667051077	-12.28322184830904
102.3550750464201	4.579196527600288
127.14709632843733	29.37121780961752
89.04693895578384	-8.728939563035965
113.51007667928934	15.734198160469532
97.15862615406513	-0.6172523647546768
88.46906442940235	-9.306814089417458
97.55422242730856	-0.22165609151124954
89.68386857956648	-8.09200993925333
75.86951617151499	-21.90636234730482
111.53253550827503	13.756656989455223
67.29994776844978	-30.475930750370026
118.59825573861599	20.82237721979618
92.7419510781765	-5.0339274406433105
75.03461034595966	-22.741268172860146
90.57052871584892	-7.205349802970886
147.99746072292328	50.22158220410347
91.13468948751688	-6.641189031302929
126.98066117614508	29.204782657325268
119.65230133384466	21.876422815024853
74.31807059794664	-23.457807920873165
126.27280244231224	28.49692392349243
66.16278115659952	-31.613097362220287
69.19423165917397	-28.581646859645844
124.51547753810883	26.739599019289017
110.39222736656666	12.616348847746849
93.85772670060396	-3.918151818215847
71.26680113375187	-26.50907738506794
111.36003754287958	13.584159024059772
95.09215996414423	-2.683718554675579
101.06171599030495	3.285837471485138
115.54740023612976	17.771521717309952
92.698138281703	-5.077740237116814
96.50274937599897	-1.2731291428208351
106.0965363457799	8.320657826960087
105.26311665773392	7.487238138914108
99.74438053369522	1.968502014875412
109.78025518357754	12.004376664757729
107.48700514435768	9.711126625537872
85.15187131613493	-12.62400720268488
67.36814150214195	-30.407737016677856
113.11296352744102	15.337085008621216
108.66009249538183	10.884213976562023
94.52009541541338	-3.2557831034064293
107.40744782984257	9.631569311022758
95.4578177779913	-2.318060740828514
76.42835191637278	-21.347526602447033
89.9142801091075	-7.861598409712315
98.92168638110161	1.1458078622817993
88.8775055706501	-8.898372948169708
98.68835442513227	0.9124759063124657
112.96930009126663	15.193421572446823
68.96609275788069	-28.80978576093912
126.76111480593681	28.985236287117004
119.81783530116081	22.041956782341003
82.33436794579029	-15.441510573029518
119.02729422599077	21.251415707170963
93.27574071288109	-4.500137805938721
64.6945247426629	-33.0813537761569
114.11645267903805	16.34057416021824
108.62981691211462	10.853938393294811
120.5232330262661	22.74735450744629
99.20432167500257	1.428443156182766
100.11919268965721	2.3433141708374023
90.31458751112223	-7.461291007697582
110.57307571172714	12.797197192907333
103.7616363838315	5.985757865011692
102.08674223721027	4.310863718390465
92.55471755564213	-5.221160963177681
111.39196547865868	13.616086959838867
106.28199496865273	8.506116449832916
98.05723484605551	0.2813563272356987
99.23372992128134	1.4578514024615288
92.30960124731064	-5.4662772715091705
101.19999684393406	3.42411832511425
87.20467817783356	-10.571200340986252
109.38122609257698	11.605347573757172
95.71129860728979	-2.064579911530018
113.92142523825169	16.145546719431877
93.9777268320322	-3.7981516867876053
98.52822582423687	0.7523473054170609
100.93719478696585	3.161316268146038
129.87915168702602	32.103273168206215
71.68904155492783	-26.086836963891983
85.15156465023756	-12.624313868582249
99.15393227338791	1.3780537545681
63.62782481312752	-34.14805370569229
92.45957875996828	-5.316299758851528
93.35704298317432	-4.418835535645485
90.69750345498323	-7.0783750638365746
100.10347680747509	2.327598288655281
130.54779182374477	32.771913304924965
90.98370582610369	-6.792172692716122
83.33165312558413	-14.444225393235683
87.79862991720438	-9.977248601615429
100.29389566928148	2.5180171504616737
106.46284458041191	8.686966061592102
96.12611030042171	-1.6497682183980942
98.71324706077576	0.9373685419559479
90.39806361496449	-7.377814903855324
101.04734341055155	3.271464891731739
75.46511773765087	-22.310760781168938
100.07990738004446	2.3040288612246513
112.9506628960371	15.174784377217293
110.167700342834	12.391821824014187
99.063296854496	1.2874183356761932
90.39827961474657	-7.377598904073238
97.73778292536736	-0.03809559345245361
76.98944943398237	-20.786429084837437
95.690180324018	-2.0856981948018074
79.92436091601849	-17.851517602801323
94.66030424833298	-3.1155742704868317
79.77205558121204	-18.003822937607765
108.43908778578043	10.66320926696062
95.79575426131487	-1.98012425750494
110.47029470652342	12.69441618770361
81.05692344158888	-16.71895507723093
117.10134886950254	19.325470350682735
119.10879762470722	21.332919105887413
100.16383395344019	2.3879554346203804
130.86186073720455	33.08598221838474
88.25668320059776	-9.519195318222046
79.38783210515976	-18.38804641366005
82.34199554473162	-15.433882974088192
119.63449474424124	21.85861622542143
99.53969547897577	1.763816960155964
133.4250311627984	35.649152643978596
100.25089146196842	2.475012943148613
82.82017087936401	-14.955707639455795
105.57731515169144	7.801436632871628
86.70872028917074	-11.067158229649067
105.06623772531748	7.290359206497669
74.85226968675852	-22.92360883206129
88.76772932708263	-9.008149191737175
92.24359455704689	-5.532283961772919
86.91842516511679	-10.857453353703022
103.0008590221405	5.224980503320694
90.36618320643902	-7.409695312380791
103.3895802795887	5.61370176076889
99.05329459905624	1.277416080236435
86.05151581764221	-11.724362701177597
92.87244787067175	-4.90343064814806
75.22220008820295	-22.553678430616856
89.03750767558813	-8.738370843231678
109.0095688700676	11.233690351247787
116.38126680999994	18.605388291180134
91.28229609131813	-6.4935824275016785
106.7449931949377	8.969114676117897
85.41231877356768	-12.363559745252132
108.13260602205992	10.356727503240108
82.97892754524946	-14.796950973570347
102.95757925510406	5.181700736284256
98.08893456310034	0.313056044280529
100.69450597465038	2.918627455830574
85.61920658499002	-12.156671933829784
115.89012698084116	18.11424846202135
95.06029066443443	-2.715587854385376
59.91753797978163	-37.85834053903818
93.58291777968407	-4.192960739135742
119.75802571326494	21.982147194445133
75.28691411018372	-22.488964408636093
74.66221257299185	-23.11366594582796
114.40297028422356	16.627091765403748
109.61474921554327	11.838870696723461
102.26599704474211	4.490118525922298
111.8038656488061	14.027987129986286
100.66712722927332	2.8912487104535103
131.0516362413764	33.27575772255659
98.25052678585052	0.47464826703071594
92.97448729723692	-4.80139122158289
123.59650162607431	25.820623107254505
105.57241376489401	7.7965352460742
90.09677229821682	-7.679106220602989
108.21502377837896	10.439145259559155
86.84498718380928	-10.930891335010529
129.96722695976496	32.19134844094515
121.11281149089336	23.336932972073555
87.19964571297169	-10.576232805848122
124.44400437176228	26.668125852942467
112.9965712428093	15.220692723989487
105.27163235098124	7.4957538321614265
124.22661137580872	26.450732856988907
85.10828194767237	-12.667596571147442
106.63777905702591	8.8619005382061
99.4553353190422	1.6794568002223969
115.01747588068247	17.24159736186266
118.17941382527351	20.403535306453705
129.6303352713585	31.85445675253868
83.50860626995564	-14.267272248864174
108.63989313691854	10.864014618098736
106.74046022444963	8.964581705629826
110.90185812115669	13.125979602336884
114.57708179950714	16.801203280687332
93.64347241073847	-4.132406108081341
86.06715979427099	-11.708718724548817
81.18665909767151	-16.5892194211483
101.3563137948513	3.580435276031494
98.07940534502268	0.3035268262028694
94.35456711053848	-3.4213114082813263
89.43224237859249	-8.343636140227318
94.91728588193655	-2.858592636883259
83.8093635737896	-13.966514945030212
85.4937397763133	-12.282138742506504
96.00185729563236	-1.7740212231874466
79.49541588872671	-18.280462630093098
99.21180537343025	1.4359268546104431
103.33408465236425	5.558206133544445
119.27433670312166	21.498458184301853
107.6202742010355	9.84439568221569
100.09810461848974	2.3222260996699333
99.28697748482227	1.5110989660024643
117.74409002065659	19.968211501836777
111.15111584961414	13.375237330794334
90.0138365700841	-7.762041948735714
136.49086087197065	38.714982353150845
90.81181954592466	-6.964058972895145
82.89487809687853	-14.88100042194128
80.36206512898207	-17.413813389837742
116.2475952282548	18.471716709434986
106.36470770835876	8.588829189538956
104.23085103929043	6.454972520470619
96.19007860869169	-1.5857999101281166
89.98900670558214	-7.786871813237667
148.30909232795238	50.533213809132576
89.15007610619068	-8.625802412629128
129.3028185069561	31.52693998813629
87.62849636375904	-10.147382155060768
82.48043078929186	-15.29544772952795
124.59560456126928	26.819726042449474
85.37090456485748	-12.404973953962326
110.7061602845788	12.930281765758991
80.1442160308361	-17.631662487983704
71.68374361097813	-26.092134907841682
76.12156399339437	-21.654314525425434
100.51200446486473	2.736125946044922
59.079368479549885	-38.696510039269924
79.19661578536034	-18.579262733459473
82.58880831301212	-15.187070205807686
87.16604129225016	-10.609837226569653
125.34698843955994	27.571109920740128
120.36701733618975	22.591138817369938
89.82765538990498	-7.948223128914833
91.66258265823126	-6.113295860588551
96.52946122735739	-1.2464172914624214
92.55295500904322	-5.222923509776592
100.36243356764317	2.5865550488233566
87.75992050021887	-10.01595801860094
87.19416027516127	-10.581718243658543
111.86419246345758	14.088313944637775
69.61117225140333	-28.164706267416477
87.37087635695934	-10.405002161860466
74.04151777923107	-23.734360739588737
90.50296977162361	-7.2729087471961975
118.52245618402958	20.74657766520977
99.34106000512838	1.5651814863085747
98.61069227010012	0.8348137512803078
93.85727965086699	-3.9185988679528236
126.99249322712421	29.216614708304405
121.30368200689554	23.527803488075733
92.59214670956135	-5.183731809258461
105.8160390406847	8.040160521864891
87.07994646579027	-10.695932053029537
103.76074471324682	5.984866194427013
85.88178178668022	-11.894096732139587
85.11152443289757	-12.664354085922241
69.84645619988441	-27.929422318935394
81.95970606058836	-15.81617245823145
87.77147173881531	-10.004406780004501
112.03275582194328	14.256877303123474
100.32616985589266	2.5502913370728493
104.25443822145462	6.478559702634811
95.8614020049572	-1.9144765138626099
133.47925893217325	35.70338041335344
90.67652154713869	-7.099356971681118
120.26701658964157	22.491138070821762
86.29054336249828	-11.485335156321526
88.7625046223402	-9.013373896479607
93.33451119810343	-4.441367320716381
95.70718435198069	-2.0686941668391228
81.84733918309212	-15.928539335727692
105.60013467818499	7.824256159365177
95.95871058106422	-1.8171679377555847
76.65209037065506	-21.12378814816475
112.43561851978302	14.659740000963211
103.83965046703815	6.063771948218346
120.27895163744688	22.50307311862707
100.65492518246174	2.8790466636419296
108.4790775552392	10.703199036419392
95.82816241681576	-1.9477161020040512
68.39130451530218	-29.384574003517628
110.6429129242897	12.867034405469894
83.99239390343428	-13.783484615385532
89.04834663122892	-8.727531887590885
103.85691308230162	6.081034563481808
92.74167609214783	-5.034202426671982
84.93080664426088	-12.845071874558926
104.79152070730925	7.015642188489437
101.85010709613562	4.074228577315807
90.90278932452202	-6.8730891942977905
108.24802584201097	10.472147323191166
100.88733691722155	3.111458398401737
107.1540461704135	9.378167651593685
103.33607520163059	5.560196682810783
73.1499660462141	-24.625912472605705
92.59979142993689	-5.176087088882923
90.77708913385868	-6.998789384961128
93.40161547809839	-4.3742630407214165
89.66753251850605	-8.108346000313759
87.61470744758844	-10.161171071231365
77.19607349485159	-20.57980502396822
113.65414744615555	15.87826892733574
103.31239154934883	5.536513030529022
97.91397305577993	0.13809453696012497
105.93381112068892	8.157932601869106
107.02301324903965	9.247134730219841
99.93964038044214	2.1637618616223335
115.13962335139513	17.36374483257532
88.68590144068003	-9.089977078139782
85.73471044749022	-12.041168071329594
94.4212411120534	-3.3546374067664146
106.58448783308268	8.808609314262867
107.45538348704576	9.679504968225956
104.47884202748537	6.702963508665562
123.11254441738129	25.336665898561478
85.30282729119062	-12.473051227629185
81.89433707296848	-15.881541445851326
74.27959340810776	-23.49628511071205
98.56778960675001	0.7919110879302025
53.65466617047787	-44.12121234834194
106.54594656825066	8.770068049430847
79.26722238212824	-18.50865613669157
95.18979822844267	-2.58608029037714
95.11369821429253	-2.6621803045272827
87.24379401654005	-10.532084502279758
85.40561871230602	-12.370259806513786
97.27525173872709	-0.5006267800927162
112.69739679992199	14.92151828110218
131.75725961476564	33.981381095945835
93.22135511785746	-4.554523400962353
123.01027026027441	25.2343917414546
84.95893062651157	-12.816947892308235
101.36652056872845	3.590642049908638
105.1838578209281	7.407979302108288
105.41157218068838	7.635693661868572
96.44078480452299	-1.3350937142968178
75.62577167153358	-22.150106847286224
111.19741673022509	13.421538211405277
107.92133170366287	10.145453184843063
70.98690478503704	-26.78897373378277
87.5272925645113	-10.24858595430851
121.84246212244034	24.06658360362053
98.50560231506824	0.729723796248436
94.55159165710211	-3.224286861717701
65.68144023418427	-32.094438284635544
57.413331620395184	-40.362546898424625
88.8818771392107	-8.894001379609108
80.91979169100523	-16.85608682781458
114.84388224035501	17.068003721535206
95.41037192940712	-2.365506589412689
80.70660358667374	-17.069274932146072
86.60941179096699	-11.166466727852821
91.69327830523252	-6.082600213587284
114.7570497840643	16.981171265244484
104.17315498739481	6.397276468575001
116.48617824912071	18.710299730300903
107.10098237544298	9.325103856623173
124.8632244989276	27.087345980107784
74.53166718035936	-23.244211338460445
82.27244461327791	-15.503433905541897
79.8043940141797	-17.971484504640102
101.35163164138794	3.5757531225681305
109.39891450107098	11.623035982251167
98.33912269771099	0.563244178891182
91.52730607241392	-6.248572446405888
111.29951416701078	13.523635648190975
97.65649201720953	-0.11938650161027908
103.256067879498	5.480189360678196
92.98818669468164	-4.7876918241381645
114.21948895603418	16.443610437214375
115.73733577877283	17.961457259953022
118.14797173440456	20.372093215584755
106.85845348984003	9.082574971020222
91.5756801739335	-6.200198344886303
85.43419486284256	-12.34168365597725
114.05308940261602	16.277210883796215
84.08870670944452	-13.687171809375286
87.36014855653048	-10.415729962289333
103.94036614894867	6.1644876301288605
86.57942073792219	-11.196457780897617
92.45505179464817	-5.3208267241716385
89.21046511083841	-8.565413407981396
107.59407524764538	9.81819672882557
107.29549938440323	9.51962086558342
77.94685845822096	-19.82902006059885
101.65263622254133	3.8767577037215233
88.77504051476717	-9.000838004052639
99.5603005439043	1.7844220250844955
85.0492721349001	-12.726606383919716
98.76786340773106	0.9919848889112473
105.22853207588196	7.452653557062149
91.38793199509382	-6.3879465237259865
109.79471448808908	12.018835969269276
85.04156523942947	-12.734313279390335
112.53819366544485	14.762315146625042
95.71522537618876	-2.060653142631054
103.51492286473513	5.7390443459153175
97.5514442101121	-0.22443430870771408
101.74504593014717	3.969167411327362
123.26426833868027	25.48838981986046
77.02258223295212	-20.75329628586769
86.60235437005758	-11.173524148762226
100.69837599247694	2.922497473657131
126.41424194723368	28.638363428413868
117.03278850018978	19.256909981369972
121.13356602191925	23.35768750309944
95.40003532916307	-2.3758431896567345
149.32484309375286	51.54896457493305
91.28214833885431	-6.493730179965496
97.58270444720984	-0.1931740716099739
80.88241928815842	-16.893459230661392
60.417078129947186	-37.35880038887262
80.45341128855944	-17.322467230260372
87.8000784739852	-9.975800044834614
130.80575961619616	33.02988109737635
83.34182762354612	-14.434050895273685
113.30689676105976	15.531018242239952
102.755456879735	4.979578360915184
111.06993236392736	13.294053845107555
91.83902975916862	-5.936848759651184
100.05330666154623	2.2774281427264214
90.11891946941614	-7.6569590494036674
107.12014632672071	9.344267807900906
98.76862733066082	0.992748811841011
85.35392761975527	-12.42195089906454
103.4779203236103	5.702041804790497
64.39920579642057	-33.376672722399235
93.37313552200794	-4.402742996811867
93.87877863645554	-3.897099882364273
84.91430442780256	-12.861574091017246
112.75919111818075	14.983312599360943
84.96341563016176	-12.812462888658047
95.16246404498816	-2.6134144738316536
78.34348008781672	-19.432398431003094
91.89737652242184	-5.878501996397972
89.18586347997189	-8.590015038847923
99.48929736018181	1.7134188413619995
95.00740995258093	-2.76846856623888
87.49461954832077	-10.281258970499039
99.88381476700306	2.1079362481832504
92.26793662458658	-5.507941894233227
74.47308299690485	-23.30279552191496
123.41438709199429	25.638508573174477
74.87959534674883	-22.89628317207098
84.77980967611074	-12.996068842709064
80.97291070967913	-16.802967809140682
91.17929604649544	-6.596582472324371
70.23026525974274	-27.545613259077072
117.87464463710785	20.09876611828804
78.87244592607021	-18.903432592749596
87.47001186013222	-10.305866658687592
110.68274973332882	12.90687121450901
89.0418097525835	-8.734068766236305
114.54221533983946	16.76633682101965
107.7731988877058	9.997320368885994
115.44488973170519	17.66901121288538
81.4928175508976	-16.28306096792221
104.74429596215487	6.968417443335056
83.77587652951479	-14.00000198930502
93.10081765055656	-4.675060868263245
95.98069112747908	-1.7951873913407326
64.83973858505487	-32.936139933764935
74.8411091864109	-22.934769332408905
88.74421701580286	-9.031661503016949
80.01672372967005	-17.75915478914976
95.298494592309	-2.477383926510811
94.05397532135248	-3.721903197467327
100.93710013478994	3.1612216159701347
89.26818454265594	-8.507693976163864
81.83435425907373	-15.941524259746075
106.65855029970407	8.882671780884266
86.78985697776079	-10.986021541059017
99.87729943543673	2.1014209166169167
121.4675628170371	23.691684298217297
105.93688250333071	8.161003984510899
93.7981708496809	-3.9777076691389084
112.22442231327295	14.448543794453144
101.2287967056036	3.4529181867837906
93.32466557621956	-4.45121294260025
88.6753206923604	-9.100557826459408
76.68032403290272	-21.09555448591709
91.1189608797431	-6.65691763907671
108.52751351892948	10.751635000109673
105.64160829782486	7.865729779005051
98.87105373293161	1.095175214111805
109.1036661490798	11.32778763025999
117.24562594294548	19.46974742412567
80.7803024277091	-16.995576091110706
136.57690916210413	38.80103064328432
49.03550595790148	-48.74037256091833
106.59996538609266	8.824086867272854
128.04629324376583	30.270414724946022
76.8340844064951	-20.941794112324715
101.28220578283072	3.506327264010906
88.92896685004234	-8.846911668777466
87.21127773076296	-10.56460078805685
94.58284678310156	-3.1930317357182503
111.17718967050314	13.40131115168333
115.24752232432365	17.471643805503845
93.47422131896019	-4.301657199859619
75.68556781113148	-22.09031070768833
94.62427496910095	-3.151603549718857
97.14909138530493	-0.6267871335148811
90.3102238252759	-7.465654693543911
81.6960718035698	-16.079806715250015
83.97576734423637	-13.800111174583435
115.78564414381981	18.009765625
102.31046500056982	4.5345864817500114
94.99842838943005	-2.777450129389763
103.54356814920902	5.767689630389214
71.24803864210844	-26.52783987671137
86.79615517705679	-10.97972334176302
139.45049860328436	41.67462008446455
87.33810300379992	-10.437775515019894
102.79837092757225	5.022492408752441
111.30752515792847	13.531646639108658
79.97476209700108	-17.801116421818733
84.9344097301364	-12.841468788683414
95.19001717865467	-2.5858613401651382
94.08946053683758	-3.686417981982231
122.48349129408598	24.70761277526617
91.41589935868979	-6.359979160130024
111.80757000297308	14.03169148415327
95.05326118320227	-2.7226173356175423
131.86432571709156	34.08844719827175
88.37508825957775	-9.400790259242058
57.3796097561717	-40.396268762648106
98.03797563910484	0.2620971202850342
104.17875844985247	6.402879931032658
74.91840508580208	-22.85747343301773
100.69113769382238	2.915259175002575
108.57908876985312	10.803210251033306
86.9267503246665	-10.849128194153309
67.7790986970067	-29.996779821813107
111.80056899040937	14.024690471589565
86.99714927375317	-10.778729245066643
61.44944900274277	-36.32642951607704
76.59565426409245	-21.180224254727364
126.9051888808608	29.129310362040997
99.87762876600027	2.101750247180462
88.02215672284365	-9.753721795976162
111.1834801658988	13.407601647078991
48.887004159390926	-48.88887435942888
88.84285946935415	-8.933019049465656
82.94054307043552	-14.835335448384285
83.64403957873583	-14.13183894008398
70.34919252246618	-27.426685996353626
109.05891260504723	11.283034086227417
110.67795710265636	12.902078583836555
105.34878849983215	7.572909981012344
76.17361526191235	-21.602263256907463
93.29212759435177	-4.4837509244680405
85.37994799762964	-12.395930521190166
83.34093935787678	-14.434939160943031
134.22591404616833	36.45003552734852
84.8359595015645	-12.939919017255306
85.3708796352148	-12.404998883605003
72.39394158124924	-25.381936937570572
88.4552019238472	-9.32067659497261
118.3683023750782	20.592423856258392
136.1050947085023	38.329216189682484
83.12647507339716	-14.64940344542265
105.21574430912733	7.439865790307522
78.95447916537523	-18.821399353444576
98.74562303721905	0.9697445183992386
102.13077445328236	4.354895934462547
108.12093705683947	10.345058538019657
93.47184908390045	-4.304029434919357
101.72306027263403	3.9471817538142204
102.42162261903286	4.645744100213051
140.0044420287013	42.228563509881496
101.1929400190711	3.417061500251293
89.87784385681152	-7.8980346620082855
73.092329390347	-24.683549128472805
105.44496738165617	7.669088862836361
92.63160379230976	-5.144274726510048
106.90356367826462	9.127685159444809
89.82804308831692	-7.9478354305028915
82.18601275235415	-15.589865766465664
88.41452643275261	-9.3613520860672
102.61098730564117	4.835108786821365
107.95033403486013	10.174455516040325
92.46234945207834	-5.3135290667414665
79.14235114306211	-18.633527375757694
104.49024587869644	6.714367359876633
101.42552841454744	3.6496498957276344
87.56380800157785	-10.212070517241955
97.20358947664499	-0.5722890421748161
92.47653867304325	-5.299339845776558
68.56679851561785	-29.20908000320196
64.48901292681694	-33.28686559200287
113.9014538899064	16.125575371086597
119.01862405240536	21.24274553358555
96.27871396392584	-1.4971645548939705
102.75812992453575	4.982251405715942
106.84055949002504	9.064680971205235
94.29776805639267	-3.4781104624271393
130.91915670782328	33.14327818900347
124.55073698610067	26.774858467280865
79.74062418937683	-18.035254329442978
86.10333665460348	-11.672541864216328
91.44010331481695	-6.335775204002857
87.6931895762682	-10.082688942551613
73.03309362381697	-24.742784895002842
114.10500478744507	16.32912626862526
94.45101235061884	-3.3248661682009697
91.31060560792685	-6.465272910892963
85.6753478422761	-12.100530676543713
105.0464738458395	7.2705953270196915
99.86694011837244	2.0910615995526314
108.85823743790388	11.082358919084072
72.87438756972551	-24.901490949094296
109.53206200897694	11.756183490157127
108.18105863034725	10.405180111527443
105.70476716011763	7.928888641297817
123.27505271136761	25.499174192547798
107.71141973137856	9.935541212558746
87.44421302527189	-10.331665493547916
79.42249246686697	-18.35338605195284
119.71386405080557	21.93798553198576
84.3809168562293	-13.394961662590504
111.37816080451012	13.602282285690308
96.54968953877687	-1.2261889800429344
98.90212657302618	1.1262480542063713
126.68952713906765	28.91364862024784
123.0856948196888	25.309816300868988
75.95058606564999	-21.825292453169823
87.29029636830091	-10.485582150518894
90.86623938381672	-6.90963913500309
109.77360928803682	11.997730769217014
96.4227219671011	-1.3531565517187119
96.18000452965498	-1.5958739891648293
119.10858441144228	21.33270589262247
100.30578827857971	2.529909759759903
82.8866466358304	-14.889231882989407
92.73119100183249	-5.044687516987324
107.79344969987869	10.017571181058884
93.6248409897089	-4.1510375291109085
86.37148521840572	-11.404393300414085
100.10201444476843	2.32613592594862
92.6748094111681	-5.1010691076517105
98.30383795499802	0.5279594361782074
108.1750023663044	10.399123847484589
85.70939792692661	-12.066480591893196
100.32908495515585	2.5532064363360405
97.61735564470291	-0.15852287411689758
87.81555666029453	-9.960321858525276
109.81072050333023	12.034841984510422
87.64142666757107	-10.134451851248741
109.5409357175231	11.765057198703289
89.03096306324005	-8.744915455579758
88.30603915452957	-9.469839364290237
77.43975522369146	-20.336123295128345
115.0558650419116	17.279986523091793
88.90090928971767	-8.874969229102135
75.9309803545475	-21.84489816427231
120.3122410774231	22.536362558603287
112.7390253841877	14.96314686536789
99.2594121620059	1.4835336431860924
105.49232476204634	7.716446243226528
126.33171022683382	28.55583170801401
111.47372073680162	13.697842217981815
106.79629058390856	9.020412065088749
99.65620987862349	1.8803313598036766
111.80543289333582	14.02955437451601
101.5354870185256	3.7596084997057915
90.41008455306292	-7.365793965756893
95.72736147046089	-2.0485170483589172
86.99133164435625	-10.784546874463558
104.34185778349638	6.565979264676571
103.81457448005676	6.038695961236954
100.77047642320395	2.994597904384136
103.23343980312347	5.457561284303665
130.57486633956432	32.798987820744514
116.81465265154839	19.038774132728577
107.88693489134312	10.111056372523308
103.49402774870396	5.718149229884148
96.1362803131342	-1.6395982056856155
85.97779091447592	-11.798087604343891
113.29037895798683	15.514500439167023
94.02998413145542	-3.7458943873643875
114.44426719844341	16.668388679623604
83.19281530380249	-14.583063215017319
56.021994300186634	-41.753884218633175
108.1732481494546	10.397369630634785
109.56593185663223	11.790053337812424
113.01572586596012	15.239847347140312
85.30591036379337	-12.469968155026436
88.42844264954329	-9.347435869276524
94.15305595844984	-3.6228225603699684
112.57321041822433	14.797331899404526
102.87106060236692	5.095182083547115
91.55300860852003	-6.222869910299778
93.31690133363008	-4.458977185189724
93.2961310222745	-4.479747496545315
91.5250954926014	-6.250783026218414
73.6389392837882	-24.136939235031605
82.2636614665389	-15.512217052280903
109.5497154891491	11.773836970329285
99.3410439491272	1.5651654303073883
118.44319671392441	20.6673181951046
106.34616716206074	8.570288643240929
82.24271067231894	-15.533167846500874
60.72750837355852	-37.04837014526129
103.88280390202999	6.106925383210182
106.77331265062094	8.997434131801128
94.25601425021887	-3.5198642686009407
84.23725816607475	-13.538620352745056
103.46623576432467	5.690357245504856
78.70807366073132	-19.067804858088493
91.63866589218378	-6.137212626636028
103.05681759119034	5.280939072370529
108.82482023537159	11.04894171655178
75.58055353164673	-22.19532498717308
89.42618868499994	-8.349689833819866
107.05824684351683	9.282368324697018
102.08761464059353	4.31173612177372
100.21578102558851	2.4399025067687035
85.62496349215508	-12.150915026664734
88.50209975987673	-9.273778758943081
106.4146357178688	8.638757199048996
84.42836817353964	-13.34751034528017
101.23135291785002	3.4554743990302086
94.55173400044441	-3.2241445183753967
107.98707047104836	10.211191952228546
81.54451659321785	-16.23136192560196
83.36808041483164	-14.40779810398817
121.9332817941904	24.157403275370598
98.55950676649809	0.7836282476782799
108.72673574090004	10.95085722208023
82.14977518469095	-15.626103334128857
64.24947888404131	-33.5263996347785
96.1278879120946	-1.647990606725216
104.29518678039312	6.519308261573315
134.69983815401793	36.923959635198116
109.96743457019329	12.191556051373482
92.37378707528114	-5.402091443538666
111.3456009477377	13.569722428917885
85.92546915262938	-11.850409366190434
96.04402984678745	-1.7318486720323563
103.61528589576483	5.839407376945019
70.82213275134563	-26.953745767474174
117.53145413845778	19.755575619637966
125.09655699133873	27.32067847251892
63.877541072666645	-33.898337446153164
97.74372669309378	-0.03215182572603226
90.65271604061127	-7.123162478208542
107.4546697884798	9.678791269659996
108.69161624461412	10.915737725794315
100.34959964454174	2.5737211257219315
109.1583189740777	11.382440455257893
92.18065746873617	-5.595221050083637
89.35224581509829	-8.423632703721523
121.590296164155	23.814417645335197
93.67603366822004	-4.099844850599766
136.8098504692316	39.0339719504118
117.14554299414158	19.36966447532177
127.30067577213049	29.52479725331068
107.4178757071495	9.641997188329697
72.95558907836676	-24.820289440453053
81.71988806128502	-16.05599045753479
107.00681325793266	9.230934739112854
107.7753571420908	9.999478623270988
98.43613404780626	0.660255528986454
89.4217319265008	-8.354146592319012
106.04552758485079	8.26964906603098
102.90378257632256	5.127904057502747
103.91077791899443	6.134899400174618
92.42512884736061	-5.350749671459198
104.01988182961941	6.244003310799599
94.11733330786228	-3.658545210957527
110.5631360411644	12.78725752234459
77.08425971865654	-20.69161880016327
94.4294822588563	-3.3463962599635124
113.32166070491076	15.545782186090946
86.16422574222088	-11.61165277659893
103.36702118068933	5.591142661869526
121.6984458193183	23.922567300498486
95.40485046058893	-2.371028058230877
112.69528054445982	14.91940202564001
114.8239715769887	17.048093058168888
85.78506989777088	-11.990808621048927
103.88241836428642	6.106539845466614
86.07202181220055	-11.703856706619263
95.80791698396206	-1.96796153485775
106.50958120822906	8.733702689409256
85.37448749691248	-12.40139102190733
95.22956275939941	-2.546315759420395
92.5068775638938	-5.269000954926014
92.80236820876598	-4.973510310053825
86.82311287522316	-10.95276564359665
108.85766288638115	11.08178436756134
99.76294958591461	1.9870710670948029
102.25039952248335	4.47452100366354
107.39760933071375	9.62173081189394
86.01791230589151	-11.757966212928295
100.7916027456522	3.01572422683239
100.97908367216587	3.2032051533460617
87.05668189376593	-10.719196625053883
130.1306025981903	32.3547240793705
108.56692730635405	10.791048787534237
81.41283661872149	-16.363041900098324
82.04801173508167	-15.727866783738136
86.34992437809706	-11.425954140722752
109.34071127325296	11.564832754433155
67.65030732750893	-30.125571191310883
109.97531071305275	12.19943219423294
101.83802755922079	4.062149040400982
102.60642394423485	4.830545425415039
89.90117532759905	-7.87470319122076
89.74046617001295	-8.035412348806858
78.89880588650703	-18.877072632312775
77.7157267704606	-20.060151748359203
115.20555411279202	17.429675593972206
97.19038967043161	-0.585488848388195
124.22013187408447	26.444253355264664
93.14485641568899	-4.631022103130817
95.57919052988291	-2.196687988936901
90.46994984894991	-7.3059286698699
102.70423829555511	4.928359776735306
70.73083160817623	-27.045046910643578
116.15588860958815	18.380010090768337
89.45437221229076	-8.321506306529045
102.07881992310286	4.302941404283047
100.15100532025099	2.375126801431179
82.67024850845337	-15.10563001036644
121.64281015843153	23.86693163961172
101.06142576783895	3.285547249019146
120.10764303803444	22.33176451921463
86.72128908336163	-11.054589435458183
83.3073781132698	-14.468500405550003
119.45063003152609	21.67475151270628
104.16248232871294	6.386603809893131
83.1115304082632	-14.664348110556602
99.78036085516214	2.0044823363423347
115.75715747475624	17.981278955936432
85.45509088039398	-12.320787638425827
104.39771997183561	6.621841453015804
82.20815084129572	-15.56772767752409
98.8806174620986	1.1047389432787895
77.41598442196846	-20.35989409685135
96.4711257442832	-1.3047527745366096
89.99763052165508	-7.778247997164726
106.72488869726658	8.94901017844677
113.27061230689287	15.494733788073063
144.02585776895285	46.24997925013304
97.93683379143476	0.1609552726149559
81.00720272958279	-16.768675789237022
88.71885205060244	-9.057026468217373
97.63352009654045	-0.1423584222793579
83.71366798877716	-14.062210530042648
87.49547149986029	-10.280407018959522
84.6834023669362	-13.092476151883602
117.89809314161539	20.122214622795582
117.14869125187397	19.37281273305416
85.99455287307501	-11.7813256457448
88.8021749779582	-8.973703540861607
76.47118347138166	-21.304695047438145
66.11418717354536	-31.66169134527445
94.12212037295103	-3.6537581458687782
90.03443715721369	-7.741441361606121
130.94205430150032	33.16617578268051
82.51860277354717	-15.257275745272636
99.71744327247143	1.941564753651619
98.60262954235077	0.8267510235309601
115.58240129798651	17.8065227791667
104.30528094619513	6.529402427375317
77.73644203692675	-20.039436481893063
96.46654418855906	-1.3093343302607536
98.24273465573788	0.46685613691806793
126.97715410590172	29.20127558708191
77.74228521436453	-20.03359330445528
118.65077891200781	20.874900393188
98.58482564985752	0.8089471310377121
109.99121800810099	12.215339489281178
83.33518566191196	-14.440692856907845
92.87570044398308	-4.900178074836731
59.115477196872234	-38.660401321947575
102.1590735912323	4.383195072412491
87.60983674228191	-10.166041776537895
84.51733536273241	-13.258543156087399
126.83440144360065	29.058522924780846
93.08230032771826	-4.693578191101551
126.03811449557543	28.26223597675562
104.49588325619698	6.720004737377167
98.89858594536781	1.1227074265480042
100.10621638596058	2.33033786714077
92.27082879841328	-5.505049720406532
93.62371565401554	-4.152162864804268
76.89853903651237	-20.877339482307434
112.71102457493544	14.935146056115627
121.90980412065983	24.13392560184002
98.89011164754629	1.1142331287264824
90.30799315869808	-7.467885360121727
105.17799133062363	7.402112811803818
96.10964324325323	-1.666235275566578
107.02394299209118	9.24806447327137
74.11891831457615	-23.65696020424366
82.31915775686502	-15.456720761954784
102.45756754279137	4.681689023971558
97.04448945820332	-0.7313890606164932
106.59064266830683	8.814764149487019
94.87929374724627	-2.8965847715735435
86.38529187440872	-11.390586644411087
94.3250664845109	-3.4508120343089104
99.40141866356134	1.6255401447415352
91.60838304460049	-6.167495474219322
86.83720939606428	-10.938669122755527
82.2451396882534	-15.530738830566406
73.42684629559517	-24.34903222322464
93.40549957752228	-4.370378941297531
130.97695843875408	33.20107991993427
76.71661161631346	-21.05926690250635
79.80628349632025	-17.96959502249956
88.36820869892836	-9.407669819891453
88.28863407671452	-9.487244442105293
119.50026171654463	21.72438319772482
108.86236523091793	11.086486712098122
70.53649333119392	-27.239385187625885
99.498859860003	1.7229813411831856
87.41117920726538	-10.364699311554432
81.99202743172646	-15.783851087093353
107.33800780028105	9.562129281461239
80.26343737542629	-17.512441143393517
81.30745766311884	-16.46842085570097
91.88405037671328	-5.891828142106533
96.93141662329435	-0.8444618955254555
78.5673014819622	-19.208577036857605
92.45839343965054	-5.317485079169273
137.4209612607956	39.645082741975784
108.67105062305927	10.895172104239464
67.87459317594767	-29.901285342872143
92.6685593649745	-5.10731915384531
90.16461896151304	-7.6112595573067665
80.7568024545908	-17.01907606422901
105.22314634919167	7.447267830371857
79.45143730938435	-18.324441209435463
91.5228706523776	-6.2530078664422035
84.57467857003212	-13.20119994878769
91.70179480314255	-6.074083715677261
60.90341553092003	-36.87246298789978
94.88680347800255	-2.8890750408172607
111.95749062299728	14.181612104177475
101.40155651420355	3.6256779953837395
85.50419273227453	-12.271685786545277
69.66929084062576	-28.106587678194046
87.11003340780735	-10.665845111012459
89.78580115735531	-7.9900773614645
107.31582812219858	9.539949603378773
93.62717502564192	-4.148703493177891
108.24520046263933	10.469321943819523
59.740475334227085	-38.035403184592724
97.94246626645327	0.16658774763345718
115.62865249812603	17.85277397930622
80.23007827997208	-17.545800238847733
97.52872517704964	-0.24715334177017212
92.16439224034548	-5.611486278474331
93.09833387285471	-4.677544645965099
114.41324324160814	16.637364722788334
93.48321057856083	-4.29266794025898
110.00582891702652	12.22995039820671
100.32359836250544	2.547719843685627
76.9684825912118	-20.807395927608013
89.17385936528444	-8.602019153535366
60.43121714890003	-37.34466136991978
98.20095060765743	0.4250720888376236
104.78816533833742	7.0122868195176125
81.80110320448875	-15.974775314331055
110.12455713003874	12.34867861121893
103.96734356880188	6.191465049982071
81.77232491225004	-16.003553606569767
92.59041646122932	-5.185462057590485
144.5485705435276	46.772692024707794
119.56470415741205	21.788825638592243
112.39263785630465	14.616759337484837
123.14834829419851	25.372469775378704
108.79957864433527	11.023700125515461
109.1477505043149	11.37187198549509
99.45957536250353	1.6836968436837196
121.52216052263975	23.746282003819942
109.4964452162385	11.72056669741869
96.87444888055325	-0.9014296382665634
111.95315857976675	14.177280060946941
90.0142852962017	-7.761593222618103
92.21876669675112	-5.557111822068691
126.60458148270845	28.828702963888645
71.13039042800665	-26.64548809081316
82.46071999520063	-15.315158523619175
76.762949436903	-21.01292908191681
93.92216064035892	-3.853717878460884
80.78614117950201	-16.9897373393178
125.99620498716831	28.220326468348503
98.40760693699121	0.6317284181714058
85.4743426963687	-12.301535822451115
96.38503208756447	-1.3908464312553406
109.21226072311401	11.436382204294205
90.84436947852373	-6.931509040296078
86.63814929127693	-11.137729227542877
114.03561321645975	16.259734697639942
134.93885159492493	37.16297307610512
124.84713535755873	27.07125683873892
100.32051498442888	2.5446364656090736
102.94022931158543	5.164350792765617
87.45714718103409	-10.31873133778572
88.04196287691593	-9.733915641903877
115.66588035970926	17.890001840889454
91.00607512146235	-6.769803397357464
97.61526018381119	-0.16061833500862122
135.1859998628497	37.4101213440299
112.14639811962843	14.37051960080862
101.17794787883759	3.4020693600177765
111.38692879676819	13.61105027794838
110.45611659437418	12.68023807555437
126.67852848768234	28.902649968862534
54.30168018490076	-43.47419833391905
93.74563963711262	-4.0302388817071915
70.91117364168167	-26.864704877138138
74.64370520412922	-23.13217331469059
88.76111981272697	-9.014758706092834
99.0607574954629	1.2848789766430855
104.58986581861973	6.813987299799919
72.25777520239353	-25.518103316426277
110.13399596512318	12.358117446303368
87.06709264963865	-10.708785869181156
90.68390703201294	-7.0919714868068695
84.19968269765377	-13.576195821166039
101.61755806207657	3.8416795432567596
79.76991852372885	-18.00595999509096
103.1883194744587	5.4124409556388855
111.32614854723215	13.550270028412342
107.97590943425894	10.200030915439129
88.25233840942383	-9.52354010939598
111.8251022696495	14.049223750829697
73.43098126351833	-24.344897255301476
97.2328372001648	-0.543041318655014
95.28097375482321	-2.494904763996601
87.82050906121731	-9.955369457602501
95.60510924458504	-2.1707692742347717
77.21898447722197	-20.556894041597843
97.63526201993227	-0.1406164988875389
108.45510645210743	10.67922793328762
101.02960281819105	3.2537242993712425
92.13381718099117	-5.642061337828636
68.12980901449919	-29.64606950432062
80.12973791360855	-17.646140605211258
112.21725870668888	14.441380187869072
113.86514199525118	16.08926347643137
91.7106908261776	-6.065187692642212
103.43012803047895	5.654249511659145
90.58352428674698	-7.19235423207283
92.11209845542908	-5.663780063390732
93.72282596677542	-4.053052552044392
87.1686401963234	-10.607238322496414
98.62601237744093	0.8501338586211205
99.77613165974617	2.000253140926361
120.33191895484924	22.556040436029434
110.93676844239235	13.16088992357254
105.91325318813324	8.13737466931343
94.3809042647481	-3.3949742540717125
103.19667305797338	5.420794539153576
86.98310463130474	-10.792773887515068
115.2269972935319	17.451118774712086
96.03642257303	-1.739455945789814
92.6789612993598	-5.0969172194600105
103.28862147033215	5.512742951512337
80.43797039240599	-17.337908126413822
73.39728790521622	-24.378590613603592
91.14098123461008	-6.634897284209728
83.91971650719643	-13.856162011623383
76.3101364672184	-21.46574205160141
89.95198667794466	-7.823891840875149
84.94631830602884	-12.829560212790966
105.26329956948757	7.487421050667763
69.15138037502766	-28.624498143792152
94.24004022032022	-3.535838298499584
96.99637070298195	-0.7795078158378601
81.66105058044195	-16.114827938377857
88.58977261185646	-9.186105906963348
94.70337155461311	-3.0725069642066956
106.28295611590147	8.507077597081661
113.19263256341219	15.41675404459238
70.49551007896662	-27.28036843985319
110.73507428914309	12.959195770323277
108.12137415260077	10.345495633780956
105.81938764452934	8.043509125709534
122.99231626838446	25.216437749564648
103.35779609531164	5.581917576491833
102.93530120700598	5.159422688186169
97.81245248019695	0.03657396137714386
88.49235608428717	-9.283522434532642
97.68461412936449	-0.09126438945531845
95.45728699117899	-2.3185915276408195
120.1620774269104	22.38619890809059
116.52563506364822	18.749756544828415
113.6950910165906	15.919212497770786
102.72590386867523	4.950025349855423
110.59656564891338	12.820687130093575
92.32930800318718	-5.446570515632629
97.84602408111095	0.07014556229114532
98.0751258507371	0.2992473319172859
105.38002886623144	7.6041503474116325
103.75229904800653	5.976420529186726
92.45460573583841	-5.321272782981396
119.03827665001154	21.26239813119173
126.36463169008493	28.588753171265125
102.60305396467447	4.827175445854664
90.69183058291674	-7.084047935903072
84.54025115817785	-13.235627360641956
77.02465885877609	-20.751219660043716
107.79711820185184	10.021239683032036
108.43338932096958	10.657510802149773
101.30031128972769	3.524432770907879
72.71020998060703	-25.065668538212776
80.96186914294958	-16.814009375870228
89.98499977588654	-7.790878742933273
66.54546475410461	-31.230413764715195
112.7518537119031	14.975975193083286
93.35866960138083	-4.417208917438984
70.50792779773474	-27.26795072108507
86.10937133431435	-11.666507184505463
125.72713900357485	27.95126048475504
111.89281417429447	14.116935655474663
112.93711312115192	15.161234602332115
110.54034841060638	12.764469891786575
107.27419909089804	9.498320572078228
104.45386970043182	6.677991181612015
93.44621307402849	-4.329665444791317
71.5872509777546	-26.188627541065216
103.49968434870243	5.723805829882622
103.63312432169914	5.8572458028793335
92.41683031618595	-5.359048202633858
95.68645143508911	-2.0894270837306976
106.85223352909088	9.076355010271072
133.93718829005957	36.16130977123976
113.97861538082361	16.202736862003803
105.960549749434	8.184671230614185
107.69757201522589	9.921693496406078
100.66742517799139	2.8915466591715813
92.37946616858244	-5.3964123502373695
99.50760573893785	1.7317272201180458
102.34246403723955	4.566585518419743
104.56225172430277	6.78637320548296
99.64190340042114	1.8660248816013336
127.37730217725039	29.601423658430576
96.28758202493191	-1.4882964938879013
93.52862876653671	-4.247249752283096
105.22704201191664	7.4511634930968285
95.167506352067	-2.6083721667528152
113.1900586783886	15.414180159568787
110.67200042307377	12.89612190425396
90.95880653709173	-6.817071981728077
75.13572189211845	-22.640156626701355
102.61904751509428	4.843168996274471
105.54839640110731	7.772517882287502
102.0901594683528	4.314280949532986
108.7721947953105	10.996316276490688
105.1323814690113	7.356502950191498
121.89351385086775	24.11763533204794
117.16265470534563	19.38677618652582
86.74362675100565	-11.03225176781416
127.81792498379946	30.04204646497965
98.85510894656181	1.0792304277420044
94.433055318892	-3.342823199927807
114.41018553078175	16.634307011961937
70.54169494658709	-27.234183572232723
91.15268328040838	-6.6231952384114265
85.428975276649	-12.34690324217081
102.54517288506031	4.769294366240501
110.31733849644661	12.5414599776268
94.22598458081484	-3.5498939380049706
101.71698074787855	3.9411022290587425
82.76356943696737	-15.012309081852436
101.63840637356043	3.8625278547406197
85.65670049190521	-12.119178026914597
126.88500871509314	29.109130196273327
104.39277035742998	6.616891838610172
95.9735237583518	-1.8023547604680061
76.78525634855032	-20.99062217026949
118.93971166014671	21.163833141326904
94.52029547095299	-3.2555830478668213
94.14905601739883	-3.6268225014209747
122.37965175509453	24.60377323627472
78.68557699769735	-19.090301521122456
119.40038777142763	21.624509252607822
118.65635396540165	20.88047544658184
82.07562413811684	-15.700254380702972
81.3363674506545	-16.439511068165302
130.43363148719072	32.657752968370914
89.40156246721745	-8.374316051602364
98.29644826799631	0.5205697491765022
82.7717701420188	-15.004108376801014
90.22260503470898	-7.553273484110832
119.38926376402378	21.613385245203972
103.73106878995895	5.955190271139145
118.8971571624279	21.121278643608093
113.39577510207891	15.619896583259106
91.47665818035603	-6.299220338463783
78.15941704809666	-19.616461470723152
94.02573664486408	-3.7501418739557266
114.94479732960463	17.168918810784817
100.93814314901829	3.1622646301984787
