Ea=105.6432427316904	delta_Ea
95.72006042301655	-9.923182308673859
105.71556217968464	0.07231944799423218
111.26685460656881	5.6236118748784065
119.14898599684238	13.505743265151978
95.61015605926514	-10.03308667242527
109.51441216468811	3.8711694329977036
89.72796022891998	-15.915282502770424
92.66025133430958	-12.982991397380829
120.10859034955502	14.465347617864609
111.3759378567338	5.732695125043392
94.31061094999313	-11.332631781697273
122.65688066184521	17.0136379301548
100.54682809114456	-5.096414640545845
96.47965739667416	-9.16358533501625
104.22815953195095	-1.4150831997394562
112.96230173110962	7.319058999419212
112.87428494542837	7.231042213737965
130.37473811209202	24.73149538040161
108.98205559700727	3.338812865316868
90.26829515397549	-15.37494757771492
116.75963132083416	11.116388589143753
103.79570721834898	-1.8475355133414268
104.49418506026268	-1.1490576714277267
100.56773387640715	-5.07550885528326
122.464614585042	16.821371853351593
127.81359364837408	22.170350916683674
111.60688789188862	5.963645160198212
69.6795960739255	-35.96364665776491
119.41224985569715	13.769007124006748
101.48075608164072	-4.162486650049686
86.59741104394197	-19.045831687748432
128.9883295223117	23.34508679062128
107.63074829429388	1.9875055626034737
93.30570578575134	-12.337536945939064
98.82127403467894	-6.821968697011471
122.17921006679535	16.535967335104942
110.35478587448597	4.711543142795563
100.57235425710678	-5.070888474583626
132.9569786041975	27.313735872507095
114.37947581708431	8.736233085393906
120.3776182308793	14.7343754991889
110.41028760373592	4.767044872045517
81.699214451015	-23.94402828067541
116.69330431520939	11.050061583518982
110.14354284107685	4.500300109386444
75.51793255656958	-30.12531017512083
113.3758185505867	7.732575818896294
106.62703642249107	0.9837936908006668
115.08447778224945	9.441235050559044
107.79985640197992	2.1566136702895164
96.72450732439756	-8.918735407292843
93.42202230542898	-12.221220426261425
130.1494472771883	24.506204545497894
110.16981768608093	4.526574954390526
116.72589833289385	11.082655601203442
115.78029295057058	10.137050218880177
131.58076145499945	25.93751872330904
118.0207754522562	12.377532720565796
94.0244065374136	-11.61883619427681
123.40674772113562	17.76350498944521
131.32964945584536	25.68640672415495
83.48328452557325	-22.159958206117153
100.05381850153208	-5.589424230158329
112.85168035328388	7.208437621593475
98.0583453476429	-7.584897384047508
99.03666051477194	-6.6065822169184685
115.92738178372383	10.284139052033424
91.61541091650724	-14.027831815183163
75.39284750074148	-30.250395230948925
68.94102247059345	-36.702220261096954
132.46230769902468	26.81906496733427
113.00387544184923	7.360632710158825
106.35275011509657	0.7095073834061623
108.35683059692383	2.7135878652334213
86.70489026606083	-18.938352465629578
102.3600751683116	-3.283167563378811
88.64695623517036	-16.996286496520042
94.12227433174849	-11.520968399941921
86.35764469206333	-19.285598039627075
131.44265051931143	25.79940778762102
88.22499194741249	-17.418250784277916
114.09687925130129	8.453636519610882
120.63604042679071	14.992797695100307
113.5504473298788	7.9072045981884
113.19777123630047	7.554528504610062
119.91538005322218	14.272137321531773
118.26771697402	12.624474242329597
142.90219167619944	37.25894894450903
94.9099123775959	-10.733330354094505
107.36024667322636	1.7170039415359497
106.83206577599049	1.1888230443000793
108.6314831674099	2.98824043571949
78.96541524678469	-26.67782748490572
107.42102548480034	1.777782753109932
105.33782669901848	-0.3054160326719284
115.31977716088295	9.676534429192543
100.57270626723766	-5.0705364644527435
96.0549862831831	-9.588256448507309
96.15499749779701	-9.488245233893394
107.35150870680809	1.7082659751176834
115.61621847003698	9.972975738346577
81.26542069017887	-24.377822041511536
131.8841429427266	26.240900211036205
101.78928516805172	-3.853957563638687
102.85165573656559	-2.791586995124817
101.84592865407467	-3.797314077615738
127.0784300789237	21.435187347233295
106.49064230918884	0.847399577498436
98.2719250023365	-7.371317729353905
112.7966328561306	7.153390124440193
106.79313015192747	1.1498874202370644
92.80159731209278	-12.841645419597626
106.11176234483719	0.4685196131467819
115.8988081291318	10.255565397441387
112.34701149910688	6.703768767416477
95.32851985096931	-10.314722880721092
103.18329230695963	-2.4599504247307777
93.48394996672869	-12.15929276496172
94.86294845491648	-10.78029427677393
112.36609395593405	6.722851224243641
94.30003503710032	-11.343207694590092
97.23768454790115	-8.405558183789253
105.57409186661243	-0.06915086507797241
110.58291471749544	4.939671985805035
110.5215544551611	4.878311723470688
131.0441080853343	25.400865353643894
108.0470441877842	2.403801456093788
111.05311194807291	5.4098692163825035
131.83929447829723	26.196051746606827
123.16051129251719	17.51726856082678
116.8174597620964	11.174217030405998
93.45594161003828	-12.187301121652126
105.05994490534067	-0.5832978263497353
96.52775113284588	-9.115491598844528
114.1248502060771	8.481607474386692
119.83056674897671	14.1873240172863
79.0786386653781	-26.564604066312313
79.79691227525473	-25.84633045643568
87.45556225627661	-18.1876804754138
100.04440199583769	-5.598840735852718
113.61610358208418	7.972860850393772
93.80992311239243	-11.833319619297981
93.9489139765501	-11.694328755140305
111.41545188426971	5.772209152579308
108.32239200919867	2.679149277508259
101.88814397901297	-3.7550987526774406
131.38455640524626	25.74131367355585
106.431879773736	0.7886370420455933
88.533462934196	-17.10977979749441
135.06592846661806	29.422685734927654
90.28383861482143	-15.359404116868973
107.80843538790941	2.1651926562190056
87.49939976632595	-18.143842965364456
88.74244765937328	-16.900795072317123
90.80500617623329	-14.838236555457115
104.3333783224225	-1.3098644092679024
96.1159222945571	-9.527320437133312
83.53846251964569	-22.104780212044716
96.72135593742132	-8.921886794269085
125.32942038029432	19.686177648603916
107.1114091873169	1.4681664556264877
94.21560744941235	-11.427635282278061
92.14833736419678	-13.49490536749363
112.66223759949207	7.018994867801666
96.69327452778816	-8.949968203902245
111.78956576436758	6.146323032677174
110.38312996178865	4.7398872300982475
118.42482617497444	12.781583443284035
120.91074605286121	15.267503321170807
106.68962863087654	1.0463858991861343
103.41853878647089	-2.2247039452195168
101.00673867017031	-4.6365040615201
114.88382557034492	9.240582838654518
101.41754361242056	-4.225699119269848
124.870474986732	19.2272322550416
118.14378746598959	12.500544734299183
105.95159453898668	0.3083518072962761
92.90285605937243	-12.740386672317982
131.3319028094411	25.688660077750683
95.78319093585014	-9.860051795840263
119.91992396116257	14.27668122947216
116.88619711995125	11.242954388260841
90.08898555487394	-15.554257176816463
102.37223663181067	-3.2710060998797417
102.42950559407473	-3.2137371376156807
119.45652385056019	13.813281118869781
116.9763385951519	11.333095863461494
115.47298154979944	9.829738818109035
106.25909853726625	0.6158558055758476
90.42207561433315	-15.221167117357254
122.94697090983391	17.3037281781435
83.93695975840092	-21.70628297328949
116.86774633079767	11.224503599107265
101.94758845865726	-3.695654273033142
132.49332772940397	26.850084997713566
100.49839683622122	-5.144845895469189
92.0883669257164	-13.554875805974007
111.22217506170273	5.5789323300123215
108.88914271444082	3.245899982750416
106.20291689038277	0.5596741586923599
100.03151012212038	-5.611732609570026
99.80326464772224	-5.8399780839681625
118.17300658673048	12.529763855040073
98.2030717432499	-7.440170988440514
92.29412654787302	-13.349116183817387
99.83638925105333	-5.8068534806370735
120.62342921644449	14.980186484754086
106.37618507444859	0.7329423427581787
106.32191928476095	0.6786765530705452
106.42657844722271	0.7833357155323029
104.31561414897442	-1.3276285827159882
99.62053208053112	-6.0227106511592865
70.94951052218676	-34.69373220950365
107.11848402768373	1.475241295993328
92.91025780886412	-12.73298492282629
109.87855462729931	4.235311895608902
105.20217771828175	-0.4410650134086609
104.21645040810108	-1.426792323589325
112.6565610691905	7.013318337500095
100.36139323562384	-5.28184949606657
107.73283210396767	2.08958937227726
103.9339751675725	-1.7092675641179085
129.70822884887457	24.064986117184162
127.36199202388525	21.718749292194843
78.42415224760771	-27.2190904840827
98.98133556544781	-6.6619071662425995
115.52861510962248	9.885372377932072
105.873590067029	0.23034733533859253
127.85879280418158	22.21555007249117
105.82690589129925	0.18366315960884094
116.74301838874817	11.099775657057762
113.34856623411179	7.705323502421379
109.05890740454197	3.4156646728515625
117.86068216711283	12.21743943542242
104.52562718838453	-1.1176155433058739
101.94709860533476	-3.696144126355648
108.4133659824729	2.7701232507824898
129.6758370101452	24.03259427845478
111.36264156550169	5.719398833811283
100.54938408732414	-5.093858644366264
95.77006158977747	-9.873181141912937
107.7991393879056	2.155896656215191
85.86682892590761	-19.776413805782795
107.69943265616894	2.056189924478531
95.1787204965949	-10.464522235095501
105.38316710293293	-0.2600756287574768
129.61109565198421	23.967852920293808
130.02245371043682	24.379210978746414
92.78151765465736	-12.861725077033043
120.52933407574892	14.886091344058514
116.21065402030945	10.567411288619041
90.43992666900158	-15.203316062688828
89.32349088042974	-16.319751851260662
133.63197728991508	27.988734558224678
120.2088730558753	14.565630324184895
99.0452484190464	-6.597994312644005
119.92378653585911	14.280543804168701
137.84169997274876	32.19845724105835
102.85489051043987	-2.788352221250534
116.27661010622978	10.633367374539375
107.5690149590373	1.9257722273468971
106.11897087097168	0.4757281392812729
84.77247034013271	-20.870772391557693
127.25840415805578	21.615161426365376
109.48496244102716	3.8417197093367577
94.23192925751209	-11.411313474178314
124.28107630461454	18.637833572924137
118.92372745275497	13.280484721064568
100.04523368924856	-5.598009042441845
117.99947927892208	12.356236547231674
64.99350255727768	-40.64974017441273
116.80442683398724	11.16118410229683
143.85257973521948	38.20933700352907
114.43551051616669	8.79226778447628
117.46012587100267	11.816883139312267
81.45492083579302	-24.18832189589739
97.9915968477726	-7.6516458839178085
105.15385212004185	-0.48939061164855957
92.29473742097616	-13.348505310714245
129.26812113821507	23.624878406524658
113.94373475015163	8.300492018461227
122.0798212736845	16.436578541994095
126.41751662641764	20.77427389472723
114.42470184713602	8.781459115445614
99.03314232081175	-6.610100410878658
110.13992854207754	4.4966858103871346
117.3702502399683	11.727007508277893
121.47468330711126	15.831440575420856
135.4781340882182	29.834891356527805
96.19972533732653	-9.44351739436388
91.1206511631608	-14.522591568529606
128.2028332799673	22.5595905482769
110.12771659344435	4.484473861753941
115.96415147930384	10.32090874761343
93.0549295693636	-12.588313162326813
106.6474024578929	1.004159726202488
121.02101551741362	15.37777278572321
94.6290537044406	-11.014189027249813
121.55603481829166	15.912792086601257
103.32045512646437	-2.32278760522604
107.7237685918808	2.0805258601903915
122.50092937797308	16.857686646282673
68.82469701766968	-36.81854571402073
127.14243999868631	21.499197266995907
138.19484727084637	32.55160453915596
89.95383377373219	-15.689408957958221
98.3278788253665	-7.31536390632391
101.27933924645185	-4.363903485238552
109.60293553769588	3.959692806005478
116.67111242562532	11.027869693934917
93.62399737536907	-12.019245356321335
109.37944346666336	3.736200734972954
135.1983185261488	29.55507579445839
125.40698561817408	19.76374288648367
89.99637446552515	-15.646868266165257
110.61401733011007	4.970774598419666
118.40431202203035	12.761069290339947
100.85149332880974	-4.791749402880669
87.67719019204378	-17.966052539646626
141.35997620224953	35.71673347055912
118.41130178421736	12.76805905252695
120.45779303461313	14.814550302922726
96.99294496327639	-8.65029776841402
117.42187226563692	11.778629533946514
98.22005189210176	-7.423190839588642
107.52213307470083	1.8788903430104256
113.92333474010229	8.280092008411884
81.25971011817455	-24.383532613515854
107.03682946413755	1.3935867324471474
101.58655489236116	-4.056687839329243
90.99541610479355	-14.647826626896858
88.64581556618214	-16.99742716550827
80.72049003839493	-24.92275269329548
122.52494011074305	16.88169737905264
98.56493903696537	-7.078303694725037
120.53242413699627	14.889181405305862
71.32857716083527	-34.31466557085514
98.35572092980146	-7.287521801888943
84.69159250706434	-20.951650224626064
104.0372707247734	-1.6059720069169998
79.49874848872423	-26.144494242966175
97.34823605418205	-8.295006677508354
98.83483266830444	-6.808410063385963
111.66651590913534	6.023273177444935
127.96155489236116	22.318312160670757
88.55217374116182	-17.091068990528584
93.43677873164415	-12.206464000046253
98.88414767384529	-6.759095057845116
120.93432695418596	15.291084222495556
92.95811212807894	-12.68513060361147
98.48574251681566	-7.157500214874744
125.30275443941355	19.65951170772314
107.44491329789162	1.80167056620121
115.55017460882664	9.90693187713623
103.29506951570511	-2.348173215985298
101.68501686304808	-3.95822586864233
96.47319269925356	-9.170050032436848
105.99262285232544	0.34938012063503265
101.17390751838684	-4.469335213303566
113.04175181686878	7.398509085178375
118.82616009563208	13.18291736394167
106.60203700512648	0.9587942734360695
98.94651545584202	-6.696727275848389
110.08296728879213	4.4397245571017265
111.47886214405298	5.8356194123625755
81.19545113295317	-24.44779159873724
99.62152963876724	-6.021713092923164
89.80626454204321	-15.836978189647198
117.51034564524889	11.867102913558483
108.41594125330448	2.7726985216140747
106.01509393751621	0.37185120582580566
107.44518694281578	1.8019442111253738
133.79228194057941	28.149039208889008
132.1591435521841	26.515900820493698
92.08615849912167	-13.55708423256874
84.5585025548935	-21.084740176796913
120.30858364701271	14.665340915322304
136.6274048164487	30.98416208475828
104.59381973743439	-1.0494229942560196
89.94782140851021	-15.695421323180199
82.87575647979975	-22.76748625189066
109.72282090783119	4.079578176140785
89.59555072337389	-16.047692008316517
103.77817006409168	-1.8650726675987244
89.69210408627987	-15.951138645410538
97.47769501805305	-8.165547713637352
122.5255646854639	16.8823219537735
90.75356478989124	-14.889677941799164
123.85311266034842	18.20986992865801
92.73817601799965	-12.905066713690758
95.29268765449524	-10.350555077195168
108.60218425095081	2.9589415192604065
103.31334034353495	-2.3299023881554604
87.41938874870539	-18.22385398298502
122.76459097862244	17.12134824693203
118.75782558321953	13.114582851529121
95.81612316519022	-9.827119566500187
107.95677498728037	2.313532255589962
99.5229512900114	-6.120291441679001
100.01555828750134	-5.627684444189072
100.19036810100079	-5.452874630689621
122.28703923523426	16.643796503543854
118.3670582473278	12.723815515637398
105.56104981154203	-0.08219292014837265
85.50955580174923	-20.133686929941177
106.24088714271784	0.5976444110274315
81.10028517246246	-24.542957559227943
97.76490515470505	-7.878337576985359
99.93745718151331	-5.705785550177097
109.45365136861801	3.8104086369276047
129.3901750445366	23.746932312846184
99.37355980277061	-6.269682928919792
129.17468643933535	23.53144370764494
88.81172280013561	-16.831519931554794
101.46573238819838	-4.177510343492031
85.14299080520868	-20.500251926481724
102.01616612821817	-3.627076603472233
94.85493989288807	-10.788302838802338
107.69694305956364	2.05370032787323
115.32464347779751	9.681400746107101
69.1383962854743	-36.504846446216106
131.09595814347267	25.452715411782265
96.93212230503559	-8.711120426654816
80.92461910843849	-24.718623623251915
102.3426942974329	-3.3005484342575073
98.25662442296743	-7.386618308722973
123.13726034015417	17.494017608463764
85.09325072914362	-20.549992002546787
99.2241456285119	-6.419097103178501
96.22217183560133	-9.421070896089077
102.54047978669405	-3.102762944996357
90.34260293096304	-15.300639800727367
112.64599917829037	7.00275644659996
128.93875190615654	23.295509174466133
110.22343468666077	4.58019195497036
101.23153299838305	-4.411709733307362
98.40077795088291	-7.242464780807495
114.77017617970705	9.126933448016644
111.70758537203074	6.064342640340328
79.80083644390106	-25.842406287789345
106.01081220060587	0.3675694689154625
103.80960764735937	-1.8336350843310356
107.86916919797659	2.2259264662861824
89.32891731709242	-16.314325414597988
107.93564315885305	2.2924004271626472
117.98253863304853	12.339295901358128
92.58716570585966	-13.056077025830746
108.80717443674803	3.163931705057621
87.99781337380409	-17.645429357886314
77.11854035407305	-28.52470237761736
91.6500013768673	-13.993241354823112
145.63714189827442	39.993899166584015
109.61453787982464	3.9712951481342316
74.36908726394176	-31.274155467748642
90.16203441470861	-15.481208316981792
118.5819725766778	12.938729844987392
86.36168999969959	-19.281552731990814
121.50953417271376	15.86629144102335
114.38773767650127	8.744494944810867
112.766661003232	7.1234182715415955
116.7928987890482	11.149656057357788
116.40074251592159	10.757499784231186
111.87933523952961	6.236092507839203
95.35221085697412	-10.291031874716282
89.19287449121475	-16.450368240475655
136.48371305316687	30.84047032147646
103.12860305607319	-2.514639675617218
101.02243213355541	-4.6208105981349945
119.8869611620903	14.243718430399895
84.94998718053102	-20.693255551159382
110.27925258874893	4.636009857058525
113.83812952786684	8.194886796176434
99.229770116508	-6.4134726151824
98.97917176783085	-6.664070963859558
93.30318614840508	-12.340056583285332
102.13331658393145	-3.5099261477589607
122.01618156582117	16.372938834130764
90.65805999189615	-14.985182739794254
97.37318520992994	-8.270057521760464
112.56976718455553	6.926524452865124
118.70699120312929	13.063748471438885
122.03032255917788	16.38707982748747
94.13327669352293	-11.509966038167477
112.01722390949726	6.373981177806854
116.10346046090126	10.460217729210854
99.56304425746202	-6.080198474228382
113.99112697690725	8.347884245216846
118.41893537342548	12.775692641735077
88.310730651021	-17.332512080669403
119.74822428822517	14.104981556534767
103.82268783450127	-1.8205548971891403
112.82311478257179	7.179872050881386
111.91110985726118	6.267867125570774
98.7244093567133	-6.918833374977112
72.86617484688759	-32.77706788480282
99.47667820006609	-6.166564531624317
135.3453649505973	29.70212221890688
117.59583982080221	11.952597089111805
106.53330010175705	0.8900573700666428
129.95608070492744	24.312837973237038
127.32001304626465	21.67677031457424
106.3951014727354	0.7518587410449982
96.7703569829464	-8.872885748744011
114.44517341256142	8.80193068087101
127.86433749645948	22.221094764769077
102.65787787735462	-2.985364854335785
104.2073117569089	-1.4359309747815132
114.74326663464308	9.100023902952671
81.28448260575533	-24.358760125935078
80.62204420566559	-25.02119852602482
98.25480656325817	-7.388436168432236
111.62965027987957	5.986407548189163
99.05154963582754	-6.5916930958628654
116.19384311884642	10.55060038715601
112.05513722449541	6.411894492805004
127.01793011277914	21.374687381088734
106.7035358697176	1.0602931380271912
85.27428378164768	-20.368958950042725
96.9102896079421	-8.732953123748302
91.19529436528683	-14.44794836640358
106.63856560736895	0.9953228756785393
119.52238895744085	13.879146225750446
102.86856745183468	-2.774675279855728
100.6990532130003	-4.944189518690109
114.31607927381992	8.672836542129517
92.54182294011116	-13.101419791579247
123.87731868028641	18.234075948596
112.76835936307907	7.125116631388664
101.89306158572435	-3.750181145966053
117.34258987754583	11.699347145855427
104.87815932929516	-0.7650834023952484
119.33022550493479	13.686982773244381
101.57594499737024	-4.067297734320164
83.81639045476913	-21.826852276921272
136.135516628623	30.492273896932602
132.61227786540985	26.969035133719444
87.08484023809433	-18.558402493596077
110.06438415497541	4.4211414232850075
115.38160751014948	9.738364778459072
113.64040436595678	7.9971616342663765
114.42919562757015	8.785952895879745
100.58886130154133	-5.054381430149078
99.42692898213863	-6.216313749551773
87.58946453034878	-18.05377820134163
104.6273143440485	-1.0159283876419067
114.3671356588602	8.7238929271698
102.79679695516825	-2.8464457765221596
96.55171743780375	-9.091525293886662
129.5189586058259	23.875715874135494
120.13140528649092	14.48816255480051
80.75487726926804	-24.88836546242237
123.73352485895157	18.090282127261162
100.27793936431408	-5.3653033673763275
115.91452920436859	10.271286472678185
86.02097251266241	-19.622270219027996
135.49093079566956	29.84768806397915
121.64881356805563	16.005570836365223
126.09760944545269	20.454366713762283
113.91261653602123	8.269373804330826
95.56282489001751	-10.080417841672897
83.91266587376595	-21.73057685792446
94.23835741728544	-11.404885314404964
94.3543955758214	-11.288847155869007
94.05018847435713	-11.593054257333279
135.18444024026394	29.541197508573532
114.21136688441038	8.568124152719975
118.00623233616352	12.362989604473114
128.61232218891382	22.969079457223415
106.9896603897214	1.3464176580309868
90.64082092791796	-15.00242180377245
95.21247750520706	-10.430765226483345
101.83821937441826	-3.805023357272148
93.06703346967697	-12.576209262013435
110.63535760343075	4.992114871740341
111.94560769945383	6.302364967763424
92.8338777050376	-12.809365026652813
112.0034633204341	6.360220588743687
94.53740494698286	-11.105837784707546
106.62061294913292	0.9773702174425125
103.83791473507881	-1.8053279966115952
92.94358839094639	-12.699654340744019
109.48857890069485	3.8453361690044403
109.83593466877937	4.192691937088966
108.71292228251696	3.0696795508265495
102.13337998092175	-3.5098627507686615
95.9403878301382	-9.7028549015522
109.84283544123173	4.199592709541321
93.43782283365726	-12.205419898033142
115.34407139569521	9.700828664004803
109.48024585098028	3.837003119289875
98.73654446005821	-6.9066982716321945
104.68594525754452	-0.9572974741458893
107.17381013929844	1.5305674076080322
116.32108297944069	10.677840247750282
129.758850120008	24.115607388317585
100.8874721378088	-4.755770593881607
103.47454787790775	-2.168694853782654
100.6192841976881	-5.023958534002304
115.88994204252958	10.246699310839176
107.83654227107763	2.193299539387226
90.72410143911839	-14.919141292572021
102.78157813847065	-2.861664593219757
112.04074867814779	6.397505946457386
130.6497713625431	25.0065286308527
130.70333806425333	25.060095332562923
123.13761323690414	17.494370505213737
111.30372141301632	5.6604786813259125
95.55061339586973	-10.092629335820675
119.61883912980556	13.975596398115158
88.31768511980772	-17.325557611882687
83.02690737694502	-22.616335354745388
92.99138535559177	-12.651857376098633
104.6742250919342	-0.9690176397562027
111.42377059161663	5.780527859926224
125.6945313513279	20.05128861963749
84.04407405853271	-21.599168673157692
82.58716009557247	-23.056082636117935
104.8907737582922	-0.7524689733982086
73.71226627379656	-31.93097645789385
89.38211695104837	-16.261125780642033
99.46753910928965	-6.175703622400761
125.13070967793465	19.48746694624424
128.54984313249588	22.906600400805473
105.45446317642927	-0.1887795552611351
105.07503718882799	-0.5682055428624153
117.18010956048965	11.536866828799248
63.34760031849146	-42.29564241319895
108.58955452591181	2.946311794221401
134.53533095121384	28.89208821952343
87.94158907979727	-17.70165365189314
113.35000979155302	7.706767059862614
120.71599610894918	15.072753377258778
105.21625406295061	-0.4269886687397957
122.71387072652578	17.070627994835377
113.92362245172262	8.280379720032215
119.29801938682795	13.654776655137539
119.48037116229534	13.837128430604935
110.5547366887331	4.911493957042694
99.76878676563501	-5.874455966055393
105.89756385982037	0.2543211281299591
111.02489802986383	5.381655298173428
94.00164952874184	-11.64159320294857
97.59162773936987	-8.051614992320538
98.48807180672884	-7.155170924961567
117.60044613480568	11.957203403115273
102.63060709834099	-3.0126356333494186
132.4046827852726	26.76144005358219
83.50973501056433	-22.13350772112608
96.17800429463387	-9.465238437056541
115.37296953052282	9.729726798832417
93.47411060333252	-12.169132128357887
115.34241635352373	9.699173621833324
108.18732203543186	2.544079303741455
77.57014317065477	-28.073099561035633
105.59755378216505	-0.04568894952535629
83.11293262243271	-22.530310109257698
101.47403234988451	-4.169210381805897
94.0848779976368	-11.558364734053612
100.55827567726374	-5.08496705442667
105.77767793089151	0.13443519920110703
114.81038188934326	9.167139157652855
124.79667725414038	19.15343452244997
123.95062880963087	18.307386077940464
94.44268351793289	-11.200559213757515
123.2639895901084	17.620746858417988
137.66194431483746	32.01870158314705
100.53344033658504	-5.109802395105362
102.59600683301687	-3.0472358986735344
86.318240493536	-19.32500223815441
80.24881276488304	-25.394429966807365
102.00272270292044	-3.64052002876997
103.71232636272907	-1.9309163689613342
121.14882804453373	15.505585312843323
95.901650801301	-9.741591930389404
96.43625685572624	-9.206985875964165
107.51632737368345	1.8730846419930458
86.34640269726515	-19.29684003442526
134.914276458323	29.271033726632595
85.78178834170103	-19.861454389989376
91.47188250720501	-14.171360224485397
114.11073423177004	8.467491500079632
103.24577181786299	-2.3974709138274193
111.81808552891016	6.174842797219753
87.99437698721886	-17.64886574447155
109.51091549545527	3.8676727637648582
93.6455692499876	-11.997673481702805
107.66293194890022	2.019689217209816
125.77240493893623	20.129162207245827
73.59676072746515	-32.046482004225254
114.00558985769749	8.36234712600708
90.3715675920248	-15.271675139665604
96.58742981404066	-9.055812917649746
108.49183437228203	2.8485916405916214
126.82510624825954	21.181863516569138
109.28087928146124	3.637636549770832
83.83033400774002	-21.812908723950386
111.94036507606506	6.297122344374657
115.35987921059132	9.71663647890091
130.5237891599536	24.880546428263187
90.83043937385082	-14.812803357839584
102.11063354462385	-3.532609187066555
98.17798672616482	-7.465256005525589
91.16499035805464	-14.478252373635769
88.56432400643826	-17.07891872525215
107.57249020040035	1.9292474687099457
110.59046233445406	4.947219602763653
113.01767079532146	7.374428063631058
100.87436080724001	-4.7688819244503975
79.39090389758348	-26.252338834106922
96.1548735871911	-9.488369144499302
109.61875478923321	3.975512057542801
81.20728874206543	-24.435953989624977
106.47458536177874	0.8313426300883293
123.5743776857853	17.931134954094887
114.40155141055584	8.758308678865433
98.54919572174549	-7.094047009944916
116.7098842188716	11.066641487181187
83.1106566786766	-22.5325860530138
78.7858570292592	-26.857385702431202
115.49787535518408	9.854632623493671
105.25362197309732	-0.38962075859308243
88.84653161466122	-16.79671111702919
103.01979657262564	-2.6234461590647697
82.80203954875469	-22.841203182935715
100.49430673569441	-5.148935995995998
89.70229356735945	-15.94094916433096
73.38439651578665	-32.25884621590376
109.46292298287153	3.8196802511811256
97.76981639117002	-7.873426340520382
108.4248167052865	2.781573973596096
103.31756085157394	-2.3256818801164627
100.96620980650187	-4.677032925188541
110.22683918476105	4.583596453070641
106.26667614281178	0.6234334111213684
119.02340090274811	13.380158171057701
97.175242587924	-8.468000143766403
99.7706765383482	-5.872566193342209
97.29022774845362	-8.35301498323679
148.4318247884512	42.78858205676079
115.47773418575525	9.834491454064846
100.55187250673771	-5.091370224952698
136.45406589657068	30.810823164880276
108.6100560054183	2.966813273727894
128.74917446821928	23.105931736528873
86.34968220442533	-19.293560527265072
110.62694252282381	4.983699791133404
100.12838657945395	-5.514856152236462
119.47517192363739	13.831929191946983
99.80633713304996	-5.836905598640442
108.06062780320644	2.417385071516037
120.88515146821737	15.241908736526966
115.08867783844471	9.445435106754303
102.35355213284492	-3.289690598845482
99.91515544056892	-5.728087291121483
79.29151421040297	-26.35172852128744
94.15386649221182	-11.489376239478588
107.12343337386847	1.4801906421780586
86.84938978403807	-18.79385294765234
84.44753500074148	-21.195707730948925
138.50835986435413	32.86511713266373
113.40837222337723	7.765129491686821
101.79324170202017	-3.8500010296702385
84.67871429026127	-20.964528441429138
114.83677504211664	9.193532310426235
97.1768255457282	-8.4664171859622
91.17554108053446	-14.467701651155949
88.97200935333967	-16.671233378350735
134.62693712115288	28.98369438946247
96.44941490888596	-9.193827822804451
121.58143546432257	15.93819273263216
103.4239566102624	-2.219286121428013
107.57102711498737	1.9277843832969666
88.81440319865942	-16.828839533030987
72.1803030371666	-33.46293969452381
115.13934907317162	9.496106341481209
115.94347943365574	10.300236701965332
102.77549281716347	-2.8677499145269394
87.85477880388498	-17.788463927805424
123.48890609294176	17.845663361251354
93.26679939031601	-12.376443341374397
102.41271325200796	-3.2305294796824455
89.29838288575411	-16.3448598459363
112.16798693686724	6.52474420517683
114.63707753270864	8.993834801018238
93.20992708206177	-12.43331564962864
112.80701048672199	7.163767755031586
108.32897030562162	2.685727573931217
84.1297992169857	-21.513443514704704
114.52803335338831	8.884790621697903
98.45625746250153	-7.186985269188881
96.66886292397976	-8.974379807710648
107.62431916594505	1.9810764342546463
135.0740217640996	29.43077903240919
92.13836923241615	-13.504873499274254
118.14910307526588	12.505860343575478
110.06871090084314	4.425468169152737
99.46656754612923	-6.17667518556118
107.23191025108099	1.588667519390583
96.13026508688927	-9.51297764480114
88.60821731388569	-17.035025417804718
115.8811683356762	10.237925603985786
83.23709776252508	-22.406144969165325
122.04749649763107	16.404253765940666
106.06377737224102	0.4205346405506134
83.19262586534023	-22.450616866350174
99.86699391901493	-5.776248812675476
153.66511745005846	48.02187471836805
97.59835783392191	-8.044884897768497
127.31648391485214	21.673241183161736
124.54689557850361	18.903652846813202
81.1646318435669	-24.478610888123512
133.50901287794113	27.865770146250725
78.05083061754704	-27.59241211414337
86.14423307031393	-19.499009661376476
139.55068879574537	33.907446064054966
120.95154930651188	15.308306574821472
98.15963718295097	-7.483605548739433
77.48741492629051	-28.155827805399895
116.16229650378227	10.519053772091866
100.75141701847315	-4.8918257132172585
108.12174078077078	2.478498049080372
127.95962728559971	22.3163845539093
104.13277694582939	-1.5104657858610153
107.76818220317364	2.1249394714832306
113.67746209353209	8.034219361841679
118.61266607046127	12.969423338770866
104.81365817040205	-0.8295845612883568
115.9102333933115	10.266990661621094
117.95334265381098	12.310099922120571
94.54824301600456	-11.094999715685844
76.79709171503782	-28.846151016652584
117.78292119503021	12.139678463339806
115.77872308343649	10.135480351746082
102.07138725370169	-3.57185547798872
117.15531879663467	11.512076064944267
103.4379560276866	-2.205286704003811
89.56589845567942	-16.07734427601099
97.02313815057278	-8.62010458111763
104.36374509334564	-1.2794976383447647
98.31679727137089	-7.326445460319519
106.36543764173985	0.7221949100494385
120.62478255480528	14.981539823114872
71.52692482620478	-34.11631790548563
137.49691431969404	31.853671588003635
123.72171828150749	18.078475549817085
90.52081222087145	-15.122430510818958
127.20343955606222	21.560196824371815
100.16961190849543	-5.473630823194981
72.70546201616526	-32.93778071552515
121.25769180059433	15.614449068903923
112.60931868851185	6.966075956821442
126.4467415586114	20.803498826920986
103.36432751268148	-2.2789152190089226
107.93915122002363	2.2959084883332253
100.77459964901209	-4.868643082678318
111.63373377919197	5.990491047501564
110.00179652869701	4.358553797006607
111.58908426761627	5.945841535925865
90.61211551725864	-15.031127214431763
119.9692716896534	14.32602895796299
110.87816686183214	5.234924130141735
101.14851854741573	-4.4947241842746735
105.49747443199158	-0.14576829969882965
101.96269017457962	-3.6805525571107864
110.38000466674566	4.736761935055256
97.65875451266766	-7.984488219022751
115.74492993950844	10.101687207818031
109.55358216166496	3.910339429974556
118.64663863182068	13.003395900130272
97.75840566307306	-7.884837068617344
109.93851502239704	4.2952722907066345
109.05927164852619	3.416028916835785
136.93213363736868	31.288890905678272
80.05654416978359	-25.586698561906815
91.16497077792883	-14.478271953761578
103.61704649031162	-2.026196241378784
66.50109265744686	-39.142150074243546
110.0995556563139	4.456312924623489
98.63127169758081	-7.011971034109592
94.44536509364843	-11.197877638041973
108.81449878960848	3.1712560579180717
139.3916695639491	33.7484268322587
101.42043529450893	-4.222807437181473
84.9958913102746	-20.647351421415806
96.59636477380991	-9.046877957880497
109.67339030653238	4.030147574841976
111.04840011894703	5.405157387256622
99.37140364199877	-6.271839089691639
116.47279363870621	10.8295509070158
94.19206349551678	-11.45117923617363
107.8505441993475	2.2073014676570892
91.61363581568003	-14.02960691601038
102.36961953341961	-3.2736231982707977
116.71868461370468	11.075441882014275
115.26705685257912	9.62381412088871
109.36854702234268	3.725304290652275
96.7358610406518	-8.907381691038609
100.17479567229748	-5.468447059392929
86.58560570329428	-19.05763702839613
105.81635624170303	0.17311351001262665
89.4666119068861	-16.176630824804306
103.85520729422569	-1.788035437464714
90.60250139981508	-15.040741331875324
112.29458671063185	6.651343978941441
106.08250834792852	0.4392656162381172
122.73739855736494	17.094155825674534
89.63111922889948	-16.012123502790928
119.87725433707237	14.234011605381966
121.43422048538923	15.790977753698826
116.23407711833715	10.590834386646748
137.33741649240255	31.694173760712147
94.01707004755735	-11.626172684133053
87.69334198534489	-17.94990074634552
92.28880923986435	-13.354433491826057
122.86513388156891	17.221891149878502
107.95528510212898	2.3120423704385757
130.93721282482147	25.293970093131065
109.24754421412945	3.604301482439041
94.3413507938385	-11.301891937851906
113.92274495214224	8.279502220451832
89.35087115317583	-16.292371578514576
111.05477695912123	5.4115342274308205
84.70376624912024	-20.93947648257017
93.90347123891115	-11.739771492779255
99.87611365318298	-5.767129078507423
97.6787521392107	-7.964490592479706
113.85608440637589	8.212841674685478
96.85522808879614	-8.788014642894268
113.00970525294542	7.366462521255016
109.75363032519817	4.110387593507767
96.0914487093687	-9.551794022321701
102.72530538588762	-2.917937345802784
83.50782030820847	-22.13542242348194
95.27986443042755	-10.363378301262856
113.63801661878824	7.9947738870978355
118.03731808811426	12.394075356423855
102.13034503906965	-3.5128976926207542
119.68033979833126	14.037097066640854
95.67904816567898	-9.964194566011429
120.99642360210419	15.35318087041378
93.82424734532833	-11.818995386362076
108.85980398952961	3.216561257839203
101.52414873242378	-4.1190939992666245
107.08469043672085	1.4414477050304413
91.97765748947859	-13.665585242211819
121.65139061957598	16.00814788788557
100.83947622030973	-4.8037665113806725
68.57686056941748	-37.06638216227293
106.66553243994713	1.0222897082567215
123.09484373033047	17.45160099864006
82.37951821833849	-23.263724513351917
81.9085390418768	-23.734703689813614
126.70666854083538	21.063425809144974
114.28455208986998	8.64130935817957
111.12499675154686	5.481754019856453
110.79261933267117	5.149376600980759
107.22640410810709	1.5831613764166832
142.37130571901798	36.728062987327576
105.10452824085951	-0.5387144908308983
101.45438853651285	-4.188854195177555
122.39577839523554	16.75253566354513
110.51922022551298	4.875977493822575
95.15799913555384	-10.48524359613657
111.63427505642176	5.99103232473135
89.56880354136229	-16.07443919032812
131.45243442058563	25.809191688895226
118.46399285644293	12.820750124752522
94.6650725826621	-10.978170149028301
124.8256113678217	19.182368636131287
119.70289874821901	14.059656016528606
110.31860118359327	4.675358451902866
127.85785890370607	22.214616172015667
86.33575128763914	-19.307491444051266
112.26242062449455	6.619177892804146
101.78007505834103	-3.8631676733493805
120.67376697808504	15.030524246394634
119.20648543536663	13.563242703676224
135.9692663550377	30.326023623347282
93.93336728960276	-11.70987544208765
111.41232757270336	5.769084841012955
117.4805540367961	11.837311305105686
116.17731670290232	10.53407397121191
120.05655048042536	14.413307748734951
102.80155897885561	-2.841683752834797
86.96667625755072	-18.67656647413969
88.01253674179316	-17.63070598989725
104.34282271564007	-1.3004200160503387
103.73592130094767	-1.9073214307427406
104.67907851189375	-0.9641642197966576
95.81649149209261	-9.826751239597797
107.4147268012166	1.7714840695261955
86.57331575453281	-19.069926977157593
92.61196778714657	-13.031274944543839
111.07690822333097	5.433665491640568
89.6511878669262	-15.992054864764214
107.98928293585777	2.346040204167366
102.56598588079214	-3.077256850898266
127.87565265595913	22.232409924268723
113.21318645775318	7.569943726062775
108.67601262778044	3.0327698960900307
112.73512100428343	7.091878272593021
122.40929343551397	16.766050703823566
115.09752975404263	9.454287022352219
101.4669480919838	-4.176294639706612
144.90528032928705	39.262037597596645
99.61749429255724	-6.025748439133167
92.01057081669569	-13.632671914994717
86.75529330223799	-18.88794942945242
120.35656700283289	14.713324271142483
115.13444093614817	9.49119820445776
113.03282557427883	7.389582842588425
104.6123566403985	-1.0308860912919044
99.69251137971878	-5.950731351971626
154.96696504205465	49.323722310364246
94.52283869683743	-11.120404034852982
133.6820852458477	28.038842514157295
95.49887675046921	-10.144365981221199
99.0939726009965	-6.5492701306939125
127.75190964341164	22.10866691172123
93.06290093064308	-12.580341801047325
110.72318476438522	5.079942032694817
88.15008864551783	-17.49315408617258
78.12538855522871	-27.517854176461697
88.32199674099684	-17.32124599069357
110.86610841751099	5.2228656858205795
70.95450228452682	-34.68874044716358
89.24311478435993	-16.400127947330475
95.88894913345575	-9.754293598234653
94.03485172241926	-11.608391009271145
125.36336490511894	19.720122173428535
127.15298761427402	21.509744882583618
99.82241281867027	-5.820829913020134
96.45657142996788	-9.186671301722527
107.93281921744347	2.2895764857530594
100.667720079422	-4.97552265226841
110.18805347383022	4.544810742139816
99.30757394433022	-6.335668787360191
98.4585599526763	-7.184682779014111
122.49483828991652	16.85159555822611
77.9662809073925	-27.676961824297905
100.35005351155996	-5.293189220130444
78.74599807709455	-26.897244654595852
101.32713593542576	-4.316106796264648
126.77239553630352	21.129152804613113
103.99865160137415	-1.6445911303162575
105.20162280648947	-0.4416199252009392
97.53417174518108	-8.109070986509323
139.22091053426266	33.57766780257225
126.47339405864477	20.830151326954365
97.17691835016012	-8.466324381530285
109.31408748030663	3.6708447486162186
93.17794938385487	-12.46529334783554
108.09408041089773	2.450837679207325
102.40323290973902	-3.2400098219513893
93.22954481095076	-12.41369792073965
91.75300289690495	-13.890239834785461
91.57354625314474	-14.069696478545666
88.9489406272769	-16.69430210441351
116.10817211866379	10.464929386973381
103.5287251546979	-2.1145175769925117
111.45775981992483	5.814517088234425
102.73947973549366	-2.903762996196747
142.92925535142422	37.28601261973381
101.88058711588383	-3.7626556158065796
123.40388660132885	17.760643869638443
100.78616962581873	-4.857073105871677
92.4725930839777	-13.170649647712708
104.67427548766136	-0.9689672440290451
107.48936304450035	1.8461203128099442
93.70819609612226	-11.935046635568142
108.64506429433823	3.0018215626478195
98.62795300036669	-7.015289731323719
90.59307359158993	-15.05016914010048
124.01944129168987	18.376198559999466
112.79145412147045	7.1482113897800446
125.48606648296118	19.84282375127077
108.41268227249384	2.7694395408034325
117.85307115316391	12.209828421473503
104.87369351834059	-0.7695492133498192
76.31124494969845	-29.33199778199196
118.19027873128653	12.547035999596119
87.64262982457876	-18.000612907111645
99.46243876963854	-6.180803962051868
106.42472200095654	0.7814792692661285
92.06178320944309	-13.581459522247314
94.36722439527512	-11.27601833641529
116.68515882641077	11.041916094720364
113.63556637614965	7.992323644459248
100.55565211176872	-5.087590619921684
114.62416229397058	8.980919562280178
104.34208229929209	-1.3011604323983192
110.74467568099499	5.101432949304581
113.08646642416716	7.443223692476749
83.50529570877552	-22.137947022914886
99.88377133011818	-5.7594714015722275
99.07918647676706	-6.564056254923344
102.03486250340939	-3.608380228281021
93.43895219266415	-12.20429053902626
100.150654271245	-5.492588460445404
88.27313526719809	-17.37010746449232
117.11138924211264	11.46814651042223
108.76437711715698	3.1211343854665756
101.82236174494028	-3.820880986750126
116.24637708812952	10.603134356439114
113.95887180417776	8.315629072487354
107.5440473780036	1.9008046463131905
124.07080764323473	18.427564911544323
101.09946290403605	-4.543779827654362
92.81110795587301	-12.832134775817394
110.73232655227184	5.089083820581436
112.12523275613785	6.481990024447441
117.37979792058468	11.736555188894272
113.80754484981298	8.164302118122578
123.60816724598408	17.96492451429367
94.48399820178747	-11.159244529902935
90.49180927872658	-15.151433452963829
77.940286077559	-27.702956654131413
105.21811335533857	-0.42512937635183334
67.7009794563055	-37.9422632753849
112.62230214476585	6.979059413075447
83.7313137203455	-21.91192901134491
108.4642224162817	2.8209796845912933
100.38740546256304	-5.255837269127369
94.48853448033333	-11.154708251357079
90.74415769428015	-14.89908503741026
110.30661223083735	4.663369499146938
116.16819608211517	10.524953350424767
140.0973683744669	34.45412564277649
96.09387984871864	-9.549362882971764
121.15643896907568	15.513196237385273
90.47385520488024	-15.16938752681017
105.23450294137001	-0.4087397903203964
113.52861292660236	7.885370194911957
115.6211903244257	9.97794759273529
105.18051768094301	-0.46272505074739456
82.17777681350708	-23.465465918183327
119.4783738180995	13.835131086409092
116.24642357975245	10.603180848062038
84.06103926897049	-21.582203462719917
90.6563823595643	-14.986860372126102
129.76325917243958	24.12001644074917
100.54759961366653	-5.095643118023872
97.00346861034632	-8.63977412134409
70.73993215709925	-34.90331057459116
60.7388311624527	-44.90441156923771
101.19115515053272	-4.452087581157684
85.32159441709518	-20.321648314595222
120.10557999461889	14.462337262928486
105.01564964652061	-0.6275930851697922
89.8741184771061	-15.769124254584312
93.86651694774628	-11.77672578394413
98.19663015753031	-7.446612574160099
124.00772194564342	18.364479213953018
112.58033246546984	6.93708973377943
125.20495927333832	19.56171654164791
110.93681130558252	5.2935685738921165
141.42233725637197	35.77909452468157
84.56014881283045	-21.08309391885996
95.99549257010221	-9.647750161588192
84.50348495692015	-21.13975777477026
102.64395198971033	-2.999290741980076
114.27480620145798	8.63156346976757
104.69653326272964	-0.946709468960762
103.37941047549248	-2.2638322561979294
114.59054954349995	8.94730681180954
96.75143543630838	-8.891807295382023
110.06201703101397	4.418774299323559
97.05545061081648	-8.587792120873928
116.31016161292791	10.666918881237507
125.07210710644722	19.428864374756813
123.3867352232337	17.743492491543293
113.35702812671661	7.713785395026207
99.51662394404411	-6.126618787646294
97.70725136250257	-7.935991369187832
115.06706167012453	9.423818938434124
91.70288768410683	-13.94035504758358
100.961734816432	-4.681507915258408
111.74800765514374	6.104764923453331
91.65232630819082	-13.990916423499584
103.24558441340923	-2.3976583182811737
97.63008288294077	-8.013159848749638
113.37880774587393	7.735565014183521
120.9453525096178	15.302109777927399
93.2490577250719	-12.3941850066185
108.71724706143141	3.074004329741001
93.17660600692034	-12.46663672477007
104.78355670720339	-0.8596860244870186
97.69925498962402	-7.943987742066383
104.73302128911018	-0.9102214425802231
113.15528859943151	7.512045867741108
100.88329673558474	-4.759945996105671
115.85847182571888	10.215229094028473
95.56502600759268	-10.078216724097729
120.41103685647249	14.767794124782085
108.18224595487118	2.539003223180771
118.35189889371395	12.708656162023544
103.28723756223917	-2.3560051694512367
111.20123959332705	5.557996861636639
123.95191166549921	18.308668933808804
90.97949221730232	-14.663750514388084
92.87335720658302	-12.769885525107384
109.56263115257025	3.919388420879841
128.20343185216188	22.560189120471478
115.69683109223843	10.05358836054802
126.20677401870489	20.563531287014484
111.89384025335312	6.250597521662712
154.97612054646015	49.332877814769745
100.81739068031311	-4.8258520513772964
108.74920924007893	3.1059665083885193
78.41307084262371	-27.230171889066696
69.18355964124203	-36.45968309044838
88.76787395775318	-16.875368773937225
100.4976542815566	-5.1455884501338005
135.3019210100174	29.658678278326988
94.95357679575682	-10.68966593593359
125.15338706970215	19.51014433801174
105.54410605877638	-0.09913667291402817
121.52893213927746	15.885689407587051
102.64432372897863	-2.998919002711773
111.99604629725218	6.352803565561771
98.35303914546967	-7.290203586220741
123.40393973141909	17.76069699972868
108.54532611370087	2.90208338201046
87.60082425177097	-18.042418479919434
112.66948530077934	7.026242569088936
71.99556923657656	-33.64767349511385
102.99039708077908	-2.652845650911331
100.27804256230593	-5.3652001693844795
95.09791859984398	-10.545324131846428
114.00463783740997	8.361395105719566
93.77888415753841	-11.864358574151993
103.228695333004	-2.414547398686409
86.53424546122551	-19.108997270464897
97.04211405664682	-8.601128675043583
93.58365309238434	-12.059589639306068
110.12701968848705	4.483776956796646
93.4195163846016	-12.223726347088814
93.37508645653725	-12.26815627515316
111.02282112836838	5.379578396677971
101.12590613216162	-4.5173365995287895
82.1651231944561	-23.478119537234306
134.21170184761286	28.56845911592245
86.60371776670218	-19.03952496498823
87.59665109217167	-18.046591639518738
86.60794678330421	-19.035295948386192
95.40533131361008	-10.23791141808033
78.92550725489855	-26.71773547679186
121.83365082740784	16.19040809571743
86.33253613859415	-19.310706593096256
91.61336979269981	-14.029872938990593
107.99051245301962	2.347269721329212
96.62291656434536	-9.020326167345047
124.88263233751059	19.23938960582018
113.34667923301458	7.703436501324177
124.45941317081451	18.816170439124107
84.53097596019506	-21.112266771495342
108.86327116191387	3.220028430223465
89.56944569945335	-16.073797032237053
102.25711815059185	-3.3861245810985565
105.21315844357014	-0.4300842881202698
73.13821540772915	-32.50502732396126
95.40661265701056	-10.236630074679852
98.22513070702553	-7.418112024664879
89.12615660578012	-16.517086125910282
91.69370616972446	-13.949536561965942
99.06807021796703	-6.575172513723373
103.09914257377386	-2.544100157916546
98.73371523618698	-6.909527495503426
89.70438148081303	-15.93886125087738
112.04979757964611	6.406554847955704
94.11199788749218	-11.531244844198227
109.84615974873304	4.202917017042637
122.05780172348022	16.414558991789818
114.95246367156506	9.309220939874649
100.61516169458628	-5.02808103710413
114.62658581882715	8.983343087136745
108.04161465167999	2.398371919989586
100.68403758108616	-4.959205150604248
95.7585232630372	-9.884719468653202
89.4262578189373	-16.216984912753105
97.37448120862246	-8.268761523067951
115.38901678472757	9.745774053037167
107.60423173010349	1.960988998413086
106.4145345017314	0.7712917700409889
110.49118123948574	4.847938507795334
117.19057276844978	11.547330036759377
85.55527455359697	-20.087968178093433
140.0791875422001	34.43594481050968
56.74483836442232	-48.898404367268085
118.85698278993368	13.213740058243275
135.4845633804798	29.841320648789406
83.58934101462364	-22.053901717066765
103.69626776874065	-1.9469749629497528
96.14192014187574	-9.501322589814663
95.58840369433165	-10.05483903735876
101.21189345419407	-4.431349277496338
122.45211298018694	16.808870248496532
123.5731629729271	17.929920241236687
95.33964071422815	-10.303602017462254
84.33245830237865	-21.310784429311752
104.64882875233889	-0.9944139793515205
107.51439868658781	1.8711559548974037
98.02192748337984	-7.621315248310566
90.55334214121103	-15.089900590479374
97.89258632808924	-7.75065640360117
123.67013062536716	18.026887893676758
112.58576675504446	6.9425240233540535
103.15333869308233	-2.489904038608074
105.26064902544022	-0.38259370625019073
85.72373399883509	-19.91950873285532
95.70725590735674	-9.935986824333668
143.32500684261322	37.68176411092281
92.93178252875805	-12.711460202932358
112.13048722594976	6.4872444942593575
114.87762097269297	9.23437824100256
90.2187173590064	-15.424525372684002
93.32207836955786	-12.32116436213255
99.28230123966932	-6.360941492021084
102.30127270519733	-3.3419700264930725
128.4246319308877	22.781389199197292
97.74638315290213	-7.8968595787882805
126.91588694602251	21.272644214332104
102.95699610561132	-2.6862466260790825
139.22899889945984	33.58575616776943
99.31625147163868	-6.326991260051727
60.99740793555975	-44.64583479613066
98.62697740644217	-7.016265325248241
110.51132902503014	4.868086293339729
79.6398261114955	-26.003416620194912
103.04703277349472	-2.5962099581956863
114.3291382342577	8.685895502567291
94.5803487598896	-11.062893971800804
75.5399252101779	-30.10331752151251
121.24422264099121	15.600979909300804
95.96663855016232	-9.676604181528091
75.67724112421274	-29.966001607477665
87.10398769378662	-18.539255037903786
139.4716845974326	33.82844186574221
112.0992467328906	6.456004001200199
100.93254385888577	-4.710698872804642
121.69394411146641	16.050701379776
61.835906103253365	-43.80733662843704
98.16717781871557	-7.476064912974834
95.04555606096983	-10.597686670720577
84.34853604435921	-21.2947066873312
75.93038564175367	-29.712857089936733
113.2186032757163	7.575360544025898
111.65622950345278	6.012986771762371
114.5563267543912	8.913084022700787
89.71814820170403	-15.925094529986382
100.9576609954238	-4.685581736266613
88.85971888899803	-16.783523842692375
96.21419308334589	-9.429049648344517
133.83168438076973	28.188441649079323
90.19919091463089	-15.444051817059517
92.90822843462229	-12.735014297068119
94.4716975837946	-11.171545147895813
94.10569932311773	-11.537543408572674
126.94992456585169	21.30668183416128
141.836602114141	36.19335938245058
93.79501011222601	-11.848232619464397
116.88840681314468	11.245164081454277
85.6753671914339	-19.9678755402565
102.5333372503519	-3.109905481338501
109.56594998389482	3.922707252204418
116.63217384368181	10.988931111991405
101.07052712142467	-4.572715610265732
105.97422146052122	0.33097872883081436
109.66437370330095	4.021130971610546
143.9894703924656	38.346227660775185
104.98436170071363	-0.6588810309767723
96.12153474986553	-9.521707981824875
82.37539738416672	-23.26784534752369
111.93126451969147	6.2880217880010605
97.7882834225893	-7.854959309101105
112.8055439144373	7.162301182746887
92.83872053772211	-12.804522193968296
91.12077300995588	-14.522469721734524
98.7030654028058	-6.940177328884602
107.63414687663317	1.9909041449427605
111.02476147562265	5.381518743932247
95.8528985157609	-9.790344215929508
89.48725621402264	-16.15598651766777
108.39808665961027	2.7548439279198647
111.34336992353201	5.700127191841602
93.26827751845121	-12.374965213239193
105.74589435756207	0.10265162587165833
91.83042146265507	-13.81282126903534
80.61438701301813	-25.028855718672276
75.5588087067008	-30.084434024989605
115.36928313225508	9.72604040056467
128.12353436648846	22.48029163479805
104.23454730212688	-1.4086954295635223
106.52605579793453	0.8828130662441254
119.17990355193615	13.536660820245743
105.15441330522299	-0.48882942646741867
136.04307347536087	30.399830743670464
132.3961377814412	26.752895049750805
85.46726893633604	-20.175973795354366
99.60685876011848	-6.036383971571922
97.81673046201468	-7.826512269675732
91.98759673535824	-13.655645996332169
78.0843450948596	-27.558897636830807
122.44684311002493	16.803600378334522
99.37578329443932	-6.267459437251091
99.86326897144318	-5.7799737602472305
101.01380465179682	-4.629438079893589
113.85648760944605	8.213244877755642
105.91375870257616	0.27051597088575363
122.129707403481	16.4864646717906
74.86211548745632	-30.781127244234085
116.97621564567089	11.332972913980484
114.38558980822563	8.742347076535225
112.7904133349657	7.147170603275299
122.68460024148226	17.04135750979185
111.86731293052435	6.224070198833942
87.30145238339901	-18.341790348291397
88.56107757240534	-17.08216515928507
133.60465762764215	27.961414895951748
94.76819878816605	-10.87504394352436
118.52746427059174	12.884221538901329
104.78096067160368	-0.8622820600867271
113.01473674178123	7.371494010090828
129.44660703092813	23.803364299237728
128.13271156698465	22.489468835294247
86.2717889919877	-19.3714537397027
100.62352684140205	-5.019715890288353
100.20342759788036	-5.439815133810043
123.050911039114	17.40766830742359
107.24783746153116	1.6045947298407555
106.4854965955019	0.8422538638114929
124.563781529665	18.920538797974586
104.36402527987957	-1.2792174518108368
93.57214211672544	-12.071100614964962
93.71284653246403	-11.93039619922638
116.13942006975412	10.496177338063717
99.27449791133404	-6.368744820356369
97.27124696969986	-8.371995761990547
109.31488600373268	3.6716432720422745
104.53861828893423	-1.104624442756176
99.66660441458225	-5.976638317108154
116.1143064275384	10.471063695847988
86.38650524616241	-19.256737485527992
101.98473285138607	-3.6585098803043365
109.58802704513073	3.944784313440323
95.35014695674181	-10.293095774948597
107.50644391030073	1.8632011786103249
94.73645438998938	-10.90678834170103
121.80021103471518	16.15696830302477
95.26569426059723	-10.377548471093178
95.38213084638119	-10.26111188530922
85.24355737864971	-20.399685353040695
122.74926090985537	17.10601817816496
99.73069825023413	-5.91254448145628
88.0001065582037	-17.64313617348671
128.29042956978083	22.64718683809042
120.8227872774005	15.179544545710087
111.78167420625687	6.13843147456646
119.11859654635191	13.475353814661503
140.36681800335646	34.72357527166605
118.72372956573963	13.080486834049225
112.75905752927065	7.115814797580242
109.66858650743961	4.0253437757492065
120.38584171235561	14.742598980665207
111.01574135571718	5.372498624026775
98.31719398498535	-7.326048746705055
98.27671977877617	-7.366522952914238
93.66838839650154	-11.974854335188866
114.87869466096163	9.235451929271221
106.5482747554779	0.9050320237874985
110.70720887184143	5.063966140151024
113.34946346282959	7.706220731139183
135.6834083944559	30.040165662765503
120.18717916309834	14.543936431407928
114.0698414966464	8.426598764955997
108.92483804374933	3.2815953120589256
107.03230321407318	1.3890604823827744
97.72223094850779	-7.921011783182621
124.06259320676327	18.41935047507286
106.3617584258318	0.7185156941413879
117.28632421046495	11.643081478774548
90.71933252364397	-14.923910208046436
63.10927301645279	-42.53396971523762
112.19684848189354	6.553605750203133
119.58622545003891	13.942982718348503
125.27145152539015	19.62820879369974
93.1057896912098	-12.537453040480614
89.38056546449661	-16.262677267193794
107.3996787443757	1.756436012685299
125.89598692208529	20.25274419039488
103.74350622296333	-1.8997365087270737
102.92252361029387	-2.7207191213965416
95.87950222939253	-9.763740502297878
101.63506796211004	-4.008174769580364
92.51556065678596	-13.127682074904442
86.63444891571999	-19.00879381597042
91.11612617224455	-14.527116559445858
120.00653509050608	14.36329235881567
98.42496755719185	-7.218275174498558
130.6315371915698	24.9882944598794
118.93274772912264	13.289504997432232
97.27111937850714	-8.37212335318327
68.71731650829315	-36.925926223397255
112.46830552816391	6.825062796473503
114.93640026450157	9.293157532811165
98.43316277861595	-7.210079953074455
92.46978401392698	-13.173458717763424
106.39240834116936	0.7491656094789505
85.92364087700844	-19.71960185468197
100.36816672980785	-5.275076001882553
112.7468685284257	7.103625796735287
114.96011063456535	9.316867902874947
83.33352264761925	-22.30972008407116
102.80998537689447	-2.8332573547959328
117.87352918088436	12.230286449193954
108.19073662906885	2.5474938973784447
111.66300678253174	6.0197640508413315
95.31698197126389	-10.326260760426521
98.24743323028088	-7.395809501409531
114.76475387066603	9.12151113897562
95.53415386378765	-10.109088867902756
109.54851024597883	3.9052675142884254
102.09742676466703	-3.5458159670233727
118.85347024351358	13.210227511823177
87.81888142973185	-17.82436130195856
89.77992264181376	-15.863320089876652
130.90170948952436	25.258466757833958
112.15453337132931	6.511290639638901
115.45386009663343	9.810617364943027
96.46781853586435	-9.175424195826054
73.00712802261114	-32.636114709079266
99.33017755299807	-6.313065178692341
112.19767308980227	6.554430358111858
139.7830916494131	34.1398489177227
115.17769075930119	9.534448027610779
100.70829711854458	-4.934945613145828
122.93284758925438	17.289604857563972
92.14513720571995	-13.498105525970459
101.00721091777086	-4.636031813919544
102.12170145660639	-3.5215412750840187
83.49993331730366	-22.14330941438675
119.18493915349245	13.541696421802044
134.73053395748138	29.087291225790977
75.52880856394768	-30.11443416774273
105.94662457704544	0.3033818453550339
103.36984603106976	-2.2733967006206512
117.21526733785868	11.57202460616827
122.5775455608964	16.93430282920599
109.29755739122629	3.654314659535885
113.84884198755026	8.205599255859852
106.81298887729645	1.169746145606041
100.76854953914881	-4.874693192541599
127.74981634318829	22.10657361149788
100.77755977213383	-4.86568295955658
137.29164683818817	31.648404106497765
119.45506321638823	13.811820484697819
125.64030349999666	19.997060768306255
116.15648668259382	10.513243950903416
80.54261384904385	-25.10062888264656
94.94361631572247	-10.699626415967941
111.72044985741377	6.077207125723362
118.11636442691088	12.47312169522047
104.0449747145176	-1.5982680171728134
99.8804444372654	-5.762798294425011
104.05190502852201	-1.5913377031683922
109.40992517769337	3.76668244600296
107.41978331655264	1.7765405848622322
102.77449584752321	-2.8687468841671944
115.35723312199116	9.71399039030075
98.60708952695131	-7.036153204739094
120.52882355451584	14.885580822825432
91.61203914135695	-14.031203590333462
99.70318789035082	-5.940054841339588
123.64111427217722	17.997871540486813
92.55287745594978	-13.090365275740623
114.3352307677269	8.691988036036491
130.98654882609844	25.343306094408035
105.31761717796326	-0.32562555372714996
123.60447843372822	17.96123570203781
123.91815902292728	18.274916291236877
94.26965679973364	-11.373585931956768
114.76305085420609	9.119808122515678
96.51034040749073	-9.132902324199677
107.71991883963346	2.076676107943058
114.5988449305296	8.955602198839188
95.98153682053089	-9.661705911159515
103.75670444220304	-1.886538289487362
97.30341367423534	-8.339829057455063
102.54096046090126	-3.1022822707891464
96.98537394404411	-8.657868787646294
106.41399797052145	0.7707552388310432
111.90841815620661	6.265175424516201
102.70532301813364	-2.9379197135567665
116.21566155552864	10.572418823838234
94.84368399530649	-10.799558736383915
106.56268740445375	0.9194446727633476
106.67909243702888	1.035849705338478
97.77857004106045	-7.864672690629959
135.68964939564466	30.046406663954258
118.2879000082612	12.644657276570797
94.71301928162575	-10.93022345006466
86.78883799165487	-18.854404740035534
94.36965564638376	-11.273587085306644
115.29926838725805	9.656025655567646
78.74697824567556	-26.896264486014843
115.88914496451616	10.245902232825756
109.72639679908752	4.083154067397118
109.38332110643387	3.7400783747434616
96.7889508381486	-8.854291893541813
97.54026372730732	-8.102979004383087
86.43288727849722	-19.210355453193188
89.55591860413551	-16.087324127554893
124.91582529246807	19.272582560777664
104.64138101041317	-1.001861721277237
131.3289561122656	25.68571338057518
106.60496140271425	0.9617186710238457
101.27665167301893	-4.3665910586714745
101.52418415248394	-4.119058579206467
111.25000434368849	5.606761611998081
79.8288349211216	-25.81440781056881
120.77126795053482	15.128025218844414
94.22786673903465	-11.415375992655754
109.77373141795397	4.130488686263561
110.57823093235493	4.93498820066452
96.28056295216084	-9.362679779529572
125.38391982018948	19.74067708849907
103.0796312764287	-2.5636114552617073
124.37310295552015	18.729860223829746
92.18666150420904	-13.456581227481365
83.69397708773613	-21.949265643954277
131.6831333488226	26.039890617132187
112.59760782122612	6.954365089535713
91.31128443777561	-14.331958293914795
101.07011692225933	-4.573125809431076
123.16400768607855	17.52076495438814
92.42341050505638	-13.219832226634026
108.4450971186161	2.8018543869256973
87.79700823128223	-17.846234500408173
104.67428104579449	-0.9689616858959198
89.73357378691435	-15.909668944776058
111.16816409677267	5.524921365082264
94.01730936765671	-11.625933364033699
114.95999559760094	9.31675286591053
121.07900606095791	15.435763329267502
142.7033173441887	37.06007461249828
109.41679855436087	3.7735558226704597
90.2121876552701	-15.431055076420307
94.67521893233061	-10.968023799359798
111.92113345861435	6.277890726923943
93.87868745625019	-11.764555275440216
96.18982998281717	-9.453412748873234
98.28686817735434	-7.356374554336071
130.1762716397643	24.533028908073902
121.11825720965862	15.475014477968216
102.4588830024004	-3.1843597292900085
101.51856477558613	-4.124677956104279
87.23838920146227	-18.404853530228138
73.83638174086809	-31.806860990822315
106.07747149467468	0.4342287629842758
97.79733877629042	-7.84590395539999
141.21376460790634	35.570521876215935
93.9734596312046	-11.669783100485802
100.77150160819292	-4.871741123497486
104.56693361699581	-1.0763091146945953
123.94536325335503	18.30212052166462
111.18314135074615	5.539898619055748
91.43217795342207	-14.211064778268337
97.61073699593544	-8.032505735754967
104.99837294965982	-0.6448697820305824
134.39432936161757	28.75108662992716
84.92032720148563	-20.722915530204773
123.06596390157938	17.422721169888973
110.15095687657595	4.50771414488554
117.81894458085299	12.175701849162579
93.17178890109062	-12.471453830599785
103.1542621999979	-2.488980531692505
63.200574077665806	-42.4426686540246
107.80983527004719	2.166592538356781
96.11181025207043	-9.53143247961998
94.05800203979015	-11.585240691900253
136.91056390851736	31.267321176826954
97.48298221081495	-8.160260520875454
125.94858710467815	20.305344372987747
111.78739619255066	6.144153460860252
107.68825430423021	2.0450115725398064
107.5326072126627	1.88936448097229
102.8287288248539	-2.8145139068365097
107.4168676584959	1.7736249268054962
90.69342309981585	-14.949819631874561
116.17585568875074	10.532612957060337
125.95699679106474	20.313754059374332
108.40510051697493	2.761857785284519
104.52730455994606	-1.1159381717443466
109.93769480288029	4.29445207118988
97.70829778909683	-7.9349449425935745
116.89903829991817	11.255795568227768
87.11871238052845	-18.524530351161957
88.03665766865015	-17.606585063040257
108.62274018675089	2.979497455060482
108.43422720581293	2.7909844741225243
111.99481155723333	6.351568825542927
104.72858573496342	-0.9146569967269897
91.7200711145997	-13.923171617090702
100.79291784018278	-4.850324891507626
107.48662284016609	1.8433801084756851
97.88500517606735	-7.7582375556230545
91.62933097779751	-14.013911753892899
90.79716251045465	-14.846080221235752
78.40218461304903	-27.241058118641376
96.34977290779352	-9.293469823896885
137.68787414580584	32.04463141411543
86.01143854856491	-19.631804183125496
84.56506310403347	-21.078179627656937
96.53161568194628	-9.11162704974413
92.82874114066362	-12.814501591026783
127.6993745714426	22.056131839752197
123.34475132077932	17.701508589088917
84.757787078619	-20.885455653071404
107.14628327637911	1.5030405446887016
90.9789387434721	-14.664303988218307
88.42363684624434	-17.21960588544607
114.64794232696295	9.004699595272541
88.0322544425726	-17.610988289117813
92.52043594419956	-13.122806787490845
100.30468752235174	-5.338555209338665
100.78118371218443	-4.862059019505978
90.11480420827866	-15.52843852341175
102.41952736675739	-3.223715364933014
149.15652830898762	43.51328557729721
117.77854047715664	12.135297745466232
74.0281841903925	-31.615058541297913
98.39410226792097	-7.249140463769436
96.9611811041832	-8.68206162750721
80.94010186940432	-24.70314086228609
110.11251921951771	4.469276487827301
90.1599056944251	-15.4833370372653
104.79481959342957	-0.8484231382608414
93.27251373231411	-12.370728999376297
105.06566713005304	-0.5775756016373634
67.67093563824892	-37.972307093441486
103.02631659060717	-2.6169261410832405
127.28485032916069	21.641607597470284
117.44224372506142	11.79900099337101
98.11727660149336	-7.525966130197048
74.9153573513031	-30.727885380387306
95.85830916464329	-9.78493356704712
95.12775775790215	-10.515484973788261
112.92407684773207	7.28083411604166
96.74126596003771	-8.901976771652699
117.80737207084894	12.164129339158535
68.59756993502378	-37.04567279666662
111.89259199798107	6.249349266290665
126.15243577957153	20.509193047881126
92.07443933188915	-13.568803399801254
106.46986854076385	0.8266258090734482
99.46814243495464	-6.1751002967357635
96.03138592094183	-9.611856810748577
123.2225783765316	17.579335644841194
102.6566686630249	-2.9865740686655045
120.78628359735012	15.143040865659714
113.02827279269695	7.385030061006546
90.25471094995737	-15.388531781733036
100.08831755071878	-5.5549251809716225
64.93407376110554	-40.70916897058487
109.77913355082273	4.135890819132328
115.9152628108859	10.2720200791955
90.75903435051441	-14.884208381175995
118.20211361348629	12.558870881795883
108.13278893381357	2.489546202123165
93.15410835295916	-12.48913437873125
98.59640107303858	-7.046841658651829
151.99008360505104	46.346840873360634
125.07362182438374	19.43037909269333
117.67919919639826	12.035956464707851
127.33037466555834	21.68713193386793
110.7017172574997	5.058474525809288
118.0294909030199	12.386248171329498
106.27414035797119	0.6308976262807846
127.34090654551983	21.697663813829422
114.29420571029186	8.650962978601456
101.08097328990698	-4.562269441783428
121.35491924732924	15.711676515638828
97.23556789010763	-8.407674841582775
96.71302172541618	-8.930221006274223
134.84840013086796	29.20515739917755
75.13269861787558	-30.51054411381483
97.53343948721886	-8.10980324447155
87.39077031612396	-18.252472415566444
104.81207278370857	-0.8311699479818344
88.83142184466124	-16.81182088702917
132.56319724023342	26.919954508543015
108.79442147165537	3.151178739964962
89.69288045912981	-15.950362272560596
107.04044591635466	1.3972031846642494
110.50806752592325	4.864824794232845
98.03841892629862	-7.6048238053917885
89.87553036212921	-15.767712369561195
117.1258223503828	11.482579618692398
140.79346335679293	35.15022062510252
130.8972787335515	25.254036001861095
110.7391340136528	5.095891281962395
116.61641421169043	10.973171480000019
93.15428277105093	-12.488959960639477
91.69502866268158	-13.948214069008827
123.30073633044958	17.657493598759174
104.99793603271246	-0.6453066989779472
105.11303783208132	-0.5302048996090889
138.82747789472342	33.18423516303301
118.84035396575928	13.19711123406887
112.13572186976671	6.492479138076305
119.69056835770607	14.047325626015663
117.96613658964634	12.322893857955933
129.56434063613415	23.92109790444374
61.52158073335886	-44.12166199833155
96.25037586688995	-9.392866864800453
84.3871237039566	-21.256119027733803
80.48454448580742	-25.158698245882988
99.86871038377285	-5.774532347917557
106.78455662727356	1.1413138955831528
114.39350670576096	8.750263974070549
79.91111971437931	-25.732123017311096
117.4344882518053	11.791245520114899
102.77556613087654	-2.8676766008138657
97.96971031278372	-7.673532418906689
95.79914047569036	-9.844102256000042
110.66392640769482	5.02068367600441
87.31014183908701	-18.333100892603397
109.25984241068363	3.616599678993225
119.99502425640821	14.351781524717808
106.33822844922543	0.6949857175350189
97.44509946554899	-8.198143266141415
118.05215878784657	12.408916056156158
81.63901337236166	-24.004229359328747
109.0282775759697	3.3850348442792892
102.03033734112978	-3.612905390560627
94.68561650067568	-10.957626231014729
104.65091200917959	-0.9923307225108147
86.27636824548244	-19.366874486207962
108.41262888163328	2.769386149942875
117.94792214035988	12.304679408669472
114.51670019328594	8.873457461595535
100.18005169183016	-5.463191039860249
78.28389839082956	-27.359344340860844
93.30269300937653	-12.340549722313881
116.42126482725143	10.778022095561028
121.68422831594944	16.040985584259033
94.85811270773411	-10.785130023956299
114.19291456788778	8.549671836197376
94.3155529499054	-11.327689781785011
101.13974621891975	-4.503496512770653
95.36028603464365	-10.282956697046757
95.16709860414267	-10.476144127547741
100.87320499122143	-4.770037740468979
108.88801191747189	3.244769185781479
124.64839471876621	19.005151987075806
113.92637117952108	8.283128447830677
108.29466852545738	2.6514257937669754
96.78110760450363	-8.862135127186775
101.84039839357138	-3.80284433811903
95.71210777759552	-9.931134954094887
116.48494549840689	10.84170276671648
101.3277804851532	-4.315462246537209
99.88057138770819	-5.76267134398222
116.18271947652102	10.539476744830608
98.09066266566515	-7.552580066025257
82.22088003903627	-23.422362692654133
96.46986539661884	-9.173377335071564
93.1104363501072	-12.532806381583214
85.71255721896887	-19.93068551272154
99.18719122558832	-6.456051506102085
96.5842016339302	-9.0590410977602
115.31943725049496	9.67619451880455
78.17049676924944	-27.472745962440968
105.24924147129059	-0.3940012603998184
108.25938925147057	2.616146519780159
89.83502621203661	-15.808216519653797
98.07131474465132	-7.571927987039089
104.62125741690397	-1.0219853147864342
109.31199534237385	3.668752610683441
120.24509744346142	14.601854711771011
81.71305531263351	-23.930187419056892
120.8002212420106	15.156978510320187
113.10348345339298	7.460240721702576
111.533886782825	5.890644051134586
130.78011662513018	25.13687389343977
112.40033397078514	6.757091239094734
105.5235795378685	-0.11966319382190704
114.3390078023076	8.695765070617199
103.77633561193943	-1.8669071197509766
104.82071875035763	-0.8225239813327789
104.44959289580584	-1.193649835884571
130.5573781505227	24.914135418832302
117.57865859568119	11.935415863990784
122.97307019680738	17.329827465116978
110.81738965213299	5.174146920442581
118.26579800248146	12.622555270791054
103.20370792597532	-2.439534805715084
104.1509615406394	-1.4922811910510063
100.72435146570206	-4.91889126598835
112.05980067700148	6.4165579453110695
104.1377474591136	-1.505495272576809
101.6404171064496	-4.002825625240803
120.91997633874416	15.276733607053757
131.74997320771217	26.106730476021767
104.95940729230642	-0.6838354393839836
103.38351567834616	-2.2597270533442497
91.40812875330448	-14.235113978385925
89.8575334250927	-15.78570930659771
109.86990713328123	4.226664401590824
114.04768995940685	8.404447227716446
108.10200811177492	2.4587653800845146
83.99169930070639	-21.65154343098402
94.46762780845165	-11.175614923238754
96.5382397994399	-9.1050029322505
70.47318354249	-35.1700591892004
119.74761608242989	14.104373350739479
97.72682766616344	-7.916415065526962
79.78156023472548	-25.86168249696493
95.47996563464403	-10.163277097046375
131.58024196326733	25.93699923157692
120.9391602575779	15.29591752588749
123.93221208453178	18.288969352841377
118.21730215102434	12.574059419333935
119.49728758633137	13.85404485464096
113.01426839828491	7.371025666594505
101.79443481564522	-3.848807916045189
78.21922175586224	-27.42402097582817
105.3580700904131	-0.28517264127731323
117.88298074156046	12.239738009870052
101.35419405251741	-4.289048679172993
108.45574197173119	2.812499240040779
113.53526757657528	7.892024844884872
132.39899257570505	26.755749844014645
121.35921918600798	15.71597645431757
114.5773542970419	8.934111565351486
111.24551387876272	5.602271147072315
104.1489425599575	-1.4943001717329025
99.73462798446417	-5.908614747226238
107.86208406835794	2.2188413366675377
107.07968182116747	1.4364390894770622
107.15514092892408	1.511898197233677
100.25437257438898	-5.388870157301426
134.5780614539981	28.934818722307682
105.97796595841646	0.33472322672605515
102.6918411180377	-2.951401613652706
117.18445311486721	11.541210383176804
104.1963996514678	-1.4468430802226067
109.82942370325327	4.186180971562862
117.88235652446747	12.239113792777061
105.78921770304441	0.14597497135400772
81.48449447005987	-24.158748261630535
112.74724881350994	7.104006081819534
115.60156650096178	9.958323769271374
104.80125147849321	-0.8419912531971931
120.85979340225458	15.216550670564175
110.34647566080093	4.703232929110527
128.10639271140099	22.46314997971058
124.18400549888611	18.5407627671957
95.35115124285221	-10.292091488838196
134.34711778908968	28.703875057399273
110.58961503952742	4.946372307837009
98.13630904257298	-7.506933689117432
120.61055333912373	14.967310607433319
73.1193098500371	-32.52393288165331
103.50175119936466	-2.1414915323257446
90.30856887251139	-15.33467385917902
115.3616409227252	9.718398191034794
123.16763319820166	17.52439046651125
105.3233490884304	-0.31989364326000214
106.87038363516331	1.2271409034729004
92.0483094677329	-13.5949332639575
107.37785572558641	1.7346129938960075
91.78890988230705	-13.854332849383354
130.61364156752825	24.97039883583784
111.20742706954479	5.564184337854385
106.4008442312479	0.7576014995574951
90.28269750624895	-15.360545225441456
129.05623975396156	23.412997022271156
99.76006262004375	-5.883180111646652
105.02663233876228	-0.6166103929281235
124.24355901032686	18.600316278636456
91.02968347072601	-14.613559260964394
126.79273799061775	21.149495258927345
125.80684085935354	20.163598127663136
92.9572659060359	-12.685976825654507
87.34678816050291	-18.296454571187496
132.4106318578124	26.767389126121998
98.00716654211283	-7.6360761895775795
104.48128850758076	-1.1619542241096497
93.71981251239777	-11.92343021929264
99.1046614870429	-6.538581244647503
126.35053688287735	20.707294151186943
113.05273271352053	7.40948998183012
127.89718277007341	22.253940038383007
119.64675582945347	14.003513097763062
95.00397919118404	-10.639263540506363
89.34017070382833	-16.303072027862072
100.78371749818325	-4.859525233507156
123.25794485211372	17.614702120423317
112.32365269213915	6.680409960448742
