Ea=116.15122132748365	delta_Ea
105.48279444873333	-10.668426878750324
116.59034863859415	0.4391273111104965
116.783517383039	0.6322960555553436
118.68304300308228	2.5318216755986214
107.191351108253	-8.959870219230652
110.24965272843838	-5.901568599045277
123.17384852468967	7.02262719720602
120.57336615025997	4.422144822776318
110.60052086412907	-5.5507004633545876
126.3381815329194	10.186960205435753
102.63086178898811	-13.52035953849554
136.04962020367384	19.898398876190186
121.04387044161558	4.8926491141319275
126.04440709203482	9.893185764551163
106.92058445513248	-9.23063687235117
119.90173771232367	3.7505163848400116
126.92543778568506	10.774216458201408
124.20539452135563	8.054173193871975
114.19048319756985	-1.960738129913807
97.96740639209747	-18.18381493538618
122.70172293484211	6.550501607358456
109.71032559126616	-6.440895736217499
130.7400165349245	14.588795207440853
117.25797368586063	1.1067523583769798
113.64744699001312	-2.5037743374705315
145.28806068003178	29.136839352548122
119.25859989970922	3.1073785722255707
102.42332427203655	-13.727897055447102
130.45908453315496	14.30786320567131
115.91178178787231	-0.23943953961133957
108.46882805973291	-7.68239326775074
117.90256283432245	1.7513415068387985
132.77298061549664	16.62175928801298
114.7030619084835	-1.4481594190001488
118.71248872578144	2.5612673982977867
120.64592438191175	4.494703054428101
116.91636523604393	0.765143908560276
123.87337850034237	7.722157172858715
143.511057600379	27.359836272895336
129.79571247845888	13.644491150975227
123.00344418734312	6.8522228598594666
124.94132604449987	8.79010471701622
116.81137837469578	0.6601570472121239
115.73308215290308	-0.41813917458057404
114.7178798392415	-1.4333414882421494
101.01415902376175	-15.137062303721905
101.08514013141394	-15.066081196069717
118.49109154194593	2.3398702144622803
116.11606552451849	-0.035155802965164185
125.92607059329748	9.774849265813828
107.69072164595127	-8.460499681532383
108.22338171303272	-7.9278396144509315
138.89794390648603	22.74672257900238
127.04196259379387	10.890741266310215
115.34417267143726	-0.8070486560463905
140.7045674994588	24.553346171975136
124.51818238198757	8.366961054503918
131.63102331012487	15.47980198264122
99.90953296422958	-16.24168836325407
128.56997986882925	12.418758541345596
126.81488311290741	10.663661785423756
97.33601447194815	-18.815206855535507
117.76273157447577	1.6115102469921112
108.59684636443853	-7.55437496304512
115.42440944164991	-0.7268118858337402
113.07980926334858	-3.0714120641350746
119.42350535839796	3.2722840309143066
86.00584127008915	-30.145380057394505
96.67554806172848	-19.475673265755177
88.11828988790512	-28.032931439578533
131.23207526654005	15.080853939056396
117.2224265113473	1.0712051838636398
109.292684443295	-6.858536884188652
104.5645841434598	-11.586637184023857
93.32287645339966	-22.828344874083996
119.65611858665943	3.5048972591757774
111.81976482272148	-4.331456504762173
101.48961252719164	-14.661608800292015
114.26918201893568	-1.8820393085479736
138.4347148090601	22.283493481576443
96.39551467448473	-19.755706652998924
116.96792776882648	0.8167064413428307
130.2020753696561	14.050854042172432
119.78996939957142	3.6387480720877647
129.6932514309883	13.542030103504658
141.79306980967522	25.641848482191563
130.08654292672873	13.935321599245071
149.18768862634897	33.03646729886532
114.80239152908325	-1.348829798400402
119.84098211675882	3.6897607892751694
102.29099859297276	-13.860222734510899
117.31117134541273	1.1599500179290771
89.72255680710077	-26.42866452038288
120.4295359402895	4.278314612805843
116.14223644137383	-0.008984886109828949
110.78035578131676	-5.370865546166897
115.74119230359793	-0.41002902388572693
112.07447616010904	-4.076745167374611
100.34958248585463	-15.801638841629028
140.21319171786308	24.06197039037943
109.62115460634232	-6.530066721141338
108.8549073189497	-7.296314008533955
112.84532831609249	-3.305893011391163
101.33950698375702	-14.811714343726635
124.84324387460947	8.692022547125816
115.88865645229816	-0.26256487518548965
126.37441693991423	10.223195612430573
130.97112069278955	14.8198993653059
110.25933812558651	-5.891883201897144
131.67269902676344	15.521477699279785
105.73168608546257	-10.419535242021084
94.0530343875289	-22.098186939954758
107.80802614241838	-8.34319518506527
128.9715581163764	12.820336788892746
115.18046409636736	-0.9707572311162949
101.29149682074785	-14.859724506735802
112.37181828916073	-3.7794030383229256
114.7838174328208	-1.367403894662857
99.46115720272064	-16.690064124763012
94.61457734555006	-21.536643981933594
96.40910554677248	-19.742115780711174
126.95249468833208	10.801273360848427
116.08100170642138	-0.07021962106227875
118.94864948093891	2.7974281534552574
133.55171321332455	17.400491885840893
140.81706976890564	24.665848441421986
110.73854288458824	-5.4126784428954124
119.39048608392477	3.2392647564411163
133.9436337724328	17.79241244494915
130.0946572944522	13.943435966968536
122.95218839496374	6.800967067480087
120.7023783326149	4.551157005131245
114.49361883848906	-1.6576024889945984
109.06407845020294	-7.087142877280712
118.64535680413246	2.4941354766488075
119.57661291211843	3.425391584634781
101.37585967034101	-14.77536165714264
94.2260405793786	-21.92518074810505
96.04915346205235	-20.10206786543131
109.13524264842272	-7.015978679060936
141.57291661202908	25.42169528454542
110.67651488631964	-5.474706441164017
110.89362214505672	-5.2575991824269295
114.88201922923326	-1.269202098250389
112.14261162281036	-4.00860970467329
118.8932224586606	2.7420011311769485
145.99140202999115	29.840180702507496
100.18102525174618	-15.970196075737476
103.8676865696907	-12.28353475779295
120.92267131060362	4.771449983119965
96.68221467733383	-19.469006650149822
112.2091025263071	-3.942118801176548
100.12596473097801	-16.025256596505642
125.42667126655579	9.275449939072132
100.49040798097849	-15.660813346505165
108.62120408564806	-7.530017241835594
100.49010559916496	-15.661115728318691
112.33832505345345	-3.8128962740302086
115.4305101186037	-0.7207112088799477
133.75889828056097	17.607676953077316
106.74951877444983	-9.401702553033829
81.22165832668543	-34.929563000798225
99.81613483279943	-16.33508649468422
120.28734213113785	4.136120803654194
100.26762360334396	-15.88359772413969
142.48517984896898	26.33395852148533
129.80206635594368	13.650845028460026
154.54425457119942	38.39303324371576
129.1266473531723	12.975426025688648
110.60501752048731	-5.5462038069963455
132.05724036693573	15.906019039452076
117.23734755069017	1.08612622320652
118.48590648174286	2.334685154259205
112.6915631890297	-3.4596581384539604
141.24444030970335	25.093218982219696
126.91718059033155	10.7659592628479
121.23283576220274	5.081614434719086
108.33329289406538	-7.817928433418274
128.62332205474377	12.472100727260113
122.32843080163002	6.177209474146366
132.25681701302528	16.10559568554163
111.02731021493673	-5.123911112546921
112.43476779013872	-3.7164535373449326
107.29434433579445	-8.856876991689205
129.1774456948042	13.026224367320538
129.67996684461832	13.528745517134666
125.58252387493849	9.431302547454834
115.79885819554329	-0.35236313194036484
104.17392409592867	-11.977297231554985
124.58158054202795	8.430359214544296
134.20547239482403	18.054251067340374
109.67131645232439	-6.479904875159264
121.54776977747679	5.3965484499931335
120.227484844625	4.076263517141342
134.92245265841484	18.771231330931187
117.83413515239954	1.682913824915886
110.50658863037825	-5.644632697105408
141.795197814703	25.643976487219334
115.41751947253942	-0.7337018549442291
116.10646493732929	-0.044756390154361725
104.35036098957062	-11.800860337913036
101.88673447072506	-14.264486856758595
130.71147409826517	14.560252770781517
113.93483941257	-2.2163819149136543
118.31630546599627	2.1650841385126114
117.77091313153505	1.6196918040513992
133.7831288576126	17.631907530128956
104.39835769683123	-11.752863630652428
120.72966122627258	4.578439898788929
107.74098359048367	-8.410237736999989
124.73749797046185	8.586276642978191
126.82576207071543	10.674540743231773
95.64789270609617	-20.50332862138748
103.99183332175016	-12.15938800573349
116.50336784124374	0.3521465137600899
121.08776253461838	4.936541207134724
109.37483891099691	-6.77638241648674
95.30088678747416	-20.8503345400095
125.35991211235523	9.208690784871578
117.2634017392993	1.1121804118156433
122.022331148386	5.871109820902348
119.0139415115118	2.8627201840281487
124.72367976605892	8.572458438575268
146.8302202820778	30.678998954594135
108.62955201417208	-7.521669313311577
112.64791114628315	-3.5033101812005043
111.73282817751169	-4.418393149971962
130.01923341304064	13.868012085556984
147.73407354205847	31.582852214574814
113.52039361000061	-2.6308277174830437
131.38465167582035	15.233430348336697
129.68076515942812	13.529543831944466
96.223786637187	-19.92743469029665
137.33855099976063	21.187329672276974
126.47798517346382	10.326763845980167
119.06276595592499	2.9115446284413338
108.1247249096632	-8.026496417820454
127.76778337359428	11.61656204611063
128.8356807976961	12.68445947021246
113.87945146858692	-2.2717698588967323
112.32930663973093	-3.8219146877527237
117.71038533002138	1.5591640025377274
109.01106217503548	-7.140159152448177
124.82281167805195	8.671590350568295
107.90734293311834	-8.24387839436531
117.22746328264475	1.0762419551610947
131.42829097807407	15.27706965059042
118.05769214779139	1.9064708203077316
116.64906289428473	0.49784156680107117
124.24028053879738	8.089059211313725
125.13723754882812	8.986016221344471
111.41099356114864	-4.7402277663350105
107.24953334778547	-8.901687979698181
125.35717709362507	9.205955766141415
117.4244966134429	1.2732752859592438
106.03742332011461	-10.113798007369041
143.3426322489977	27.191410921514034
142.95338125526905	26.802159927785397
105.1054572686553	-11.045764058828354
147.98562944680452	31.83440811932087
118.69353060424328	2.5423092767596245
110.4379743784666	-5.713246949017048
104.00001879036427	-12.151202537119389
122.67730236798525	6.5260810405015945
128.10697367042303	11.955752342939377
102.63781459629536	-13.513406731188297
128.97110945731401	12.81988812983036
120.9060048237443	4.754783496260643
122.47426124662161	6.323039919137955
126.91266743093729	10.761446103453636
80.11299556493759	-36.03822576254606
127.50196809321642	11.350746765732765
129.7065296471119	13.555308319628239
120.25630425661802	4.105082929134369
128.6816143169999	12.530392989516258
103.33065824210644	-12.820563085377216
113.20141155272722	-2.9498097747564316
112.78536441922188	-3.365856908261776
103.00586419552565	-13.145357131958008
135.99594650417566	19.84472517669201
100.60096614807844	-15.550255179405212
123.97722727805376	7.8260059505701065
140.55374906212091	24.40252773463726
110.88380690664053	-5.267414420843124
125.61160230636597	9.460380978882313
127.97348446398973	11.82226313650608
133.285984672606	17.134763345122337
127.8999160155654	11.748694688081741
146.0264628827572	29.875241555273533
117.6234498694539	1.472228541970253
98.50202464312315	-17.649196684360504
131.10425152629614	14.953030198812485
122.56411742419004	6.41289609670639
114.08327528834343	-2.0679460391402245
118.36583541333675	2.2146140858531
115.1355294585228	-1.0156918689608574
108.34776096791029	-7.803460359573364
101.50966950505972	-14.641551822423935
128.94854144752026	12.797320120036602
118.50465252995491	2.3534312024712563
101.42856849730015	-14.722652830183506
118.52303266525269	2.3718113377690315
93.18240726739168	-22.968814060091972
117.97917471081018	1.8279533833265305
139.1067696660757	22.955548338592052
115.27848960459232	-0.8727317228913307
133.52557241916656	17.37435109168291
108.84003066271544	-7.311190664768219
127.10963531583548	10.958413988351822
121.09406989067793	4.942848563194275
104.34385924041271	-11.807362087070942
125.51256014406681	9.361338816583157
132.53812605142593	16.38690472394228
143.6279510036111	27.476729676127434
96.14631427824497	-20.004907049238682
124.34005461633205	8.1888332888484
125.14562556147575	8.9944042339921
95.33919730037451	-20.812024027109146
100.01529967039824	-16.13592165708542
151.75696240365505	35.6057410761714
131.61996064335108	15.468739315867424
137.8341907709837	21.682969443500042
115.18628288805485	-0.9649384394288063
127.24121936410666	11.089998036623001
119.49491127580404	3.343689948320389
125.11169012635946	8.960468798875809
112.51914974302053	-3.6320715844631195
104.50130708515644	-11.649914242327213
125.70710700750351	9.555885680019855
124.82058343291283	8.669362105429173
96.32967510074377	-19.821546226739883
114.54090841114521	-1.6103129163384438
103.66484824568033	-12.486373081803322
125.90954329073429	9.758321963250637
105.20350590348244	-10.947715424001217
123.16846117377281	7.017239846289158
83.69708181917667	-32.45413950830698
107.39317840337753	-8.758042924106121
115.16409970074892	-0.9871216267347336
107.7976371794939	-8.35358414798975
110.03284522145987	-6.1183761060237885
116.38311655819416	0.23189523071050644
109.47167856246233	-6.679542765021324
119.50128515809774	3.35006383061409
142.5298726707697	26.378651343286037
118.34075602144003	2.189534693956375
105.01822859048843	-11.13299273699522
113.75491832196712	-2.396303005516529
108.09520319104195	-8.056018136441708
93.35002974420786	-22.801191583275795
106.1288984939456	-10.022322833538055
139.68874670565128	23.53752537816763
117.24320767074823	1.0919863432645798
129.35105665028095	13.199835322797298
113.89986389130354	-2.2513574361801147
110.73060673475266	-5.420614592730999
111.11920661479235	-5.032014712691307
105.66574604809284	-10.485475279390812
109.24212670326233	-6.909094624221325
103.94825920462608	-12.20296212285757
127.4699921309948	11.318770803511143
109.63855843245983	-6.512662895023823
107.8310054242611	-8.32021590322256
113.49871880561113	-2.6525025218725204
135.98579639196396	19.834575064480305
94.5112453699112	-21.63997595757246
109.0241739526391	-7.127047374844551
97.94071471691132	-18.210506610572338
113.42011570930481	-2.7311056181788445
121.96454707533121	5.813325747847557
119.8357844054699	3.6845630779862404
115.88083231449127	-0.27038901299238205
139.94374454021454	23.792523212730885
129.0222070813179	12.870985753834248
109.11213030666113	-7.039091020822525
101.19639226794243	-14.954829059541225
126.77063053101301	10.619409203529358
144.0181257724762	27.866904444992542
104.03806187957525	-12.113159447908401
124.6206771954894	8.469455868005753
94.58147297054529	-21.569748356938362
117.51920180767775	1.3679804801940918
113.14858607202768	-3.0026352554559708
126.30351688712835	10.152295559644699
113.08319072425365	-3.0680306032299995
100.19861009716988	-15.952611230313778
126.15964848548174	10.008427157998085
117.77467373013496	1.62345240265131
118.5802565291524	2.4290352016687393
105.13403134793043	-11.017189979553223
113.16535602509975	-2.9858653023838997
94.42343703657389	-21.727784290909767
111.5768713876605	-4.574349939823151
85.06294651329517	-31.08827481418848
131.9018417969346	15.75062046945095
134.80385847389698	18.652637146413326
87.38506895303726	-28.766152374446392
117.224629111588	1.0734077841043472
101.56487851589918	-14.586342811584473
114.57089169323444	-1.5803296342492104
104.33415644615889	-11.817064881324768
112.72036097943783	-3.430860348045826
114.87682590633631	-1.2743954211473465
109.06057580560446	-7.090645521879196
110.07697407156229	-6.074247255921364
122.65092271566391	6.499701388180256
103.05863596498966	-13.092585362493992
110.60426338016987	-5.5469579473137856
123.62797892093658	7.4767575934529305
118.1781604886055	2.0269391611218452
133.68817853182554	17.53695720434189
111.23938338458538	-4.9118379428982735
134.27741537988186	18.126194052398205
103.1478023827076	-13.003418944776058
126.25176580995321	10.100544482469559
110.02595659345388	-6.12526473402977
123.05815549194813	6.906934164464474
105.2623206153512	-10.888900712132454
130.93228656053543	14.781065233051777
130.80577796697617	14.654556639492512
91.5421189442277	-24.60910238325596
130.4094235226512	14.258202195167542
114.16742251068354	-1.9837988168001175
115.12651059776545	-1.0247107297182083
113.18199833482504	-2.969222992658615
108.36786761134863	-7.783353716135025
127.9772511869669	11.826029859483242
96.02755665779114	-20.123664669692516
100.67027239501476	-15.480948932468891
123.43818521499634	7.286963887512684
118.2170315682888	2.065810240805149
98.41652893275023	-17.73469239473343
126.10804337263107	9.956822045147419
128.79455664753914	12.643335320055485
109.30406706780195	-6.847154259681702
111.3551220446825	-4.796099282801151
104.54544159024954	-11.605779737234116
114.75094870477915	-1.400272622704506
118.22977151721716	2.0785501897335052
94.26704458892345	-21.8841767385602
110.37722649425268	-5.773994833230972
110.05806735157967	-6.093153975903988
121.679842710495	5.528621383011341
99.35842604935169	-16.792795278131962
114.0287656262517	-2.1224557012319565
125.1171083971858	8.965887069702148
116.27661705762148	0.125395730137825
121.54987210780382	5.3986507803201675
100.40069389343262	-15.750527434051037
92.87983138114214	-23.271389946341515
109.74748650938272	-6.403734818100929
139.45943898707628	23.30821765959263
124.22445042431355	8.073229096829891
99.75183146446943	-16.39938986301422
105.34071486443281	-10.810506463050842
116.13976827263832	-0.0114530548453331
103.15165159851313	-12.999569728970528
122.23037301003933	6.0791516825556755
113.53526595979929	-2.6159553676843643
132.64808797836304	16.496866650879383
117.55435779690742	1.403136469423771
122.08533902466297	5.9341176971793175
129.5786086320877	13.427387304604053
102.60003478080034	-13.551186546683311
106.46265526860952	-9.68856605887413
110.2488207668066	-5.9024005606770515
125.74109292775393	9.589871600270271
112.05463553220034	-4.096585795283318
149.7304049283266	33.57918360084295
102.58524375408888	-13.565977573394775
141.56004413962364	25.408822812139988
120.57415722310543	4.422935895621777
122.89844416081905	6.7472228333354
103.1563181579113	-12.994903169572353
108.78725647181273	-7.363964855670929
118.17580735683441	2.0245860293507576
151.89919763803482	35.74797631055117
111.34844940900803	-4.802771918475628
118.86164722591639	2.7104258984327316
107.23481413722038	-8.916407190263271
111.68172705173492	-4.46949427574873
132.58719421178102	16.43597288429737
98.5591029599309	-17.592118367552757
116.50617680698633	0.3549554795026779
129.7099763005972	13.558754973113537
94.74142440408468	-21.40979692339897
116.19608163833618	0.04486031085252762
137.5195787101984	21.36835738271475
99.4503342807293	-16.70088704675436
110.67380873858929	-5.477412588894367
117.51876544207335	1.3675441145896912
114.54954522848129	-1.6016760990023613
119.05278979241848	2.901568464934826
111.27186138927937	-4.8793599382042885
104.67446480691433	-11.476756520569324
102.14542080461979	-14.005800522863865
140.409926392138	24.25870506465435
127.04528011381626	10.894058786332607
110.18966516852379	-5.961556158959866
122.19213853776455	6.040917210280895
135.50405114144087	19.352829813957214
114.78493192791939	-1.3662893995642662
109.00785877555609	-7.1433625519275665
114.42883981764317	-1.7223815098404884
128.29953096807003	12.148309640586376
131.65799796581268	15.506776638329029
125.01269333064556	8.861472003161907
118.96162125468254	2.810399927198887
91.80281143635511	-24.34840989112854
98.02714630961418	-18.124075017869473
113.22736594825983	-2.9238553792238235
128.59853244572878	12.447311118245125
109.43917392939329	-6.7120473980903625
131.51987563073635	15.368654303252697
121.83754501491785	5.6863236874341965
122.13591887056828	5.984697543084621
120.74921376258135	4.597992435097694
86.7319322898984	-29.41928903758526
108.45771311223507	-7.693508215248585
117.77133297920227	1.6201116517186165
103.26194490492344	-12.889276422560215
138.76686576008797	22.615644432604313
132.44439550489187	16.29317417740822
102.49350658804178	-13.657714739441872
125.74903442710638	9.597813099622726
117.96203914284706	1.8108178153634071
135.49386283755302	19.34264151006937
124.01372323930264	7.862501911818981
130.59159014374018	14.440368816256523
125.02373510599136	8.87251377850771
127.57482815533876	11.42360682785511
136.54595239460468	20.39473106712103
118.48667549341917	2.3354541659355164
94.05308414250612	-22.09813718497753
127.58599618822336	11.434774860739708
126.66862839460373	10.517407067120075
97.89787419140339	-18.253347136080265
122.4495083913207	6.298287063837051
118.25827845931053	2.1070571318268776
117.86370341479778	1.7124820873141289
127.60107063502073	11.449849307537079
118.90535209327936	2.7541307657957077
105.03453443944454	-11.116686888039112
93.61439899355173	-22.536822333931923
110.78618990629911	-5.36503142118454
116.54265403747559	0.3914327099919319
118.61374717950821	2.462525852024555
94.70941833406687	-21.441802993416786
120.51823353767395	4.367012210190296
130.95173240453005	14.800511077046394
92.39813695847988	-23.753084369003773
120.46715596318245	4.315934635698795
113.39965332299471	-2.751568004488945
127.99273233115673	11.841511003673077
106.94684135168791	-9.204379975795746
136.22027161717415	20.069050289690495
126.05670975893736	9.905488431453705
120.52360866963863	4.37238734215498
125.84043724834919	9.689215920865536
103.62731347978115	-12.523907847702503
104.5279037207365	-11.62331760674715
110.12296225130558	-6.028259076178074
131.22553549706936	15.074314169585705
113.98969760537148	-2.161523722112179
136.85948775708675	20.7082664296031
112.23469782620668	-3.91652350127697
120.02302456647158	3.8718032389879227
127.04388535767794	10.892664030194283
112.28457311540842	-3.8666482120752335
98.91806748509407	-17.233153842389584
108.52605102956295	-7.625170297920704
132.4267699047923	16.275548577308655
112.4571326225996	-3.6940887048840523
105.94552180171013	-10.205699525773525
122.93610103428364	6.784879706799984
108.1858039945364	-7.965417332947254
113.15105654299259	-3.000164784491062
116.72456002235413	0.573338694870472
126.61117766052485	10.459956333041191
116.38531333208084	0.23409200459718704
91.84421057254076	-24.307010754942894
117.0452386662364	0.8940173387527466
97.07670813053846	-19.07451319694519
114.62743073701859	-1.5237905904650688
99.97956922650337	-16.171652100980282
116.51263532787561	0.36141400039196014
123.13903424143791	6.987812913954258
91.65986716747284	-24.491354160010815
106.47779713571072	-9.673424191772938
113.34878908097744	-2.802432246506214
123.60546242445707	7.454241096973419
103.71058139950037	-12.440639927983284
123.34972384572029	7.198502518236637
129.3873329758644	13.236111648380756
134.78349397331476	18.632272645831108
102.36337418109179	-13.787847146391869
104.31975198537111	-11.831469342112541
108.06751134991646	-8.083709977567196
131.77489521354437	15.623673886060715
119.567650988698	3.4164296612143517
97.87401982396841	-18.277201503515244
107.00941382348537	-9.14180750399828
137.66752895712852	21.51630762964487
138.52784080803394	22.37661948055029
123.56881214678288	7.417590819299221
137.82968147099018	21.678460143506527
122.04564891010523	5.894427582621574
120.6555420011282	4.504320673644543
115.44507699459791	-0.7061443328857422
116.81086935847998	0.6596480309963226
101.65094313025475	-14.500278197228909
116.69962479919195	0.5484034717082977
98.55211009085178	-17.59911123663187
121.72728030383587	5.576058976352215
140.13065399229527	23.97943266481161
103.42959272116423	-12.721628606319427
91.23774356395006	-24.913477763533592
103.71052383631468	-12.440697491168976
80.24755370616913	-35.903667621314526
104.7526911124587	-11.398530215024948
113.9102075919509	-2.2410137355327606
138.7989377900958	22.647716462612152
123.24656301736832	7.095341689884663
102.06611082702875	-14.085110500454903
119.47201627492905	3.3207949474453926
119.96055664122105	3.8093353137373924
95.88225001096725	-20.2689713165164
109.44093074649572	-6.71029058098793
136.56944686174393	20.418225534260273
104.7636474519968	-11.38757387548685
130.67201403528452	14.520792707800865
118.14183114469051	1.9906098172068596
127.42195533216	11.270734004676342
125.4841732531786	9.332951925694942
124.24699294567108	8.095771618187428
118.70277711749077	2.5515557900071144
121.35713569819927	5.205914370715618
132.50936827808619	16.35814695060253
128.11966386437416	11.968442536890507
93.81144496798515	-22.3397763594985
122.48189754039049	6.3306762129068375
101.92498680204153	-14.226234525442123
88.99329197406769	-27.157929353415966
96.66097804158926	-19.490243285894394
116.22638366371393	0.07516233623027802
108.43092416226864	-7.720297165215015
126.48691868036985	10.3356973528862
93.3924205750227	-22.758800752460957
107.27352821826935	-8.877693109214306
118.18166729807854	2.030445970594883
106.09043116122484	-10.060790166258812
124.84297606348991	8.69175473600626
128.6027697995305	12.451548472046852
103.1301819384098	-13.021039389073849
126.0557988062501	9.904577478766441
111.49860733002424	-4.652613997459412
119.75068983435631	3.599468506872654
122.56844551116228	6.417224183678627
116.36127740889788	0.21005608141422272
100.52708270400763	-15.624138623476028
98.09405779838562	-18.057163529098034
126.0174951851368	9.866273857653141
109.60058432817459	-6.550636999309063
115.48968195170164	-0.6615393757820129
129.79272283613682	13.641501508653164
162.17191330343485	46.020691975951195
106.68031984567642	-9.470901481807232
89.8848429992795	-26.266378328204155
91.92738112807274	-24.223840199410915
113.41887080669403	-2.7323505207896233
99.80643562972546	-16.344785697758198
124.01536155492067	7.864140227437019
127.26358702778816	11.112365700304508
113.06027376651764	-3.090947560966015
97.46347428113222	-18.687747046351433
124.14873864501715	7.997517317533493
103.05173335969448	-13.099487967789173
130.87402819097042	14.722806863486767
113.27660737931728	-2.8746139481663704
103.5167868733406	-12.634434454143047
143.2638406381011	27.112619310617447
119.91607177257538	3.7648504450917244
107.62688899040222	-8.524332337081432
96.55348052829504	-19.597740799188614
124.34485995769501	8.193638630211353
104.68772765994072	-11.463493667542934
129.64381838589907	13.492597058415413
147.9512441828847	31.80002285540104
96.19072054326534	-19.96050078421831
122.5562931895256	6.40507186204195
111.50473051518202	-4.646490812301636
114.90505849570036	-1.2461628317832947
109.59042704105377	-6.560794286429882
136.4010839164257	20.24986258894205
129.57392279058695	13.422701463103294
94.63164279609919	-21.519578531384468
116.94214393943548	0.790922611951828
120.3170541152358	4.1658327877521515
119.21426303684711	3.0630417093634605
113.27337148040533	-2.8778498470783234
112.13818471878767	-4.013036608695984
123.20666970312595	7.0554483756423
122.27016337960958	6.118942052125931
100.9659601226449	-15.185261204838753
114.24788922071457	-1.903332106769085
115.6823089197278	-0.46891240775585175
126.65439371019602	10.503172382712364
130.5035833120346	14.352361984550953
101.68330071866512	-14.467920608818531
119.26635052263737	3.1151291951537132
107.42590477317572	-8.725316554307938
106.1512287184596	-9.999992609024048
129.17028495669365	13.019063629209995
119.88198272138834	3.730761393904686
122.45799296349287	6.306771636009216
105.7917602583766	-10.359461069107056
130.02033354341984	13.869112215936184
105.11053026467562	-11.040691062808037
84.31147590279579	-31.839745424687862
135.92460353672504	19.77338220924139
115.0067548751831	-1.1444664523005486
97.0137507468462	-19.137470580637455
111.38791263848543	-4.763308688998222
108.41828893125057	-7.732932396233082
116.8449858725071	0.6937645450234413
107.73651657253504	-8.414704754948616
102.32162071019411	-13.829600617289543
125.23773858696222	9.086517259478569
117.30629264563322	1.1550713181495667
103.68808611482382	-12.463135212659836
117.99538560211658	1.8441642746329308
112.4706681072712	-3.6805532202124596
109.71567743271589	-6.435543894767761
94.92118371278048	-21.23003761470318
136.01717453449965	19.86595320701599
110.07223604619503	-6.078985281288624
133.71183797717094	17.56061664968729
108.80429367721081	-7.346927650272846
149.87915650755167	33.727935180068016
97.25322560966015	-18.897995717823505
110.10469933599234	-6.046521991491318
142.75756622850895	26.606344901025295
136.49908557534218	20.347864247858524
134.95397976785898	18.802758440375328
94.49640619009733	-21.654815137386322
147.45316519588232	31.301943868398666
114.61721947044134	-1.5340018570423126
126.53126047551632	10.380039148032665
117.50434263795614	1.3531213104724884
113.062355235219	-3.0888660922646523
121.64709329605103	5.495871968567371
138.68283958733082	22.531618259847164
134.7271697074175	18.575948379933834
109.48231390118599	-6.668907426297665
97.35915755480528	-18.792063772678375
105.07672949135303	-11.074491836130619
134.52619073539972	18.37496940791607
98.66473802924156	-17.486483298242092
98.40830858796835	-17.742912739515305
121.68788866698742	5.536667339503765
105.19396378844976	-10.95725753903389
97.97052828222513	-18.180693045258522
100.07396222651005	-16.077259100973606
128.13143718242645	11.980215854942799
102.78239185363054	-13.368829473853111
92.33221171796322	-23.819009609520435
102.78197886794806	-13.369242459535599
148.70374175161123	32.55252042412758
114.17585696280003	-1.975364364683628
130.562792442739	14.411571115255356
106.2261184900999	-9.925102837383747
117.78903582692146	1.637814499437809
118.65644852817059	2.5052272006869316
97.33397173136473	-18.817249596118927
139.18207451701164	23.03085318952799
116.7191837951541	0.5679624676704407
102.02851263433695	-14.122708693146706
109.72256185114384	-6.428659476339817
148.33672988414764	32.18550855666399
109.33059753477573	-6.82062379270792
119.77840094268322	3.627179615199566
103.11747210472822	-13.033749222755432
127.14163748919964	10.990416161715984
135.60661454498768	19.455393217504025
98.62364324182272	-17.527578085660934
123.27722173929214	7.126000411808491
109.64390040934086	-6.507320918142796
90.09752397239208	-26.053697355091572
113.25530610233545	-2.895915225148201
122.8644684702158	6.713247142732143
106.23380920290947	-9.917412124574184
118.22154715657234	2.070325829088688
133.24073658883572	17.089515261352062
104.57062256336212	-11.580598764121532
121.29573427885771	5.144512951374054
137.6946258917451	21.543404564261436
105.70996178686619	-10.441259540617466
109.49522216618061	-6.655999161303043
107.95405697822571	-8.197164349257946
80.85323295742273	-35.29798837006092
136.4407925605774	20.28957123309374
104.13191867619753	-12.019302651286125
120.71609272062778	4.564871393144131
116.96081481873989	0.809593491256237
101.87376426905394	-14.277457058429718
114.5214339569211	-1.6297873705625534
161.83074850589037	45.679527178406715
122.21075690537691	6.059535577893257
126.02036317437887	9.869141846895218
123.98639722168446	7.835175894200802
102.97680333256721	-13.174417994916439
127.09826949238777	10.947048164904118
83.82263191789389	-32.32858940958977
115.35054789483547	-0.8006734326481819
134.81249745190144	18.661276124417782
114.08045842498541	-2.0707629024982452
103.54120063781738	-12.610020689666271
115.1542582064867	-0.9969631209969521
126.56273069232702	10.411509364843369
109.44591739028692	-6.705303937196732
97.48064605891705	-18.67057526856661
129.95759198069572	13.80637065321207
95.73904017359018	-20.41218115389347
118.39024782925844	2.239026501774788
107.77798042446375	-8.373240903019905
134.74151419103146	18.590292863547802
102.36817748099566	-13.783043846487999
122.56749654561281	6.416275218129158
119.71494935452938	3.5637280270457268
95.31248186528683	-20.838739462196827
110.80332241207361	-5.347898915410042
120.71690854430199	4.565687216818333
119.92497476935387	3.7737534418702126
115.47843594104052	-0.6727853864431381
126.94041541963816	10.789194092154503
122.86585246771574	6.714631140232086
109.38106314092875	-6.770158186554909
113.6489522010088	-2.5022691264748573
98.14245218038559	-18.008769147098064
116.64533817023039	0.4941168427467346
123.38764998316765	7.236428655683994
127.15362959355116	11.002408266067505
104.93615137040615	-11.215069957077503
144.5896576270461	28.438436299562454
142.14583085477352	25.994609527289867
99.55051720142365	-16.60070412606001
142.88771074265242	26.736489415168762
117.17986088246107	1.028639554977417
92.91022495180368	-23.24099637567997
117.90421456098557	1.7529932335019112
111.06853003799915	-5.082691289484501
130.2048435509205	14.053622223436832
100.16751097887754	-15.98371034860611
119.8583477512002	3.707126423716545
99.7202542796731	-16.430967047810555
117.06517430394888	0.9139529764652252
108.1781369522214	-7.97308437526226
133.76844613999128	17.61722481250763
113.05903151631355	-3.092189811170101
132.85816350579262	16.706942178308964
113.42211732268333	-2.7291040048003197
112.89915088564157	-3.252070441842079
122.66948475688696	6.518263429403305
113.06487550586462	-3.086345821619034
99.85500877350569	-16.296212553977966
118.42397417873144	2.2727528512477875
144.6543882265687	28.503166899085045
111.66966645419598	-4.481554873287678
104.35769125819206	-11.793530069291592
127.61811797320843	11.466896645724773
125.84245622903109	9.691234901547432
132.7932693362236	16.64204800873995
132.12009912729263	15.968877799808979
86.56129305064678	-29.589928276836872
104.5086839646101	-11.642537362873554
119.69790344685316	3.546682119369507
91.92765835672617	-24.223562970757484
128.78070706129074	12.629485733807087
116.6940805464983	0.5428592190146446
119.63050140440464	3.479280076920986
132.88677418231964	16.735552854835987
142.82589177787304	26.674670450389385
103.74343001097441	-12.407791316509247
93.74996940046549	-22.401251927018166
100.72302889823914	-15.428192429244518
121.28465738147497	5.133436053991318
132.2005467787385	16.049325451254845
95.53396087884903	-20.617260448634624
133.51340969651937	17.36218836903572
106.16171039640903	-9.98951093107462
121.81127492338419	5.660053595900536
109.60454427450895	-6.546677052974701
110.21975004673004	-5.9314712807536125
123.37783242762089	7.226611100137234
133.41891179978848	17.26769047230482
120.61279382556677	4.461572498083115
119.95877795666456	3.807556629180908
108.8361632451415	-7.315058082342148
98.01104848086834	-18.140172846615314
119.27209552377462	3.12087419629097
109.88985994458199	-6.2613613829016685
95.13851756602526	-21.012703761458397
113.69339514523745	-2.457826182246208
114.82629036158323	-1.3249309659004211
117.69758826494217	1.5463669374585152
133.11088482290506	16.95966349542141
103.07756106555462	-13.073660261929035
126.1071128770709	9.95589154958725
110.90398582071066	-5.247235506772995
116.34518423676491	0.19396290928125381
140.48627750575542	24.33505617827177
112.94227000325918	-3.208951324224472
111.70453411340714	-4.446687214076519
114.87462563812733	-1.276595689356327
124.34201475977898	8.190793432295322
124.64470864087343	8.493487313389778
118.51778061687946	2.366559289395809
115.08276154845953	-1.0684597790241241
119.33453349769115	3.1833121702075005
111.86022916436195	-4.2909921631217
105.06764383614063	-11.083577491343021
116.19697519391775	0.04575386643409729
110.21480365097523	-5.936417676508427
131.688071988523	15.536850661039352
104.55645106732845	-11.594770260155201
124.79509042948484	8.64386910200119
110.74761489033699	-5.403606437146664
104.87095076590776	-11.28027056157589
124.94937098771334	8.798149660229683
129.56110394001007	13.409882612526417
95.90565033257008	-20.245570994913578
126.9586937725544	10.807472445070744
104.24585875123739	-11.905362576246262
101.76481881737709	-14.386402510106564
109.74639768153429	-6.404823645949364
122.73170901089907	6.580487683415413
106.57077258825302	-9.580448739230633
121.75718702375889	5.605965696275234
105.2067316249013	-10.94448970258236
126.14501579105854	9.993794463574886
102.78113479912281	-13.370086528360844
129.69618982076645	13.544968493282795
116.59058413654566	0.4393628090620041
133.27883935719728	17.12761802971363
107.80967194586992	-8.341549381613731
123.42101518809795	7.2697938606143
111.5184130743146	-4.63280825316906
98.91731166094542	-17.23390966653824
127.7652870491147	11.61406572163105
120.64046441018581	4.48924308270216
100.088647544384	-16.06257378309965
111.83462614566088	-4.316595181822777
129.35195791721344	13.200736589729786
118.75521966069937	2.6039983332157135
109.61342568695545	-6.537795640528202
121.55094830691814	5.39972697943449
107.5975384414196	-8.553682886064053
149.40223275125027	33.25101142376661
90.62520968168974	-25.526011645793915
112.90851038694382	-3.242710940539837
119.8555243909359	3.704303063452244
115.77079059183598	-0.3804307356476784
108.40508722513914	-7.746134102344513
126.65324561297894	10.502024285495281
110.5476197078824	-5.60360161960125
130.55233269184828	14.401111364364624
112.41756453365088	-3.733656793832779
118.7227459475398	2.5715246200561523
121.2909425497055	5.139721222221851
110.6968933865428	-5.454327940940857
126.940583512187	10.78936218470335
121.98565139621496	5.834430068731308
94.1477099955082	-22.00351133197546
136.59220646321774	20.44098513573408
120.61344269663095	4.462221369147301
123.59460715949535	7.4433858320117
108.15630654245615	-7.994914785027504
143.61901812255383	27.46779679507017
112.79025953263044	-3.3609617948532104
119.06920636445284	2.917985036969185
131.92205298691988	15.770831659436226
130.46564919501543	14.314427867531776
120.00613970309496	3.8549183756113052
100.22234458476305	-15.928876742720604
103.41177690029144	-12.739444427192211
88.74359357357025	-27.407627753913403
98.58384804427624	-17.567373283207417
125.67305608838797	9.521834760904312
129.45661874860525	13.305397421121597
98.18824028968811	-17.962981037795544
135.22282356768847	19.07160224020481
92.74371538311243	-23.407505944371223
110.8529901355505	-5.298231191933155
118.84505941718817	2.6938380897045135
95.52529948949814	-20.625921837985516
129.75890593230724	13.60768460482359
117.77401642501354	1.6227950975298882
141.64990004897118	25.498678721487522
121.46420219540596	5.312980867922306
113.449382558465	-2.70183876901865
130.890446215868	14.739224888384342
129.01030258089304	12.859081253409386
114.73558519035578	-1.4156361371278763
106.71238380670547	-9.43883752077818
153.47171066701412	37.32048933953047
114.69660918414593	-1.4546121433377266
108.32743483781815	-7.823786489665508
98.98710571974516	-17.164115607738495
124.28757224977016	8.13635092228651
101.12616404145956	-15.025057286024094
122.3633472174406	6.212125889956951
132.2197314426303	16.068510115146637
122.17535480111837	6.02413347363472
143.64167542755604	27.490454100072384
94.10651770234108	-22.044703625142574
121.0145051330328	4.863283805549145
108.10451022535563	-8.046711102128029
106.96123635023832	-9.18998497724533
129.41913651674986	13.267915189266205
100.61204290390015	-15.539178423583508
119.2692947909236	3.1180734634399414
107.15607945621014	-8.995141871273518
92.10175929963589	-24.049462027847767
105.32178664207458	-10.829434685409069
104.35466683655977	-11.796554490923882
90.78385656327009	-25.367364764213562
101.15792189538479	-14.993299432098866
108.5313825160265	-7.619838811457157
97.63073448091745	-18.5204868465662
124.67053002119064	8.51930869370699
119.2685322239995	3.1173108965158463
105.43745203316212	-10.713769294321537
104.21880574524403	-11.932415582239628
117.21764805167913	1.0664267241954803
122.29946731030941	6.148245982825756
136.650716252625	20.499494925141335
113.22363256663084	-2.9275887608528137
102.13371481746435	-14.017506510019302
134.46589751541615	18.31467618793249
98.60903790593147	-17.54218342155218
120.08849334716797	3.9372720196843147
107.61164159327745	-8.5395797342062
109.42154174298048	-6.729679584503174
120.74573189020157	4.594510562717915
125.92671076953411	9.775489442050457
101.24603120982647	-14.905190117657185
99.53488551080227	-16.616335816681385
130.5003331154585	14.349111787974834
138.67962355166674	22.528402224183083
99.13043741881847	-17.02078390866518
138.9126100987196	22.761388771235943
105.9479988515377	-10.20322247594595
111.49925790727139	-4.651963420212269
130.17892340570688	14.027702078223228
106.25572098791599	-9.895500339567661
118.24395393580198	2.092732608318329
96.25162900984287	-19.89959231764078
102.75322994589806	-13.397991381585598
114.2394918948412	-1.9117294326424599
108.99135693907738	-7.159864388406277
134.25149685144424	18.10027552396059
116.12587967514992	-0.02534165233373642
150.5550560951233	34.40383476763964
127.50536142289639	11.354140095412731
130.68961590528488	14.538394577801228
97.67448165267706	-18.476739674806595
102.28665068000555	-13.864570647478104
104.79268464446068	-11.358536683022976
110.5945780724287	-5.556643255054951
115.42140974849463	-0.7298115789890289
114.07143661379814	-2.0797847136855125
114.03791432082653	-2.1133070066571236
109.56556094437838	-6.585660383105278
122.94697687774897	6.795755550265312
133.27132239192724	17.12010106444359
111.08693133294582	-5.06428999453783
128.14240522682667	11.991183899343014
134.042230412364	17.891009084880352
122.38633842021227	6.235117092728615
74.56124778091908	-41.58997354656458
136.88043822348118	20.729216895997524
89.04200346767902	-27.10921785980463
110.19226747751236	-5.958953849971294
110.34259609878063	-5.808625228703022
102.72369522601366	-13.427526101469994
109.54436674714088	-6.60685458034277
126.5279032215476	10.37668189406395
120.50902628153563	4.357804954051971
108.96441476047039	-7.186806567013264
128.18140061199665	12.030179284512997
104.88851256668568	-11.262708760797977
131.1988878622651	15.047666534781456
126.97078835219145	10.819567024707794
108.16437198966742	-7.986849337816238
120.2561157271266	4.104894399642944
119.2607202976942	3.109498970210552
107.39409975707531	-8.757121570408344
103.7202405333519	-12.430980794131756
100.04092478007078	-16.110296547412872
109.09873098880053	-7.052490338683128
127.69905050098896	11.547829173505306
111.64428965747356	-4.50693167001009
110.9826988056302	-5.168522521853447
123.15441711246967	7.003195784986019
120.46765358000994	4.316432252526283
123.49740319699049	7.346181869506836
135.36074247211218	19.209521144628525
111.26640070974827	-4.884820617735386
132.56453260034323	16.413311272859573
126.15787418931723	10.006652861833572
117.07087196409702	0.919650636613369
113.11060094088316	-3.0406203866004944
105.87864927947521	-10.272572048008442
129.7157942801714	13.56457295268774
118.25716012716293	2.1059387996792793
117.70356547832489	1.5523441508412361
112.06077225506306	-4.090449072420597
116.49112191051245	0.33990058302879333
93.77785652130842	-22.373364806175232
119.61116287112236	3.459941543638706
102.02137895673513	-14.12984237074852
118.2974339351058	2.1462126076221466
119.68240885436535	3.531187526881695
102.50318992882967	-13.648031398653984
109.97028305381536	-6.180938273668289
116.16213705390692	0.01091572642326355
120.21919088810682	4.067969560623169
129.08066479861736	12.929443471133709
102.93724717199802	-13.21397415548563
137.2235015630722	21.07228023558855
82.38174641877413	-33.769474908709526
100.62033255398273	-15.53088877350092
121.51579853147268	5.364577203989029
125.91450097411871	9.763279646635056
123.6587129086256	7.507491581141949
97.48262970894575	-18.668591618537903
123.14055006951094	6.989328742027283
121.42835533618927	5.277134008705616
108.83301329612732	-7.318208031356335
104.50579342991114	-11.645427897572517
144.22839828580618	28.077176958322525
109.75909330695868	-6.392128020524979
97.85123592615128	-18.29998540133238
96.10315125435591	-20.048070073127747
83.9542913660407	-32.19692996144295
113.52156834304333	-2.6296529844403267
113.98801796138287	-2.163203366100788
123.06377720832825	6.912555880844593
123.19851780682802	7.047296479344368
115.49850248545408	-0.6527188420295715
136.99778905510902	20.84656772762537
111.75082018226385	-4.400401145219803
121.01187977939844	4.860658451914787
111.53325421363115	-4.617967113852501
147.5170987173915	31.365877389907837
114.30766198784113	-1.8435593396425247
131.93780490756035	15.786583580076694
108.30778357386589	-7.8434377536177635
109.69456031173468	-6.456661015748978
123.0121349170804	6.860913589596748
109.30378472805023	-6.847436599433422
121.67712653428316	5.525905206799507
109.47962509095669	-6.671596236526966
112.56140208989382	-3.589819237589836
111.83632861822844	-4.3148927092552185
109.42180157452822	-6.729419752955437
108.47354950010777	-7.677671827375889
99.14883993566036	-17.002381391823292
124.78494408726692	8.633722759783268
144.83278606832027	28.68156474083662
131.15575674921274	15.004535421729088
132.93447260558605	16.783251278102398
106.09824562072754	-10.052975706756115
117.93424635380507	1.7830250263214111
115.68071502447128	-0.47050630301237106
104.15996485203505	-11.991256475448608
120.20727634429932	4.056055016815662
124.3422743678093	8.191053040325642
110.1026311442256	-6.048590183258057
104.060466311872	-12.090755015611649
118.34854757040739	2.1973262429237366
107.8850122615695	-8.266209065914154
137.32004972547293	21.168828397989273
116.2887885645032	0.13756723701953888
124.90480310469866	8.753581777215004
104.11155488342047	-12.039666444063187
112.94107259064913	-3.210148736834526
90.08372934907675	-26.067491978406906
114.73823699355125	-1.4129843339323997
123.11491581052542	6.963694483041763
110.55944351106882	-5.591777816414833
135.85551829636097	19.704296968877316
102.77633857727051	-13.374882750213146
131.97431217134	15.823090843856335
132.99026799201965	16.839046664536
131.40491370111704	15.253692373633385
132.94140802323818	16.790186695754528
122.06810663640499	5.916885308921337
121.06083192676306	4.909610599279404
112.51033762842417	-3.6408836990594864
101.7243894636631	-14.426831863820553
126.41819163411856	10.266970306634903
128.8497268408537	12.698505513370037
133.65117006748915	17.499948740005493
109.81873557716608	-6.3324857503175735
115.03078273683786	-1.12043859064579
144.72080525755882	28.56958393007517
112.8406974375248	-3.3105238899588585
113.178283251822	-2.9729380756616592
93.31892395019531	-22.83229737728834
99.68212085217237	-16.46910047531128
106.08014000952244	-10.071081317961216
115.9855929017067	-0.16562842577695847
123.4847282320261	7.333506904542446
120.12626087665558	3.9750395491719246
133.7220629453659	17.57084161788225
92.43779408186674	-23.713427245616913
132.3940818235278	16.24286049604416
99.92332140356302	-16.22789992392063
128.84540620446205	12.694184876978397
104.20293362438679	-11.948287703096867
122.9525441750884	6.801322847604752
124.55702404677868	8.405802719295025
98.08468057960272	-18.066540747880936
113.89596339315176	-2.255257934331894
113.23318957537413	-2.9180317521095276
111.44039988517761	-4.710821442306042
121.58256138116121	5.431340053677559
110.26189516484737	-5.88932616263628
134.63218267261982	18.480961345136166
123.68855594843626	7.537334620952606
111.6947303339839	-4.456490993499756
103.0584053620696	-13.092815965414047
109.41995149105787	-6.731269836425781
102.10438488423824	-14.046836443245411
123.37888154387474	7.227660216391087
95.84187883138657	-20.309342496097088
116.51003023982048	0.3588089123368263
103.20119138062	-12.950029946863651
127.86141487956047	11.710193552076817
99.68371770530939	-16.467503622174263
133.65848575532436	17.50726442784071
105.66636613756418	-10.484855189919472
98.01049885898829	-18.14072246849537
91.55433806031942	-24.59688326716423
101.37242800742388	-14.778793320059776
101.44780571013689	-14.703415617346764
131.7990521788597	15.647830851376057
97.18504174798727	-18.966179579496384
114.45390801131725	-1.697313316166401
108.73492144048214	-7.416299887001514
119.07886307686567	2.927641749382019
129.83484867960215	13.683627352118492
137.39378986507654	21.242568537592888
129.4470279365778	13.295806609094143
99.63183106482029	-16.519390262663364
134.1414437443018	17.990222416818142
104.87512616068125	-11.276095166802406
100.82670645415783	-15.324514873325825
107.7103703096509	-8.440851017832756
89.07410597801208	-27.07711534947157
109.17469247430563	-6.976528853178024
106.01566243171692	-10.135558895766735
107.53976812958717	-8.61145319789648
96.08626037091017	-20.064960956573486
112.40817527472973	-3.7430460527539253
117.54776505380869	1.396543726325035
110.0376139357686	-6.11360739171505
102.65041530877352	-13.500806018710136
118.63771225512028	2.4864909276366234
106.17649146914482	-9.974729858338833
123.57105521857738	7.419833891093731
116.58687963336706	0.4356583058834076
126.5356802046299	10.384458877146244
107.89950939267874	-8.251711934804916
118.56586206704378	2.4146407395601273
122.34098471701145	6.189763389527798
128.02474984526634	11.873528517782688
115.24084231257439	-0.9103790149092674
96.23664914816618	-19.914572179317474
119.71104400604963	3.559822678565979
132.8650042489171	16.71378292143345
107.45765966176987	-8.693561665713787
122.39867337793112	6.247452050447464
128.58310785144567	12.43188652396202
115.74615232646465	-0.405069001019001
112.75269252061844	-3.3985288068652153
150.76017241925	34.60895109176636
88.3309356123209	-27.820285715162754
112.50272939354181	-3.648491933941841
141.21370746195316	25.06248613446951
105.86659963428974	-10.284621693193913
113.59668701887131	-2.5545343086123466
109.00568576902151	-7.145535558462143
118.73534917086363	2.5841278433799744
124.43582855165005	8.284607224166393
121.73979565501213	5.588574327528477
108.63598103821278	-7.515240289270878
96.70684828609228	-19.444373041391373
99.16885972768068	-16.98236159980297
117.04942031949759	0.8981989920139313
124.45223794877529	8.301016621291637
105.05761341750622	-11.093607909977436
102.20847494155169	-13.942746385931969
120.83796425163746	4.686742924153805
130.0303756520152	13.879154324531555
123.91734444350004	7.766123116016388
117.81554835289717	1.6643270254135132
117.14491605758667	0.9936947301030159
112.43641116470098	-3.714810162782669
108.39980648458004	-7.751414842903614
130.55766957253218	14.406448245048523
113.82017953693867	-2.3310417905449867
126.64955670386553	10.498335376381874
123.00667169690132	6.855450369417667
87.07973169535398	-29.07148963212967
113.29670512676239	-2.854516200721264
112.24167458713055	-3.9095467403531075
104.55211006850004	-11.599111258983612
115.8988825082779	-0.25233881920576096
119.70861086249352	3.557389535009861
134.96335267275572	18.812131345272064
113.49208222329617	-2.6591391041874886
145.36679346859455	29.215572141110897
99.78945787250996	-16.361763454973698
95.45762147754431	-20.693599849939346
119.14642793685198	2.9952066093683243
121.61525636911392	5.464035041630268
98.94130712002516	-17.209914207458496
121.53737677633762	5.38615544885397
122.68894568830729	6.537724360823631
102.94148300588131	-13.209738321602345
95.95955505222082	-20.191666275262833
115.06926315277815	-1.0819581747055054
105.75158794224262	-10.399633385241032
95.88929203897715	-20.261929288506508
104.52369200438261	-11.627529323101044
159.36029632389545	43.2090749964118
128.05985992401838	11.908638596534729
107.18249245733023	-8.968728870153427
127.46229091286659	11.311069585382938
94.80721937119961	-21.344001956284046
120.32450131326914	4.173279985785484
109.74206481128931	-6.409156516194344
97.68262588232756	-18.468595445156097
108.86359040439129	-7.287630923092365
124.6687935218215	8.517572194337845
117.65225449949503	1.5010331720113754
122.25494337081909	6.103722043335438
99.14898556470871	-17.002235762774944
114.23693130165339	-1.9142900258302689
89.23524559289217	-26.915975734591484
112.3706815764308	-3.7805397510528564
129.75175119936466	13.600529871881008
103.28219895809889	-12.869022369384766
105.41849080473185	-10.732730522751808
119.40926188975573	3.258040562272072
104.37820003181696	-11.773021295666695
136.27835891395807	20.12713758647442
150.8948123306036	34.743591003119946
122.13500662147999	5.983785293996334
103.43693448603153	-12.714286841452122
101.61904495209455	-14.5321763753891
115.76389076560736	-0.387330561876297
101.14606917649508	-15.005152150988579
128.77897159010172	12.627750262618065
110.40546597540379	-5.745755352079868
122.83957180380821	6.688350476324558
132.1530813127756	16.001859985291958
131.58843223005533	15.437210902571678
130.37010020762682	14.218878880143166
122.38892924785614	6.237707920372486
104.45346847176552	-11.697752855718136
107.96815396100283	-8.183067366480827
111.53464549034834	-4.616575837135315
125.61973407119513	9.468512743711472
99.92123214155436	-16.2299891859293
118.9679269939661	2.8167056664824486
93.40563205629587	-22.745589271187782
116.23417641967535	0.08295509219169617
113.01008385419846	-3.141137473285198
98.71540120989084	-17.43582011759281
113.09547857940197	-3.055742748081684
111.248100630939	-4.903120696544647
106.48063570261002	-9.670585624873638
107.16611990332603	-8.98510142415762
132.35048519819975	16.199263870716095
96.51234036684036	-19.63888096064329
77.00494480878115	-39.14627651870251
78.86984872817993	-37.28137259930372
118.82131972908974	2.670098401606083
128.98845499753952	12.837233670055866
115.74580067396164	-0.4054206535220146
113.93548594415188	-2.2157353833317757
124.51902034878731	8.367799021303654
128.27578186243773	12.124560534954071
136.85399892181158	20.702777594327927
138.55798656493425	22.4067652374506
106.46000973880291	-9.691211588680744
120.23802480101585	4.0868034735322
129.2956051081419	13.144383780658245
95.36214511096478	-20.78907621651888
109.52703291922808	-6.624188408255577
136.13791235536337	19.986691027879715
108.29698396474123	-7.854237362742424
108.45005915313959	-7.701162174344063
114.56675918400288	-1.5844621434807777
116.15766666084528	0.006445333361625671
111.22627833485603	-4.924942992627621
130.2896414399147	14.13842011243105
97.14536694437265	-19.005854383111
115.06162851303816	-1.0895928144454956
138.9252244606614	22.774003133177757
113.36631583422422	-2.78490549325943
137.1273260191083	20.97610469162464
134.28435008227825	18.133128754794598
106.91356178373098	-9.23765954375267
98.47540998458862	-17.67581134289503
138.86436926573515	22.713147938251495
118.84854309260845	2.697321765124798
117.95812941342592	1.8069080859422684
121.81705614179373	5.665834814310074
135.91671913862228	19.76549781113863
135.86396772414446	19.712746396660805
126.39940207451582	10.248180747032166
90.82636318355799	-25.324858143925667
102.60108498483896	-13.550136342644691
122.46582382917404	6.314602501690388
126.07465693354607	9.923435606062412
95.62782156467438	-20.523399762809277
113.74632552266121	-2.404895804822445
113.64459300041199	-2.5066283270716667
113.03054797649384	-3.1206733509898186
109.705836199224	-6.445385128259659
104.65256751328707	-11.498653814196587
120.49352289736271	4.342301569879055
112.36145102232695	-3.7897703051567078
117.31116130203009	1.1599399745464325
124.69611049443483	8.54488916695118
115.82038228213787	-0.33083904534578323
122.85773200541735	6.706510677933693
133.74985323101282	17.598631903529167
93.14991733431816	-23.001303993165493
122.19384145736694	6.042620129883289
108.9945313706994	-7.156689956784248
119.54716642946005	3.3959451019763947
124.1319288238883	7.980707496404648
118.30731004476547	2.1560887172818184
126.80700778216124	10.655786454677582
110.49135467410088	-5.659866653382778
102.1336943730712	-14.01752695441246
107.8216662928462	-8.329555034637451
127.88032760471106	11.729106277227402
109.60603380203247	-6.545187525451183
113.12665905058384	-3.0245622768998146
132.8805071786046	16.72928585112095
138.06925693899393	21.918035611510277
124.74544090777636	8.594219580292702
125.78970910608768	9.63848777860403
136.7216553092003	20.570433981716633
118.22275638580322	2.0715350583195686
132.82323472201824	16.672013394534588
100.13396691530943	-16.017254412174225
128.82411628961563	12.672894962131977
106.43325270712376	-9.717968620359898
113.25833264738321	-2.892888680100441
102.20857895165682	-13.942642375826836
97.20115354657173	-18.950067780911922
124.73657778650522	8.585356459021568
129.59573782980442	13.444516502320766
102.92339757084846	-13.227823756635189
124.1587652117014	8.007543884217739
151.62120093405247	35.46997960656881
110.04361090064049	-6.107610426843166
118.09375863522291	1.9425373077392578
134.8180442750454	18.66682294756174
115.63046800345182	-0.5207533240318298
117.82278602570295	1.6715646982192993
114.75956678390503	-1.3916545435786247
121.7264790982008	5.575257770717144
111.24698381870985	-4.904237508773804
91.0665270537138	-25.084694273769855
83.01120256632566	-33.14001876115799
115.54818087816238	-0.60304044932127
122.79012913256884	6.638907805085182
133.0891187340021	16.93789740651846
118.4996767193079	2.3484553918242455
106.12524051964283	-10.025980807840824
130.451495654881	14.300274327397346
123.4346590936184	7.283437766134739
107.75044264644384	-8.40077868103981
109.37016275525093	-6.781058572232723
98.41947024315596	-17.731751084327698
127.78954702615738	11.638325698673725
125.58082005381584	9.429598726332188
100.06194870173931	-16.089272625744343
103.60224251449108	-12.548978812992573
118.63797402381897	2.4867526963353157
105.85475835204124	-10.29646297544241
129.9712382182479	13.820016890764236
125.82368229329586	9.672460965812206
122.23460705578327	6.083385728299618
101.02461057156324	-15.12661075592041
144.32134058326483	28.170119255781174
117.57768146693707	1.426460139453411
110.55509788542986	-5.596123442053795
121.45388712733984	5.302665799856186
116.1758049055934	0.02458357810974121
100.09946063905954	-16.05176068842411
98.60110007971525	-17.550121247768402
122.09268895536661	5.9414676278829575
124.59717806428671	8.445956736803055
118.81214045733213	2.6609191298484802
115.67822756618261	-0.47299376130104065
123.8848462626338	7.7336249351501465
108.59343881160021	-7.557782515883446
134.72798970341682	18.57676837593317
123.55425080657005	7.403029479086399
111.22900625318289	-4.922215074300766
124.38080477714539	8.229583449661732
124.31852754950523	8.16730622202158
99.02763192355633	-17.123589403927326
111.55788622051477	-4.59333510696888
108.72153861820698	-7.429682709276676
107.11181730031967	-9.039404027163982
104.74446404725313	-11.406757280230522
127.63442318886518	11.48320186138153
122.02837419509888	5.877152867615223
122.84429861605167	6.69307728856802
125.20041845738888	9.049197129905224
90.15117191523314	-26.00004941225052
108.93771815299988	-7.213503174483776
95.38180954754353	-20.76941177994013
138.4116234779358	22.260402150452137
115.88383352011442	-0.2673878073692322
131.50473169982433	15.35351037234068
134.39320048689842	18.241979159414768
107.46404654532671	-8.687174782156944
126.25818891078234	10.106967583298683
95.62454757839441	-20.52667374908924
126.7370450347662	10.585823707282543
114.43544752895832	-1.7157737985253334
134.68013886362314	18.528917536139488
108.29731176048517	-7.853909566998482
108.73087918758392	-7.420342139899731
142.77459536492825	26.62337403744459
122.37160037457943	6.220379047095776
122.4369380697608	6.285716742277145
111.71077185869217	-4.440449468791485
136.19519239664078	20.043971069157124
129.02004186809063	12.868820540606976
98.25146020203829	-17.899761125445366
151.32751335948706	35.1762920320034
117.44769201427698	1.2964706867933273
133.73562078922987	17.584399461746216
118.22838877141476	2.0771674439311028
143.27477204799652	27.123550720512867
114.09090315550566	-2.060318171977997
113.90387638658285	-2.2473449409008026
92.45154020190239	-23.699681125581264
132.0573943182826	15.90617299079895
122.11901964992285	5.967798322439194
110.12401216477156	-6.027209162712097
119.68247394263744	3.5312526151537895
121.01999585330486	4.868774525821209
97.20897930115461	-18.94224202632904
126.18971168994904	10.038490362465382
115.72324944287539	-0.42797188460826874
118.71046691387892	2.5592455863952637
114.88916642963886	-1.2620548978447914
140.3176110908389	24.166389763355255
107.01021664589643	-9.14100468158722
109.22347273677588	-6.927748590707779
141.7060920074582	25.554870679974556
107.77221366018057	-8.379007667303085
107.30803227424622	-8.843189053237438
135.18980757892132	19.038586251437664
120.06450207531452	3.9132807478308678
130.84423507750034	14.69301375001669
113.4870820119977	-2.6641393154859543
122.82856085896492	6.677339531481266
124.29542400687933	8.144202679395676
118.20163541287184	2.0504140853881836
118.29979038238525	2.1485690549016
113.63159652799368	-2.519624799489975
110.35441802442074	-5.796803303062916
127.63783369213343	11.486612364649773
113.9965932816267	-2.1546280458569527
114.30117352306843	-1.850047804415226
104.2222803607583	-11.92894096672535
105.46900007873774	-10.682221248745918
121.3879090771079	5.236687749624252
118.44277482479811	2.291553497314453
122.41215584427118	6.260934516787529
105.51852963864803	-10.63269168883562
106.90545110404491	-9.24577022343874
103.808240018785	-12.342981308698654
116.30794471502304	0.15672338753938675
140.4239485785365	24.272727251052856
113.10926858335733	-3.04195274412632
85.381033398211	-30.77018792927265
99.39178765565157	-16.759433671832085
87.19754187762737	-28.95367944985628
118.39447155594826	2.2432502284646034
116.46427558362484	0.31305425614118576
127.48842938244343	11.337208054959774
103.24288174510002	-12.908339582383633
121.74385020136833	5.592628873884678
112.0631286278367	-4.08809269964695
95.32001819461584	-20.831203132867813
102.50653553754091	-13.644685789942741
95.9537041708827	-20.197517156600952
138.3056396842003	22.154418356716633
118.444032818079	2.2928114905953407
135.46172177791595	19.3105004504323
133.7204615622759	17.569240234792233
110.86065691709518	-5.29056441038847
102.11869040876627	-14.032530918717384
115.36064600199461	-0.7905753254890442
91.14951787143946	-25.001703456044197
134.3272891715169	18.17606784403324
99.54834455251694	-16.602876774966717
114.78458261489868	-1.3666387125849724
127.81822971254587	11.667008385062218
110.26822187751532	-5.882999449968338
128.5057569220662	12.354535594582558
115.64015366882086	-0.511067658662796
134.22142419964075	18.070202872157097
105.87255784869194	-10.278663478791714
108.95043155550957	-7.200789771974087
145.10004547983408	28.948824152350426
121.79399489611387	5.6427735686302185
124.52639824897051	8.375176921486855
119.75729907304049	3.6060777455568314
125.8280164822936	9.676795154809952
97.67914059013128	-18.47208073735237
119.75537504255772	3.6041537150740623
110.73256420344114	-5.418657124042511
114.80395941436291	-1.3472619131207466
108.48141147196293	-7.669809855520725
106.73394761234522	-9.417273715138435
111.00061997771263	-5.150601349771023
132.0277902930975	15.876568965613842
117.58304639160633	1.4318250641226768
134.27462998777628	18.123408660292625
132.73052958399057	16.57930825650692
123.23461827635765	7.083396948873997
121.78265949338675	5.631438165903091
118.75798146426678	2.606760136783123
119.9513726234436	3.8001512959599495
119.30635310709476	3.1551317796111107
130.49173547327518	14.34051414579153
123.18040952831507	7.029188200831413
133.1677376702428	17.016516342759132
136.52664448320866	20.375423155725002
114.16541493684053	-1.9858063906431198
94.07412953674793	-22.07709179073572
93.43620477616787	-22.715016551315784
135.5598068162799	19.408585488796234
106.69012404233217	-9.461097285151482
136.4974604845047	20.346239157021046
104.26472789794207	-11.886493429541588
108.43294977396727	-7.718271553516388
122.41550893336535	6.264287605881691
117.59498050063848	1.443759173154831
110.47180518507957	-5.679416142404079
110.17801118642092	-5.9732101410627365
117.1796123534441	1.0283910259604454
113.6396267041564	-2.5115946233272552
135.75257849693298	19.60135716944933
95.96707318723202	-20.184148140251637
134.80451075732708	18.653289429843426
116.71529871970415	0.5640773922204971
125.69629871845245	9.5450773909688
106.78435914963484	-9.366862177848816
114.25896061956882	-1.8922607079148293
89.50444480776787	-26.646776519715786
110.19022452831268	-5.960996799170971
135.1130575016141	18.96183617413044
110.17940083146095	-5.971820496022701
147.61141353100538	31.46019220352173
106.40542673319578	-9.745794594287872
124.57935565710068	8.428134329617023
122.9053452461958	6.754123918712139
127.34069260954857	11.189471282064915
106.57576552778482	-9.57545579969883
126.66706525534391	10.51584392786026
109.67679981142282	-6.474421516060829
104.8613318875432	-11.289889439940453
110.99136701226234	-5.15985431522131
138.44379549473524	22.292574167251587
127.80721899867058	11.655997671186924
110.88883928954601	-5.262382037937641
111.13288639485836	-5.018334932625294
96.57489039003849	-19.576330937445164
133.2010661959648	17.04984486848116
81.62804730981588	-34.52317401766777
97.27238059043884	-18.87884073704481
97.02675653994083	-19.12446478754282
114.90546859055758	-1.2457527369260788
125.98796774446964	9.836746416985989
127.406957000494	11.25573567301035
114.18261324614286	-1.9686080813407898
113.93745302408934	-2.2137683033943176
119.76222905516624	3.6110077276825905
111.78384457528591	-4.3673767521977425
95.13854276388884	-21.012678563594818
103.95342771708965	-12.197793610394001
111.65450163185596	-4.496719695627689
108.79794033616781	-7.353280991315842
124.91989950835705	8.768678180873394
108.65860275179148	-7.492618575692177
109.75403806567192	-6.397183261811733
110.53286938369274	-5.618351943790913
110.97565077245235	-5.1755705550313
147.31009575724602	31.158874429762363
138.06211188435555	21.91089055687189
96.75509364157915	-19.396127685904503
112.61989177763462	-3.5313295498490334
96.43120157718658	-19.72001975029707
107.94568868726492	-8.205532640218735
116.02372744679451	-0.12749388068914413
105.94320085644722	-10.208020471036434
115.61295622587204	-0.5382651016116142
124.4650638923049	8.313842564821243
104.7082460001111	-11.442975327372551
89.33400667458773	-26.817214652895927
119.05883622914553	2.907614901661873
123.07078623771667	6.919564910233021
127.16683129221201	11.015609964728355
99.74338867515326	-16.4078326523304
126.62231532484293	10.471093997359276
121.54223897308111	5.391017645597458
101.69818903505802	-14.453032292425632
124.27960170060396	8.128380373120308
102.29281663149595	-13.858404695987701
118.15698482841253	2.005763500928879
109.86643736809492	-6.284783959388733
113.69558590650558	-2.4556354209780693
86.64256682991982	-29.50865449756384
109.04467974603176	-7.106541581451893
133.37186843901873	17.220647111535072
121.61426284909248	5.4630415216088295
117.20464196801186	1.053420640528202
96.73904780298471	-19.41217352449894
106.8776173144579	-9.27360401302576
122.49408652633429	6.342865198850632
114.18674498796463	-1.964476339519024
115.30263904482126	-0.8485822826623917
129.66859625279903	13.51737492531538
78.50807904452085	-37.6431422829628
113.97806940227747	-2.1731519252061844
127.60544041544199	11.454219087958336
85.2664930447936	-30.884728282690048
104.77203956991434	-11.379181757569313
114.65133172273636	-1.4998896047472954
101.84820993244648	-14.303011395037174
125.34893187135458	9.197710543870926
100.19075720757246	-15.960464119911194
127.97787594050169	11.826654613018036
113.5599344521761	-2.59128687530756
110.10301946848631	-6.048201858997345
110.95978749543428	-5.19143383204937
85.93001732975245	-30.22120399773121
119.5082780495286	3.3570567220449448
121.80347006767988	5.652248740196228
109.89377723634243	-6.257444091141224
115.9034981355071	-0.24772319197654724
104.05567333102226	-12.095547996461391
111.31726909428835	-4.833952233195305
113.66425126045942	-2.486970067024231
158.72314811497927	42.57192678749561
138.56628412008286	22.4150627925992
124.07531958073378	7.924098253250122
121.34433262050152	5.193111293017864
103.50233314186335	-12.648888185620308
115.29325247555971	-0.8579688519239426
114.58082707226276	-1.57039425522089
121.87615032494068	5.724928997457027
117.01528180390596	0.8640604764223099
113.37725657224655	-2.7739647552371025
134.58014503866434	18.428923711180687
130.43304649740458	14.281825169920921
113.29565741121769	-2.8555639162659645
136.31791074573994	20.166689418256283
110.66896161437035	-5.482259713113308
97.93532378971577	-18.215897537767887
104.0098884999752	-12.14133282750845
114.56627766042948	-1.5849436670541763
93.09988532215357	-23.051336005330086
133.32594924420118	17.17472791671753
120.46252823621035	4.311306908726692
98.40428569167852	-17.74693563580513
110.32217904925346	-5.82904227823019
128.1326104849577	11.981389157474041
117.53284528106451	1.3816239535808563
112.69637437164783	-3.4548469558358192
110.61963783204556	-5.531583495438099
141.95151576399803	25.800294436514378
130.52398844063282	14.372767113149166
112.96719868481159	-3.184022642672062
117.74736402183771	1.5961426943540573
109.39116385579109	-6.760057471692562
106.13306859880686	-10.018152728676796
111.35060602426529	-4.800615303218365
112.0286477804184	-4.122573547065258
112.95801170170307	-3.1932096257805824
140.02434265613556	23.873121328651905
119.76823738962412	3.617016062140465
127.8920883834362	11.740867055952549
122.68918830901384	6.5379669815301895
114.18266865611076	-1.9685526713728905
116.75152022391558	0.6002988964319229
88.41132372617722	-27.73989760130644
111.05854472517967	-5.092676602303982
109.37665633112192	-6.7745649963617325
99.38039422035217	-16.77082710713148
116.40071405470371	0.24949272722005844
107.52928713709116	-8.621934190392494
128.3594248369336	12.208203509449959
93.41375754028559	-22.737463787198067
137.14839266240597	20.997171334922314
114.18422292172909	-1.9669984057545662
107.10864586383104	-9.04257546365261
124.35203163325787	8.200810305774212
121.04167352616787	4.8904521986842155
113.87800188362598	-2.27321944385767
133.62111998349428	17.469898656010628
124.24855871498585	8.097337387502193
98.48652314394712	-17.66469818353653
115.8112196996808	-0.3400016278028488
126.10322681069374	9.952005483210087
93.61910393089056	-22.532117396593094
125.51333337277174	9.362112045288086
110.92685750871897	-5.224363818764687
132.5813256651163	16.430104337632656
94.11228117346764	-22.038940154016018
108.68544049561024	-7.465780831873417
104.24470580369234	-11.906515523791313
110.08231909573078	-6.0689022317528725
114.04199028760195	-2.1092310398817062
97.3685209825635	-18.78270034492016
102.35393244028091	-13.79728888720274
108.06985329091549	-8.081368036568165
138.39795402437449	22.24673269689083
119.48982591181993	3.338604584336281
97.28781252354383	-18.86340880393982
131.5814839825034	15.43026265501976
106.30396436154842	-9.84725696593523
132.22605950385332	16.074838176369667
113.59295749664307	-2.5582638308405876
96.6930027231574	-19.458218604326248
120.14545154571533	3.994230218231678
108.19293200969696	-7.958289317786694
114.85465554893017	-1.2965657785534859
117.70342534780502	1.5522040203213692
115.52590614557266	-0.6253151819109917
113.12262952327728	-3.0285918042063713
106.1743831038475	-9.97683822363615
114.00853104144335	-2.142690286040306
121.84181753546	5.690596207976341
115.5127510651946	-0.6384702622890472
103.94214829802513	-12.209073029458523
134.19409124553204	18.042869918048382
120.97577033936977	4.82454901188612
100.95772444456816	-15.193496882915497
104.6837068349123	-11.467514492571354
118.83918020129204	2.687958873808384
93.44576186686754	-22.70545946061611
116.14565771073103	-0.005563616752624512
113.292251996696	-2.8589693307876587
129.41451980918646	13.263298481702805
104.52503260970116	-11.626188717782497
109.28026428818703	-6.870957039296627
125.64783404022455	9.496612712740898
92.33150178939104	-23.819719538092613
108.51458094269037	-7.6366403847932816
114.24904838949442	-1.902172937989235
110.9957754611969	-5.155445866286755
133.8738560900092	17.72263476252556
98.81607017666101	-17.33515115082264
131.88147657364607	15.730255246162415
120.31145579367876	4.1602344661951065
145.10432352125645	28.953102193772793
122.2769224345684	6.125701107084751
107.95616686344147	-8.195054464042187
111.837931483984	-4.3132898434996605
110.4671178162098	-5.684103511273861
138.94188008457422	22.79065875709057
116.26447881758213	0.11325749009847641
116.58047767728567	0.4292563498020172
135.08414843678474	18.93292710930109
107.86934213340282	-8.28187919408083
141.69148164987564	25.540260322391987
119.75259539484978	3.601374067366123
136.84048119932413	20.689259871840477
103.52714759111404	-12.62407373636961
109.51212102919817	-6.639100298285484
117.50492902100086	1.353707693517208
114.32053965330124	-1.830681674182415
107.59525612741709	-8.555965200066566
115.33540467917919	-0.8158166483044624
142.90704952925444	26.755828201770782
131.9649880155921	15.813766688108444
129.0731603577733	12.92193903028965
125.10254649817944	8.951325170695782
112.6387536674738	-3.512467660009861
108.86264448612928	-7.28857684135437
106.36023584008217	-9.790985487401485
126.29783393442631	10.146612606942654
118.5522164478898	2.400995120406151
100.16681270301342	-15.984408624470234
107.02039111405611	-9.130830213427544
118.0314274430275	1.8802061155438423
81.00963563472033	-35.14158569276333
128.84597726166248	12.69475593417883
113.01108330488205	-3.1401380226016045
118.21006852388382	2.0588471964001656
117.68238864839077	1.531167320907116
131.2119606360793	15.060739308595657
129.88996721059084	13.738745883107185
105.46211486309767	-10.689106464385986
114.14762583374977	-2.003595493733883
103.17186207324266	-12.97935925424099
132.00434048473835	15.853119157254696
128.10753189772367	11.95631057024002
96.17109502106905	-19.980126306414604
119.78914802521467	3.637926697731018
127.05318019539118	10.901958867907524
109.5739728063345	-6.5772485211491585
128.40433678030968	12.253115452826023
126.27184958010912	10.120628252625465
141.86930449306965	25.718083165585995
128.48443995416164	12.33321862667799
114.30648160725832	-1.8447397202253342
117.96169602125883	1.810474693775177
99.45561483502388	-16.695606492459774
117.2794431746006	1.1282218471169472
106.86459822952747	-9.28662309795618
107.49655278772116	-8.654668539762497
109.32108347117901	-6.8301378563046455
109.27091506868601	-6.880306258797646
133.8410206064582	17.689799278974533
124.58148495852947	8.430263631045818
120.1093529611826	3.9581316336989403
126.54389157891273	10.392670251429081
115.62318575382233	-0.5280355736613274
122.21839212626219	6.067170798778534
117.34928227216005	1.1980609446763992
108.76562263816595	-7.385598689317703
96.44721002876759	-19.70401129871607
129.55805806815624	13.406836740672588
130.03361828625202	13.882396958768368
118.80018324404955	2.648961916565895
129.6354425624013	13.48422123491764
109.96400591731071	-6.187215410172939
118.11142687499523	1.9602055475115776
131.68430561572313	15.533084288239479
113.39558982104063	-2.7556315064430237
147.45357619971037	31.302354872226715
113.74997497349977	-2.401246353983879
113.47117822617292	-2.68004310131073
127.08124376088381	10.930022433400154
86.99623648822308	-29.154984839260578
111.17322870343924	-4.977992624044418
111.31314325332642	-4.838078074157238
126.90110570937395	10.749884381890297
110.36239636689425	-5.788824960589409
115.65372316539288	-0.49749816209077835
110.53980176150799	-5.611419565975666
97.56037139892578	-18.590849928557873
97.74801915884018	-18.403202168643475
106.6463622674346	-9.504859060049057
136.62124671041965	20.470025382936
101.92859087139368	-14.222630456089973
112.11016337573528	-4.041057951748371
115.5066777318716	-0.6445435956120491
132.10159166902304	15.950370341539383
109.28198888152838	-6.8692324459552765
111.84238751977682	-4.308833807706833
128.37606797367334	12.22484664618969
113.88997228443623	-2.261249043047428
136.17644133418798	20.02522000670433
114.59631592780352	-1.5549053996801376
107.83802844583988	-8.313192881643772
108.29120767116547	-7.860013656318188
127.47951554507017	11.328294217586517
97.3578224927187	-18.793398834764957
121.25800607353449	5.106784746050835
106.31096044182777	-9.84026088565588
118.08781316131353	1.9365918338298798
128.47398158162832	12.322760254144669
120.77608833462	4.624867007136345
136.50515967607498	20.353938348591328
118.38510140776634	2.233880080282688
117.76669152826071	1.6154702007770538
117.40268920361996	1.251467876136303
115.653186455369	-0.49803487211465836
121.76925981789827	5.6180384904146194
104.2847352847457	-11.86648604273796
