Ea=89.39335249364376	delta_Ea
84.74820764362812	-4.64514485001564
87.00200290977955	-2.391349583864212
82.86353565752506	-6.529816836118698
96.62104823440313	7.227695740759373
89.66994483023882	0.27659233659505844
87.92240140587091	-1.4709510877728462
88.7026506960392	-0.6907017976045609
75.54832120984793	-13.845031283795834
83.6887212395668	-5.704631254076958
76.93772753328085	-12.455624960362911
89.68695902824402	0.2936065346002579
75.78937398642302	-13.603978507220745
89.87631985545158	0.4829673618078232
93.26079174876213	3.86743925511837
94.88263404369354	5.489281550049782
92.94922281056643	3.5558703169226646
80.21744038164616	-9.175912111997604
78.3689327314496	-11.024419762194157
96.11153584718704	6.7181833535432816
84.09765882790089	-5.295693665742874
89.03335922211409	-0.35999327152967453
84.27433320134878	-5.119019292294979
80.07042374461889	-9.322928749024868
88.43887397646904	-0.9544785171747208
85.40268643200397	-3.9906660616397858
78.09481151401997	-11.298540979623795
99.44108816236258	10.047735668718815
95.8413679227233	6.448015429079533
81.38501503318548	-8.008337460458279
85.17028267681599	-4.223069816827774
107.77645782381296	18.3831053301692
79.30454900860786	-10.088803485035896
75.34479119628668	-14.048561297357082
94.36180824786425	4.968455754220486
87.10704972594976	-2.2863027676939964
88.14830178022385	-1.2450507134199142
89.57519564032555	0.18184314668178558
91.45253862440586	2.0591861307621
82.13258811086416	-7.260764382779598
68.45921897888184	-20.934133514761925
94.81631590425968	5.422963410615921
85.9779122620821	-3.4154402315616608
93.79109521955252	4.397742725908756
81.68700046092272	-7.706352032721043
92.00029172748327	2.606939233839512
94.21874179691076	4.825389303267002
100.31385205686092	10.920499563217163
91.47229816764593	2.0789456740021706
82.45399580895901	-6.939356684684753
81.05766183137894	-8.335690662264824
82.89248570799828	-6.500866785645485
89.58851665258408	0.19516415894031525
80.38111729174852	-9.012235201895237
78.12279458343983	-11.270557910203934
89.27932398021221	-0.11402851343154907
85.1002625003457	-4.293089993298054
89.75584362447262	0.3624911308288574
87.7030607610941	-1.6902917325496674
96.15394745022058	6.760594956576824
85.18127381801605	-4.212078675627708
92.57295680046082	3.1796043068170547
102.19101793318987	12.797665439546108
80.98046431690454	-8.412888176739216
90.38571775704622	0.992365263402462
85.43337105214596	-3.9599814414978027
102.63659978657961	13.243247292935848
75.71464695036411	-13.678705543279648
88.34337481856346	-1.0499776750802994
95.65533810853958	6.261985614895821
109.11687456071377	19.723522067070007
73.89066426455975	-15.502688229084015
92.22498824447393	2.8316357508301735
90.46343284100294	1.0700803473591805
91.13189066201448	1.7385381683707237
95.08994941413403	5.696596920490265
81.41265615075827	-7.980696342885494
87.3818693086505	-2.011483184993267
107.05895258486271	17.66560009121895
86.52534005045891	-2.8680124431848526
79.21291390061378	-10.180438593029976
99.38609416037798	9.992741666734219
82.36410806328058	-7.029244430363178
72.25360492616892	-17.139747567474842
83.79260627925396	-5.600746214389801
82.85353506356478	-6.539817430078983
77.45157336443663	-11.941779129207134
87.3529851436615	-2.0403673499822617
79.02209143340588	-10.371261060237885
89.54876446723938	0.1554119735956192
76.88749354332685	-12.505858950316906
93.45199561864138	4.058643124997616
104.9687496945262	15.575397200882435
90.84782250225544	1.454470008611679
95.28118622303009	5.88783372938633
89.44519167393446	0.051839180290699005
79.85104425996542	-9.542308233678341
91.14836516231298	1.7550126686692238
94.6129677221179	5.21961522847414
89.20812633633614	-0.18522615730762482
87.37792601436377	-2.015426479279995
85.7129772901535	-3.6803752034902573
88.80743864178658	-0.5859138518571854
101.67465621978045	12.281303726136684
103.10518329590559	13.71183080226183
92.8184610530734	3.4251085594296455
93.10301860421896	3.709666110575199
83.19405336678028	-6.19929912686348
96.5399739742279	7.146621480584145
92.60399445146322	3.210641957819462
85.28942850232124	-4.103923991322517
74.33669912070036	-15.056653372943401
100.90005205571651	11.506699562072754
79.6932629570365	-9.700089536607265
86.92920930683613	-2.4641431868076324
91.73218823224306	2.3388357385993004
94.39204313606024	4.998690642416477
80.30562160164118	-9.087730892002583
94.3429860547185	4.949633561074734
91.58703412115574	2.193681627511978
99.62725930660963	10.23390681296587
89.59668461978436	0.20333212614059448
89.11453852802515	-0.2788139656186104
85.84659183770418	-3.546760655939579
85.74226528406143	-3.651087209582329
80.68299897760153	-8.710353516042233
82.1344897300005	-7.258862763643265
94.94004378467798	5.546691291034222
87.18423760682344	-2.2091148868203163
86.57006932795048	-2.823283165693283
94.84890588372946	5.455553390085697
93.87648433446884	4.483131840825081
103.06192376464605	13.668571271002293
90.30102501064539	0.9076725170016289
102.16834219545126	12.774989701807499
95.19316045939922	5.799807965755463
83.47641076892614	-5.916941724717617
88.33001278340816	-1.0633397102355957
91.23580492287874	1.8424524292349815
88.84527052938938	-0.5480819642543793
90.22584860771894	0.8324961140751839
85.14538040012121	-4.247972093522549
77.11321631073952	-12.280136182904243
89.1531053557992	-0.24024713784456253
96.23371133953333	6.840358845889568
85.35308276116848	-4.040269732475281
79.527487590909	-9.865864902734756
79.39623152464628	-9.997120968997478
96.00884287059307	6.61549037694931
89.97132772952318	0.5779752358794212
79.65865725278854	-9.734695240855217
91.49828047305346	2.1049279794096947
96.02781931310892	6.63446681946516
97.96321573853493	8.569863244891167
91.91996895521879	2.5266164615750313
83.35872726887465	-6.0346252247691154
88.36732153594494	-1.026030957698822
93.87688019126654	4.483527697622776
95.5246654972434	6.131313003599644
88.74082875996828	-0.6525237336754799
92.49698367714882	3.1036311835050583
91.10570733249187	1.712354838848114
93.9719538539648	4.578601360321045
103.27260930836201	13.879256814718246
80.20895963162184	-9.184392862021923
88.12263385206461	-1.2707186415791512
82.06069505214691	-7.332657441496849
85.64820884168148	-3.7451436519622803
74.57880461215973	-14.814547881484032
83.6069328263402	-5.786419667303562
88.2526138573885	-1.1407386362552643
86.07509315013885	-3.3182593435049057
92.19319920241833	2.7998467087745667
82.38244948536158	-7.010903008282185
88.66206333041191	-0.7312891632318497
90.6953074336052	1.3019549399614334
89.81361850351095	0.4202660098671913
89.19808855652809	-0.19526393711566925
86.32144491374493	-3.0719075798988342
102.53646941483021	13.143116921186447
84.80537378787994	-4.587978705763817
88.97991139441729	-0.41344109922647476
91.60236290097237	2.2090104073286057
96.6253249719739	7.231972478330135
105.18082275986671	15.787470266222954
95.61396992951632	6.220617435872555
83.06126703321934	-6.332085460424423
89.65386919677258	0.2605167031288147
101.35563199222088	11.962279498577118
101.86086690425873	12.467514410614967
83.07362897694111	-6.319723516702652
92.22722782939672	2.833875335752964
84.17546948045492	-5.217883013188839
79.62440663576126	-9.7689458578825
94.34618999063969	4.952837496995926
81.60502783954144	-7.788324654102325
91.29584632068872	1.9024938270449638
97.81408267468214	8.42073018103838
87.14467147737741	-2.248681016266346
93.50226038694382	4.1089078933000565
81.52920366823673	-7.864148825407028
92.46355873346329	3.0702062398195267
91.10748998820782	1.7141374945640564
82.06234944611788	-7.331003047525883
89.08295854181051	-0.31039395183324814
87.1944547072053	-2.198897786438465
88.10008957237005	-1.2932629212737083
95.30897122621536	5.915618732571602
92.69485394656658	3.301501452922821
80.60234804451466	-8.791004449129105
88.99239297956228	-0.4009595140814781
89.27624310553074	-0.11710938811302185
76.88328808546066	-12.510064408183098
97.69697007536888	8.30361758172512
89.8114847317338	0.4181322380900383
76.43605368584394	-12.957298807799816
81.74601194262505	-7.647340551018715
83.87570286542177	-5.517649628221989
99.2784587815404	9.885106287896633
82.74554503709078	-6.647807456552982
88.83145473897457	-0.5618977546691895
84.55086546391249	-4.842487029731274
89.67074616998434	0.27739367634058
79.87271765619516	-9.520634837448597
85.15822137892246	-4.235131114721298
85.13731610029936	-4.256036393344402
90.1682357788086	0.7748832851648331
89.13249780982733	-0.26085468381643295
84.21183689683676	-5.181515596807003
82.86892133951187	-6.524431154131889
82.81118565797806	-6.582166835665703
76.80492593348026	-12.588426560163498
89.64971928298473	0.2563667893409729
90.5023598447442	1.1090073511004448
87.36559577286243	-2.0277567207813263
89.4343907982111	0.041038304567337036
86.97658994048834	-2.416762553155422
114.11995173245668	24.726599238812923
78.16520549356937	-11.228147000074387
76.60476607829332	-12.788586415350437
91.94086695462465	2.547514460980892
87.6242298334837	-1.7691226601600647
97.25431540608406	7.8609629124403
93.4422981441021	4.048945650458336
86.81069596856833	-2.5826565250754356
105.39937882125378	16.006026327610016
90.01283576339483	0.6194832697510719
101.60870482772589	12.215352334082127
105.96491384506226	16.571561351418495
80.06761993467808	-9.325732558965683
95.45645918697119	6.063106693327427
86.3775122910738	-3.0158402025699615
87.42256373167038	-1.970788761973381
98.95106011629105	9.557707622647285
88.18378799408674	-1.2095644995570183
91.61017368733883	2.2168211936950684
94.89482323080301	5.501470737159252
79.19713167101145	-10.196220822632313
82.91593182832003	-6.477420665323734
90.0674753561616	0.6741228625178337
76.84833897650242	-12.545013517141342
94.00452162325382	4.611169129610062
87.71407823264599	-1.6792742609977722
93.87118257582188	4.477830082178116
91.69023537635803	2.2968828827142715
92.56399856507778	3.170646071434021
107.47483729571104	18.08148480206728
79.6068010777235	-9.786551415920258
86.31696689873934	-3.0763855949044228
88.79874024540186	-0.5946122482419014
88.70023512840271	-0.6931173652410507
102.01420883089304	12.620856337249279
83.57800392061472	-5.815348573029041
78.83995420485735	-10.553398288786411
93.73254480212927	4.339192308485508
86.25109522044659	-3.142257273197174
89.79195377975702	0.3986012861132622
100.60605902224779	11.21270652860403
82.85892409086227	-6.5344284027814865
87.47151530534029	-1.9218371883034706
81.88054069876671	-7.512811794877052
93.36526506394148	3.971912570297718
96.27165304869413	6.878300555050373
70.39079964160919	-19.00255285203457
92.5221064016223	3.1287539079785347
92.3132813051343	2.9199288114905357
98.15875371545553	8.765401221811771
91.54818194359541	2.1548294499516487
86.68081317842007	-2.712539315223694
73.6165346801281	-15.776817813515663
89.90312722325325	0.5097747296094894
93.98032994568348	4.586977452039719
89.06959549337626	-0.32375700026750565
98.70455955713987	9.311207063496113
95.73968464881182	6.3463321551680565
90.0382249802351	0.6448724865913391
98.03106699883938	8.637714505195618
84.65397272258997	-4.739379771053791
98.49921541661024	9.10586292296648
89.54367270320654	0.15032020956277847
93.66541931778193	4.2720668241381645
93.93836434185505	4.5450118482112885
82.14983666688204	-7.243515826761723
94.86640559136868	5.4730530977249146
101.6032854616642	12.20993296802044
82.60183245688677	-6.791520036756992
80.1418436318636	-9.251508861780167
83.64510542154312	-5.748247072100639
91.09885727614164	1.7055047824978828
87.06022627651691	-2.3331262171268463
94.20182730257511	4.808474808931351
100.57209979742765	11.178747303783894
96.32782356441021	6.934471070766449
79.90264891833067	-9.490703575313091
72.3675830066204	-17.025769487023354
104.97734734416008	15.58399485051632
85.76454635709524	-3.628806136548519
77.38577245920897	-12.007580034434795
95.41274955123663	6.019397057592869
101.12677590548992	11.733423411846161
85.93862503767014	-3.454727455973625
92.79053099453449	3.397178500890732
87.83669501543045	-1.5566574782133102
104.01560787111521	14.622255377471447
82.90896156430244	-6.484390929341316
81.97264315187931	-7.42070934176445
89.70236483961344	0.30901234596967697
85.90793038904667	-3.4854221045970917
91.58767443150282	2.1943219378590584
77.68130642920732	-11.712046064436436
85.96787216514349	-3.425480328500271
83.38083682954311	-6.012515664100647
87.38118349015713	-2.0121690034866333
83.77931535989046	-5.6140371337533
89.62940483540297	0.23605234175920486
88.13783852756023	-1.2555139660835266
87.95601902902126	-1.4373334646224976
93.91509843617678	4.521745942533016
87.05438766628504	-2.3389648273587227
102.75290881842375	13.359556324779987
97.04350209236145	7.6501495987176895
82.5662207826972	-6.82713171094656
101.05537021905184	11.662017725408077
87.5686730965972	-1.824679397046566
91.10807690024376	1.7147244065999985
76.49465626478195	-12.898696228861809
78.3880605623126	-11.005291931331158
90.60648414492607	1.2131316512823105
86.47794204950333	-2.9154104441404343
88.3871308863163	-1.0062216073274612
98.72761777043343	9.334265276789665
97.9166511669755	8.523298673331738
98.09629490971565	8.702942416071892
81.5754808112979	-7.817871682345867
75.6439460888505	-13.749406404793262
93.3072451800108	3.913892686367035
92.36074937880039	2.9673968851566315
76.39774905145168	-12.995603442192078
84.49085432291031	-4.902498170733452
103.87711688131094	14.483764387667179
88.52827470749617	-0.8650777861475945
89.98380628228188	0.5904537886381149
86.22189915180206	-3.1714533418416977
96.7450005710125	7.351648077368736
82.81167121231556	-6.581681281328201
92.32807666808367	2.934724174439907
104.78887168318033	15.395519189536572
86.99728137999773	-2.3960711136460304
97.3390351831913	7.945682689547539
86.95848071575165	-2.4348717778921127
91.63757678866386	2.2442242950201035
95.68904121220112	6.295688718557358
87.76741529256105	-1.6259372010827065
72.84563340246677	-16.547719091176987
90.63322349637747	1.2398710027337074
94.77605870366096	5.382706210017204
97.31261674314737	7.9192642495036125
109.75289492309093	20.359542429447174
82.3617085441947	-7.031643949449062
94.3454369455576	4.952084451913834
92.59889083355665	3.2055383399128914
92.82887528091669	3.43552278727293
92.43384759873152	3.040495105087757
81.8868682011962	-7.506484292447567
81.57269445061684	-7.820658043026924
84.2779361307621	-5.1154163628816605
89.79293623566628	0.39958374202251434
94.8653820976615	5.4720296040177345
85.14440333843231	-4.248949155211449
88.79383780807257	-0.5995146855711937
90.49624738842249	1.1028948947787285
91.38883364200592	1.9954811483621597
87.13569769263268	-2.2576548010110855
81.32359356433153	-8.06975892931223
101.53134209662676	12.137989602982998
76.52667654305696	-12.866675950586796
75.11330426484346	-14.280048228800297
92.22140645980835	2.828053966164589
86.14964441210032	-3.2437080815434456
91.58891114592552	2.195558652281761
81.4665064662695	-7.926846027374268
94.66738144308329	5.274028949439526
87.04940135031939	-2.343951143324375
87.63408646732569	-1.7592660263180733
92.09129550307989	2.6979430094361305
81.04117527604103	-8.35217721760273
80.19905566424131	-9.194296829402447
90.53100508451462	1.1376525908708572
93.5440761744976	4.150723680853844
89.69718632102013	0.30383382737636566
83.1833598613739	-6.209992632269859
89.67338588088751	0.2800333872437477
83.68176982551813	-5.711582668125629
92.34408570826054	2.9507332146167755
94.55103404074907	5.157681547105312
85.33980379253626	-4.053548701107502
101.82022971659899	12.426877222955227
77.56611319631338	-11.82723929733038
88.02137213945389	-1.3719803541898727
89.73284815251827	0.3394956588745117
90.21737683564425	0.8240243420004845
102.10945779830217	12.716105304658413
82.14554406702518	-7.247808426618576
89.45040988177061	0.05705738812685013
90.76780459284782	1.3744520992040634
87.49262694269419	-1.9007255509495735
83.92489691823721	-5.468455575406551
86.05174428969622	-3.341608203947544
84.07634074985981	-5.317011743783951
85.11114143580198	-4.282211057841778
88.26699598133564	-1.1263565123081207
84.07258823513985	-5.320764258503914
90.91103409975767	1.5176816061139107
95.54023165255785	6.146879158914089
99.92290282994509	10.529550336301327
83.54120244085789	-5.852150052785873
91.72846591472626	2.3351134210824966
88.32304770499468	-1.0703047886490822
100.3820440620184	10.988691568374634
87.02349167317152	-2.3698608204722404
102.55792658776045	13.164574094116688
84.79551865905523	-4.597833834588528
91.35597863793373	1.9626261442899704
82.12257428467274	-7.270778208971024
94.3326073884964	4.939254894852638
78.3334497436881	-11.059902749955654
87.35543406009674	-2.03791843354702
92.42678149789572	3.033429004251957
88.71155295521021	-0.6817995384335518
94.89857117086649	5.505218677222729
99.31325943022966	9.919906936585903
92.58090324699879	3.1875507533550262
94.58908759057522	5.1957350969314575
81.18689101189375	-8.206461481750011
94.36217001080513	4.968817517161369
85.38920195400715	-4.004150539636612
88.74869710206985	-0.644655391573906
91.61941988021135	2.2260673865675926
83.26242660731077	-6.130925886332989
91.35316348075867	1.9598109871149063
85.96129039674997	-3.4320620968937874
93.00374323874712	3.6103907451033592
89.10993058234453	-0.28342191129922867
97.25029292702675	7.856940433382988
101.03672209382057	11.643369600176811
89.00351157039404	-0.3898409232497215
92.40119775384665	3.0078452602028847
91.3430042937398	1.949651800096035
92.55385272949934	3.1605002358555794
81.10276456177235	-8.290587931871414
92.95990946143866	3.566556967794895
90.41456419229507	1.0212116986513138
85.54239261895418	-3.850959874689579
86.07008212804794	-3.3232703655958176
94.50461738556623	5.111264891922474
89.83684059977531	0.44348810613155365
94.68531323969364	5.291960746049881
70.79539353400469	-18.597958959639072
94.48154257237911	5.088190078735352
91.59275028854609	2.1993977949023247
107.22395005077124	17.830597557127476
92.14676135033369	2.75340885668993
74.04905801266432	-15.344294480979443
98.80958955734968	9.416237063705921
83.63332965224981	-5.760022841393948
82.43925324827433	-6.954099245369434
95.63344243168831	6.240089938044548
86.47975012660027	-2.913602367043495
81.44401402026415	-7.949338473379612
95.24689365178347	5.853541158139706
85.74718755483627	-3.6461649388074875
88.68927774578333	-0.7040747478604317
89.38199506700039	-0.011357426643371582
99.72962246090174	10.336269967257977
95.86894222348928	6.475589729845524
80.47448786348104	-8.918864630162716
86.81025871634483	-2.5830937772989273
93.1773986518383	3.784046158194542
88.97236163169146	-0.42099086195230484
88.61077370494604	-0.7825787886977196
99.63531756401062	10.24196507036686
75.86454053223133	-13.52881196141243
87.93121112883091	-1.462141364812851
93.76197703927755	4.368624545633793
86.28581903874874	-3.1075334548950195
88.14447914808989	-1.248873345553875
84.98630417883396	-4.407048314809799
91.98702915012836	2.593676656484604
80.36978305876255	-9.02356943488121
97.4322426840663	8.038890190422535
89.29963951557875	-0.09371297806501389
85.91308323293924	-3.4802692607045174
93.3206794783473	3.927326984703541
92.40711060166359	3.013758108019829
87.11824662983418	-2.2751058638095856
88.0927201807499	-1.3006323128938675
93.70026095211506	4.306908458471298
86.70773436129093	-2.685618132352829
85.37457860261202	-4.018773891031742
92.40406698733568	3.0107144936919212
93.68023929744959	4.286886803805828
91.07140804082155	1.6780555471777916
86.66292799264193	-2.730424501001835
84.50168319791555	-4.891669295728207
94.41169214993715	5.018339656293392
89.52627331763506	0.13292082399129868
78.70567592978477	-10.687676563858986
99.25646302849054	9.863110534846783
86.95186845213175	-2.4414840415120125
88.9797096773982	-0.4136428162455559
88.90144129097462	-0.4919112026691437
84.12730402499437	-5.266048468649387
76.32105425745249	-13.072298236191273
90.57797989994287	1.1846274062991142
96.18189712613821	6.78854463249445
93.22254559397697	3.829193100333214
91.87255834043026	2.479205846786499
94.47392398118973	5.080571487545967
83.50754848122597	-5.885804012417793
94.68259162455797	5.289239130914211
85.70015048980713	-3.6932020038366318
87.01254392415285	-2.3808085694909096
94.38077606260777	4.9874235689640045
99.9474727511406	10.554120257496834
91.09756723791361	1.7042147442698479
88.31090555340052	-1.0824469402432442
84.50010442733765	-4.893248066306114
89.35955318808556	-0.03379930555820465
101.68522524088621	12.29187274724245
85.16874065250158	-4.224611841142178
77.09440260380507	-12.298949889838696
99.18950061500072	9.796148121356964
83.29388893395662	-6.099463559687138
95.0818442106247	5.688491716980934
88.62978035956621	-0.763572134077549
91.3858318850398	1.9924793913960457
84.28932108730078	-5.104031406342983
88.92865034937859	-0.46470214426517487
81.48422092199326	-7.909131571650505
98.12336642295122	8.73001392930746
82.86262179911137	-6.530730694532394
79.90059983730316	-9.492752656340599
88.46524971723557	-0.9281027764081955
88.15365540236235	-1.239697091281414
93.74853842705488	4.355185933411121
92.60528555512428	3.211933061480522
86.52801828831434	-2.865334205329418
92.3310445100069	2.937692016363144
84.80754652619362	-4.585805967450142
99.33641435205936	9.943061858415604
96.26071843504906	6.867365941405296
100.32788725197315	10.934534758329391
83.00746452063322	-6.38588797301054
89.31450318545103	-0.07884930819272995
90.4859940558672	1.0926415622234344
85.26848928630352	-4.1248632073402405
92.45054514706135	3.0571926534175873
85.55083429068327	-3.842518202960491
96.003607660532	6.610255166888237
78.12595874816179	-11.267393745481968
99.86735354363918	10.474001049995422
104.66735250502825	15.274000011384487
92.98577346652746	3.5924209728837013
92.9680638462305	3.574711352586746
93.63790092617273	4.244548432528973
102.18164628744125	12.788293793797493
97.29232062399387	7.898968130350113
87.81915073096752	-1.574201762676239
93.839838065207	4.446485571563244
95.76734159886837	6.373989105224609
92.00816858559847	2.614816091954708
94.44136299192905	5.048010498285294
95.27919996529818	5.885847471654415
93.13012845814228	3.73677596449852
85.00419728457928	-4.389155209064484
81.8268987685442	-7.566453725099564
85.63597373664379	-3.7573787569999695
94.68771596252918	5.294363468885422
82.68452633917332	-6.708826154470444
75.6107397377491	-13.782612755894661
91.55939956754446	2.1660470739006996
81.55888898670673	-7.834463506937027
97.24913509190083	7.855782598257065
83.81286593526602	-5.580486558377743
94.76961948722601	5.376266993582249
80.92346027493477	-8.469892218708992
85.69218251109123	-3.7011699825525284
82.0683108791709	-7.325041614472866
81.98914837092161	-7.404204122722149
73.43287847936153	-15.960474014282227
91.35716325044632	1.963810756802559
87.69454213231802	-1.6988103613257408
95.86262139678001	6.469268903136253
88.14200320094824	-1.2513492926955223
91.94457456469536	2.5512220710515976
86.93436826020479	-2.4589842334389687
93.24654243886471	3.8531899452209473
98.23104616254568	8.83769366890192
100.16169715672731	10.768344663083553
99.9049192070961	10.51156671345234
91.33037805557251	1.937025561928749
88.2050615772605	-1.1882909163832664
76.73870223760605	-12.654650256037712
82.0580280944705	-7.33532439917326
98.33952511847019	8.946172624826431
87.20347096771002	-2.1898815259337425
99.05297239869833	9.65961990505457
97.59640337526798	8.203050881624222
91.92932389676571	2.5359714031219482
90.08113770931959	0.6877852156758308
91.25283750891685	1.8594850152730942
86.39646355062723	-2.996888943016529
82.63566641509533	-6.757686078548431
76.53586731106043	-12.857485182583332
75.33834234625101	-14.05501014739275
83.23126105219126	-6.162091441452503
91.23254873603582	1.8391962423920631
90.6290198713541	1.2356673777103424
83.8991523757577	-5.494200117886066
83.39823868870735	-5.995113804936409
95.28261098265648	5.889258489012718
83.97102171182632	-5.422330781817436
101.92835730314255	12.535004809498787
95.20038675516844	5.807034261524677
87.31103431433439	-2.082318179309368
98.39144030958414	8.99808781594038
87.62403475493193	-1.769317738711834
91.9853217676282	2.591969273984432
100.63288585096598	11.239533357322216
96.81984103471041	7.426488541066647
90.36036971956491	0.967017225921154
83.64928090572357	-5.744071587920189
82.49818098545074	-6.895171508193016
86.50869080424309	-2.884661689400673
89.08576384931803	-0.3075886443257332
84.01691441982985	-5.376438073813915
81.55513274669647	-7.8382197469472885
83.1288822516799	-6.264470241963863
79.1733878031373	-10.219964690506458
83.70306039601564	-5.690292097628117
94.97834631800652	5.584993824362755
96.73094560205936	7.337593108415604
84.42313631623983	-4.970216177403927
89.33373671770096	-0.05961577594280243
82.82555413991213	-6.567798353731632
84.80150556564331	-4.59184692800045
76.74626629054546	-12.647086203098297
87.41432132571936	-1.9790311679244041
85.97853059321642	-3.4148219004273415
91.04360520094633	1.6502527073025703
92.14866553992033	2.7553130462765694
97.44167309254408	8.048320598900318
92.56289904564619	3.16954655200243
80.52219057828188	-8.871161915361881
99.3816082328558	9.988255739212036
95.23295839875937	5.839605905115604
92.60624334961176	3.2128908559679985
79.40855330228806	-9.984799191355705
91.66201069951057	2.2686582058668137
91.64473939687014	2.2513869032263756
92.65004467964172	3.256692185997963
76.04609327018261	-13.347259223461151
91.79389500617981	2.400542512536049
93.19123984128237	3.797887347638607
87.70038848370314	-1.6929640099406242
83.1680877506733	-6.225264742970467
90.42775519192219	1.0344026982784271
94.02071192115545	4.627359427511692
89.8479152917862	0.45456279814243317
84.47000621259212	-4.923346281051636
100.15431226044893	10.760959766805172
98.2322577983141	8.838905304670334
82.77071757614613	-6.622634917497635
83.3461131080985	-6.047239385545254
87.44384144246578	-1.9495110511779785
92.61095682531595	3.2176043316721916
101.19303594529629	11.799683451652527
90.90910615772009	1.5157536640763283
85.273616746068	-4.11973574757576
88.80311564356089	-0.5902368500828743
85.87225579470396	-3.5210966989398003
95.2713802009821	5.878027707338333
85.89121984690428	-3.502132646739483
95.20393450558186	5.810582011938095
82.5247086212039	-6.868643872439861
88.44704861938953	-0.9463038742542267
84.07041338831186	-5.322939105331898
88.74086388200521	-0.652488611638546
93.29833140224218	3.904978908598423
80.23152098059654	-9.161831513047218
77.32849878817797	-12.064853705465794
87.34888418763876	-2.044468306005001
95.19168869405985	5.798336200416088
84.81999389082193	-4.573358602821827
84.86689040064812	-4.526462092995644
90.16266203671694	0.7693095430731773
98.68693692982197	9.293584436178207
81.95574901252985	-7.437603481113911
90.26908157765865	0.8757290840148926
90.78458593785763	1.3912334442138672
85.58523720502853	-3.8081152886152267
81.7683155760169	-7.625036917626858
95.51116709411144	6.117814600467682
94.35083657503128	4.95748408138752
88.92399017512798	-0.4693623185157776
80.97955613583326	-8.413796357810497
94.39622709900141	5.002874605357647
96.51944146305323	7.126088969409466
78.3412402048707	-11.05211228877306
86.09321231395006	-3.300140179693699
102.38597043603659	12.992617942392826
94.96235345304012	5.569000959396362
93.80249650776386	4.409144014120102
86.462417088449	-2.9309354051947594
95.21301855146885	5.8196660578250885
83.00806628912687	-6.385286204516888
81.97976361215115	-7.413588881492615
84.52974588423967	-4.863606609404087
101.30566511303186	11.912312619388103
83.44516573101282	-5.9481867626309395
93.04303752630949	3.6496850326657295
89.42623031884432	0.03287782520055771
80.81439021974802	-8.57896227389574
84.50952072441578	-4.883831769227982
74.73771018534899	-14.655642308294773
92.84813068062067	3.4547781869769096
81.89163682609797	-7.501715667545795
87.78862227499485	-1.6047302186489105
83.27120590209961	-6.122146591544151
89.83326725661755	0.4399147629737854
87.41271014511585	-1.9806423485279083
89.63047689199448	0.23712439835071564
84.38810364156961	-5.005248852074146
81.09364429116249	-8.29970820248127
93.16226667165756	3.7689141780138016
88.22667830437422	-1.1666741892695427
95.5845590904355	6.191206596791744
76.61210443079472	-12.781248062849045
96.69289246201515	7.299539968371391
94.52606489509344	5.13271240144968
91.27409171313047	1.8807392194867134
105.63657635450363	16.24322386085987
98.05080039054155	8.657447896897793
97.00829920172691	7.614946708083153
85.60851589590311	-3.78483659774065
102.47290740162134	13.079554907977581
92.65125080943108	3.2578983157873154
89.84348351508379	0.45013102144002914
75.29812031984329	-14.095232173800468
95.56893937289715	6.1755868792533875
90.14251809567213	0.7491656020283699
98.05098304897547	8.657630555331707
87.01054073125124	-2.382811762392521
94.2459479123354	4.852595418691635
86.502850972116	-2.890501521527767
83.15218852460384	-6.241163969039917
100.4148401170969	11.02148762345314
99.05525850504637	9.661906011402607
91.99620193988085	2.6028494462370872
76.4312691912055	-12.96208330243826
87.15009131282568	-2.243261180818081
103.40838184952736	14.015029355883598
92.72543536871672	3.332082875072956
98.06777727603912	8.674424782395363
82.72063206136227	-6.672720432281494
92.71503066271544	3.3216781690716743
92.04032908380032	2.646976590156555
87.08520013839006	-2.3081523552536964
92.30006379634142	2.9067113026976585
89.16830138117075	-0.22505111247301102
83.1081130579114	-6.285239435732365
83.76226504147053	-5.631087452173233
85.51891978085041	-3.87443271279335
82.27692855894566	-7.116423934698105
94.36169072985649	4.96833823621273
81.22765037417412	-8.165702119469643
83.48440808057785	-5.90894441306591
81.42347157746553	-7.9698809161782265
89.9035779312253	0.5102254375815392
81.39597930014133	-7.997373193502426
111.39868994802237	22.005337454378605
84.55208458006382	-4.841267913579941
91.00734576582909	1.6139932721853256
83.02894739061594	-6.364405103027821
96.17790598422289	6.784553490579128
93.78494677692652	4.391594283282757
83.59970269352198	-5.793649800121784
80.88455682247877	-8.50879567116499
87.3457698225975	-2.047582671046257
76.85425221920013	-12.539100274443626
92.360516063869	2.967163570225239
96.33554834872484	6.942195855081081
89.63723098486662	0.24387849122285843
99.70827973634005	10.314927242696285
92.62381339818239	3.2304609045386314
94.50395088642836	5.1105983927845955
87.4334824308753	-1.9598700627684593
93.99029228836298	4.596939794719219
92.01576892286539	2.62241642922163
78.4470971301198	-10.94625536352396
88.88162227720022	-0.5117302164435387
96.97018102556467	7.57682853192091
85.83269833773375	-3.560654155910015
99.1927160769701	9.79936358332634
100.89896042644978	11.505607932806015
96.99274938553572	7.599396891891956
83.01356382668018	-6.379788666963577
86.75124979019165	-2.6421027034521103
88.75382325798273	-0.6395292356610298
83.5482237637043	-5.845128729939461
88.07334107905626	-1.3200114145874977
96.16341052949429	6.770058035850525
88.32010942697525	-1.0732430666685104
94.09196060150862	4.698608107864857
94.17302951216698	4.779677018523216
85.97714546322823	-3.416207030415535
90.30650569498539	0.913153201341629
101.49168796092272	12.098335467278957
83.80275128781796	-5.590601205825806
94.65827348083258	5.264920987188816
87.5965081974864	-1.79684429615736
83.09183409810066	-6.3015183955430984
81.13583975285292	-8.257512740790844
96.83694630861282	7.443593814969063
86.88871179521084	-2.5046406984329224
85.5983168259263	-3.795035667717457
90.51333729177713	1.1199847981333733
81.45326393842697	-7.940088555216789
88.21231024712324	-1.1810422465205193
104.46481876820326	15.071466274559498
90.0968022570014	0.7034497633576393
91.81547965854406	2.422127164900303
90.22369568049908	0.8303431868553162
86.66178055107594	-2.7315719425678253
96.04356126487255	6.65020877122879
90.31654713302851	0.9231946393847466
78.08112815022469	-11.312224343419075
81.76631289720535	-7.627039596438408
89.6788788586855	0.2855263650417328
81.34137299656868	-8.05197949707508
86.43093767762184	-2.9624148160219193
98.98787386715412	9.59452137351036
90.59399840980768	1.2006459161639214
84.47663203626871	-4.91672045737505
84.99169413745403	-4.401658356189728
97.12485737353563	7.731504879891872
82.36718005686998	-7.026172436773777
84.900874376297	-4.492478117346764
92.00523493438959	2.6118824407458305
76.89887406677008	-12.494478426873684
79.82324127852917	-9.570111215114594
89.27141965925694	-0.12193283438682556
84.6743682846427	-4.718984209001064
84.47211638838053	-4.921236105263233
97.12503471970558	7.731682226061821
91.38530673086643	1.9919542372226715
81.2172465249896	-8.176105968654156
84.94267290830612	-4.450679585337639
92.95905423164368	3.565701737999916
81.83780063688755	-7.55555185675621
81.99573604762554	-7.397616446018219
84.90779913961887	-4.485553354024887
94.01554623246193	4.622193738818169
95.17865330725908	5.785300813615322
101.40262038260698	12.009267888963223
97.11448726803064	7.721134774386883
87.19231808930635	-2.201034404337406
72.80333415418863	-16.590018339455128
89.42717406898737	0.033821575343608856
92.67062870413065	3.277276210486889
95.32766080647707	5.934308312833309
76.01479348540306	-13.3785590082407
104.46381948143244	15.070466987788677
90.15149905532598	0.7581465616822243
91.10622373968363	1.7128712460398674
92.57092308998108	3.1775705963373184
80.6076493486762	-8.785703144967556
90.94600400328636	1.552651509642601
88.44277537614107	-0.9505771175026894
98.99215239286423	9.598799899220467
87.28339819610119	-2.109954297542572
94.94079901278019	5.547446519136429
101.52449505776167	12.131142564117908
86.84821008890867	-2.5451424047350883
98.93714936822653	9.543796874582767
100.11682391911745	10.72347142547369
77.65409153699875	-11.739260956645012
93.9216390773654	4.528286583721638
84.59589830040932	-4.797454193234444
101.50624395161867	12.11289145797491
95.26266452670097	5.869312033057213
77.58927408605814	-11.80407840758562
96.497912324965	7.1045598313212395
93.74474404007196	4.351391546428204
87.36868376284838	-2.0246687307953835
92.05437716841698	2.6610246747732162
83.14578826725483	-6.247564226388931
90.01639450341463	0.6230420097708702
84.22266388684511	-5.170688606798649
94.89329657703638	5.49994408339262
90.77886009216309	1.3855075985193253
87.8497034907341	-1.5436490029096603
84.17583005875349	-5.21752243489027
83.40353482961655	-5.989817664027214
84.67034031450748	-4.723012179136276
91.86663071811199	2.473278224468231
84.08516751229763	-5.30818498134613
97.23889534175396	7.845542848110199
85.97168083488941	-3.4216716587543488
88.16225009411573	-1.2311023995280266
86.9401678442955	-2.453184649348259
109.88232283294201	20.48897033929825
93.86212727427483	4.468774780631065
94.22235059738159	4.828998103737831
96.98728136718273	7.593928873538971
90.86837670952082	1.4750242158770561
90.93481980264187	1.541467308998108
90.9436855763197	1.5503330826759338
93.40019028633833	4.006837792694569
97.42239892482758	8.029046431183815
93.77212857455015	4.378776080906391
95.31363555043936	5.920283056795597
95.18195148557425	5.788598991930485
82.589509062469	-6.803843431174755
75.89972238242626	-13.493630111217499
93.33211786299944	3.9387653693556786
82.88988483697176	-6.503467656672001
93.7848815843463	4.391529090702534
99.76937176287174	10.376019269227982
80.70113164931536	-8.692220844328403
89.8867584168911	0.49340592324733734
93.25021606683731	3.85686357319355
83.3999021500349	-5.993450343608856
91.33391927182674	1.9405667781829834
81.5862846672535	-7.807067826390266
83.87816725671291	-5.515185236930847
88.9535923153162	-0.4397601783275604
92.84032063931227	3.4469681456685066
75.27533232420683	-14.118020169436932
105.69665063917637	16.303298145532608
83.8957484960556	-5.497603997588158
89.1417680978775	-0.25158439576625824
89.28015112876892	-0.11320136487483978
86.80070709437132	-2.592645399272442
81.97845330834389	-7.414899185299873
81.09191037714481	-8.301442116498947
82.38089172542095	-7.012460768222809
78.97675093263388	-10.416601561009884
82.27511556446552	-7.118236929178238
77.04010104387999	-12.353251449763775
89.73227217048407	0.33891967684030533
77.88021569699049	-11.51313679665327
84.5581574589014	-4.835195034742355
91.33952869474888	1.9461762011051178
76.61772565543652	-12.775626838207245
84.82172552496195	-4.571626968681812
91.94732145220041	2.553968958556652
93.69131385535002	4.297961361706257
80.25356581062078	-9.139786683022976
87.96854611486197	-1.4248063787817955
87.24487768858671	-2.148474805057049
86.09696628153324	-3.2963862121105194
90.41565241664648	1.0222999230027199
92.35640928894281	2.963056795299053
93.7496586740017	4.356306180357933
85.69085139781237	-3.702501095831394
100.81223889440298	11.41888640075922
87.94479667395353	-1.4485558196902275
78.50170612335205	-10.89164637029171
92.62672761082649	3.2333751171827316
95.464035756886	6.070683263242245
82.25095248222351	-7.14240001142025
97.32046645134687	7.9271139577031136
75.1890654116869	-14.204287081956863
89.91549437493086	0.5221418812870979
96.30776285380125	6.91441036015749
90.21813065558672	0.8247781619429588
80.40071495622396	-8.992637537419796
86.79531081020832	-2.59804168343544
88.79031638801098	-0.603036105632782
86.08754955232143	-3.3058029413223267
81.42102418839931	-7.972328305244446
79.71417766064405	-9.679174832999706
75.66442385315895	-13.72892864048481
94.03033543378115	4.636982940137386
73.06356683373451	-16.32978565990925
91.5966802239418	2.2033277302980423
89.63129097223282	0.23793847858905792
93.34380649030209	3.950453996658325
84.780671864748	-4.61268062889576
98.2243554443121	8.831002950668335
94.27370884269476	4.880356349050999
89.7753465026617	0.38199400901794434
88.37242067605257	-1.0209318175911903
83.25168526172638	-6.141667231917381
103.63499406725168	14.241641573607922
89.61462384462357	0.221271350979805
86.69081144034863	-2.7025410532951355
97.63550172001123	8.242149226367474
84.49057099223137	-4.902781501412392
85.83798097074032	-3.5553715229034424
87.00497291237116	-2.388379581272602
85.35400622338057	-4.039346270263195
98.85180924087763	9.458456747233868
91.84686781466007	2.4535153210163116
90.63275996595621	1.2394074723124504
98.00160352885723	8.60825103521347
80.00420247018337	-9.389150023460388
89.36206279695034	-0.03128969669342041
99.00271075218916	9.609358258545399
85.332774348557	-4.060578145086765
86.66964969038963	-2.7237028032541275
102.84568496793509	13.452332474291325
95.38740912824869	5.994056634604931
96.64615846425295	7.252805970609188
85.15029372274876	-4.243058770895004
87.19212753325701	-2.201224960386753
84.15544444322586	-5.2379080504179
81.50799771398306	-7.885354779660702
78.29648615419865	-11.096866339445114
93.74494183063507	4.35158933699131
82.6657670661807	-6.727585427463055
70.08955278247595	-19.303799711167812
89.22904720157385	-0.16430529206991196
99.12987928837538	9.736526794731617
97.58013179153204	8.186779297888279
89.59000482410192	0.19665233045816422
98.75044225156307	9.357089757919312
88.1363419815898	-1.2570105120539665
86.6903199031949	-2.7030325904488564
85.99742929637432	-3.3959231972694397
82.26314560323954	-7.130206890404224
89.75136901438236	0.3580165207386017
85.58768973499537	-3.8056627586483955
79.68301626294851	-9.710336230695248
96.34949907660484	6.9561465829610825
98.95892481505871	9.565572321414948
91.9333700016141	2.540017507970333
90.23112729936838	0.8377748057246208
86.23040463775396	-3.162947855889797
95.68938586115837	6.29603336751461
82.01406716555357	-7.379285328090191
75.89472217857838	-13.498630315065384
77.28809557855129	-12.105256915092468
95.09996084868908	5.706608355045319
83.83711140602827	-5.55624108761549
101.1073018759489	11.713949382305145
89.98281805217266	0.5894655585289001
95.07917711883783	5.685824625194073
97.38239027559757	7.989037781953812
89.67638992518187	0.283037431538105
91.97574456036091	2.582392066717148
94.39076349884272	4.9974110051989555
93.48449276387691	4.091140270233154
89.28180288523436	-0.11154960840940475
77.37575358897448	-12.017598904669285
95.69738408178091	6.30403158813715
82.48420542478561	-6.909147068858147
79.32336363941431	-10.06998885422945
93.62062577158213	4.227273277938366
94.50902419537306	5.115671701729298
83.0962466597557	-6.297105833888054
90.16001944988966	0.7666669562458992
86.86492185294628	-2.5284306406974792
86.86621132493019	-2.5271411687135696
92.87149132043123	3.4781388267874718
94.1820058748126	4.788653381168842
85.33611238747835	-4.057240106165409
93.37763008475304	3.984277591109276
94.8052225485444	5.411870054900646
88.87495212256908	-0.5184003710746765
84.48820625245571	-4.905146241188049
81.46465238928795	-7.928700104355812
91.5350319892168	2.141679495573044
98.20028655976057	8.80693406611681
89.77857688814402	0.3852243945002556
88.77607873082161	-0.6172737628221512
97.87216678261757	8.478814288973808
79.14493536949158	-10.248417124152184
94.32798147201538	4.93462897837162
94.5197265446186	5.126374050974846
88.10592017322779	-1.2874323204159737
94.09192304313183	4.698570549488068
82.99450408667326	-6.398848406970501
86.44445686042309	-2.9488956332206726
84.99384844303131	-4.39950405061245
84.54571029543877	-4.847642198204994
77.39459662884474	-11.998755864799023
90.87525033950806	1.481897845864296
84.37106979638338	-5.02228269726038
85.86612884700298	-3.5272236466407776
100.80051800608635	11.407165512442589
81.88375473022461	-7.509597763419151
94.02274691313505	4.629394419491291
85.90259549766779	-3.490756995975971
87.3520128056407	-2.041339688003063
87.08875326812267	-2.3045992255210876
79.712109439075	-9.681243054568768
82.07493749260902	-7.318415001034737
96.3388754799962	6.945522986352444
87.9490866586566	-1.4442658349871635
88.47079924494028	-0.9225532487034798
100.07560396939516	10.6822514757514
86.00175157189369	-3.3916009217500687
83.95383783429861	-5.43951465934515
65.48627027124166	-23.907082222402096
99.53220743685961	10.138854943215847
90.1800492554903	0.7866967618465424
80.67927026003599	-8.714082233607769
80.46222662180662	-8.93112587183714
81.36196451634169	-8.031387977302074
98.32320039719343	8.929847903549671
89.49138614535332	0.09803365170955658
87.4252180531621	-1.9681344404816628
91.43626803904772	2.0429155454039574
86.97989382594824	-2.4134586676955223
97.35656662285328	7.963214129209518
82.51779650896788	-6.875555984675884
89.9091369137168	0.5157844200730324
102.33875285089016	12.945400357246399
86.9245486035943	-2.4688038900494576
85.06287197768688	-4.330480515956879
84.85433550924063	-4.539016984403133
93.12872198224068	3.735369488596916
101.32492606341839	11.931573569774628
93.8207685276866	4.427416034042835
90.82577397674322	1.4324214830994606
84.68634120374918	-4.707011289894581
78.87557625770569	-10.517776235938072
93.07189905643463	3.6785465627908707
88.97129633277655	-0.4220561608672142
84.45722749084234	-4.936125002801418
89.13032043725252	-0.26303205639123917
82.1454384624958	-7.247914031147957
88.7977017313242	-0.5956507623195648
82.2296533882618	-7.163699105381966
81.25180859863758	-8.14154389500618
89.13471533358097	-0.2586371600627899
92.10365176200867	2.7102992683649063
100.5853284150362	11.19197592139244
96.28894889354706	6.895596399903297
92.14932879060507	2.7559762969613075
86.72159627079964	-2.671756222844124
100.42633980512619	11.03298731148243
97.05173420906067	7.658381715416908
93.56495118886232	4.171598695218563
98.01700633019209	8.623653836548328
84.36859799176455	-5.024754501879215
99.47730952501297	10.08395703136921
84.36164870858192	-5.031703785061836
89.98735108226538	0.5939985886216164
91.24593774229288	1.8525852486491203
89.27018420398235	-0.12316828966140747
94.4400066062808	5.046654112637043
82.15125727653503	-7.2420952171087265
91.39659831672907	2.003245823085308
87.44985611736774	-1.9434963762760162
82.53916503489017	-6.854187458753586
85.72526765614748	-3.6680848374962807
92.21482639014721	2.8214738965034485
102.53639037162066	13.143037877976894
90.12457624822855	0.7312237545847893
99.21765001118183	9.82429751753807
76.95745106041431	-12.435901433229446
91.64323814213276	2.2498856484889984
82.80073278397322	-6.592619709670544
97.94219429045916	8.548841796815395
87.96641098707914	-1.4269415065646172
97.96096377819777	8.567611284554005
86.71225066483021	-2.681101828813553
76.60107306391001	-12.792279429733753
106.09474277496338	16.70139028131962
79.8681129515171	-9.525239542126656
93.4131103977561	4.019757904112339
81.61451651155949	-7.778835982084274
88.58530032634735	-0.8080521672964096
93.46989731490612	4.07654482126236
85.28551328927279	-4.1078392043709755
95.91891019791365	6.525557704269886
94.39762382209301	5.004271328449249
77.7328377366066	-11.660514757037163
97.42663375288248	8.03328125923872
77.68084386736155	-11.712508626282215
85.4404408633709	-3.9529116302728653
87.97454962134361	-1.418802872300148
89.02852564305067	-0.36482685059309006
96.03547636419535	6.642123870551586
83.04876733571291	-6.344585157930851
79.70853402465582	-9.684818468987942
106.04361305385828	16.65026056021452
90.1726002022624	0.7792477086186409
87.45571692287922	-1.9376355707645416
95.0459868684411	5.652634374797344
89.90561494231224	0.5122624486684799
89.63275706768036	0.2394045740365982
100.06603568792343	10.67268319427967
76.60192982852459	-12.791422665119171
84.42980809509754	-4.963544398546219
93.87929292023182	4.4859404265880585
88.65346572548151	-0.7398867681622505
81.38578528165817	-8.007567211985588
93.27266217768192	3.8793096840381622
101.85335675626993	12.460004262626171
80.89363814890385	-8.499714344739914
80.35746026784182	-9.035892225801945
90.92529435455799	1.5319418609142303
73.0212827026844	-16.372069790959358
94.92456132918596	5.531208835542202
84.28831561654806	-5.105036877095699
84.71303451806307	-4.680317975580692
76.19420489668846	-13.1991475969553
81.45177511125803	-7.941577382385731
96.15214902162552	6.758796527981758
90.59641038626432	1.2030578926205635
94.33142676204443	4.938074268400669
83.79997085034847	-5.593381643295288
86.48332142829895	-2.9100310653448105
95.41221018135548	6.018857687711716
73.53496515005827	-15.858387343585491
69.37135844677687	-20.021994046866894
91.78013258427382	2.3867800906300545
94.3036746531725	4.910322159528732
76.1254226192832	-13.267929874360561
88.99213840812445	-0.4012140855193138
81.83284910023212	-7.560503393411636
91.2541561499238	1.8608036562800407
84.01578722149134	-5.377565272152424
89.37556701898575	-0.01778547465801239
93.05774288624525	3.66439039260149
98.81195190548897	9.418599411845207
85.16558809578419	-4.227764397859573
90.48535542190075	1.0920029282569885
85.79412019997835	-3.599232293665409
88.82347875088453	-0.5698737427592278
78.87073118239641	-10.522621311247349
77.28614211827517	-12.107210375368595
92.66084607690573	3.2674935832619667
77.95092150568962	-11.44243098795414
88.95158793777227	-0.44176455587148666
102.14082882553339	12.74747633188963
86.84834409505129	-2.545008398592472
85.9948812648654	-3.3984712287783623
101.87089385837317	12.477541364729404
102.36893302947283	12.975580535829067
94.78760385513306	5.394251361489296
88.63577578961849	-0.7575767040252686
83.23529247939587	-6.158060014247894
89.86503154039383	0.47167904675006866
96.71769096702337	7.324338473379612
94.55428870767355	5.160936214029789
85.42004553228617	-3.9733069613575935
101.51924332231283	12.125890828669071
83.32695887982845	-6.066393613815308
93.9789455384016	4.585593044757843
96.56893272697926	7.175580233335495
95.69816640019417	6.304813906550407
94.96323350071907	5.56988100707531
91.84508410096169	2.4517316073179245
79.03155317157507	-10.361799322068691
90.18449033796787	0.7911378443241119
97.64841575175524	8.255063258111477
86.04289403557777	-3.3504584580659866
75.04397837072611	-14.349374122917652
83.4820775911212	-5.911274902522564
78.52386638522148	-10.86948610842228
81.0396623313427	-8.353690162301064
69.64107043296099	-19.752282060682774
100.66612450033426	11.272772006690502
79.2114509344101	-10.181901559233665
100.83566800504923	11.442315511405468
92.87312548607588	3.4797729924321175
78.60401879996061	-10.789333693683147
88.48380220681429	-0.9095502868294716
81.34588767588139	-8.047464817762375
91.25277957320213	1.8594270795583725
93.1250514537096	3.7316989600658417
79.43506045639515	-9.958292037248611
94.70872163772583	5.315369144082069
99.39625910669565	10.002906613051891
89.34436678886414	-0.04898570477962494
102.89283864200115	13.499486148357391
92.5612299144268	3.167877420783043
92.24226126074791	2.848908767104149
99.93639954924583	10.543047055602074
89.1721315830946	-0.22122091054916382
90.20616870373487	0.812816210091114
81.69191565364599	-7.701436839997768
88.63102124631405	-0.7623312473297119
94.75048594921827	5.3571334555745125
83.32740480452776	-6.065947689116001
91.0832941159606	1.6899416223168373
97.57147630304098	8.17812380939722
80.08728095889091	-9.306071534752846
92.07370939850807	2.680356904864311
87.52677150070667	-1.866580992937088
81.383703969419	-8.009648524224758
98.00394035875797	8.610587865114212
92.4116603732109	3.0183078795671463
83.34439992904663	-6.04895256459713
91.38829829543829	1.994945801794529
79.09719697386026	-10.296155519783497
90.11066496372223	0.7173124700784683
77.9034154638648	-11.489937029778957
81.71997243911028	-7.673380054533482
84.11105178296566	-5.282300710678101
89.89547479897738	0.5021223053336143
87.49191342294216	-1.9014390707015991
76.86314011365175	-12.530212379992008
95.94955738633871	6.55620489269495
97.23218473047018	7.83883223682642
88.16991875320673	-1.2234337404370308
80.52219491451979	-8.871157579123974
92.17169912159443	2.7783466279506683
88.4657673612237	-0.927585132420063
84.31638200581074	-5.076970487833023
86.04763235896826	-3.3457201346755028
91.58841782063246	2.195065326988697
96.26187754422426	6.868525050580502
77.09779047220945	-12.295562021434307
85.76119462400675	-3.6321578696370125
91.82965252548456	2.4363000318408012
89.03755688667297	-0.35579560697078705
94.8846637159586	5.491311222314835
96.90379426628351	7.510441772639751
94.19495017826557	4.801597684621811
92.53253255784512	3.139180064201355
93.64962507039309	4.256272576749325
91.15918074548244	1.765828251838684
85.92173317819834	-3.471619315445423
87.11827658116817	-2.275075912475586
94.93069874495268	5.537346251308918
92.05825272202492	2.664900228381157
97.18160205334425	7.788249559700489
80.25030176341534	-9.143050730228424
89.14204449951649	-0.25130799412727356
90.73840446025133	1.3450519666075706
85.28996298462152	-4.103389509022236
88.11938724666834	-1.273965246975422
83.76467455178499	-5.6286779418587685
82.69726974517107	-6.696082748472691
79.84317953139544	-9.550172962248325
89.70678250491619	0.3134300112724304
92.58028203248978	3.186929538846016
98.39061170071363	8.997259207069874
89.26119036227465	-0.13216213136911392
93.26768918335438	3.874336689710617
91.08672246336937	1.6933699697256088
85.7943357527256	-3.5990167409181595
95.25163719803095	5.858284704387188
80.05495665222406	-9.338395841419697
74.54848887771368	-14.84486361593008
92.49513749778271	3.1017850041389465
89.54547664523125	0.15212415158748627
94.47649696469307	5.083144471049309
90.81480049341917	1.4214479997754097
92.51057243347168	3.117219939827919
92.47800771147013	3.0846552178263664
85.49279148876667	-3.9005610048770905
95.15274143218994	5.759388938546181
106.11855725944042	16.72520476579666
73.30849240720272	-16.08486008644104
93.87285919487476	4.479506701231003
78.00980704277754	-11.383545450866222
90.10817135125399	0.7148188576102257
88.53955653309822	-0.8537959605455399
85.91542294621468	-3.4779295474290848
89.53126388043165	0.1379113867878914
82.06546099483967	-7.327891498804092
100.12703578919172	10.733683295547962
106.19696410745382	16.803611613810062
100.96990710496902	11.576554611325264
91.08719889819622	1.6938464045524597
93.13425491005182	3.740902416408062
77.85424046218395	-11.539112031459808
88.60444674640894	-0.7889057472348213
88.36462866514921	-1.0287238284945488
88.54039189964533	-0.8529605939984322
82.62766332179308	-6.765689171850681
79.68751765042543	-9.705834843218327
100.18694524466991	10.793592751026154
84.91989371180534	-4.473458781838417
80.81716686487198	-8.576185628771782
92.18452659249306	2.7911740988492966
97.68163879215717	8.288286298513412
72.58442217856646	-16.808930315077305
87.00955056399107	-2.383801929652691
86.85104808211327	-2.5423044115304947
92.4829052388668	3.0895527452230453
89.489630587399	0.09627809375524521
88.92866548150778	-0.4646870121359825
90.73483483493328	1.3414823412895203
98.71812414377928	9.324771650135517
86.4201018512249	-2.9732506424188614
81.30198423564434	-8.09136825799942
91.51794995367527	2.1245974600315094
70.88830023258924	-18.505052261054516
77.98756448924541	-11.405788004398346
98.35291083157063	8.959558337926865
104.60336693376303	15.210014440119267
86.58817182481289	-2.8051806688308716
95.6560655683279	6.262713074684143
93.04317874461412	3.6498262509703636
81.55177530646324	-7.841577187180519
93.70535217225552	4.311999678611755
88.35710283368826	-1.0362496599555016
83.5438094958663	-5.849542997777462
109.7849154099822	20.391562916338444
100.36056466400623	10.967212170362473
85.7399923056364	-3.6533601880073547
81.66816353052855	-7.725188963115215
108.12652323395014	18.733170740306377
81.44960086792707	-7.943751625716686
87.39430471509695	-1.9990477785468102
84.69732284545898	-4.696029648184776
96.27248214930296	6.879129655659199
92.51746109873056	3.1241086050868034
85.67084522545338	-3.722507268190384
93.5431602448225	4.1498077511787415
83.01392804086208	-6.379424452781677
90.31571081280708	0.9223583191633224
94.75490883737803	5.361556343734264
83.4914840683341	-5.901868425309658
83.99367416650057	-5.399678327143192
89.28740468621254	-0.10594780743122101
82.33664517849684	-7.056707315146923
95.42755042016506	6.034197926521301
81.10312077403069	-8.290231719613075
86.51351775228977	-2.8798347413539886
93.9151211977005	4.52176870405674
94.63684386759996	5.2434913739562035
91.1050788834691	1.711726389825344
90.5730290338397	1.179676540195942
95.61541825532913	6.222065761685371
100.50421343743801	11.11086094379425
92.35655511915684	2.963202625513077
85.41578309983015	-3.97756939381361
90.39348419755697	1.0001317039132118
87.81496342271566	-1.5783890709280968
84.88453729450703	-4.508815199136734
92.95587945729494	3.5625269636511803
88.39102078974247	-1.002331703901291
84.4094412997365	-4.983911193907261
76.89611051976681	-12.497241973876953
90.95172844082117	1.5583759471774101
85.2780120819807	-4.115340411663055
98.4591088667512	9.065756373107433
88.53633662313223	-0.8570158705115318
92.19636330008507	2.803010806441307
83.56002275645733	-5.833329737186432
80.85846512764692	-8.534887365996838
76.91222377121449	-12.481128722429276
97.82440224289894	8.43104974925518
89.2657376602292	-0.1276148334145546
77.38650492578745	-12.006847567856312
92.86829271912575	3.474940225481987
84.1875305250287	-5.205821968615055
82.31969807296991	-7.073654420673847
94.95785012841225	5.564497634768486
94.73082472383976	5.337472230195999
94.29155217856169	4.898199684917927
97.0815586745739	7.688206180930138
90.24781250953674	0.8544600158929825
98.42163595557213	9.028283461928368
91.3920871168375	1.9987346231937408
97.73498737812042	8.341634884476662
79.90496700257063	-9.488385491073132
96.20899893343449	6.815646439790726
88.65233036130667	-0.7410221323370934
88.91339550167322	-0.4799569919705391
85.02380224317312	-4.369550250470638
90.11983402073383	0.7264815270900726
90.59020453691483	1.1968520432710648
101.48278253525496	12.089430041611195
87.06975213438272	-2.323600359261036
81.00595923513174	-8.38739325851202
73.35959693044424	-16.03375556319952
100.67056510597467	11.277212612330914
103.37964960932732	13.986297115683556
84.4728257805109	-4.920526713132858
87.98768483102322	-1.4056676626205444
90.84918607026339	1.455833576619625
89.85968492180109	0.46633242815732956
90.93270759284496	1.5393550992012024
94.40919386595488	5.015841372311115
85.25266347080469	-4.140689022839069
80.76323401927948	-8.63011847436428
92.62485486268997	3.2315023690462112
86.3401755541563	-3.0531769394874573
91.06744814664125	1.6740956529974937
98.09265012294054	8.69929762929678
98.78746454417706	9.394112050533295
88.55111846327782	-0.8422340303659439
87.94373262673616	-1.4496198669075966
79.89685626327991	-9.496496230363846
95.88225754350424	6.4889050498604774
94.57590281963348	5.182550325989723
98.10612665861845	8.71277416497469
77.01329792290926	-12.3800545707345
87.79751586914062	-1.5958366245031357
86.02673714607954	-3.3666153475642204
89.73568511754274	0.342332623898983
90.35999866575003	0.966646172106266
92.99154976010323	3.598197266459465
89.77642787247896	0.38307537883520126
101.15771006792784	11.764357574284077
96.36377947032452	6.970426976680756
98.12585435807705	8.732501864433289
92.48243121057749	3.0890787169337273
101.03212884813547	11.63877635449171
91.31312966346741	1.9197771698236465
90.87232947349548	1.4789769798517227
92.21620061993599	2.8228481262922287
88.99901536852121	-0.39433712512254715
102.72347869724035	13.330126203596592
78.02844005078077	-11.364912442862988
90.80369873344898	1.4103462398052216
89.98928309977055	0.5959306061267853
92.59033297747374	3.196980483829975
84.46318595856428	-4.930166535079479
79.77345861494541	-9.619893878698349
99.0625157803297	9.669163286685944
79.39434860646725	-9.999003887176514
89.04290378838778	-0.35044870525598526
83.34467034041882	-6.048682153224945
104.92808812856674	15.534735634922981
88.33028569817543	-1.0630667954683304
84.63876658678055	-4.754585906863213
112.07143158465624	22.678079091012478
83.64079760015011	-5.752554893493652
88.97149591892958	-0.4218565747141838
75.2975302040577	-14.095822289586067
72.37258992344141	-17.02076257020235
92.64238803088665	3.2490355372428894
76.66253431141376	-12.730818182229996
89.6024661064148	0.20911361277103424
82.15480168908834	-7.238550804555416
94.21347948908806	4.820126995444298
66.7761807218194	-22.61717177182436
90.12342440336943	0.730071909725666
105.16090556234121	15.767553068697453
106.6186723485589	17.225319854915142
81.99526117742062	-7.3980913162231445
81.80223735421896	-7.591115139424801
92.40288757532835	3.0095350816845894
84.26379322260618	-5.129559271037579
78.34208532422781	-11.05126716941595
105.21061941236258	15.817266918718815
85.10152981430292	-4.291822679340839
79.85667309910059	-9.536679394543171
89.88914579153061	0.49579329788684845
89.60589688271284	0.21254438906908035
93.46868399530649	4.075331501662731
89.4525461345911	0.05919364094734192
86.19789788126945	-3.1954546123743057
82.94839373230934	-6.444958761334419
90.32892274856567	0.9355702549219131
94.50998087227345	5.1166283786296844
83.5657663717866	-5.827586121857166
104.51406399160624	15.120711497962475
89.79585587233305	0.4025033786892891
90.80592007935047	1.4125675857067108
82.68527911603451	-6.708073377609253
86.48469844460487	-2.908654049038887
81.77870489656925	-7.614647597074509
83.56141898036003	-5.8319335132837296
97.16505873948336	7.771706245839596
85.36153892427683	-4.031813569366932
79.21191888302565	-10.181433610618114
86.50171909481287	-2.8916333988308907
98.85431398451328	9.460961490869522
95.11975547671318	5.72640298306942
84.017588339746	-5.375764153897762
87.2687406167388	-2.1246118769049644
91.71837844699621	2.3250259533524513
84.4505829513073	-4.942769542336464
86.96354854106903	-2.42980395257473
85.85640224069357	-3.5369502529501915
99.37038145959377	9.977028965950012
93.62377066910267	4.230418175458908
88.36154153198004	-1.031810961663723
91.75624734908342	2.362894855439663
104.28437820076942	14.891025707125664
92.71436320245266	3.321010708808899
94.02656783163548	4.6332153379917145
78.66461750864983	-10.728734984993935
88.52510661631823	-0.8682458773255348
86.63378183543682	-2.7595706582069397
100.85928425192833	11.465931758284569
98.63573385775089	9.242381364107132
86.68311870843172	-2.71023378521204
103.62400963902473	14.230657145380974
97.61942692101002	8.226074427366257
95.96641732007265	6.57306482642889
85.48020847886801	-3.913144014775753
89.395951166749	0.002598673105239868
89.13758314400911	-0.25576934963464737
81.11618598550558	-8.27716650813818
98.57540113478899	9.18204864114523
92.45069459825754	3.057342104613781
95.48733235150576	6.093979857861996
102.8633886128664	13.470036119222641
80.37379710376263	-9.019555389881134
84.40939630568027	-4.983956187963486
86.96700817346573	-2.426344320178032
92.38859917223454	2.9952466785907745
101.37444137781858	11.981088884174824
90.10173606872559	0.7083835750818253
89.10604366660118	-0.28730882704257965
81.59445898234844	-7.798893511295319
90.65168002992868	1.2583275362849236
96.50354824960232	7.110195755958557
90.71121609956026	1.3178636059165
86.80160082876682	-2.591751664876938
85.08196422457695	-4.311388269066811
69.58507153391838	-19.80828095972538
76.8160507529974	-12.577301740646362
92.11196763813496	2.7186151444911957
77.59318520873785	-11.80016728490591
84.44002828001976	-4.9533242136240005
84.93894924223423	-4.454403251409531
86.43683225661516	-2.956520237028599
83.43304877728224	-5.960303716361523
88.33169820904732	-1.0616542845964432
87.44452556967735	-1.9488269239664078
79.28708951920271	-10.106262974441051
66.20435667037964	-23.188995823264122
86.8008828163147	-2.5924696773290634
84.15898542106152	-5.234367072582245
74.72798529267311	-14.66536720097065
96.9295714944601	7.536219000816345
87.95722225308418	-1.436130240559578
95.1499791815877	5.756626687943935
91.0579562485218	1.6646037548780441
81.74410876631737	-7.649243727326393
84.8164448812604	-4.576907612383366
80.16406583786011	-9.229286655783653
91.74196141958237	2.3486089259386063
97.93226195126772	8.538909457623959
90.66414301097393	1.2707905173301697
79.67923841625452	-9.71411407738924
76.9149647206068	-12.478387773036957
84.41098290681839	-4.982369586825371
88.94885058701038	-0.4445019066333771
86.47325032949448	-2.9201021641492844
83.19082063436508	-6.202531859278679
88.0202218964696	-1.3731305971741676
84.6546178162098	-4.738734677433968
96.58526162058115	7.191909126937389
81.84617345035076	-7.547179043292999
94.50554043799639	5.112187944352627
80.57641426473856	-8.816938228905201
104.00679196417332	14.613439470529556
79.43581162393093	-9.95754086971283
92.54003401100636	3.1466815173625946
86.4451790228486	-2.9481734707951546
99.91923121362925	10.525878719985485
92.75832095742226	3.364968463778496
98.0704360306263	8.677083536982536
89.53563853353262	0.1422860398888588
85.51893602311611	-3.874416470527649
96.038489125669	6.645136632025242
81.35617996007204	-8.03717253357172
81.15883704274893	-8.234515450894833
82.85981065034866	-6.533541843295097
88.21621544659138	-1.1771370470523834
85.88732999563217	-3.506022498011589
99.9288973286748	10.535544835031033
83.80715733766556	-5.586195155978203
104.17159125208855	14.778238758444786
98.91822765767574	9.524875164031982
90.05990612506866	0.6665536314249039
79.4323427528143	-9.961009740829468
80.67657048255205	-8.71678201109171
101.04441583901644	11.651063345372677
79.24323504418135	-10.150117449462414
83.04962575435638	-6.343726739287376
84.53777305781841	-4.855579435825348
96.33496282249689	6.94161032885313
99.55802503228188	10.164672538638115
98.92406231164932	9.530709818005562
98.70397117733955	9.310618683695793
89.69631484895945	0.30296235531568527
81.8319226205349	-7.561429873108864
82.72234237194061	-6.671010121703148
90.36738508939743	0.9740325957536697
93.13771262764931	3.7443601340055466
92.96095183491707	3.567599341273308
85.16688824445009	-4.226464249193668
93.41394953429699	4.020597040653229
81.32731763273478	-8.066034860908985
86.40961723029613	-2.9837352633476257
98.09998744726181	8.70663495361805
89.74560168385506	0.3522491902112961
85.35568951815367	-4.037662975490093
86.69601406157017	-2.697338432073593
84.75823434442282	-4.6351181492209435
75.02740234136581	-14.365950152277946
88.45736511796713	-0.9359873756766319
99.51922691613436	10.125874422490597
96.76008170843124	7.366729214787483
95.72536607831717	6.332013584673405
80.851727001369	-8.541625492274761
94.93219307810068	5.538840584456921
88.60751146823168	-0.7858410254120827
96.2408194616437	6.847466967999935
93.32340141385794	3.930048920214176
95.54706654697657	6.153714053332806
104.24315907806158	14.84980658441782
92.77585814148188	3.3825056478381157
92.8780719935894	3.4847194999456406
81.33866944909096	-8.054683044552803
87.94569911807775	-1.4476533755660057
75.15465006232262	-14.238702431321144
85.038200289011	-4.355152204632759
96.32596739381552	6.932614900171757
102.44890361279249	13.055551119148731
90.93645856529474	1.543106071650982
90.7090960368514	1.3157435432076454
96.48274348676205	7.089390993118286
84.06233804672956	-5.331014446914196
92.31804246455431	2.924689970910549
94.0662237033248	4.672871209681034
96.08277323842049	6.689420744776726
83.77912055701017	-5.614231936633587
87.62057648599148	-1.7727760076522827
91.00593506544828	1.6125825718045235
79.25636436790228	-10.136988125741482
91.42175824940205	2.0284057557582855
104.97624373435974	15.58289124071598
88.49212435632944	-0.9012281373143196
100.75999116152525	11.366638667881489
105.64842014759779	16.25506765395403
90.22379463165998	0.8304421380162239
75.77511990070343	-13.61823259294033
89.13843043893576	-0.254922054708004
93.96296795457602	4.569615460932255
84.8030416443944	-4.590310849249363
82.15674538165331	-7.236607111990452
83.79407297819853	-5.599279515445232
100.82478750497103	11.431435011327267
91.03515858948231	1.6418060958385468
92.16910403221846	2.7757515385746956
89.04716618359089	-0.3461863100528717
92.41930930316448	3.0259568095207214
93.67434680461884	4.280994310975075
79.02937237173319	-10.363980121910572
97.79358647018671	8.40023397654295
98.07723104208708	8.683878548443317
83.60151968896389	-5.791832804679871
86.61738178879023	-2.7759707048535347
92.68672807514668	3.2933755815029144
90.62169810384512	1.2283456102013588
75.32383304089308	-14.069519452750683
83.36222524940968	-6.031127244234085
79.81271710246801	-9.580635391175747
83.0776781141758	-6.315674379467964
88.92828416079283	-0.4650683328509331
87.78696582466364	-1.6063866689801216
77.86652683466673	-11.526825658977032
91.72525256872177	2.3319000750780106
86.71905908733606	-2.6742934063076973
94.70903772860765	5.315685234963894
84.39186231791973	-5.0014901757240295
86.86982597410679	-2.523526519536972
90.85115037113428	1.4577978774905205
79.19500594586134	-10.198346547782421
83.41373807936907	-5.9796144142746925
89.18282283842564	-0.2105296552181244
94.72682798653841	5.3334754928946495
87.26704306155443	-2.1263094320893288
111.60426362603903	22.210911132395267
88.45030560344458	-0.9430468901991844
90.12184236943722	0.728489875793457
83.54362492263317	-5.84972757101059
104.88497446477413	15.491621971130371
79.19602161645889	-10.197330877184868
82.1835900619626	-7.209762431681156
78.01033594459295	-11.383016549050808
81.6470587477088	-7.746293745934963
82.56649267673492	-6.826859816908836
79.70282704383135	-9.690525449812412
88.20964227616787	-1.1837102174758911
90.18829283863306	0.7949403449892998
87.68699537217617	-1.7063571214675903
92.11269479244947	2.7193422988057137
96.09262362867594	6.699271135032177
98.15807183086872	8.76471933722496
99.87310525029898	10.479752756655216
80.03839728236198	-9.354955211281776
90.44956424832344	1.0562117546796799
92.08095323294401	2.687600739300251
97.66676513105631	8.273412637412548
78.47872126102448	-10.914631232619286
87.49574889242649	-1.89760360121727
106.98558636009693	17.59223386645317
89.11301375180483	-0.28033874183893204
91.63843308389187	2.245080590248108
94.11351063847542	4.720158144831657
86.28789573162794	-3.1054567620158195
81.14899871498346	-8.244353778660297
82.22047308832407	-7.172879405319691
78.89485839754343	-10.49849409610033
83.98332474380732	-5.410027749836445
95.53565656393766	6.142304070293903
92.63858525454998	3.2452327609062195
80.7518540546298	-8.641498439013958
84.31464245170355	-5.078710041940212
82.77450972050428	-6.618842773139477
84.65426870435476	-4.739083789288998
97.43839129805565	8.045038804411888
92.23118834197521	2.8378358483314514
85.09847600013018	-4.294876493513584
95.37043287605047	5.977080382406712
95.08750689774752	5.694154404103756
96.62851073592901	7.235158242285252
93.53280818462372	4.139455690979958
87.82533549517393	-1.5680169984698296
108.10460790991783	18.71125541627407
95.61308453977108	6.219732046127319
101.57115998864174	12.177807494997978
94.06244798004627	4.669095486402512
84.45060829818249	-4.942744195461273
101.8642068207264	12.470854327082634
99.55597838759422	10.162625893950462
104.65216927230358	15.25881677865982
79.10397626459599	-10.289376229047775
87.8596651405096	-1.5336873531341553
93.6130786165595	4.219726122915745
80.14942128956318	-9.243931204080582
83.8721155449748	-5.521236948668957
81.33445849269629	-8.058894000947475
85.05186873674393	-4.341483756899834
103.82926730811596	14.435914814472198
84.62467952817678	-4.768672965466976
84.91673444956541	-4.47661804407835
95.60031712055206	6.206964626908302
88.96114261448383	-0.43220987915992737
98.70512842386961	9.31177593022585
81.21901149302721	-8.17434100061655
98.14196532964706	8.748612836003304
93.70408623665571	4.3107337430119514
91.88669216632843	2.4933396726846695
89.44987015426159	0.05651766061782837
90.02901024371386	0.6356577500700951
81.69161216914654	-7.701740324497223
87.6109147965908	-1.7824376970529556
86.46068903803825	-2.932663455605507
92.15785121917725	2.7644987255334854
93.53115741163492	4.137804917991161
83.91743651777506	-5.475915975868702
73.85404908657074	-15.539303407073021
91.01872875541449	1.6253762617707253
85.370671056211	-4.022681437432766
89.2580615580082	-0.1352909356355667
92.67161800712347	3.2782655134797096
103.1625468954444	13.769194401800632
104.9962714239955	15.602918930351734
83.02715564519167	-6.366196848452091
91.6377910003066	2.2444385066628456
89.65340029448271	0.2600478008389473
81.57592660933733	-7.817425884306431
90.3622814938426	0.9689290001988411
84.0022152364254	-5.391137257218361
93.53333433717489	4.139981843531132
74.77868309617043	-14.614669397473335
99.2918207347393	9.898468241095543
90.98929368704557	1.5959411934018135
91.0637287646532	1.6703762710094452
88.98648700118065	-0.4068654924631119
86.43574550747871	-2.9576069861650467
86.3907305598259	-3.0026219338178635
85.30488308519125	-4.088469408452511
94.13752239197493	4.744169898331165
94.22150195389986	4.8281494602561
90.90496566146612	1.511613167822361
89.73872375488281	0.3453712612390518
77.39334259927273	-12.000009894371033
83.00041875243187	-6.392933741211891
102.63352748006582	13.240174986422062
86.56465824693441	-2.8286942467093468
93.09081216156483	3.6974596679210663
90.4674449712038	1.0740924775600433
85.87481129914522	-3.518541194498539
82.49920943379402	-6.894143059849739
86.24445770680904	-3.148894786834717
88.12858429551125	-1.264768198132515
85.69139901548624	-3.7019534781575203
80.22467306256294	-9.168679431080818
101.46037705987692	12.067024566233158
88.6022659689188	-0.7910865247249603
80.88737969845533	-8.505972795188427
84.31084889918566	-5.082503594458103
99.40288491547108	10.009532421827316
92.095917314291	2.7025648206472397
84.23978234827518	-5.153570145368576
89.88996610045433	0.49661360681056976
88.18451201915741	-1.208840474486351
92.64912463724613	3.255772143602371
90.19326202571392	0.7999095320701599
86.35753775388002	-3.0358147397637367
93.90719290822744	4.513840414583683
83.24166818708181	-6.151684306561947
96.39187952876091	6.998527035117149
92.61322394013405	3.219871446490288
97.24414267390966	7.8507901802659035
80.68768652528524	-8.705665968358517
79.33190157264471	-10.06145092099905
101.86565022170544	12.472297728061676
92.14610244333744	2.75274994969368
85.63249223679304	-3.7608602568507195
102.98361230641603	13.590259812772274
91.2182931303978	1.824940636754036
82.33584889769554	-7.057503595948219
78.61059600114822	-10.782756492495537
93.09955863654613	3.7062061429023743
92.90991568565369	3.516563192009926
76.47121003270149	-12.922142460942268
95.4261938855052	6.032841391861439
90.15295320004225	0.7596007063984871
93.14942134171724	3.7560688480734825
99.76595794409513	10.372605450451374
84.39177902042866	-5.001573473215103
93.14757590740919	3.7542234137654305
86.64804656803608	-2.7453059256076813
92.05433216691017	2.660979673266411
80.58287768810987	-8.810474805533886
80.0150608420372	-9.37829165160656
88.72181142121553	-0.6715410724282265
85.97497077286243	-3.4183817207813263
77.71958301216364	-11.673769481480122
85.75356702506542	-3.6397854685783386
99.02807331085205	9.63472081720829
84.33336617797613	-5.059986315667629
89.67361586540937	0.28026337176561356
79.27119412273169	-10.122158370912075
98.3382458165288	8.944893322885036
97.89164561778307	8.498293124139309
89.80796508491039	0.4146125912666321
85.31256895512342	-4.080783538520336
96.5411234125495	7.147770918905735
80.33785218000412	-9.05550031363964
98.37144823372364	8.97809574007988
86.12314137071371	-3.27021112293005
92.86451379954815	3.4711613059043884
88.41097407788038	-0.9823784157633781
93.49515248090029	4.101799987256527
79.98445051163435	-9.40890198200941
99.07604326307774	9.682690769433975
99.43175102770329	10.038398534059525
87.86659522354603	-1.5267572700977325
87.15631964802742	-2.2370328456163406
93.93967114388943	4.5463186502456665
84.41720452159643	-4.976147972047329
83.99182111024857	-5.401531383395195
87.21006968617439	-2.183282807469368
100.94556192308664	11.552209429442883
96.87445033341646	7.481097839772701
99.12376610189676	9.730413608253002
90.2645300552249	0.8711775615811348
88.35697913169861	-1.0363733619451523
90.02091320604086	0.6275607123970985
94.58976830542088	5.196415811777115
88.80233927816153	-0.591013215482235
89.50883427262306	0.11548177897930145
99.24137482047081	9.84802232682705
90.88968575000763	1.4963332563638687
83.43697857111692	-5.956373922526836
82.31558341532946	-7.077769078314304
98.72662228345871	9.333269789814949
86.54502689093351	-2.848325602710247
91.16448653489351	1.771134041249752
82.43260852992535	-6.960743963718414
76.30105766654015	-13.092294827103615
86.54358343034983	-2.849769063293934
80.4312846288085	-8.962067864835262
94.31654258817434	4.923190094530582
82.18391758948565	-7.209434904158115
100.08239857852459	10.689046084880829
80.61219443380833	-8.781158059835434
87.03046715259552	-2.3628853410482407
96.5834446772933	7.19009218364954
