Ea=118.40259563177824	delta_Ea
108.50937058031559	-9.89322505146265
116.18824278563261	-2.21435284614563
118.0884387716651	-0.3141568601131439
132.73511542379856	14.332519792020321
112.04147996008396	-6.361115671694279
115.90843211859465	-2.4941635131835938
113.35933916270733	-5.043256469070911
102.06399542093277	-16.33860021084547
118.71463482826948	0.31203919649124146
113.39139737188816	-5.0111982598900795
103.91971446573734	-14.482881166040897
123.52548559010029	5.122889958322048
117.40340165048838	-0.9991939812898636
118.76216920465231	0.3595735728740692
116.15317766368389	-2.249417968094349
128.9715178012848	10.56892216950655
119.24424669891596	0.8416510671377182
123.27310408651829	4.8705084547400475
123.31894405186176	4.916348420083523
98.69129680842161	-19.71129882335663
132.23037322610617	13.827777594327927
110.60315714776516	-7.799438484013081
116.73856785148382	-1.6640277802944183
116.75662489235401	-1.6459707394242287
119.77198330312967	1.3693876713514328
129.61082330346107	11.208227671682835
130.5149896144867	12.112393982708454
104.04278784245253	-14.359807789325714
125.02021343261003	6.617617800831795
109.98838999122381	-8.414205640554428
123.94863267242908	5.546037040650845
123.44912432134151	5.046528689563274
114.68070642650127	-3.721889205276966
118.27127350121737	-0.13132213056087494
115.9185167774558	-2.4840788543224335
129.20535643398762	10.802760802209377
119.39305696636438	0.9904613345861435
118.16991210728884	-0.23268352448940277
135.40242863446474	16.9998330026865
109.8170220926404	-8.58557353913784
129.70186676830053	11.299271136522293
121.62172428518534	3.219128653407097
113.58493515104055	-4.817660480737686
118.0899337977171	-0.3126618340611458
121.0240668579936	2.6214712262153625
105.12001060694456	-13.28258502483368
127.1162398159504	8.713644184172153
123.20987769961357	4.807282067835331
117.46028190851212	-0.9423137232661247
115.45806851238012	-2.944527119398117
107.20181955397129	-11.20077607780695
112.25093304365873	-6.151662588119507
126.7533740773797	8.350778445601463
113.35931361466646	-5.043282017111778
122.08972669392824	3.6871310621500015
128.8582195714116	10.45562393963337
136.81986492872238	18.41726929694414
128.07132333517075	9.668727703392506
112.42283634841442	-5.979759283363819
127.45419405400753	9.05159842222929
137.14278207719326	18.74018644541502
113.20104960352182	-5.201546028256416
108.31360438466072	-10.08899124711752
119.60304996371269	1.200454331934452
112.86395961791277	-5.538636013865471
126.57886306941509	8.176267437636852
114.77141397446394	-3.6311816573143005
99.98649436980486	-18.41610126197338
103.71812848001719	-14.684467151761055
107.95652711391449	-10.44606851786375
122.82595760375261	4.423361971974373
121.85665352642536	3.4540578946471214
118.83909554034472	0.4364999085664749
119.17847430706024	0.7758786752820015
104.65507636219263	-13.74751926958561
112.19272933900356	-6.209866292774677
105.30454590916634	-13.098049722611904
121.22859364002943	2.82599800825119
108.01194566488266	-10.39064996689558
130.77552239596844	12.372926764190197
111.64599128812551	-6.756604343652725
115.509605422616	-2.8929902091622353
114.71546342968941	-3.687132202088833
114.91817159950733	-3.4844240322709084
117.58700177818537	-0.8155938535928726
122.88300234079361	4.480406709015369
126.59977336227894	8.197177730500698
143.50129041075706	25.098694778978825
111.76178938895464	-6.640806242823601
107.16096775233746	-11.241627879440784
114.50928365439177	-3.8933119773864746
135.57023436576128	17.16763873398304
99.39736437052488	-19.005231261253357
125.31089163571596	6.908296003937721
116.489789865911	-1.9128057658672333
114.30842005461454	-4.094175577163696
116.50309627503157	-1.8994993567466736
116.77441645413637	-1.6281791776418686
107.67118643969297	-10.731409192085266
127.00996317714453	8.607367545366287
114.65105263888836	-3.751542992889881
104.39103543758392	-14.011560194194317
138.23007223010063	19.82747659832239
121.23816919326782	2.835573561489582
122.17949321866035	3.7768975868821144
120.13676415383816	1.7341685220599174
130.0776611045003	11.675065472722054
130.7403472661972	12.337751634418964
116.19731858372688	-2.2052770480513573
123.31111796945333	4.908522337675095
100.66976051032543	-17.73283512145281
112.86219850182533	-5.540397129952908
106.87781627476215	-11.524779357016087
124.98931171745062	6.5867160856723785
121.77040878683329	3.367813155055046
108.11768857389688	-10.284907057881355
109.93547550588846	-8.467120125889778
119.55355352908373	1.1509578973054886
107.76197800040245	-10.64061763137579
123.26189746707678	4.859301835298538
105.9196138754487	-12.482981756329536
117.39698585122824	-1.005609780550003
114.87266323715448	-3.5299323946237564
119.92772851884365	1.5251328870654106
120.4723998978734	2.0698042660951614
131.54331671446562	13.140721082687378
120.57133710384369	2.1687414720654488
121.39715396612883	2.994558334350586
135.49340023845434	17.0908046066761
137.9495254084468	19.54692977666855
129.8883264362812	11.485730804502964
125.05926732718945	6.656671695411205
119.48790072649717	1.085305094718933
122.59711637347937	4.194520741701126
126.56414284557104	8.161547213792801
120.37397541850805	1.9713797867298126
99.32493767142296	-19.077657960355282
101.72411480545998	-16.678480826318264
103.97226931899786	-14.43032631278038
110.84017723798752	-7.562418393790722
127.62545794248581	9.22286231070757
98.34520126134157	-20.05739437043667
108.59192036092281	-9.810675270855427
127.60982123017311	9.20722559839487
114.47153069078922	-3.9310649409890175
107.33052684366703	-11.07206878811121
135.95740588754416	17.554810255765915
119.86360133439302	1.4610057026147842
108.32674095779657	-10.075854673981667
127.34422964602709	8.941634014248848
107.59827394783497	-10.804321683943272
123.68887134641409	5.286275714635849
109.13814270496368	-9.264452926814556
115.50126914680004	-2.901326484978199
101.07393305748701	-17.32866257429123
112.53585706651211	-5.866738565266132
115.07413823157549	-3.328457400202751
112.30771136283875	-6.094884268939495
112.59801979362965	-5.804575838148594
142.44664591550827	24.04405028373003
114.07010523229837	-4.332490399479866
106.18718671798706	-12.21540891379118
117.95379009097815	-0.4488055408000946
114.31588340550661	-4.086712226271629
109.82572920620441	-8.576866425573826
127.39635303616524	8.993757404386997
124.59376157820225	6.191165946424007
125.8850495442748	7.482453912496567
126.3698563054204	7.9672606736421585
116.21942913532257	-2.1831664964556694
122.58383614569902	4.181240513920784
121.30844296514988	2.9058473333716393
117.18013771623373	-1.2224579155445099
118.00938600301743	-0.39320962876081467
138.3428094536066	19.940213821828365
129.34028893709183	10.937693305313587
120.0477493852377	1.6451537534594536
107.53490549325943	-10.86769013851881
145.61982345581055	27.217227824032307
114.51946675032377	-3.8831288814544678
129.6184506714344	11.215855039656162
123.3491288498044	4.946533218026161
118.64860261231661	0.24600698053836823
127.23375454545021	8.83115891367197
128.9758907109499	10.573295079171658
123.7605757638812	5.357980132102966
127.31194508820772	8.909349456429482
130.99081224948168	12.588216617703438
125.35165626555681	6.949060633778572
111.48762888461351	-6.914966747164726
136.71150463074446	18.308908998966217
103.02668544650078	-15.375910185277462
117.33932442218065	-1.0632712095975876
126.21007027477026	7.80747464299202
128.86790495365858	10.46530932188034
119.13990833610296	0.7373127043247223
117.44157889485359	-0.9610167369246483
128.32312377542257	9.920528143644333
125.20715310424566	6.8045574724674225
108.62306481599808	-9.779530815780163
116.27847857028246	-2.124117061495781
110.45883049815893	-7.9437651336193085
119.93187607079744	1.5292804390192032
113.74125810712576	-4.661337524652481
111.9370881691575	-6.465507462620735
117.23667172342539	-1.1659239083528519
131.70876928418875	13.306173652410507
117.52631049603224	-0.8762851357460022
115.15746793150902	-3.2451277002692223
117.61691308766603	-0.7856825441122055
121.4653617888689	3.062766157090664
108.59905806183815	-9.80353756994009
100.45731301605701	-17.945282615721226
113.36807157099247	-5.03452406078577
102.25018106400967	-16.152414567768574
114.4110352024436	-3.9915604293346405
111.33777386695147	-7.064821764826775
114.96813707053661	-3.4344585612416267
120.82835587859154	2.4257602468132973
119.21843822300434	0.8158425912261009
118.59231162816286	0.18971599638462067
118.62174779176712	0.21915215998888016
124.6761921942234	6.273596562445164
137.93976566195488	19.53717003017664
101.54278974980116	-16.85980588197708
113.1473854854703	-5.255210146307945
118.60353668779135	0.2009410560131073
120.04231518507004	1.6397195532917976
134.14395279437304	15.741357162594795
109.42468774318695	-8.97790788859129
118.9111882969737	0.5085926651954651
127.02623690664768	8.623641274869442
113.46430273354053	-4.938292898237705
129.6528670936823	11.250271461904049
123.1334091052413	4.7308134734630585
114.2226188853383	-4.179976746439934
136.19093385338783	17.788338221609592
121.70418541878462	3.301589787006378
116.98445339500904	-1.4181422367691994
118.22105892002583	-0.1815367117524147
111.0220267996192	-7.380568832159042
126.35256116837263	7.949965536594391
109.63957805931568	-8.763017572462559
120.8079988360405	2.4054032042622566
123.0432757511735	4.640680119395256
119.1922699585557	0.7896743267774582
147.18818047642708	28.785584844648838
142.49756864458323	24.094973012804985
105.36349355429411	-13.03910207748413
132.83782889693975	14.435233265161514
124.4763757660985	6.073780134320259
107.43003514409065	-10.972560487687588
112.82878873497248	-5.573806896805763
132.02680226415396	13.624206632375717
126.13935620337725	7.736760571599007
114.68094110488892	-3.721654526889324
127.14633984863758	8.74374421685934
139.17097014933825	20.768374517560005
112.42899066209793	-5.973604969680309
129.20968247950077	10.80708684772253
128.15082044154406	9.748224809765816
114.83932412415743	-3.5632715076208115
108.59874228388071	-9.80385334789753
132.3540719896555	13.951476357877254
125.86830033361912	7.4657047018408775
124.27545943111181	5.872863799333572
127.73960130661726	9.33700567483902
121.8383075594902	3.4357119277119637
120.328589245677	1.9259936138987541
128.53813987970352	10.135544247925282
95.37754620611668	-23.025049425661564
122.7291873022914	4.326591670513153
132.66121377795935	14.258618146181107
128.22044053673744	9.817844904959202
125.0204810872674	6.617885455489159
103.6721383035183	-14.730457328259945
122.83338517695665	4.430789545178413
108.91827941685915	-9.48431621491909
108.69655554741621	-9.70604008436203
129.9056244418025	11.503028810024261
117.03318651020527	-1.3694091215729713
135.05836552381516	16.655769892036915
122.01115227490664	3.608556643128395
124.69177819043398	6.289182558655739
124.2652433142066	5.86264768242836
134.91856678575277	16.515971153974533
131.54657942801714	13.1439837962389
128.4792252779007	10.076629646122456
131.55422657728195	13.151630945503712
112.54142066091299	-5.86117497086525
110.34582165628672	-8.056773975491524
138.08627312630415	19.68367749452591
132.1255673095584	13.722971677780151
127.22287789732218	8.820282265543938
112.81880355626345	-5.583792075514793
126.68308641761541	8.280490785837173
121.30183082818985	2.8992351964116096
113.73157430440187	-4.671021327376366
131.80055161565542	13.397955983877182
121.9753846526146	3.5727890208363533
116.19454977661371	-2.208045855164528
117.63989470154047	-0.7627009302377701
96.54881004244089	-21.85378558933735
141.4110991358757	23.00850350409746
134.32289023697376	15.920294605195522
104.01826343685389	-14.384332194924355
114.4709829762578	-3.931612655520439
118.70393560826778	0.3013399764895439
122.13185828924179	3.7292626574635506
133.01818600296974	14.615590371191502
115.78962045162916	-2.6129751801490784
134.3970724120736	15.994476780295372
132.01226738095284	13.609671749174595
121.4085860773921	3.005990445613861
118.53381696343422	0.13122133165597916
122.51534347236156	4.112747840583324
118.48963362723589	0.08703799545764923
115.34846858680248	-3.0541270449757576
115.38167943805456	-3.0209161937236786
147.03345804661512	28.630862414836884
135.80183244496584	17.3992368131876
131.34582694619894	12.9432313144207
126.52533614635468	8.122740514576435
123.02424333244562	4.621647700667381
111.66353745758533	-6.739058174192905
124.99854925274849	6.595953620970249
117.5209471732378	-0.8816484585404396
101.73300316184759	-16.66959246993065
111.34417682886124	-7.058418802917004
119.46550016105175	1.06290452927351
98.81069907546043	-19.591896556317806
110.00436044484377	-8.398235186934471
99.14990258216858	-19.25269304960966
128.00712003558874	9.604524403810501
111.03737969696522	-7.365215934813023
126.8339422121644	8.431346580386162
91.20617409795523	-27.196421533823013
105.49983717501163	-12.902758456766605
119.4277074933052	1.025111861526966
122.56677983701229	4.164184205234051
96.58865316957235	-21.813942462205887
128.71438325941563	10.311787627637386
111.5767174065113	-6.825878225266933
124.45344930887222	6.050853677093983
127.00279626995325	8.60020063817501
103.34917023777962	-15.053425393998623
111.03843972086906	-7.364155910909176
109.13309256732464	-9.269503064453602
119.77072162926197	1.3681259974837303
113.44966802001	-4.952927611768246
118.6905756443739	0.28798001259565353
145.19667106121778	26.794075429439545
112.55344757437706	-5.84914805740118
116.44929679483175	-1.9532988369464874
120.5205413326621	2.1179457008838654
117.15511159598827	-1.2474840357899666
101.98420576751232	-16.41838986426592
112.01941719651222	-6.383178435266018
124.43219461292028	6.029598981142044
116.7292230501771	-1.6733725816011429
129.96273738145828	11.560141749680042
112.53800186514854	-5.864593766629696
113.28727624565363	-5.115319386124611
115.80591218918562	-2.596683442592621
133.56000811606646	15.157412484288216
113.74744550138712	-4.655150130391121
110.52870627492666	-7.873889356851578
110.91076715290546	-7.491828478872776
121.78871501982212	3.3861193880438805
123.0890778824687	4.68648225069046
123.94958555698395	5.5469899252057076
117.98225608468056	-0.42033954709768295
128.43244571238756	10.029850080609322
131.84620567411184	13.443610042333603
117.29738024622202	-1.105215385556221
108.95535460114479	-9.44724103063345
145.88471257686615	27.48211694508791
137.32902477681637	18.926429145038128
119.60152547061443	1.198929838836193
117.76537897437811	-0.6372166574001312
102.75743652135134	-15.645159110426903
124.59165535867214	6.189059726893902
101.69470935314894	-16.707886278629303
115.42867713421583	-2.9739184975624084
104.23787909001112	-14.16471654176712
110.43259698152542	-7.969998650252819
135.7597183957696	17.357122763991356
108.33812051266432	-10.064475119113922
123.76367086917162	5.361075237393379
110.95913323014975	-7.443462401628494
116.13338156044483	-2.2692140713334084
111.69282641261816	-6.70976921916008
109.31760029494762	-9.084995336830616
109.3218625485897	-9.080733083188534
119.69895222783089	1.2963565960526466
119.82287006825209	1.4202744364738464
104.11551021039486	-14.287085421383381
118.48147120326757	0.0788755714893341
109.40516125410795	-8.997434377670288
110.25705965608358	-8.145535975694656
113.39511020481586	-5.007485426962376
121.04479277133942	2.6421971395611763
122.24408705532551	3.841491423547268
117.00827119499445	-1.3943244367837906
104.35960917174816	-14.042986460030079
112.34499283879995	-6.057602792978287
105.11660457402468	-13.285991057753563
118.04197707772255	-0.36061855405569077
115.16623092442751	-3.236364707350731
114.62530092149973	-3.777294710278511
135.884663939476	17.482068307697773
107.94875095784664	-10.453844673931599
138.52555394917727	20.122958317399025
108.772545799613	-9.630049832165241
114.23225378245115	-4.170341849327087
116.04697263240814	-2.355622999370098
108.26462779194117	-10.137967839837074
108.10777677595615	-10.294818855822086
126.02324818819761	7.620652556419373
127.4851683974266	9.082572765648365
98.8851852864027	-19.517410345375538
131.89436937123537	13.49177373945713
115.89279974251986	-2.5097958892583847
107.49876234680414	-10.903833284974098
115.78317864239216	-2.6194169893860817
109.07308737188578	-9.329508259892464
126.40784599632025	8.005250364542007
96.91084451973438	-21.491751112043858
102.78946812450886	-15.613127507269382
115.8404965698719	-2.5620990619063377
111.57032568752766	-6.832269944250584
108.1025960445404	-10.299999587237835
131.71913224458694	13.316536612808704
144.92084768414497	26.518252052366734
114.50654611736536	-3.89604951441288
113.4485082924366	-4.9540873393416405
108.52496714144945	-9.877628490328789
133.33225090056658	14.929655268788338
120.38324466347694	1.9806490316987038
109.87726552039385	-8.525330111384392
111.01982376724482	-7.382771864533424
119.70275486260653	1.3001592308282852
109.44968070834875	-8.95291492342949
107.39344239234924	-11.009153239428997
109.33309209346771	-9.069503538310528
126.9292264804244	8.526630848646164
115.21948290616274	-3.1831127256155014
120.6843922957778	2.2817966639995575
109.49540694057941	-8.907188691198826
106.824334256351	-11.578261375427246
112.08201032876968	-6.320585303008556
148.70609783381224	30.303502202033997
116.40351312607527	-1.9990825057029724
101.37227772176266	-17.030317910015583
103.9810321778059	-14.42156345397234
124.46456778049469	6.06197214871645
106.05668677389622	-12.345908857882023
124.9964940994978	6.593898467719555
124.18385737389326	5.781261742115021
123.38054096698761	4.97794533520937
124.1294526308775	5.726856999099255
122.91806637495756	4.515470743179321
132.56141105294228	14.158815421164036
119.36864878982306	0.9660531580448151
105.48099883645773	-12.92159679532051
133.69222430884838	15.28962867707014
123.41651222109795	5.013916589319706
116.74436599761248	-1.6582296341657639
131.28379525989294	12.8811996281147
105.18952036648989	-13.213075265288353
131.85007827728987	13.447482645511627
122.67174587398767	4.2691502422094345
113.96706350892782	-4.435532122850418
115.47708318382502	-2.925512447953224
108.67836970090866	-9.72422593086958
121.89553786069155	3.492942228913307
122.90849147737026	4.505895845592022
113.45347781479359	-4.9491178169846535
120.01582080125809	1.613225169479847
135.06777445971966	16.665178827941418
125.36406417936087	6.961468547582626
120.2996551245451	1.8970594927668571
114.71891283988953	-3.683682791888714
115.95150198787451	-2.4510936439037323
120.23481549322605	1.8322198614478111
113.4972463697195	-4.905349262058735
121.67765096575022	3.2750553339719772
125.96613860875368	7.563542976975441
110.25494638830423	-8.147649243474007
120.4668234065175	2.0642277747392654
116.97215181589127	-1.4304438158869743
122.05524738878012	3.652651757001877
134.81021267920732	16.407617047429085
120.58207467198372	2.1794790402054787
94.40317513048649	-23.999420501291752
105.72206100076437	-12.68053463101387
142.78921845555305	24.386622823774815
126.17946904152632	7.776873409748077
117.04415856301785	-1.358437068760395
139.06637784838676	20.663782216608524
125.01809057593346	6.615494944155216
115.46972754597664	-2.9328680858016014
114.18383200466633	-4.218763627111912
119.7820440903306	1.3794484585523605
131.61124758422375	13.208651952445507
118.89027836173773	0.4876827299594879
121.81328548491001	3.410689853131771
116.79945294559002	-1.603142686188221
102.01717845350504	-16.3854171782732
99.31151972711086	-19.091075904667377
112.56320718675852	-5.839388445019722
129.90263924002647	11.500043608248234
116.54827063530684	-1.854324996471405
128.33351774513721	9.930922113358974
122.70256753265858	4.299971900880337
136.9168745726347	18.514278940856457
123.60484436899424	5.202248737215996
93.1955162808299	-25.207079350948334
111.02353200316429	-7.379063628613949
115.14666256308556	-3.255933068692684
114.90740563720465	-3.495189994573593
134.18652381002903	15.78392817825079
120.44189834594727	2.0393027141690254
117.97030656039715	-0.43228907138109207
127.97414729744196	9.57155166566372
102.83851968497038	-15.564075946807861
142.63381016999483	24.23121453821659
121.45772485435009	3.05512922257185
124.77670433372259	6.374108701944351
127.56590219587088	9.163306564092636
116.17167723178864	-2.230918399989605
125.21680220961571	6.814206577837467
120.69127480685711	2.288679175078869
106.02351290732622	-12.379082724452019
142.01781191676855	23.61521628499031
137.0207492262125	18.61815359443426
104.86930107325315	-13.533294558525085
118.36255945265293	-0.04003617912530899
131.3564359843731	12.953840352594852
117.51627244055271	-0.8863231912255287
127.9730947688222	9.570499137043953
122.63949183374643	4.236896201968193
120.95137096196413	2.54877533018589
99.87422128021717	-18.52837435156107
115.3734853938222	-3.029110237956047
116.2194881439209	-2.1831074878573418
118.83417697250843	0.4315813407301903
116.6687590032816	-1.7338366284966469
125.67577407509089	7.273178443312645
122.6790220439434	4.276426412165165
106.38086644560099	-12.021729186177254
122.87530545145273	4.472709819674492
120.20662946999073	1.80403383821249
129.5865325331688	11.183936901390553
105.28986383974552	-13.112731792032719
134.99020594358444	16.587610311806202
128.75731152296066	10.354715891182423
123.37091065198183	4.96831502020359
135.57784444838762	17.175248816609383
103.16846694797277	-15.234128683805466
94.00682285428047	-24.39577277749777
111.13955461233854	-7.263041019439697
119.01465176790953	0.6120561361312866
114.86823146790266	-3.53436416387558
141.22698003053665	22.82438439875841
118.6173535361886	0.21475790441036224
126.07369247823954	7.671096846461296
128.92774088680744	10.525145255029202
124.31579685211182	5.913201220333576
109.13639778643847	-9.266197845339775
122.76480431109667	4.362208679318428
117.25025632977486	-1.1523393020033836
112.37191005051136	-6.03068558126688
114.67335027456284	-3.7292453572154045
118.97995004802942	0.5773544162511826
115.75612723827362	-2.6464683935046196
115.9977208673954	-2.404874764382839
120.66887220740318	2.266276575624943
114.71357157081366	-3.6890240609645844
126.54386644810438	8.141270816326141
113.5040360763669	-4.898559555411339
122.61729688197374	4.214701250195503
117.76040098071098	-0.6421946510672569
122.58626265078783	4.18366701900959
123.10104681551456	4.698451183736324
119.05856268852949	0.6559670567512512
121.81401340663433	3.4114177748560905
105.26556330919266	-13.137032322585583
126.53670237958431	8.134106747806072
123.24332159757614	4.840725965797901
119.08925965428352	0.6866640225052834
122.5645242407918	4.161928609013557
126.55053252726793	8.147936895489693
124.41010783612728	6.007512204349041
131.87211717665195	13.469521544873714
110.07392927259207	-8.328666359186172
116.51183685660362	-1.8907587751746178
109.83581821620464	-8.566777415573597
116.678517408669	-1.7240782231092453
123.58895967155695	5.186364039778709
101.03513167798519	-17.36746395379305
119.65895099937916	1.2563553676009178
125.43280202895403	7.030206397175789
142.36259733885527	23.960001707077026
124.18952711671591	5.786931484937668
129.8928848132491	11.490289181470871
116.83893766254187	-1.563657969236374
107.86643110215664	-10.536164529621601
112.8944808319211	-5.50811479985714
112.21856763213873	-6.184027999639511
98.49406935274601	-19.90852627903223
118.37080425024033	-0.031791381537914276
111.52880484610796	-6.8737907856702805
126.88270267099142	8.48010703921318
132.00060895830393	13.598013326525688
108.83758393675089	-9.565011695027351
108.47335560619831	-9.92924002557993
118.95284046977758	0.5502448379993439
96.66218171268702	-21.740413919091225
109.04144463688135	-9.361150994896889
112.0757766738534	-6.326818957924843
127.34732010960579	8.944724477827549
125.40749002248049	7.004894390702248
120.80182252079248	2.399226889014244
116.01168416440487	-2.390911467373371
133.19734381884336	14.794748187065125
98.28117516636848	-20.121420465409756
117.84943683445454	-0.5531587973237038
137.21128799766302	18.80869236588478
107.34854009747505	-11.054055534303188
123.74127238243818	5.338676750659943
121.67515354603529	3.2725579142570496
111.74750616401434	-6.655089467763901
117.60173653811216	-0.8008590936660767
120.18453222513199	1.7819365933537483
127.23992792516947	8.837332293391228
129.18875313550234	10.786157503724098
119.16415676474571	0.7615611329674721
114.42170938104391	-3.9808862507343292
118.13961785286665	-0.2629777789115906
116.57431925088167	-1.8282763808965683
113.83215676993132	-4.570438861846924
107.10519278049469	-11.29740285128355
108.95874950289726	-9.443846128880978
129.13992980867624	10.737334176898003
110.10623946785927	-8.296356163918972
135.35299156606197	16.950395934283733
108.3841080442071	-10.018487587571144
118.34822266548872	-0.054372966289520264
124.20333010703325	5.8007344752550125
106.7894511371851	-11.613144494593143
118.59244211018085	0.1898464784026146
125.54866763949394	7.146072007715702
100.2246505767107	-18.17794505506754
119.0589278191328	0.6563321873545647
93.6933560743928	-24.709239557385445
111.76619182527065	-6.636403806507587
109.76751882582903	-8.635076805949211
111.95944359153509	-6.443152040243149
115.60242633521557	-2.8001692965626717
118.4290581792593	0.026462547481060028
125.31132465600967	6.908729024231434
125.32666110247374	6.924065470695496
106.2331422790885	-12.169453352689743
127.1881260946393	8.785530462861061
134.90272694826126	16.50013131648302
109.22306140512228	-9.17953422665596
104.49195429682732	-13.910641334950924
102.7576124817133	-15.644983150064945
107.39909897744656	-11.003496654331684
117.33750706911087	-1.0650885626673698
120.2487124055624	1.8461167737841606
118.9411274343729	0.5385318025946617
122.19025675952435	3.787661127746105
111.89254438877106	-6.510051243007183
126.71700678020716	8.314411148428917
96.86072408407927	-21.541871547698975
138.83530559390783	20.432709962129593
112.34179037064314	-6.060805261135101
111.95303181558847	-6.449563816189766
120.10572277009487	1.7031271383166313
120.80300614237785	2.400410510599613
124.21156930923462	5.808973677456379
101.77324924618006	-16.629346385598183
116.46907491236925	-1.933520719408989
111.34617680311203	-7.05641882866621
128.7833223193884	10.38072668761015
141.2706129923463	22.868017360568047
93.24909637123346	-25.153499260544777
132.71513080596924	14.312535174190998
119.41948672384024	1.0168910920619965
106.24442177265882	-12.158173859119415
113.54113189131021	-4.861463740468025
134.74035427719355	16.337758645415306
130.25857250392437	11.85597687214613
111.31756754219532	-7.08502808958292
122.68631025403738	4.28371462225914
121.34814411401749	2.9455484822392464
133.4519403874874	15.049344755709171
108.59868620336056	-9.803909428417683
119.87097758799791	1.4683819562196732
114.96444737166166	-3.438148260116577
118.80659717321396	0.40400154143571854
100.61951060593128	-17.783085025846958
115.80625937879086	-2.596336252987385
116.57070600241423	-1.8318896293640137
127.7339758425951	9.33138021081686
126.04811052232981	7.645514890551567
94.29725134372711	-24.10534428805113
107.90469953417778	-10.49789609760046
115.33648461848497	-3.0661110132932663
104.97616770118475	-13.42642793059349
116.88457272201777	-1.5180229097604752
123.20004413276911	4.797448500990868
123.7310222685337	5.3284266367554665
118.98239392787218	0.5797982960939407
123.50406937301159	5.101473741233349
102.07479391247034	-16.3278017193079
92.25028566271067	-26.152309969067574
129.09960195422173	10.697006322443485
112.07875583320856	-6.323839798569679
107.86290065199137	-10.539694979786873
118.02547973394394	-0.377115897834301
105.14652536064386	-13.256070271134377
107.50601448863745	-10.896581143140793
111.64586041122675	-6.756735220551491
104.92151971906424	-13.481075912714005
115.92629787325859	-2.4762977585196495
112.76907977461815	-5.633515857160091
124.9080693051219	6.5054736733436584
125.71850580722094	7.315910175442696
114.61414989829063	-3.788445733487606
114.43321218341589	-3.9693834483623505
116.37549260258675	-2.027103029191494
125.33151580393314	6.928920172154903
105.03796876221895	-13.364626869559288
116.84335140138865	-1.559244230389595
120.19259927421808	1.7900036424398422
146.30158970505	27.89899407327175
120.11920143663883	1.7166058048605919
115.82120013237	-2.581395499408245
136.94410417228937	18.54150854051113
122.4751000776887	4.072504445910454
123.51769933104515	5.1151036992669106
105.05090183764696	-13.351693794131279
127.31376251578331	8.91116688400507
113.64341332018375	-4.759182311594486
124.42904077470303	6.026445142924786
112.03333185613155	-6.3692637756466866
116.8115396797657	-1.591055952012539
127.8900498971343	9.487454265356064
132.3710861131549	13.968490481376648
120.65547101199627	2.252875380218029
116.81284230202436	-1.5897533297538757
98.05683974176645	-20.345755890011787
116.14552495628595	-2.2570706754922867
115.94259415566921	-2.460001476109028
111.28878290951252	-7.11381272226572
103.39155571907759	-15.011039912700653
137.16432152688503	18.761725895106792
131.87612740695477	13.473531775176525
118.51380507647991	0.1112094447016716
109.41864631325006	-8.983949318528175
125.76154614239931	7.358950510621071
119.08503536880016	0.6824397370219231
102.80340536683798	-15.599190264940262
106.91868155449629	-11.483914077281952
132.01724952459335	13.614653892815113
116.8825945109129	-1.520001120865345
133.0909903869033	14.688394755125046
124.17151486873627	5.768919236958027
118.39169956743717	-0.010896064341068268
113.95651262253523	-4.4460830092430115
97.36267615109682	-21.03991948068142
124.99067886173725	6.588083229959011
132.28609727323055	13.883501641452312
118.14996670931578	-0.2526289224624634
111.20243372023106	-7.200161911547184
132.2724533304572	13.86985769867897
108.84392958134413	-9.558666050434113
129.83686320483685	11.434267573058605
111.27611678093672	-7.126478850841522
135.59433648735285	17.191740855574608
127.35334987193346	8.95075424015522
107.41276789456606	-10.989827737212181
124.90729538351297	6.504699751734734
113.04239498078823	-5.360200650990009
103.85165698081255	-14.55093865096569
121.70597603172064	3.303380399942398
111.52976346760988	-6.872832164168358
105.63780684024096	-12.764788791537285
118.92720089107752	0.5246052592992783
131.334138661623	12.931543029844761
112.10834008455276	-6.294255547225475
118.64704505354166	0.2444494217634201
121.96505317091942	3.562457539141178
101.9192256256938	-16.483370006084442
116.68738200515509	-1.7152136266231537
99.41574726998806	-18.98684836179018
114.5265506580472	-3.876044973731041
124.77772365510464	6.375128023326397
101.97849812358618	-16.424097508192062
126.11858212947845	7.715986497700214
121.26260279119015	2.860007159411907
105.03251188993454	-13.3700837418437
108.75765535980463	-9.64494027197361
149.85243827104568	31.449842639267445
114.58893039822578	-3.813665233552456
122.49276775866747	4.090172126889229
130.2127083092928	11.810112677514553
109.57841843366623	-8.824177198112011
138.3813319504261	19.97873631864786
105.54169685393572	-12.860898777842522
113.54375609010458	-4.85883954167366
144.88535499572754	26.4827593639493
120.12803235650063	1.7254367247223854
110.09133124351501	-8.311264388263226
107.74666838347912	-10.655927248299122
116.07130963355303	-2.331285998225212
110.02546881139278	-8.377126820385456
120.78849140554667	2.385895773768425
128.14216814935207	9.739572517573833
117.47508935630322	-0.9275062754750252
133.26286026835442	14.860264636576176
123.36104131489992	4.958445683121681
125.38841063529253	6.98581500351429
110.85135958343744	-7.551236048340797
123.41154616326094	5.0089505314826965
120.81753017753363	2.4149345457553864
107.35895573347807	-11.043639898300171
109.65722594410181	-8.74536968767643
126.08124437183142	7.678648740053177
127.15152302384377	8.748927392065525
118.79866920411587	0.3960735723376274
126.89168044924736	8.48908481746912
121.35065544396639	2.9480598121881485
117.10584413260221	-1.2967514991760254
107.89412138611078	-10.508474245667458
113.79202109575272	-4.610574536025524
116.53170196712017	-1.8708936646580696
115.38120432943106	-3.0213913023471832
124.91152472048998	6.508929088711739
106.80131036043167	-11.601285271346569
143.29962372034788	24.89702808856964
138.75800554454327	20.355409912765026
108.91421080380678	-9.488384827971458
129.07797187566757	10.675376243889332
117.076326623559	-1.326269008219242
105.32285356521606	-13.079742066562176
126.99359203875065	8.590996406972408
117.64031425118446	-0.7622813805937767
133.8505497649312	15.447954133152962
108.02303155511618	-10.379564076662064
126.18079680204391	7.778201170265675
111.44886112958193	-6.953734502196312
110.37185766547918	-8.030737966299057
109.57808864861727	-8.824506983160973
128.56420379132032	10.161608159542084
103.88005097955465	-14.522544652223587
130.6665362417698	12.26394060999155
129.23145592212677	10.82886029034853
116.846775226295	-1.5558204054832458
116.24040925502777	-2.162186376750469
111.86884592473507	-6.533749707043171
120.42889381945133	2.026298187673092
108.2941547036171	-10.108440928161144
129.4876462891698	11.085050657391548
119.9692059084773	1.5666102766990662
106.93480911105871	-11.467786520719528
113.09153129905462	-5.3110643327236176
124.23352438211441	5.83092875033617
119.93815645575523	1.5355608239769936
135.5058049634099	17.10320933163166
100.98430334031582	-17.41829229146242
109.03587226569653	-9.366723366081715
112.48912385106087	-5.913471780717373
88.43637758493423	-29.966218046844006
131.2419715076685	12.839375875890255
109.67192301899195	-8.730672612786293
105.51478538662195	-12.887810245156288
122.22868470102549	3.826089069247246
148.57539556920528	30.172799937427044
118.20934318006039	-0.19325245171785355
109.96761679649353	-8.43497883528471
114.36522023379803	-4.037375397980213
118.37128221988678	-0.03131341189146042
111.11230239272118	-7.290293239057064
108.8305476680398	-9.572047963738441
133.79581532627344	15.393219694495201
116.56779961287975	-1.834796018898487
112.30789179354906	-6.094703838229179
119.26050968468189	0.8579140529036522
115.12022381275892	-3.2823718190193176
126.8751569390297	8.472561307251453
132.33863650262356	13.936040870845318
110.58454018086195	-7.81805545091629
117.17407159507275	-1.228524036705494
112.05056349933147	-6.352032132446766
109.05266969650984	-9.349925935268402
116.90366657078266	-1.4989290609955788
109.73510379344225	-8.667491838335991
121.99960712343454	3.5970114916563034
107.80184095352888	-10.60075467824936
125.62222125381231	7.219625622034073
126.47292944788933	8.070333816111088
120.48441448807716	2.0818188562989235
109.09384577721357	-9.308749854564667
127.0252648293972	8.622669197618961
132.40681120753288	14.004215575754642
127.3280483931303	8.925452761352062
130.1198450103402	11.717249378561974
115.78658986836672	-2.616005763411522
113.16547959297895	-5.237116038799286
108.45704805850983	-9.945547573268414
130.057523727417	11.654928095638752
117.24195445328951	-1.1606411784887314
131.34346118569374	12.9408655539155
115.03272277116776	-3.369872860610485
121.63407215476036	3.2314765229821205
120.06613554805517	1.6635399162769318
105.29869809001684	-13.103897541761398
115.985965102911	-2.4166305288672447
99.88570526242256	-18.51689036935568
114.21525272727013	-4.187342904508114
114.19070906192064	-4.211886569857597
112.00941226631403	-6.3931833654642105
126.41165143996477	8.009055808186531
108.96969719976187	-9.432898432016373
122.84918567538261	4.446590043604374
120.40731701254845	2.0047213807702065
123.93907611817122	5.536480486392975
126.08557262271643	7.682976990938187
106.80022617429495	-11.602369457483292
115.83042681217194	-2.572168819606304
122.07318582385778	3.670590192079544
130.53251803666353	12.129922404885292
112.61060905456543	-5.7919865772128105
128.51775215566158	10.115156523883343
116.7312062010169	-1.6713894307613373
134.45197933912277	16.049383707344532
112.95257422327995	-5.450021408498287
130.58535781502724	12.182762183248997
110.76758012920618	-7.63501550257206
114.18783804774284	-4.214757584035397
114.63969483226538	-3.762900799512863
124.4979971125722	6.095401480793953
119.09356043487787	0.6909648030996323
105.81825679540634	-12.584338836371899
117.2415961548686	-1.1609994769096375
127.77271411567926	9.370118483901024
107.41441441327333	-10.988181218504906
100.70950308442116	-17.693092547357082
136.82339198887348	18.42079635709524
118.56549036502838	0.16289473325014114
113.38322136551142	-5.019374266266823
124.96208224445581	6.559486612677574
115.2383389249444	-3.1642567068338394
135.81291489303112	17.41031926125288
120.67420442402363	2.271608792245388
110.85503195226192	-7.5475636795163155
127.47339337319136	9.070797741413116
117.30555134266615	-1.097044289112091
110.78802019357681	-7.6145754382014275
120.249421864748	1.846826232969761
99.14142621308565	-19.26116941869259
127.50420508533716	9.101609453558922
114.97102917730808	-3.4315664544701576
105.27033000439405	-13.132265627384186
117.97586038708687	-0.4267352446913719
123.98230364918709	5.579708017408848
114.85537491738796	-3.547220714390278
127.19826612621546	8.795670494437218
101.94368905574083	-16.458906576037407
122.1126124188304	3.7100167870521545
114.12563714385033	-4.276958487927914
128.5147410556674	10.11214542388916
122.53068546205759	4.12808983027935
133.25073692202568	14.84814129024744
111.98934032768011	-6.413255304098129
121.09272973239422	2.6901341006159782
129.2631114423275	10.86051581054926
131.2011687681079	12.79857313632965
127.97503270953894	9.572437077760696
117.44699211418629	-0.9556035175919533
102.77313270419836	-15.62946292757988
109.94223701953888	-8.46035861223936
110.31939449906349	-8.083201132714748
112.05911080539227	-6.343484826385975
128.85373409092426	10.451138459146023
109.83059979230165	-8.571995839476585
117.30383435636759	-1.0987612754106522
111.55321480333805	-6.849380828440189
99.86170415580273	-18.540891475975513
124.6422819942236	6.2396863624453545
110.65232142060995	-7.750274211168289
127.86104521155357	9.458449579775333
109.41148470342159	-8.991110928356647
136.88183333724737	18.47923770546913
124.79137414693832	6.388778515160084
114.87571062892675	-3.526885002851486
123.47552279382944	5.072927162051201
120.7349853515625	2.33238971978426
112.05659253895283	-6.346003092825413
115.98970391601324	-2.4128917157649994
137.56248964369297	19.15989401191473
115.85848736017942	-2.544108271598816
109.6408167257905	-8.76177890598774
110.02554322779179	-8.377052403986454
125.55887642502785	7.156280793249607
124.38871171325445	5.9861160814762115
129.32375153154135	10.921155899763107
125.29837299883366	6.895777367055416
114.8777918741107	-3.5248037576675415
149.52450598031282	31.121910348534584
118.37526319921017	-0.027332432568073273
133.5034735277295	15.100877895951271
109.30268924683332	-9.099906384944916
116.77951510250568	-1.6230805292725563
130.81451724469662	12.411921612918377
104.30902613699436	-14.093569494783878
118.72015193104744	0.31755629926919937
105.61912816017866	-12.783467471599579
102.59776619076729	-15.804829441010952
108.43700543791056	-9.965590193867683
115.66858107596636	-2.734014555811882
98.83268728852272	-19.56990834325552
95.29262743890285	-23.109968192875385
109.24258673936129	-9.160008892416954
115.34237104654312	-3.060224585235119
126.76717265695333	8.364577025175095
125.66088752448559	7.258291892707348
121.21178144216537	2.8091858103871346
115.30156901478767	-3.1010266169905663
125.110979154706	6.708383522927761
114.37304914742708	-4.029546484351158
129.0058596432209	10.603264011442661
110.05054643005133	-8.352049201726913
101.14496540278196	-17.257630228996277
125.58447400480509	7.181878373026848
103.5183827728033	-14.884212858974934
110.54070519655943	-7.861890435218811
87.3307476118207	-31.071848019957542
115.81574822962284	-2.5868474021553993
138.06761331111193	19.665017679333687
130.1353643760085	11.73276874423027
114.42141690850258	-3.9811787232756615
115.40672974288464	-2.9958658888936043
136.87682399898767	18.474228367209435
136.85556642711163	18.452970795333385
108.640012845397	-9.762582786381245
122.1300802230835	3.727484591305256
108.09078726172447	-10.311808370053768
113.07989658415318	-5.322699047625065
114.20979902893305	-4.192796602845192
116.060412324965	-2.34218330681324
123.16531573235989	4.762720100581646
103.88866387307644	-14.513931758701801
109.1467823907733	-9.255813241004944
121.60991147905588	3.2073158472776413
116.67902757972479	-1.7235680520534515
122.61911624670029	4.216520614922047
101.9056032076478	-16.49699242413044
139.2842911183834	20.881695486605167
121.7116349413991	3.3090393096208572
130.09706385433674	11.694468222558498
120.93768902868032	2.5350933969020844
109.15168791264296	-9.250907719135284
118.52445190399885	0.12185627222061157
121.22070676088333	2.818111129105091
111.77646382153034	-6.626131810247898
120.58953645080328	2.1869408190250397
120.38018254190683	1.9775869101285934
111.08351100981236	-7.319084621965885
132.37365337461233	13.971057742834091
116.23991991579533	-2.162675715982914
132.21547083556652	13.81287520378828
119.32329323142767	0.9206975996494293
125.32799343019724	6.925397798418999
124.2255530655384	5.822957433760166
92.90150643885136	-25.501089192926884
128.31273010373116	9.910134471952915
102.18230441212654	-16.2202912196517
108.26124738156796	-10.141348250210285
112.84679083526134	-5.555804796516895
108.40935935080051	-9.993236280977726
113.41475980728865	-4.9878358244895935
123.33931045979261	4.936714828014374
128.70809932798147	10.305503696203232
116.44228574633598	-1.960309885442257
125.93105063587427	7.528455004096031
105.9849356263876	-12.417660005390644
119.69643399864435	1.2938383668661118
125.43267175555229	7.030076123774052
112.14187272638083	-6.260722905397415
118.28535265475512	-0.1172429770231247
117.1931790560484	-1.209416575729847
122.79474021494389	4.392144583165646
101.63827174156904	-16.764323890209198
114.44791736453772	-3.9546782672405243
115.31595526635647	-3.086640365421772
128.26193421334028	9.859338581562042
124.26559825241566	5.863002620637417
108.37544707208872	-10.027148559689522
122.74743133038282	4.344835698604584
120.28207143396139	1.8794758021831512
118.91233183443546	0.5097362026572227
125.60011219233274	7.197516560554504
114.53026425093412	-3.872331380844116
112.55919429659843	-5.843401335179806
119.95413559675217	1.5515399649739265
131.3315299153328	12.928934283554554
118.68001889437437	0.27742326259613037
118.8891255185008	0.4865298867225647
129.49942871183157	11.09683308005333
111.70964251458645	-6.6929531171917915
108.08613315224648	-10.316462479531765
94.45571850985289	-23.946877121925354
115.08679164201021	-3.3158039897680283
97.27242478728294	-21.130170844495296
122.38749554753304	3.984899915754795
103.31421418488026	-15.088381446897984
129.96783223748207	11.56523660570383
113.74245776236057	-4.660137869417667
102.21626650542021	-16.186329126358032
87.85083675384521	-30.551758877933025
127.0775269344449	8.674931302666664
125.18526803702116	6.78267240524292
129.73328430205584	11.330688670277596
105.2270818054676	-13.175513826310635
127.14723359793425	8.744637966156006
106.44295698404312	-11.959638647735119
111.0377703383565	-7.364825293421745
123.92360919713974	5.5210135653615
126.89549841731787	8.492902785539627
117.15441928803921	-1.2481763437390327
109.66175979375839	-8.740835838019848
122.35144641250372	3.948850780725479
120.5607252791524	2.158129647374153
116.65896301716566	-1.7436326146125793
107.47128205746412	-10.931313574314117
140.30744010955095	21.904844477772713
110.85860145837069	-7.543994173407555
113.18416485190392	-5.218430779874325
104.67589455842972	-13.726701073348522
88.4238665252924	-29.978729106485844
115.02072018384933	-3.3818754479289055
103.00707293301821	-15.395522698760033
119.32207914441824	0.9194835126399994
124.19506024569273	5.79246461391449
110.1198533847928	-8.282742246985435
117.23406939208508	-1.1685262396931648
114.37609604001045	-4.026499591767788
119.85626681894064	1.4536711871623993
119.84568680822849	1.4430911764502525
132.4159028455615	14.013307213783264
114.733900770545	-3.6686948612332344
137.7500309124589	19.347435280680656
107.47128190845251	-10.93131372332573
119.21673966944218	0.8141440376639366
115.56104654073715	-2.841549091041088
122.2569912597537	3.854395627975464
118.62934862077236	0.22675298899412155
126.42778474092484	8.025189109146595
124.29183246195316	5.889236830174923
123.5431246086955	5.140528976917267
122.3151141628623	3.9125185310840607
112.92474545538425	-5.477850176393986
113.54961484670639	-4.85298078507185
122.52996398508549	4.127368353307247
137.8686749264598	19.46607929468155
132.68660912662745	14.284013494849205
129.74795678257942	11.345361150801182
118.2948557510972	-0.1077398806810379
111.14139970391989	-7.261195927858353
127.101807333529	8.699211701750755
106.04424419254065	-12.358351439237595
113.21264984458685	-5.189945787191391
119.78719741106033	1.384601779282093
112.54942347854376	-5.853172153234482
122.6813289001584	4.278733268380165
116.31733687222004	-2.085258759558201
126.28709775954485	7.884502127766609
126.83517351001501	8.43257787823677
115.62682428956032	-2.775771342217922
114.9384737983346	-3.4641218334436417
118.25855266302824	-0.14404296875
115.77971704304218	-2.6228785887360573
110.84411001205444	-7.558485619723797
118.85323686152697	0.4506412297487259
112.99408192932606	-5.408513702452183
131.64811106026173	13.245515428483486
120.81648577749729	2.4138901457190514
111.56104651838541	-6.84154911339283
127.2251063734293	8.822510741651058
125.94871681928635	7.546121187508106
134.7269639596343	16.324368327856064
121.35346715897322	2.950871527194977
131.47105056792498	13.068454936146736
134.25229135900736	15.849695727229118
100.62326124310493	-17.779334388673306
118.85272753983736	0.4501319080591202
114.22237810492516	-4.180217526853085
128.42839455604553	10.025798924267292
128.50160352140665	10.09900788962841
125.63341752439737	7.230821892619133
125.5011745095253	7.098578877747059
149.45864330232143	31.056047670543194
105.95125559717417	-12.451340034604073
130.26377057284117	11.861174941062927
97.35832987725735	-21.044265754520893
92.67881252616644	-25.7237831056118
112.51845932006836	-5.884136311709881
113.96919562667608	-4.433400005102158
136.6553287655115	18.252733133733273
121.73695724457502	3.3343616127967834
118.7022617533803	0.2996661216020584
104.70565064996481	-13.69694498181343
133.8127395659685	15.410143934190273
107.89923018217087	-10.503365449607372
118.1937947049737	-0.20880092680454254
112.8774528875947	-5.52514274418354
138.86496045440435	20.462364822626114
116.07703889161348	-2.3255567401647568
96.71094685792923	-21.69164877384901
121.51634615659714	3.1137505248188972
85.55858944356441	-32.844006188213825
118.6691063940525	0.2665107622742653
113.50672810524702	-4.8958675265312195
109.71327678114176	-8.689318850636482
119.55879523605108	1.1561996042728424
106.0111827403307	-12.391412891447544
124.41808620095253	6.01549056917429
106.28789930790663	-12.114696323871613
113.81698264926672	-4.58561298251152
104.86601205915213	-13.536583572626114
117.27165652811527	-1.1309391036629677
108.80487527698278	-9.597720354795456
100.17690943181515	-18.225686199963093
98.5698128119111	-19.832782819867134
120.87287063151598	2.4702749997377396
104.94255480915308	-13.46004082262516
127.87914557009935	9.476549938321114
106.28671804070473	-12.115877591073513
99.83151472359896	-18.571080908179283
100.48177924007177	-17.920816391706467
105.62511488050222	-12.777480751276016
99.92257611453533	-18.48001951724291
134.22302825003862	15.820432618260384
112.13026046007872	-6.272335171699524
108.26864796131849	-10.133947670459747
115.82927390933037	-2.573321722447872
112.6061827391386	-5.796412892639637
131.5902148038149	13.187619172036648
120.64234409481287	2.23974846303463
121.67771949619055	3.2751238644123077
107.80344138294458	-10.599154248833656
117.04043665528297	-1.362158976495266
106.77714523673058	-11.625450395047665
122.67124107480049	4.268645443022251
111.32918887585402	-7.073406755924225
89.9070983082056	-28.495497323572636
122.90435964614153	4.501764014363289
125.10464449971914	6.702048867940903
115.72449856996536	-2.6780970618128777
101.80707763880491	-16.595517992973328
108.04622513055801	-10.356370501220226
118.63598837703466	0.23339274525642395
114.27906145900488	-4.123534172773361
111.65588452666998	-6.746711105108261
117.08174757659435	-1.3208480551838875
119.23945626616478	0.8368606343865395
118.13954229652882	-0.263053335249424
128.77715241909027	10.37455678731203
131.46396736055613	13.061371728777885
122.14962155371904	3.7470259219408035
126.04158008098602	7.638984449207783
124.41460484266281	6.012009210884571
117.0580808147788	-1.3445148169994354
114.5874795243144	-3.8151161074638367
105.96050328761339	-12.442092344164848
112.53163315355778	-5.870962478220463
115.04864095151424	-3.353954680263996
110.34656202793121	-8.056033603847027
112.37774717062712	-6.024848461151123
119.58864240348339	1.1860467717051506
109.66448942571878	-8.738106206059456
114.26017294079065	-4.142422690987587
138.4564817175269	20.053886085748672
92.65725796669722	-25.745337665081024
126.63900551199913	8.23640988022089
130.83888283371925	12.436287201941013
99.45513228327036	-18.94746334850788
110.9262150451541	-7.4763805866241455
110.72946696728468	-7.673128664493561
119.79410433024168	1.39150869846344
110.33686929941177	-8.065726332366467
133.47231908887625	15.069723457098007
130.16558019071817	11.762984558939934
103.88606717437506	-14.516528457403183
117.73378459364176	-0.6688110381364822
125.06950137019157	6.666905738413334
122.13010191172361	3.7275062799453735
121.20048895478249	2.7978933230042458
105.7120720371604	-12.690523594617844
113.83129808306694	-4.5712975487113
123.77430513501167	5.371709503233433
124.19429029524326	5.791694663465023
124.97474232316017	6.572146691381931
114.35470616072416	-4.047889471054077
109.18990024924278	-9.212695382535458
119.94228183478117	1.5396862030029297
133.01828180253506	14.615686170756817
113.6227154135704	-4.779880218207836
121.73909844458103	3.3365028128027916
118.7632714882493	0.3606758564710617
107.97207073867321	-10.43052489310503
115.62297455966473	-2.779621072113514
108.09874938428402	-10.30384624749422
115.46286549419165	-2.9397301375865936
122.23862297832966	3.8360273465514183
116.4668207988143	-1.9357748329639435
124.37908804416656	5.976492412388325
108.01733236014843	-10.38526327162981
138.9941694661975	20.59157383441925
110.4754086881876	-7.927186943590641
90.09404335170984	-28.308552280068398
106.62695463746786	-11.775640994310379
126.79650008678436	8.393904455006123
105.34378580003977	-13.058809831738472
118.88258071243763	0.4799850806593895
118.61591760069132	0.2133219689130783
109.6478615924716	-8.75473403930664
94.9250884950161	-23.477507136762142
119.877396017313	1.4748003855347633
104.6739331483841	-13.728662483394146
98.4228118956089	-19.97978373616934
114.63193307071924	-3.770662561058998
141.27828819304705	22.875692561268806
121.18864743411541	2.7860518023371696
113.93188671022654	-4.470708921551704
131.0528053715825	12.650209739804268
94.50467839837074	-23.897917233407497
123.24721371382475	4.844618082046509
114.93074980378151	-3.471845827996731
104.71280022710562	-13.689795404672623
108.36033522337675	-10.04226040840149
124.56707131117582	6.164475679397583
124.15833632647991	5.755740694701672
125.03752319514751	6.634927563369274
113.26666386425495	-5.135931767523289
114.77218423783779	-3.6304113939404488
103.37824307382107	-15.024352557957172
100.72850386798382	-17.674091763794422
136.37873800098896	17.97614236921072
104.14026970416307	-14.262325927615166
104.87450665980577	-13.528088971972466
113.21315421164036	-5.189441420137882
105.0066656395793	-13.395929992198944
129.7271746918559	11.324579060077667
141.0260003954172	22.623404763638973
115.92257534712553	-2.48002028465271
122.04502219706774	3.6424265652894974
107.16385822743177	-11.238737404346466
115.70729363709688	-2.6953019946813583
117.52196101844311	-0.8806346133351326
127.38980768620968	8.987212054431438
109.99654933810234	-8.4060462936759
127.60702814161777	9.204432509839535
117.2931424677372	-1.1094531640410423
129.1750457584858	10.772450126707554
124.41849010437727	6.0158944725990295
115.61568654328585	-2.7869090884923935
110.29769466817379	-8.10490096360445
116.57593251019716	-1.8266631215810776
117.74156793951988	-0.661027692258358
128.532481610775	10.129885978996754
101.7293851301074	-16.673210501670837
118.62056228518486	0.21796665340662003
122.24879664182663	3.8462010100483894
105.38617096096277	-13.016424670815468
127.21099744737148	8.808401815593243
95.99406736344099	-22.40852826833725
112.86326406896114	-5.539331562817097
117.25710265338421	-1.1454929783940315
114.84342286735773	-3.5591727644205093
111.20119797438383	-7.201397657394409
117.75207037478685	-0.6505252569913864
113.34322563558817	-5.059369996190071
107.74465849250555	-10.65793713927269
100.31451290100813	-18.08808273077011
123.20189861953259	4.799302987754345
138.90176848322153	20.49917285144329
106.81434593349695	-11.588249698281288
117.8044924736023	-0.5981031581759453
128.3579178005457	9.955322168767452
124.30268131196499	5.9000856801867485
133.81301702558994	15.410421393811703
130.32007572054863	11.91748008877039
114.8950229883194	-3.5075726434588432
113.0971362143755	-5.305459417402744
113.52112268656492	-4.881472945213318
107.62148446589708	-10.781111165881157
107.78814219683409	-10.614453434944153
121.42181330919266	3.0192176774144173
107.97029291838408	-10.432302713394165
111.74114307016134	-6.661452561616898
115.63752792775631	-2.7650677040219307
123.10491771996021	4.7023220881819725
117.4830235466361	-0.9195720851421356
130.51283264905214	12.110237017273903
101.33131763339043	-17.071277998387814
120.14472036808729	1.7421247363090515
123.69193964451551	5.289344012737274
124.8993382230401	6.496742591261864
119.62267891317606	1.2200832813978195
118.2759952545166	-0.12660037726163864
118.4907401651144	0.08814453333616257
119.11829570680857	0.7157000750303268
136.9588287845254	18.556233152747154
119.33528192341328	0.9326862916350365
129.19796662777662	10.795370995998383
115.21075056493282	-3.191845066845417
133.55627708137035	15.153681449592113
136.6943568661809	18.291761234402657
125.68835132569075	7.285755693912506
117.02506446093321	-1.3775311708450317
118.56980716437101	0.16721153259277344
114.23882804065943	-4.163767591118813
123.32300987094641	4.920414239168167
127.46239906549454	9.059803433716297
113.30356885492802	-5.0990267768502235
122.43997478485107	4.037379153072834
111.23814852535725	-7.164447106420994
118.86335832625628	0.460762694478035
113.29829899966717	-5.1042966321110725
123.02255803346634	4.619962401688099
117.11911269277334	-1.283482939004898
109.80273628234863	-8.599859349429607
124.80830920487642	6.405713573098183
123.74889149516821	5.346295863389969
112.90258338302374	-5.500012248754501
126.12352623790503	7.720930606126785
103.11247445642948	-15.290121175348759
112.90437912195921	-5.498216509819031
120.523198351264	2.1206027194857597
106.49524812400341	-11.90734750777483
117.6559688821435	-0.7466267496347427
118.03357136249542	-0.36902426928281784
134.36035262793303	15.957756996154785
112.01251937448978	-6.390076257288456
113.39880638569593	-5.003789246082306
110.70336636155844	-7.699229270219803
141.7782069221139	23.375611290335655
116.63689327985048	-1.7657023519277573
104.41028764843941	-13.992307983338833
136.95702616870403	18.554430536925793
134.229069493711	15.826473861932755
121.96838839352131	3.5657927617430687
132.70669924467802	14.30410361289978
141.30509062856436	22.902494996786118
121.85222286731005	3.449627235531807
117.7256135866046	-0.676982045173645
115.17384986579418	-3.2287457659840584
127.83846108615398	9.435865454375744
126.94295884668827	8.54036321491003
115.90210399031639	-2.500491641461849
112.67511980980635	-5.727475821971893
104.32181064039469	-14.080784991383553
117.92428413778543	-0.4783114939928055
113.44979854673147	-4.952797085046768
124.95123732835054	6.548641696572304
124.38413563370705	5.981540001928806
138.98341401666403	20.580818384885788
126.43699518591166	8.034399554133415
116.54849996417761	-1.8540956676006317
121.08585545420647	2.6832598224282265
123.4537014439702	5.051105812191963
117.9283626228571	-0.4742330089211464
130.596617102623	12.194021470844746
126.92819759249687	8.525601960718632
121.5197371840477	3.1171415522694588
109.70497723668814	-8.697618395090103
88.33054658025503	-30.07204905152321
130.08666253834963	11.684066906571388
120.10114102065563	1.6985453888773918
135.4995535314083	17.09695789963007
113.83457448333502	-4.568021148443222
107.00223848223686	-11.400357149541378
122.22057834267616	3.8179827108979225
131.6082803979516	13.205684766173363
117.42722047120333	-0.975375160574913
126.28268948942423	7.8800938576459885
104.35016716271639	-14.052428469061852
113.87659834325314	-4.5259972885251045
103.75892225652933	-14.643673375248909
112.1700372248888	-6.232558406889439
114.34041930735111	-4.062176324427128
120.56598500907421	2.163389377295971
108.5498963445425	-9.852699287235737
140.7628360837698	22.360240451991558
128.21756653487682	9.814970903098583
117.17931815981865	-1.223277471959591
99.66629333794117	-18.73630229383707
127.30993082374334	8.907335191965103
117.75891358405352	-0.6436820477247238
114.62633237987757	-3.776263251900673
109.75541404634714	-8.647181585431099
121.75837861001492	3.3557829782366753
108.65652523189783	-9.74607039988041
112.409498244524	-5.993097387254238
123.58839001506567	5.18579438328743
125.21509954333305	6.812503911554813
101.47121499478817	-16.93138063699007
121.68973372876644	3.287138096988201
131.90481932461262	13.502223692834377
127.39720517396927	8.994609542191029
117.93564685434103	-0.4669487774372101
115.30602609366179	-3.096569538116455
109.88649145513773	-8.51610417664051
127.35417000949383	8.951574377715588
116.65364508330822	-1.7489505484700203
115.59763957560062	-2.804956056177616
114.75386868417263	-3.64872694760561
134.80231495201588	16.399719320237637
113.61105001717806	-4.791545614600182
114.19321408122778	-4.209381550550461
136.98562978953123	18.58303415775299
133.15818601101637	14.755590379238129
130.73364409804344	12.331048466265202
120.52409362792969	2.1214979961514473
96.62907376885414	-21.7735218629241
110.4922931343317	-7.910302497446537
122.81979820132256	4.417202569544315
127.9653021544218	9.562706522643566
125.14878392964602	6.746188297867775
125.12082643061876	6.718230798840523
134.75374238193035	16.35114675015211
101.74851309508085	-16.654082536697388
113.31823740899563	-5.084358222782612
117.24455419182777	-1.1580414399504662
99.9597338438034	-18.442861787974834
128.16628834605217	9.76369271427393
133.02813739329576	14.625541761517525
112.97807180136442	-5.424523830413818
113.47627779096365	-4.9263178408145905
124.38515083491802	5.982555203139782
145.20224825292826	26.799652621150017
121.60905253887177	3.206456907093525
119.70326645672321	1.300670824944973
116.48652166128159	-1.9160739704966545
108.06396157294512	-10.338634058833122
112.37337243556976	-6.029223196208477
131.8403474316001	13.437751799821854
118.62295981496572	0.22036418318748474
133.39868430793285	14.996088676154613
130.94354236125946	12.54094672948122
120.5255456790328	2.1229500472545624
121.58961167931557	3.187016047537327
120.77043662965298	2.367840997874737
118.14074304699898	-0.26185258477926254
121.2165872529149	2.8139916211366653
122.66795541346073	4.265359781682491
118.3804289624095	-0.022166669368743896
112.15800161659718	-6.244594015181065
110.72217227518559	-7.680423356592655
126.90896306186914	8.506367430090904
119.95440461486578	1.5518089830875397
108.78004565834999	-9.62254997342825
123.08132918179035	4.678733550012112
113.53953502327204	-4.863060608506203
136.9572640657425	18.554668433964252
105.51503676921129	-12.887558862566948
108.91944782435894	-9.4831478074193
130.69677313417196	12.294177502393723
112.67013185471296	-5.732463777065277
123.37331157922745	4.970715947449207
126.54368843138218	8.141092799603939
133.20240591466427	14.799810282886028
135.15437991917133	16.751784287393093
126.48126598447561	8.078670352697372
109.8704356700182	-8.532159961760044
123.75144048780203	5.3488448560237885
106.92124681919813	-11.481348812580109
115.02271413058043	-3.379881501197815
128.88957629352808	10.48698066174984
110.29560495913029	-8.106990672647953
112.49502901732922	-5.907566614449024
112.46065514534712	-5.941940486431122
126.54029098898172	8.137695357203484
116.66558270156384	-1.737012930214405
109.76581827551126	-8.636777356266975
119.91637865453959	1.513783022761345
119.82420785725117	1.421612225472927
121.13570616394281	2.7331105321645737
106.41415851563215	-11.988437116146088
117.88710537552834	-0.5154902562499046
124.14945673942566	5.746861107647419
120.87692826241255	2.474332630634308
142.28396047651768	23.881364844739437
124.24619768559933	5.843602053821087
111.3846552297473	-7.017940402030945
104.23193870484829	-14.17065692692995
104.57738678902388	-13.825208842754364
112.1447346135974	-6.257861018180847
109.7167549803853	-8.685840651392937
127.397306881845	8.994711250066757
122.1700462475419	3.7674506157636642
131.4482586607337	13.04566302895546
110.85467008501291	-7.5479255467653275
119.59420341998339	1.1916077882051468
109.42707595974207	-8.975519672036171
107.39800142496824	-11.004594206809998
133.04144628345966	14.638850651681423
119.72652324289083	1.3239276111125946
138.05735963582993	19.654764004051685
118.03435584157705	-0.36823979020118713
119.57083031535149	1.168234683573246
108.47552275657654	-9.927072875201702
129.0156600922346	10.613064460456371
107.26417957991362	-11.138416051864624
125.04338301718235	6.64078738540411
101.37449369579554	-17.028101935982704
119.23973450064659	0.837138868868351
131.20114625245333	12.798550620675087
121.47872160375118	3.0761259719729424
133.34659588336945	14.944000251591206
115.28902266174555	-3.113572970032692
128.7724501043558	10.369854472577572
109.57546486705542	-8.827130764722824
111.30230061709881	-7.100295014679432
142.73945492506027	24.336859293282032
123.75058111548424	5.3479854837059975
111.15120895951986	-7.251386672258377
103.50474320352077	-14.897852428257465
117.79516354203224	-0.6074320897459984
107.21802278608084	-11.184572845697403
110.76369204372168	-7.638903588056564
107.3228722140193	-11.079723417758942
110.32438445836306	-8.078211173415184
105.47115781903267	-12.931437812745571
108.77525617182255	-9.627339459955692
108.1426563411951	-10.259939290583134
128.35346323996782	9.950867608189583
118.82080508768559	0.4182094559073448
122.30868855118752	3.906092919409275
124.62678238749504	6.224186755716801
112.27740982174873	-6.125185810029507
103.47388169169426	-14.92871394008398
132.04903853684664	13.646442905068398
112.2987747490406	-6.103820882737637
120.57812830805779	2.175532676279545
121.08985585719347	2.68726022541523
122.35233247280121	3.9497368410229683
132.1594073176384	13.756811685860157
117.84450915455818	-0.5580864772200584
116.53087764233351	-1.8717179894447327
108.7215773910284	-9.681018240749836
99.48360745608807	-18.918988175690174
120.58092813938856	2.178332507610321
97.47948668152094	-20.9231089502573
138.7886877208948	20.386092089116573
105.82602671533823	-12.57656891644001
112.29192941635847	-6.110666215419769
112.29431622475386	-6.1082794070243835
124.1912604123354	5.788664780557156
116.33874659985304	-2.0638490319252014
116.73999597132206	-1.6625996604561806
108.39856002479792	-10.004035606980324
121.34111282229424	2.938517190515995
130.60707833617926	12.204482704401016
112.87537387758493	-5.527221754193306
125.59063663333654	7.188041001558304
120.44907873868942	2.0464831069111824
124.70981727540493	6.30722164362669
117.58867394179106	-0.8139216899871826
120.08108290284872	1.6784872710704803
94.39113580435514	-24.011459827423096
119.30555729568005	0.9029616639018059
115.7780138477683	-2.6245817840099335
116.18137367069721	-2.221221961081028
137.35204415768385	18.94944852590561
106.23743499070406	-12.16516064107418
124.9460423514247	6.543446719646454
123.10752150416374	4.704925872385502
122.47715499997139	4.07455936819315
122.3914392143488	3.988843582570553
117.52305284887552	-0.8795427829027176
131.3487096130848	12.946113981306553
113.50187800824642	-4.900717623531818
118.94466114789248	0.5420655161142349
126.75128620862961	8.348690576851368
121.11798657476902	2.71539094299078
127.16639140248299	8.763795770704746
109.32653580605984	-9.076059825718403
101.30378866195679	-17.098806969821453
125.7658082395792	7.3632126078009605
103.32920693606138	-15.073388695716858
114.45976463705301	-3.9428309947252274
121.64012822508812	3.2375325933098793
129.269591845572	10.866996213793755
127.78318370133638	9.380588069558144
116.931566670537	-1.4710289612412453
107.40293853729963	-10.999657094478607
114.72096019238234	-3.6816354393959045
124.11539071053267	5.712795078754425
114.7123014330864	-3.690294198691845
99.33293106406927	-19.06966456770897
110.98194017261267	-7.420655459165573
96.90644735842943	-21.49614827334881
106.55762954056263	-11.84496609121561
142.2735559642315	23.87096033245325
105.02369640022516	-13.378899231553078
103.99523923546076	-14.407356396317482
110.1117057427764	-8.290889889001846
109.67851086705923	-8.72408476471901
130.42427802085876	12.021682389080524
136.50591091811657	18.10331528633833
106.60129110515118	-11.801304526627064
123.6155716329813	5.21297600120306
110.63216286152601	-7.770432770252228
101.19668553769588	-17.205910094082355
126.66613681614399	8.26354118436575
105.71425305306911	-12.688342578709126
117.6101678237319	-0.7924278080463409
124.02569248527288	5.623096853494644
114.44612152129412	-3.9564741104841232
112.99158008396626	-5.411015547811985
122.66513933241367	4.262543700635433
146.5203883498907	28.11779271811247
121.93242207914591	3.529826447367668
98.42437601089478	-19.978219620883465
107.80781963467598	-10.59477599710226
111.37738913297653	-7.025206498801708
109.07262582331896	-9.329969808459282
134.22040132433176	15.81780569255352
108.25091476738453	-10.151680864393711
119.40759427845478	1.0049986466765404
115.47511498630047	-2.9274806454777718
112.29164884984493	-6.110946781933308
93.04015349596739	-25.362442135810852
117.08704023808241	-1.3155553936958313
138.2676842957735	19.865088663995266
122.56826920062304	4.165673568844795
115.9139588624239	-2.4886367693543434
97.95649413019419	-20.446101501584053
101.63209041953087	-16.77050521224737
113.79764098674059	-4.604954645037651
130.4330758973956	12.03048026561737
115.99274154752493	-2.409854084253311
139.814767383039	21.412171751260757
99.11833480000496	-19.28426083177328
120.37328156083822	1.9706859290599823
120.23048285394907	1.8278872221708298
96.04520980268717	-22.357385829091072
118.39773624390364	-0.0048593878746032715
107.30037147551775	-11.10222415626049
102.53436703979969	-15.86822859197855
125.3319408223033	6.929345190525055
116.7013356462121	-1.7012599855661392
130.47912329435349	12.076527662575245
121.81331542879343	3.41071979701519
106.99711273610592	-11.405482895672321
117.34525343030691	-1.0573422014713287
92.06554767489433	-26.337047956883907
108.56430204957724	-9.838293582201004
134.47306376695633	16.07046813517809
116.61560070514679	-1.7869949266314507
119.91535072028637	1.5127550885081291
114.81331756711006	-3.5892780646681786
114.38173395395279	-4.020861677825451
113.48508660495281	-4.917509026825428
146.14317882806063	27.740583196282387
131.86480322480202	13.462207593023777
121.62931138277054	3.226715750992298
126.36233480274677	7.959739170968533
114.71570404618979	-3.686891585588455
118.68099138885736	0.27839575707912445
107.76367575675249	-10.63891987502575
129.62029192596674	11.2176962941885
121.30548120290041	2.9028855711221695
119.28547955304384	0.8828839212656021
129.18316008895636	10.780564457178116
117.08666529506445	-1.315930336713791
114.5488913655281	-3.8537042662501335
131.28293113410473	12.880335502326488
94.17017146199942	-24.232424169778824
109.795654758811	-8.606940872967243
110.24889668822289	-8.153698943555355
115.8161416053772	-2.586454026401043
120.73391157388687	2.331315942108631
137.33929096907377	18.936695337295532
123.26828277111053	4.8656871393322945
98.43976680189371	-19.96282882988453
129.40668174624443	11.00408611446619
121.03200107067823	2.629405438899994
110.50667025148869	-7.895925380289555
102.48501586914062	-15.917579762637615
119.45678462088108	1.0541889891028404
142.18225717544556	23.779661543667316
128.03797519207	9.635379560291767
116.33453267067671	-2.068062961101532
123.18641537427902	4.783819742500782
107.56583044677973	-10.836765184998512
107.06964784860611	-11.33294778317213
129.38302095979452	10.980425328016281
122.49774843454361	4.095152802765369
126.51917035132647	8.116574719548225
133.71452660113573	15.31193096935749
122.49140848964453	4.088812857866287
129.65986566245556	11.257270030677319
137.19523838162422	18.79264274984598
116.60384619235992	-1.7987494394183159
130.7907223328948	12.388126701116562
99.89989174902439	-18.50270388275385
113.7240332737565	-4.678562358021736
106.40704590827227	-11.995549723505974
106.02703762799501	-12.375558003783226
113.00722972303629	-5.395365908741951
106.26747623085976	-12.135119400918484
119.47895108908415	1.0763554573059082
89.58974430710077	-28.812851324677467
126.0469249561429	7.644329324364662
120.70927799493074	2.306682363152504
114.8363471403718	-3.5662484914064407
110.05778220295906	-8.34481342881918
116.72371322661638	-1.6788824051618576
104.41515155881643	-13.987444072961807
120.23867855966091	1.8360829278826714
133.9930666014552	15.590470969676971
116.33927218616009	-2.0633234456181526
113.02550906687975	-5.377086564898491
129.36515179276466	10.962556160986423
103.28186587244272	-15.120729759335518
130.94847654551268	12.545880913734436
118.1154558211565	-0.28713981062173843
120.96797279268503	2.5653771609067917
123.44191870838404	5.039323076605797
112.65581025928259	-5.746785372495651
126.48471793532372	8.082122303545475
122.58067440241575	4.178078770637512
117.99144164472818	-0.41115398705005646
118.66745113581419	0.2648555040359497
112.27774284780025	-6.124852783977985
123.281174890697	4.878579258918762
124.90155602991581	6.498960398137569
125.6607226356864	7.258127003908157
114.90539219975471	-3.4972034320235252
120.43433640897274	2.0317407771945
101.12617087364197	-17.276424758136272
116.79392755776644	-1.6086680740118027
109.34671147167683	-9.055884160101414
120.62835279852152	2.2257571667432785
114.16441407799721	-4.238181553781033
109.55626801401377	-8.846327617764473
134.07798888534307	15.675393253564835
121.2591865286231	2.856590896844864
128.14446477591991	9.741869144141674
105.51602801680565	-12.886567614972591
120.21971257030964	1.8171169385313988
117.90602009743452	-0.4965755343437195
129.06942977011204	10.666834138333797
115.0181146338582	-3.3844809979200363
113.92576812952757	-4.476827502250671
126.30021947622299	7.897623844444752
112.90590896457434	-5.496686667203903
99.15856114774942	-19.244034484028816
113.23259457945824	-5.1700010523200035
119.25748220086098	0.854886569082737
94.56158722192049	-23.84100840985775
104.039839617908	-14.36275601387024
114.34038065373898	-4.062214978039265
126.2362999022007	7.833704270422459
103.06220459192991	-15.340391039848328
119.09045588225126	0.6878602504730225
135.9334693327546	17.53087370097637
116.26189414411783	-2.140701487660408
105.87480450421572	-12.527791127562523
118.84765546023846	0.4450598284602165
116.26714267581701	-2.1354529559612274
124.3319251537323	5.92932952195406
102.85882782936096	-15.543767802417278
127.52453076094389	9.12193512916565
125.66186649352312	7.259270861744881
122.07393206655979	3.6713364347815514
143.8062075972557	25.403611965477467
119.64883800595999	1.2462423741817474
115.9685873016715	-2.4340083301067352
120.8005252033472	2.397929571568966
125.17073345929384	6.768137827515602
116.55967305600643	-1.8429225757718086
115.91021045297384	-2.4923851788043976
140.4517301172018	22.049134485423565
123.74420852214098	5.34161289036274
135.86079355329275	17.45819792151451
121.40123672783375	2.9986410960555077
122.09132277220488	3.6887271404266357
109.79678674042225	-8.605808891355991
126.35069254785776	7.948096916079521
109.49004513770342	-8.912550494074821
121.95890519768	3.5563095659017563
116.01871065050364	-2.383884981274605
112.14741262793541	-6.255183003842831
130.29205889254808	11.889463260769844
130.3726778626442	11.970082230865955
122.18864975869656	3.786054126918316
118.14661279320717	-0.2559828385710716
105.28555509448051	-13.117040537297726
117.22629585117102	-1.1762997806072235
119.87945397943258	1.4768583476543427
116.83244656771421	-1.5701490640640259
117.31850460916758	-1.0840910226106644
112.85124407708645	-5.5513515546917915
116.99756391346455	-1.405031718313694
111.5566925033927	-6.845903128385544
92.28471479564905	-26.11788083612919
126.54147114604712	8.138875514268875
117.34975834190845	-1.0528372898697853
105.18787965923548	-13.214715972542763
111.27527242153883	-7.12732321023941
139.52619101852179	21.123595386743546
126.09178336709738	7.689187735319138
127.56502179801464	9.1624261662364
123.49091798812151	5.088322356343269
124.67540371417999	6.2728080824017525
120.55261575430632	2.150020122528076
112.44141160696745	-5.961184024810791
108.37121481448412	-10.03138081729412
123.34733877331018	4.944743141531944
125.60020661354065	7.197610981762409
127.31590521335602	8.913309581577778
128.2505537942052	9.847958162426949
122.5541272982955	4.151531666517258
131.58823257684708	13.185636945068836
134.2947456240654	15.892149992287159
124.81226066499949	6.409665033221245
110.85571327805519	-7.546882353723049
114.21378084272146	-4.188814789056778
115.72991016507149	-2.6726854667067528
119.27126777172089	0.868672139942646
125.01286317408085	6.6102675423026085
112.50559336692095	-5.897002264857292
120.97984980046749	2.577254168689251
132.93012572824955	14.52753009647131
128.21260600537062	9.810010373592377
108.67797803133726	-9.724617600440979
122.46857877075672	4.065983138978481
116.01155158132315	-2.3910440504550934
121.26623114198446	2.8636355102062225
114.30010975897312	-4.102485872805119
111.55176468193531	-6.85083094984293
107.24673425406218	-11.155861377716064
122.40967286378145	4.007077232003212
128.38179913908243	9.979203507304192
112.20007955282927	-6.202516078948975
134.45019552856684	16.047599896788597
126.08163930475712	7.679043672978878
126.0688059553504	7.666210323572159
128.9968754798174	10.59427984803915
118.59635291993618	0.1937572881579399
136.40995018929243	18.00735455751419
126.96499991416931	8.562404282391071
111.48843474686146	-6.914160884916782
133.20339566469193	14.800800032913685
92.2771874666214	-26.12540816515684
120.18040008842945	1.7778044566512108
99.28356255590916	-19.119033075869083
135.42748031020164	17.024884678423405
129.46591148525476	11.063315853476524
114.48078758269548	-3.921808049082756
111.96787562221289	-6.434720009565353
105.10939443856478	-13.293201193213463
107.74635956436396	-10.656236067414284
102.76711505651474	-15.6354805752635
136.95671658962965	18.55412095785141
124.70654363930225	6.3039480075240135
122.73728828132153	4.334692649543285
115.79264770448208	-2.6099479272961617
135.20902302861214	16.806427396833897
109.569141715765	-8.83345391601324
113.00285951793194	-5.399736113846302
133.5150847658515	15.112489134073257
113.23932980746031	-5.163265824317932
133.488893404603	15.086297772824764
136.2358109280467	17.833215296268463
111.85341019928455	-6.549185432493687
101.63584775477648	-16.766747877001762
127.25944675505161	8.856851123273373
113.2304308116436	-5.17216482013464
117.59308452904224	-0.8095111027359962
115.53307680785656	-2.8695188239216805
107.72335662692785	-10.679239004850388
123.07186137884855	4.6692657470703125
121.55253878980875	3.14994315803051
126.56762088090181	8.165025249123573
131.60139290243387	13.198797270655632
109.67552890628576	-8.727066725492477
119.3938330411911	0.9912374094128609
110.99948168545961	-7.403113946318626
126.82059207558632	8.417996443808079
123.21622994542122	4.813634313642979
