Ea=211.20955327898264	delta_Ea
203.3889733478427	-7.820579931139946
214.44952446967363	3.2399711906909943
205.683972209692	-5.525581069290638
214.88536903262138	3.6758157536387444
197.8413545191288	-13.36819875985384
190.28080090880394	-20.9287523701787
226.34815011918545	15.138596840202808
215.6807764992118	4.471223220229149
168.46830347925425	-42.741249799728394
190.07322865724564	-21.136324621737003
199.76446191966534	-11.445091359317303
221.0847620666027	9.875208787620068
210.5175007879734	-0.6920524910092354
248.5420343130827	37.332481034100056
198.76390456408262	-12.445648714900017
216.01141183823347	4.801858559250832
204.43843795359135	-6.771115325391293
184.93440676480532	-26.275146514177322
192.21646192669868	-18.993091352283955
171.20016042143106	-40.009392857551575
225.1056582853198	13.896105006337166
195.23830687254667	-15.971246406435966
230.47796112298965	19.268407844007015
205.0204841569066	-6.1890691220760345
186.69753934442997	-24.51201393455267
226.32831796258688	15.11876468360424
235.35663464665413	24.14708136767149
236.64705777913332	25.43750450015068
213.79851207882166	2.5889587998390198
214.09214255213737	2.8825892731547356
250.9287183135748	39.71916503459215
177.68595722317696	-33.52359605580568
226.55638927221298	15.346835993230343
233.40462087094784	22.1950675919652
216.53989650309086	5.330343224108219
190.43862156569958	-20.770931713283062
197.81228639930487	-13.397266879677773
240.57635989785194	29.366806618869305
210.21179039776325	-0.997762881219387
189.7973236888647	-21.41222959011793
223.47477497160435	12.265221692621708
217.13044602423906	5.920892745256424
242.13365326821804	30.9240999892354
192.0238000229001	-19.185753256082535
205.1693325713277	-6.040220707654953
213.99954434484243	2.7899910658597946
184.64914939552546	-26.560403883457184
227.18459297716618	15.975039698183537
184.61495505273342	-26.594598226249218
225.92863024771214	14.719076968729496
212.12401171773672	0.9144584387540817
209.07084583491087	-2.1387074440717697
208.56946327537298	-2.6400900036096573
209.97917429357767	-1.2303789854049683
202.57893565297127	-8.630617626011372
246.9487076178193	35.73915433883667
202.76580692082644	-8.443746358156204
240.62325923144817	29.413705952465534
210.675316773355	-0.5342365056276321
210.3885394409299	-0.8210138380527496
225.46985881775618	14.260305538773537
222.36528660356998	11.155733324587345
199.11560215055943	-12.093951128423214
182.70376617461443	-28.50578710436821
213.2168846130371	2.00733133405447
223.58811029791832	12.37855701893568
171.26651865243912	-39.94303462654352
165.36321951448917	-45.846333764493465
211.9981478601694	0.7885945811867714
213.98343683034182	2.7738835513591766
194.53611394762993	-16.67343933135271
212.66389409452677	1.4543408155441284
205.97405413538218	-5.235499143600464
189.62870998680592	-21.580843292176723
183.9330922588706	-27.276461020112038
214.30675944685936	3.0972061678767204
216.85705223679543	5.647498957812786
217.99910750985146	6.789554230868816
221.60160453617573	10.392051257193089
220.93304734677076	9.723494067788124
201.8550580367446	-9.354495242238045
191.56293834745884	-19.6466149315238
191.84817395359278	-19.361379325389862
208.92083317786455	-2.2887201011180878
227.39476066827774	16.1852073892951
222.97819777578115	11.768644496798515
233.9989821538329	22.789428874850273
229.47668983787298	18.267136558890343
215.87402509897947	4.664471819996834
192.90832505375147	-18.30122822523117
183.18375711143017	-28.02579616755247
246.6602632328868	35.45070995390415
183.2054234519601	-28.004129827022552
222.845495544374	11.63594226539135
218.4548048824072	7.245251603424549
173.81969249993563	-37.38986077904701
222.90151207894087	11.691958799958229
233.90797606110573	22.69842278212309
200.57114281505346	-10.638410463929176
254.60439091175795	43.39483763277531
181.6103338971734	-29.599219381809235
227.4174466356635	16.20789335668087
184.06235470622778	-27.14719857275486
199.78964106738567	-11.419912211596966
250.89606498926878	39.68651171028614
211.88039082288742	0.6708375439047813
198.401255980134	-12.808297298848629
247.84289733320475	36.63334405422211
198.84676571935415	-12.362787559628487
228.8601675108075	17.650614231824875
159.55144028365612	-51.65811299532652
206.90398386120796	-4.305569417774677
182.64621648937464	-28.563336789608
226.43018389493227	15.22063061594963
206.58842572569847	-4.621127553284168
198.14236579835415	-13.06718748062849
190.59907961636782	-20.610473662614822
225.3692148551345	14.159661576151848
195.10217003524303	-16.107383243739605
171.45979270339012	-39.74976057559252
182.129868298769	-29.079684980213642
241.06956002116203	29.860006742179394
206.13504871726036	-5.074504561722279
214.35050723701715	3.1409539580345154
213.36708057671785	2.1575272977352142
207.86526814848185	-3.3442851305007935
200.04519461095333	-11.164358668029308
204.5983770415187	-6.611176237463951
218.05555690824986	6.846003629267216
235.5048164576292	24.295263178646564
215.74019080400467	4.53063752502203
266.0198082998395	54.81025502085686
198.53706099838018	-12.672492280602455
209.07599356770515	-2.133559711277485
228.51374382525682	17.304190546274185
179.670009419322	-31.539543859660625
188.72000084072351	-22.489552438259125
202.47172974795103	-8.737823531031609
189.06041507422924	-22.1491382047534
193.6575481891632	-17.55200508981943
241.55055025964975	30.340996980667114
195.56805390119553	-15.641499377787113
205.15619641542435	-6.053356863558292
202.24775210022926	-8.961801178753376
197.24374175816774	-13.965811520814896
199.76886885613203	-11.440684422850609
224.62017707526684	13.410623796284199
200.85890845954418	-10.350644819438457
194.93553303927183	-16.274020239710808
175.79060948640108	-35.41894379258156
188.92041358351707	-22.289139695465565
214.02336375415325	2.8138104751706123
207.77254927158356	-3.437004007399082
248.89388611912727	37.684332840144634
174.0719612762332	-37.13759200274944
184.14003758132458	-27.069515697658062
188.6555790156126	-22.553974263370037
218.86430773139	7.65475445240736
212.08320770412683	0.8736544251441956
233.99263738840818	22.783084109425545
178.6008620634675	-32.60869121551514
157.15368083119392	-54.055872447788715
216.04806910455227	4.83851582556963
197.11820001900196	-14.091353259980679
204.35192920267582	-6.85762407630682
239.70752650499344	28.4979732260108
220.13941939920187	8.92986612021923
252.56969786435366	41.36014458537102
206.13219764828682	-5.07735563069582
201.35852718353271	-9.851026095449924
251.3236757069826	40.11412242799997
235.15008365362883	23.940530374646187
188.0817995071411	-23.127753771841526
206.04858089238405	-5.160972386598587
256.4249282628298	45.21537498384714
222.07095877826214	10.861405499279499
210.12652917206287	-1.0830241069197655
218.0482836663723	6.83873038738966
232.8066105917096	21.597057312726974
237.79912085831165	26.589567579329014
223.50537537783384	12.295822098851204
189.77859308570623	-21.430960193276405
242.8092394694686	31.599686190485954
223.75116873532534	12.541615456342697
240.35134660452604	29.141793325543404
221.2262458577752	10.016692578792572
211.53472343832254	0.3251701593399048
202.0482183545828	-9.161334924399853
204.6041408702731	-6.605412408709526
223.03375187516212	11.824198596179485
240.81039334088564	29.600840061903
191.89846728742123	-19.311085991561413
192.67676527798176	-18.53278800100088
237.93628241866827	26.72672913968563
194.203360080719	-17.006193198263645
206.4470609202981	-4.76249235868454
234.07034797221422	22.860794693231583
251.30885526537895	40.09930198639631
221.50558218359947	10.296028904616833
198.80121739953756	-12.408335879445076
202.70297552645206	-8.506577752530575
189.7340862751007	-21.47546700388193
213.51156213879585	2.3020088598132133
223.77724238485098	12.56768910586834
231.81599180400372	20.606438525021076
217.55809507519007	6.348541796207428
245.16536415368319	33.955810874700546
191.40036280453205	-19.80919047445059
205.7675751298666	-5.441978149116039
196.25085390359163	-14.958699375391006
218.57589907199144	7.366345793008804
226.53931268304586	15.329759404063225
220.52102611213923	9.311472833156586
187.40590469539165	-23.803648583590984
213.51688599586487	2.307332716882229
218.401806473732	7.192253194749355
195.38614431023598	-15.823408968746662
191.47119289636612	-19.73836038261652
210.1023376956582	-1.1072155833244324
216.50028625875711	5.290732979774475
214.3549411147833	3.1453878358006477
222.41451216489077	11.204958885908127
178.13550097495317	-33.074052304029465
247.28681906312704	36.0772657841444
212.67971482127905	1.4701615422964096
209.36267483979464	-1.8468784391880035
185.70433789491653	-25.505215384066105
241.62539756298065	30.415844283998013
220.5228294879198	9.313276208937168
207.0086092799902	-4.200943998992443
217.5754640698433	6.365910790860653
233.89175534248352	22.68220206350088
164.82903734594584	-46.380515933036804
229.31038090586662	18.100827626883984
247.8096957653761	36.60014248639345
220.95833282917738	9.74877955019474
218.02208945900202	6.812536180019379
190.85355815291405	-20.355995126068592
213.723196297884	2.513643018901348
221.3098675981164	10.100314319133759
213.1277070492506	1.9181537702679634
208.05476284772158	-3.1547904312610626
222.42211561650038	11.212562337517738
213.24294511973858	2.0333918407559395
233.55334315449	22.343789875507355
199.69532868266106	-11.514224596321583
238.94262913614511	27.733075857162476
222.76298964768648	11.553436368703842
206.4869570657611	-4.72259621322155
219.02392031997442	7.814367040991783
202.32404635846615	-8.885506920516491
210.10320607572794	-1.1063472032546997
222.2823138013482	11.07276052236557
193.4518162459135	-17.757737033069134
196.63675590604544	-14.572797372937202
203.72646403312683	-7.483089245855808
227.90323715656996	16.69368387758732
233.93867579102516	22.729122512042522
195.5262128263712	-15.683340452611446
258.2414618059993	47.03190852701664
245.06044303625822	33.85088975727558
192.37081235647202	-18.838740922510624
221.67692706733942	10.467373788356781
204.5267680734396	-6.682785205543041
224.72508542239666	13.51553214341402
213.29491671919823	2.0853634402155876
212.8805001154542	1.6709468364715576
199.65161775052547	-11.557935528457165
227.9235198572278	16.713966578245163
223.9586509540677	12.749097675085068
198.40462287515402	-12.804930403828621
207.2089897915721	-4.000563487410545
186.28072870522738	-24.928824573755264
204.36376563459635	-6.8457876443862915
219.43797379732132	8.22842051833868
202.46669539809227	-8.74285788089037
222.19791597872972	10.988362699747086
196.55772172659636	-14.651831552386284
201.3975089713931	-9.812044307589531
213.5803792476654	2.370825968682766
167.44817004352808	-43.76138323545456
204.59320133924484	-6.616351939737797
201.95008224248886	-9.259471036493778
199.5409263446927	-11.668626934289932
229.13461669534445	17.92506341636181
244.0354247018695	32.82587142288685
244.52705002576113	33.31749674677849
230.0650175884366	18.855464309453964
204.17002467811108	-7.039528600871563
229.46974642574787	18.260193146765232
184.3552277162671	-26.85432556271553
221.5511636286974	10.341610349714756
228.517262250185	17.307708971202374
201.2033964395523	-10.006156839430332
225.64901304244995	14.439459763467312
216.36716064810753	5.157607369124889
171.96387500315905	-39.24567827582359
221.59033421427011	10.380780935287476
220.35809575766325	9.14854247868061
213.33673895150423	2.127185672521591
183.41108411550522	-27.79846916347742
181.68387719988823	-29.52567607909441
211.31746223568916	0.1079089567065239
218.22546846419573	7.015915185213089
213.4494245275855	2.239871248602867
222.25861079245806	11.049057513475418
243.18201123923063	31.972457960247993
217.98167740553617	6.7721241265535355
209.04095665365458	-2.168596625328064
216.01399462670088	4.804441347718239
203.40725285559893	-7.802300423383713
228.5892394259572	17.379686146974564
205.41176380217075	-5.797789476811886
219.23045045882463	8.020897179841995
207.44873917847872	-3.7608141005039215
223.60833632200956	12.398783043026924
200.6845090612769	-10.525044217705727
195.05266811698675	-16.156885161995888
215.82201976329088	4.612466484308243
240.7869916409254	29.577438361942768
240.82202138751745	29.612468108534813
235.36812594532967	24.158572666347027
237.20713394880295	25.99758066982031
221.9293114542961	10.719758175313473
211.6739870980382	0.46443381905555725
222.5098777934909	11.300324514508247
189.9594982340932	-21.25005504488945
212.175686173141	0.9661328941583633
203.7148527726531	-7.494700506329536
229.00109528005123	17.791542001068592
170.73875917494297	-40.47079410403967
226.62403602153063	15.414482742547989
200.62747287005186	-10.582080408930779
207.64888986945152	-3.5606634095311165
188.77281960844994	-22.436733670532703
202.72985983639956	-8.479693442583084
185.96277303993702	-25.24678023904562
194.9748304411769	-16.234722837805748
254.36972568184137	43.160172402858734
203.893549695611	-7.316003583371639
217.61591060459614	6.406357325613499
237.9348353371024	26.725282058119774
205.44940441846848	-5.760148860514164
218.97228936851025	7.762736089527607
214.13379503041506	2.924241751432419
211.8037769049406	0.5942236259579659
205.84299536794424	-5.366557911038399
205.90031515806913	-5.3092381209135056
163.44208269566298	-47.767470583319664
197.19847770780325	-14.01107557117939
217.89382821321487	6.684274934232235
246.6779526695609	35.46839939057827
195.15721133351326	-16.05234194546938
220.91165038198233	9.702097102999687
212.79217122495174	1.5826179459691048
188.74005929380655	-22.469493985176086
201.4583426564932	-9.751210622489452
178.65442667156458	-32.55512660741806
221.0380840227008	9.828530743718147
170.26944171637297	-40.94011156260967
200.63812909275293	-10.571424186229706
195.0854156240821	-16.12413765490055
207.31774654239416	-3.891806736588478
199.11626348644495	-12.09328979253769
243.8253573179245	32.61580403894186
215.40235371887684	4.192800439894199
203.997587621212	-7.211965657770634
208.46765957772732	-2.7418937012553215
195.3181347846985	-15.891418494284153
210.51048044115305	-0.6990728378295898
223.2846496477723	12.075096368789673
203.08801529556513	-8.121537983417511
214.50975477695465	3.3002014979720116
213.15737103670835	1.9478177577257156
224.68574486672878	13.476191587746143
210.2515975907445	-0.9579556882381439
243.9707528501749	32.761199571192265
225.7891619876027	14.579608708620071
188.5312478542328	-22.67830542474985
230.55303363502026	19.343480356037617
183.64802265167236	-27.561530627310276
205.1935922652483	-6.015961013734341
216.21709728986025	5.007544010877609
232.55003501474857	21.340481735765934
207.0832734927535	-4.126279786229134
197.13330531865358	-14.076247960329056
216.7859062254429	5.576352946460247
211.15790083259344	-0.0516524463891983
186.3244659602642	-24.885087318718433
209.37435156852007	-1.8352017104625702
217.23485854268074	6.025305263698101
168.981023542583	-42.22852973639965
199.96797669678926	-11.241576582193375
195.3653823658824	-15.844170913100243
187.78639908134937	-23.423154197633266
217.75304942578077	6.543496146798134
178.78116551041603	-32.42838776856661
206.38677392154932	-4.822779357433319
186.15209782868624	-25.057455450296402
199.64683504402637	-11.562718234956264
217.2076038122177	5.998050533235073
180.0505016297102	-31.159051649272442
195.06000248342752	-16.149550795555115
214.47453993558884	3.2649866566061974
210.84940107166767	-0.3601522073149681
200.28749461472034	-10.922058664262295
221.46948089450598	10.259927615523338
232.80720750242472	21.597654223442078
234.15354017168283	22.943986892700195
189.10096165537834	-22.108591623604298
225.6889702156186	14.479416936635971
197.80015618354082	-13.409397095441818
212.10646726936102	0.8969139903783798
201.5694711431861	-9.640082135796547
213.88500209897757	2.6754488199949265
227.46451174467802	16.25495846569538
214.20129143446684	2.9917381554841995
180.57094468176365	-30.63860859721899
258.0731611698866	46.86360789090395
228.1037035882473	16.89415030926466
206.97967014461756	-4.229883134365082
227.50832591950893	16.298772640526295
210.8482065424323	-0.3613467365503311
219.0487314015627	7.839178122580051
197.88496726751328	-13.324586011469364
199.9972674548626	-11.212285824120045
207.5410093292594	-3.6685439497232437
177.96948538720608	-33.24006789177656
163.7234164327383	-47.486136846244335
228.4240752980113	17.214522019028664
213.67434484511614	2.464791566133499
193.38813963532448	-17.82141364365816
224.88866447657347	13.679111197590828
229.34423400461674	18.134680725634098
171.41438089311123	-39.79517238587141
215.95972073078156	4.750167451798916
172.51750177890062	-38.692051500082016
208.03418929874897	-3.1753639802336693
212.08052265644073	0.8709693774580956
204.89156457036734	-6.317988708615303
189.34644163399935	-21.86311164498329
210.63594160974026	-0.573611669242382
197.3269446492195	-13.882608629763126
188.42030925303698	-22.789244025945663
180.39815128594637	-30.81140199303627
216.90624390542507	5.696690626442432
236.71551551669836	25.50596223771572
223.71749599277973	12.507942713797092
215.80009558051825	4.590542301535606
206.48533175885677	-4.724221520125866
214.49518811702728	3.2856348380446434
233.90446837991476	22.69491510093212
219.56700706481934	8.357453785836697
205.40263684093952	-5.8069164380431175
205.29489685595036	-5.914656423032284
204.07676275074482	-7.13279052823782
208.04577630013227	-3.1637769788503647
201.46070225536823	-9.748851023614407
204.3508766517043	-6.858676627278328
227.3086270466447	16.09907376766205
205.49715150892735	-5.712401770055294
205.06629291921854	-6.143260359764099
235.4181039109826	24.20855063199997
219.98206525295973	8.772511973977089
208.90748324990273	-2.302070029079914
166.03396973758936	-45.17558354139328
235.4987635910511	24.289210312068462
209.0085767507553	-2.2009765282273293
270.7928682267666	59.58331494778395
220.01171864569187	8.802165366709232
252.97170097380877	41.762147694826126
198.16163697093725	-13.047916308045387
224.74310532212257	13.533552043139935
188.63745019584894	-22.572103083133698
202.7350040525198	-8.474549226462841
230.79857267439365	19.589019395411015
236.251804985106	25.042251706123352
231.01157671958208	19.80202344059944
217.41834361106157	6.208790332078934
205.00462445616722	-6.204928822815418
205.37082451581955	-5.83872876316309
193.27883571386337	-17.930717565119267
204.3991471081972	-6.810406170785427
187.14082170277834	-24.0687315762043
213.34386817365885	2.1343148946762085
176.91211384534836	-34.29743943363428
205.1166178137064	-6.092935465276241
228.5048484504223	17.295295171439648
199.44806068390608	-11.761492595076561
181.21608155220747	-29.99347172677517
218.2857403382659	7.0761870592832565
191.3480143621564	-19.861538916826248
221.97832892090082	10.768775641918182
223.09313737601042	11.883584097027779
214.04409262537956	2.834539346396923
171.1727345213294	-40.036818757653236
226.8832868412137	15.673733562231064
221.8002277240157	10.590674445033073
205.54585273563862	-5.663700543344021
225.36656790971756	14.15701463073492
212.06823616474867	0.8586828857660294
201.26457452774048	-9.94497875124216
210.6850562542677	-0.5244970247149467
206.0404907464981	-5.169062532484531
204.20250146836042	-7.007051810622215
235.33326776325703	24.123714484274387
225.21360506862402	14.00405178964138
200.00995463877916	-11.199598640203476
204.42690297961235	-6.782650299370289
196.89709703624249	-14.312456242740154
197.10356503725052	-14.10598824173212
246.0962443575263	34.88669107854366
210.25001074373722	-0.9595425352454185
234.02206161618233	22.812508337199688
221.15350204706192	9.94394876807928
216.9325015246868	5.722948245704174
211.02179846912622	-0.1877548098564148
175.71203345805407	-35.497519820928574
196.32723459601402	-14.882318682968616
237.75698813050985	26.547434851527214
188.86821149289608	-22.34134178608656
239.20411632210016	27.994563043117523
233.68858034908772	22.479027070105076
197.88302540034056	-13.326527878642082
219.2866649031639	8.07711162418127
216.09677104651928	4.88721776753664
251.19516540318727	39.985612124204636
221.80731365084648	10.597760371863842
234.59242925792933	23.382875978946686
220.33590303361416	9.12634975463152
240.1052404642105	28.89568718522787
230.04901103675365	18.839457757771015
227.87545654922724	16.6659032702446
188.55525312572718	-22.654300153255463
212.57756650447845	1.3680132254958153
214.45746133476496	3.247908055782318
189.93324204534292	-21.276311233639717
228.9179811179638	17.70842783898115
217.2684631496668	6.058909870684147
200.66672472655773	-10.542828552424908
214.95949084311724	3.749937564134598
245.07827646285295	33.868723183870316
216.86457063257694	5.655017353594303
168.96307300776243	-42.24648027122021
189.36513280123472	-21.844420477747917
183.50525006651878	-27.704303212463856
209.8481959849596	-1.361357294023037
190.22152261435986	-20.988030664622784
187.7265399172902	-23.48301336169243
202.27649004757404	-8.933063231408596
194.97309208661318	-16.23646119236946
193.59620190411806	-17.61335137486458
224.75571607798338	13.54616279900074
235.18687546998262	23.977322190999985
211.54782129824162	0.338268019258976
207.34646328538656	-3.863089993596077
219.2602572441101	8.050703965127468
184.93500044941902	-26.274552829563618
251.14369335770607	39.93414007872343
192.74745996296406	-18.46209331601858
187.9224603101611	-23.287092968821526
225.20026084035635	13.99070756137371
233.82296495884657	22.61341167986393
224.48794811964035	13.278394840657711
226.03713670372963	14.82758342474699
191.9744024798274	-19.235150799155235
209.36849342286587	-1.8410598561167717
204.12958379089832	-7.079969488084316
210.0798975303769	-1.1296557486057281
206.16404181718826	-5.045511461794376
232.5471915230155	21.33763824403286
232.43989328294992	21.230340003967285
217.985765658319	6.776212379336357
154.8004196062684	-56.40913367271423
199.37683065235615	-11.832722626626492
235.5231789574027	24.313625678420067
193.40447901934385	-17.805074259638786
236.50386759638786	25.294314317405224
226.35520923882723	15.14565595984459
232.5904148221016	21.380861543118954
198.4170164987445	-12.792536780238152
207.36381673812866	-3.845736540853977
169.3724577948451	-41.837095484137535
218.76153122633696	7.551977947354317
194.3261074796319	-16.88344579935074
228.2053439989686	16.995790719985962
221.25374179333448	10.044188514351845
182.67111959308386	-28.53843368589878
193.01444533467293	-18.19510794430971
206.75818430632353	-4.451368972659111
241.21511351317167	30.005560234189034
207.88917323946953	-3.320380039513111
218.0503489971161	6.8407957181334496
234.12868044525385	22.91912716627121
214.74282477796078	3.533271498978138
198.99190770834684	-12.217645570635796
189.74514536559582	-21.46440791338682
188.0532308742404	-23.15632240474224
224.29455813765526	13.085004858672619
220.15848838537931	8.948935106396675
175.36102405935526	-35.84852921962738
215.7238913103938	4.514338031411171
243.92344465106726	32.71389137208462
237.27467734366655	26.065124064683914
171.60649080574512	-39.603062473237514
227.40221981704235	16.19266653805971
208.2531025260687	-2.956450752913952
217.64933539181948	6.439782112836838
178.3039782345295	-32.905575044453144
234.9403358772397	23.730782598257065
186.4365706294775	-24.77298264950514
236.8778284713626	25.66827519237995
179.57596676051617	-31.633586518466473
214.89744967222214	3.687896393239498
220.960188023746	9.750634744763374
210.39295081794262	-0.81660246104002
193.50462608784437	-17.704927191138268
198.2599874958396	-12.949565783143044
181.1299480125308	-30.079605266451836
204.3964536190033	-6.813099659979343
205.10137644410133	-6.108176834881306
222.9191426113248	11.709589332342148
181.37707352638245	-29.832479752600193
196.17102243751287	-15.038530841469765
201.57541844248772	-9.634134836494923
218.9713082537055	7.761754974722862
226.44455505907536	15.235001780092716
219.7566783130169	8.547125034034252
228.76050597429276	17.550952695310116
212.81444240361452	1.6048891246318817
221.00916981697083	9.799616537988186
189.07119866460562	-22.138354614377022
197.6615581214428	-13.547995157539845
180.40645926445723	-30.803094014525414
205.63602980971336	-5.573523469269276
202.4977436438203	-8.711809635162354
205.3999157845974	-5.8096374943852425
235.55837413668633	24.348820857703686
245.97358713299036	34.76403385400772
198.42405866086483	-12.78549461811781
197.65988525748253	-13.54966802150011
203.7845692783594	-7.424984000623226
171.03393904864788	-40.17561423033476
191.59562204778194	-19.613931231200695
205.0721404850483	-6.137412793934345
198.93982046842575	-12.269732810556889
208.5098503381014	-2.6997029408812523
196.42387042939663	-14.78568284958601
222.0968370512128	10.887283772230148
215.26174600422382	4.052192725241184
197.44602473080158	-13.763528548181057
197.61268481612206	-13.596868462860584
220.61821095645428	9.408657677471638
219.96459110826254	8.7550378292799
219.62256902456284	8.413015745580196
217.31027095019817	6.100717671215534
199.92002778500319	-11.289525493979454
214.03514892607927	2.825595647096634
215.22563218325377	4.016078904271126
194.25351570546627	-16.95603757351637
167.0461257174611	-44.16342756152153
196.57846058160067	-14.631092697381973
177.72677852213383	-33.48277475684881
206.4612608924508	-4.74829238653183
219.85501179099083	8.64545851200819
239.7130970209837	28.503543742001057
190.6820329129696	-20.52752036601305
158.96871419250965	-52.24083908647299
192.02160258591175	-19.18795069307089
236.47029746323824	25.2607441842556
208.71802910417318	-2.491524174809456
228.68767330050468	17.478120021522045
203.57453543692827	-7.635017842054367
235.92833594977856	24.718782670795918
203.28488428145647	-7.924668997526169
232.06563629209995	20.856083013117313
198.37365543842316	-12.835897840559483
205.99008920043707	-5.21946407854557
241.32721131294966	30.117658033967018
195.14671295136213	-16.062840327620506
239.49920024722815	28.289646968245506
215.78676579147577	4.5772125124931335
188.72567415237427	-22.48387912660837
178.05755424499512	-33.15199903398752
216.46475107222795	5.2551977932453156
199.0877130255103	-12.121840253472328
250.83150052279234	39.6219472438097
251.84481636434793	40.635263085365295
197.05980470776558	-14.14974857121706
231.86900696903467	20.659453690052032
231.93783651292324	20.7282832339406
200.62724183499813	-10.582311443984509
183.64258456975222	-27.566968709230423
230.5243084654212	19.31475518643856
239.47293308377266	28.26337980479002
190.71212892979383	-20.497424349188805
210.35220404714346	-0.85734923183918
203.15760546177626	-8.051947817206383
199.45186657458544	-11.757686704397202
219.20726238191128	7.9977091029286385
223.32081008702517	12.111256808042526
233.03982011973858	21.83026684075594
246.60902427136898	35.39947099238634
185.73378406465054	-25.475769214332104
194.66889920830727	-16.540654070675373
185.82489859312773	-25.384654685854912
224.93906196206808	13.729508683085442
239.5544432848692	28.344890005886555
201.9687570258975	-9.240796253085136
210.70623087137938	-0.5033224076032639
187.530930057168	-23.678623221814632
223.37361431121826	12.164061032235622
217.17939860373735	5.969845324754715
187.6205517053604	-23.589001573622227
220.4432653710246	9.23371209204197
207.674517467618	-3.5350358113646507
204.01059760153294	-7.198955677449703
212.2849236652255	1.0753703862428665
178.18463490903378	-33.024918369948864
225.2074317112565	13.997878432273865
192.00423120707273	-19.205322071909904
207.6656495630741	-3.5439037159085274
205.44254037737846	-5.767012901604176
216.40685971826315	5.19730643928051
206.7597333341837	-4.449819944798946
208.05586575716734	-3.1536875218153
218.09764529764652	6.888092018663883
217.13488741964102	5.925334140658379
209.4489390105009	-1.7606142684817314
211.29506300389767	0.08550972491502762
243.17578606307507	31.966232784092426
223.04092383384705	11.831370554864407
188.27476961910725	-22.934783659875393
171.68215065449476	-39.52740262448788
234.40281685441732	23.193263575434685
180.5021655485034	-30.70738773047924
230.96765157580376	19.758098296821117
222.45791390538216	11.248360626399517
224.5655162334442	13.355962954461575
161.5185118690133	-49.69104140996933
217.6943730711937	6.484819792211056
240.8735494762659	29.663996197283268
238.8792566359043	27.669703356921673
208.03265853226185	-3.176894746720791
189.8542849496007	-21.355268329381943
267.1373129710555	55.92775969207287
197.5811968743801	-13.628356404602528
183.83538408577442	-27.374169193208218
221.2539087459445	10.04435546696186
196.09022514522076	-15.119328133761883
198.7102396413684	-12.49931363761425
257.5340985953808	46.324545316398144
246.43955002725124	35.229996748268604
208.25209570676088	-2.957457572221756
181.8539799451828	-29.35557333379984
193.9697666466236	-17.239786632359028
223.855696760118	12.646143481135368
217.87767155468464	6.668118275702
215.54269438236952	4.333141103386879
185.4436662197113	-25.765887059271336
204.31928941607475	-6.8902638629078865
192.1691545471549	-19.040398731827736
212.2392881810665	1.0297349020838737
212.4050845876336	1.1955313086509705
221.6277997493744	10.41824647039175
182.96877506375313	-28.24077821522951
210.46735759824514	-0.7421956807374954
224.92030842602253	13.71075514703989
216.6872389614582	5.477685682475567
236.00410931557417	24.79455603659153
221.3624643459916	10.152911067008972
205.93941661715508	-5.270136661827564
246.79277000576258	35.58321672677994
190.1768111437559	-21.032742135226727
222.36449985206127	11.154946573078632
213.355791606009	2.146238327026367
185.27589747309685	-25.933655805885792
222.75509360432625	11.545540325343609
264.1413763165474	52.931823037564754
209.27257861942053	-1.936974659562111
250.65123011916876	39.44167684018612
217.12193300575018	5.91237972676754
254.35169903188944	43.1421457529068
233.9472856670618	22.737732388079166
190.615123398602	-20.59442988038063
214.4828235656023	3.2732702866196632
198.5959818661213	-12.613571412861347
184.78595213592052	-26.423601143062115
207.05077474564314	-4.1587785333395
208.75696159899235	-2.4525916799902916
185.9769319742918	-25.232621304690838
213.32868506014347	2.1191317811608315
209.92496689409018	-1.2845863848924637
220.80281457304955	9.593261294066906
191.3149814233184	-19.894571855664253
236.953101888299	25.74354860931635
180.97767744213343	-30.231875836849213
193.06843750923872	-18.14111576974392
195.99644269049168	-15.213110588490963
197.34298951923847	-13.866563759744167
230.48553563654423	19.27598235756159
194.4933172389865	-16.716236039996147
180.9230415970087	-30.286511681973934
207.57966353744268	-3.629889741539955
213.24430142343044	2.0347481444478035
203.00376504659653	-8.205788232386112
246.4155845567584	35.206031277775764
224.71018996834755	13.50063668936491
188.12110303342342	-23.088450245559216
207.3039519712329	-3.9056013077497482
225.12248296290636	13.912929683923721
197.6104817017913	-13.599071577191353
194.65063685923815	-16.55891641974449
225.68928065150976	14.479727372527122
208.65601760149002	-2.5535356774926186
172.46815208345652	-38.74140119552612
196.6177780032158	-14.59177527576685
236.60823610424995	25.398682825267315
197.06068890541792	-14.14886437356472
204.92519921064377	-6.284354068338871
190.68251928687096	-20.527033992111683
196.7907499074936	-14.418803371489048
186.79004289209843	-24.419510386884212
221.69837859272957	10.48882531374693
179.96158001571894	-31.247973263263702
218.70466362684965	7.495110347867012
166.01026791334152	-45.19928536564112
209.46211925894022	-1.7474340200424194
179.56767097115517	-31.641882307827473
185.07033817470074	-26.139215104281902
244.02049162238836	32.810938343405724
223.38812316209078	12.178569883108139
214.17377748340368	2.9642242044210434
212.84037835896015	1.6308250799775124
201.97156235575676	-9.23799092322588
239.89406979084015	28.68451651185751
231.9567957893014	20.747242510318756
222.93586886674166	11.726315587759018
185.90915367007256	-25.300399608910084
221.98419795185328	10.774644672870636
217.57275284826756	6.363199569284916
197.9340744689107	-13.275478810071945
240.21344655752182	29.00389327853918
224.64474011957645	13.435186840593815
246.16217198967934	34.9526187106967
207.20922015607357	-4.000333122909069
224.63002264499664	13.420469366014004
222.30748561024666	11.097932331264019
211.6027237996459	0.3931705206632614
202.3339887186885	-8.875564560294151
201.62344162911177	-9.586111649870872
210.13684128969908	-1.0727119892835617
176.83722677081823	-34.372326508164406
213.32931394129992	2.119760662317276
187.73368098586798	-23.475872293114662
203.81264588981867	-7.396907389163971
199.76818285137415	-11.44137042760849
233.13907977938652	21.92952650040388
212.07735704630613	0.867803767323494
227.5000363588333	16.290483079850674
215.4306639060378	4.221110627055168
217.28656248003244	6.077009201049805
226.87995935231447	15.670406073331833
217.0096136778593	5.800060398876667
186.4068426862359	-24.802710592746735
218.57689344137907	7.367340162396431
257.25743965804577	46.04788637906313
202.87741714715958	-8.332136131823063
141.70018508285284	-69.5093681961298
236.80455762147903	25.595004342496395
221.90064618736506	10.691092908382416
228.36697820574045	17.157424926757812
201.98940707743168	-9.22014620155096
176.22407339513302	-34.98547988384962
228.63439545035362	17.424842171370983
211.8901744633913	0.6806211844086647
195.36412350088358	-15.84542977809906
233.18595607578754	21.976402796804905
200.64641459286213	-10.56313868612051
226.18478049337864	14.975227214396
236.7335340678692	25.523980788886547
247.34498205035925	36.13542877137661
186.39552746713161	-24.814025811851025
203.92080998420715	-7.288743294775486
197.61067616194487	-13.598877117037773
210.7932899966836	-0.41626328229904175
201.8199008628726	-9.389652416110039
168.11237520724535	-43.09717807173729
232.1212513372302	20.911698058247566
210.63645999133587	-0.5730932876467705
207.46381138265133	-3.7457418963313103
225.6746403053403	14.46508702635765
199.37827513366938	-11.831278145313263
233.15955955535173	21.950006276369095
244.84988783299923	33.64033455401659
187.86482413858175	-23.344729140400887
216.42289689183235	5.213343612849712
204.34060703217983	-6.868946246802807
205.09376122802496	-6.11579205095768
200.40499529987574	-10.804557979106903
226.8128301501274	15.603276871144772
172.93667508661747	-38.27287819236517
214.4246127307415	3.2150594517588615
214.24580404162407	3.03625076264143
231.03791787475348	19.828364595770836
201.26999428123236	-9.939558997750282
209.81039180606604	-1.399161472916603
217.44609661400318	6.236543335020542
204.8403374403715	-6.369215838611126
198.57376298308372	-12.635790295898914
206.4925865828991	-4.716966696083546
222.00799810886383	10.798444829881191
226.57484576106071	15.365292482078075
205.198470659554	-6.011082619428635
219.7796906232834	8.570137344300747
209.52585691213608	-1.6836963668465614
199.06009881943464	-12.149454459547997
200.9946639239788	-10.214889355003834
231.50411189347506	20.294558614492416
202.4680540561676	-8.741499222815037
191.20106127113104	-20.0084920078516
198.4859048947692	-12.723648384213448
202.90647762268782	-8.303075656294823
243.30942171812057	32.099868439137936
208.27868446707726	-2.930868811905384
232.22001864761114	21.010465368628502
189.57179912924767	-21.637754149734974
203.40885288268328	-7.800700396299362
208.3184656277299	-2.8910876512527466
228.33017371594906	17.12062043696642
215.21870570629835	4.009152427315712
239.5377939939499	28.32824071496725
216.91427540779114	5.704722128808498
202.8497596681118	-8.359793610870838
199.1862030401826	-12.023350238800049
222.65763049572706	11.448077216744423
202.92757453024387	-8.281978748738766
209.28786106407642	-1.9216922149062157
216.98984081298113	5.780287533998489
226.6266372576356	15.417083978652954
209.08186046779156	-2.127692811191082
256.57635137438774	45.3667980954051
223.35166281461716	12.142109535634518
227.18839617073536	15.97884289175272
225.61740216612816	14.40784888714552
204.8816896751523	-6.3278636038303375
230.05065436661243	18.841101087629795
234.27209953963757	23.062546260654926
214.3748159483075	3.165262669324875
209.02409491688013	-2.1854583621025085
195.62996427714825	-15.579589001834393
229.15423972159624	17.9446864426136
216.15732913464308	4.9477758556604385
213.84288654476404	2.6333332657814026
173.56900392472744	-37.6405493542552
219.59888760000467	8.389334321022034
193.98618061840534	-17.223372660577297
215.89410270005465	4.684549421072006
183.42729777097702	-27.78225550800562
213.792449593544	2.582896314561367
201.53920704871416	-9.670346230268478
196.86126147955656	-14.348291799426079
210.60161542892456	-0.6079378500580788
208.55386486649513	-2.655688412487507
202.33588376641273	-8.873669512569904
202.6791606247425	-8.530392654240131
177.8868835940957	-33.32266968488693
218.9673988968134	7.757845617830753
191.57872962206602	-19.63082365691662
187.76838978379965	-23.44116349518299
214.8603783622384	3.650825083255768
204.8783290758729	-6.331224203109741
198.26113710552454	-12.9484161734581
241.4543129876256	30.24475970864296
217.0641634389758	5.854610159993172
198.66677296161652	-12.542780317366123
196.15395104140043	-15.055602237582207
226.28300331532955	15.073450036346912
213.07376524060965	1.8642119616270065
204.5091381818056	-6.700415097177029
216.74207673966885	5.532523460686207
246.72194710373878	35.512393824756145
211.32284715771675	0.11329387873411179
185.57908092439175	-25.630472354590893
206.24200173467398	-4.967551544308662
190.36503548920155	-20.844517789781094
188.6456403285265	-22.563912950456142
210.5007578060031	-0.7087954729795456
236.78135760128498	25.57180432230234
187.81625127792358	-23.393302001059055
237.35093201696873	26.141378737986088
195.7646575346589	-15.44489574432373
188.4464375153184	-22.763115763664246
220.0903409793973	8.880787700414658
188.678757712245	-22.530795566737652
236.79939801990986	25.58984474092722
206.9096148982644	-4.299938380718231
241.5503199622035	30.340766683220863
210.13540644943714	-1.074146829545498
189.3665699288249	-21.842983350157738
209.5046988427639	-1.7048544362187386
205.66651745140553	-5.543035827577114
174.53575675934553	-36.67379651963711
205.46977154165506	-5.739781737327576
219.4822149053216	8.272661626338959
220.64594843238592	9.436395153403282
202.75456482172012	-8.454988457262516
208.85171992331743	-2.357833355665207
217.43914111703634	6.229587838053703
176.79777011275291	-34.411783166229725
232.77476938068867	21.565216101706028
242.76165534555912	31.55210206657648
217.03396444767714	5.824411168694496
206.5471579283476	-4.662395350635052
206.743638522923	-4.465914756059647
196.04505463689566	-15.164498642086983
214.63236302882433	3.42280974984169
203.07231724262238	-8.137236036360264
208.00363489240408	-3.20591838657856
182.68998603522778	-28.519567243754864
216.09184466302395	4.882291384041309
211.5701140165329	0.36056073755025864
208.68425007909536	-2.5253031998872757
212.4561556428671	1.246602363884449
175.41958675533533	-35.78996652364731
206.84824572503567	-4.361307553946972
166.40801565349102	-44.80153762549162
196.7509402781725	-14.458613000810146
207.35942006111145	-3.850133217871189
214.58495607227087	3.375402793288231
187.64014216512442	-23.569411113858223
217.2432787641883	6.03372548520565
223.58660709112883	12.377053812146187
210.27023825794458	-0.9393150210380554
205.9520549029112	-5.257498376071453
247.48026000708342	36.27070672810078
189.45310869067907	-21.756444588303566
172.78266338258982	-38.42688989639282
220.44335769861937	9.233804419636726
208.56591277569532	-2.6436405032873154
200.7479035705328	-10.46164970844984
188.9985179528594	-22.211035326123238
195.24273778498173	-15.966815494000912
207.8427538201213	-3.366799458861351
244.37738602608442	33.167832747101784
188.01351013034582	-23.196043148636818
197.0610385686159	-14.148514710366726
177.7959844842553	-33.413568794727325
245.21733624488115	34.007782965898514
187.07337954640388	-24.136173732578754
241.87388183176517	30.664328552782536
208.60949466377497	-2.600058615207672
195.0794519111514	-16.13010136783123
209.07244384288788	-2.137109436094761
220.49979462474585	9.290241345763206
238.18268332630396	26.97313004732132
169.51024919748306	-41.69930408149958
198.45532435178757	-12.754228927195072
201.10706178843975	-10.102491490542889
208.85478099435568	-2.3547722846269608
218.0981279015541	6.888574622571468
193.70378125458956	-17.50577202439308
228.76224146038294	17.5526881814003
237.64404118061066	26.434487901628017
210.49657353758812	-0.7129797413945198
195.33836947381496	-15.871183805167675
205.6478719189763	-5.561681360006332
202.9397757872939	-8.269777491688728
203.49455673247576	-7.714996546506882
233.76465071737766	22.555097438395023
204.77134408056736	-6.438209198415279
229.3498688787222	18.14031559973955
205.85397651791573	-5.355576761066914
196.2178377509117	-14.991715528070927
210.08901257812977	-1.120540700852871
186.3389164879918	-24.87063679099083
234.43612584471703	23.226572565734386
222.6906682997942	11.481115020811558
224.25947318971157	13.049919910728931
157.93047510832548	-53.27907817065716
221.2125983685255	10.003045089542866
178.9521147608757	-32.25743851810694
190.02487098425627	-21.18468229472637
191.12802041321993	-20.08153286576271
209.72880440950394	-1.4807488694787025
216.85940027981997	5.649847000837326
210.2332912310958	-0.9762620478868484
212.12624233961105	0.9166890606284142
210.41011383384466	-0.7994394451379776
220.08426869660616	8.87471541762352
180.67804514616728	-30.53150813281536
223.6603426337242	12.450789354741573
227.09597066789865	15.886417388916016
226.05167608708143	14.842122808098793
225.43279603123665	14.22324275225401
217.27299939095974	6.0634461119771
211.50213419646025	0.2925809174776077
183.64418845623732	-27.565364822745323
191.93413950502872	-19.275413773953915
230.12940713763237	18.91985385864973
239.29730654507875	28.087753266096115
216.9774879515171	5.767934672534466
197.0423004925251	-14.167252786457539
207.212374471128	-3.9971788078546524
211.42929785698652	0.21974457800388336
226.8968604132533	15.687307134270668
213.02067856490612	1.811125285923481
191.49864710867405	-19.71090617030859
246.76021571457386	35.55066243559122
215.21300488710403	4.003451608121395
222.96615152806044	11.756598249077797
183.3384059816599	-27.87114729732275
188.99330515414476	-22.216248124837875
219.8113805577159	8.601827278733253
220.05943623185158	8.849882952868938
233.52006059885025	22.31050731986761
213.9450406730175	2.7354873940348625
194.89617490768433	-16.313378371298313
205.849501170218	-5.360052108764648
200.33973249793053	-10.869820781052113
203.29810383170843	-7.911449447274208
226.6445810869336	15.435027807950974
219.35110887140036	8.141555592417717
199.39395248144865	-11.815600797533989
180.2782924771309	-30.93126080185175
221.63260933756828	10.423056058585644
211.64819516986609	0.43864189088344574
175.89188768714666	-35.317665591835976
195.2179819047451	-15.991571374237537
242.82475252449512	31.615199245512486
182.79961778968573	-28.409935489296913
185.1527023613453	-26.056850917637348
207.25643888115883	-3.9531143978238106
217.28871696442366	6.079163685441017
231.87035696208477	20.66080368310213
208.40294825285673	-2.806605026125908
202.65857708454132	-8.550976194441319
207.92471247911453	-3.284840799868107
223.07459880411625	11.86504552513361
194.4889727756381	-16.720580503344536
239.52079989761114	28.311246618628502
204.65231581777334	-6.557237461209297
192.7266823425889	-18.482870936393738
215.02665621042252	3.8171029314398766
202.30463451892138	-8.904918760061264
213.18150773644447	1.971954457461834
235.49454633891582	24.284993059933186
197.6602079346776	-13.549345344305038
231.15135477483273	19.941801495850086
223.9227430894971	12.71318981051445
262.4198607429862	51.21030746400356
214.99585855007172	3.786305271089077
178.79017192870378	-32.419381350278854
194.7671194151044	-16.44243386387825
254.51497440040112	43.305421121418476
184.1237389445305	-27.085814334452152
207.68205988407135	-3.527493394911289
221.48192838579416	10.272375106811523
218.771005153656	7.5614518746733665
252.92592955380678	41.71637627482414
216.6851331591606	5.475579880177975
212.34117311239243	1.1316198334097862
218.58811515569687	7.37856187671423
226.68488930910826	15.475336030125618
205.6602007970214	-5.54935248196125
255.78397215902805	44.574418880045414
181.14798741787672	-30.06156586110592
205.45284917205572	-5.756704106926918
204.95993234217167	-6.24962093681097
246.82842315733433	35.61886987835169
234.4338058233261	23.22425254434347
239.71421173214912	28.504658453166485
186.87057583034039	-24.338977448642254
208.0343361645937	-3.1752171143889427
214.996786929667	3.7872336506843567
211.3781433403492	0.16859006136655807
214.98657581955194	3.7770225405693054
211.98397973924875	0.7744264602661133
213.95058614760637	2.7410328686237335
210.2972962036729	-0.9122570753097534
222.85547664016485	11.645923361182213
200.6204885467887	-10.589064732193947
214.54430847615004	3.3347551971673965
225.5492457896471	14.339692510664463
211.5444358959794	0.33488261699676514
230.62514655292034	19.415593273937702
206.3106032833457	-4.89894999563694
170.51709054410458	-40.69246273487806
208.6594793573022	-2.5500739216804504
194.87709064781666	-16.33246263116598
224.44953431934118	13.239981040358543
218.63800883293152	7.428455553948879
201.81087206304073	-9.398681215941906
221.93167482316494	10.7221215441823
226.75566167384386	15.546108394861221
224.539599314332	13.330046035349369
227.3754125535488	16.165859274566174
235.83299776911736	24.623444490134716
230.70597003400326	19.49641675502062
178.49542958289385	-32.71412369608879
204.98402301967144	-6.225530259311199
219.1023292466998	7.892775967717171
211.25037716329098	0.040823884308338165
237.2727668210864	26.063213542103767
181.96363034844398	-29.245922930538654
212.74219848960638	1.5326452106237411
216.35133161395788	5.141778334975243
181.61873944103718	-29.59081383794546
222.0556715130806	10.846118234097958
200.18032076209784	-11.029232516884804
218.83805015683174	7.628496877849102
211.61009372770786	0.40054044872522354
216.2314582914114	5.0219050124287605
212.77985364943743	1.5703003704547882
239.8279070109129	28.618353731930256
204.3827552869916	-6.826797991991043
147.18004158884287	-64.02951169013977
234.0632114559412	22.85365817695856
167.86329867690802	-43.34625460207462
219.9423389583826	8.732785679399967
204.1239461451769	-7.085607133805752
229.54744327813387	18.33788999915123
204.40647339820862	-6.803079880774021
182.61553018540144	-28.5940230935812
213.00320536643267	1.7936520874500275
202.91321618855	-8.296337090432644
207.88583007454872	-3.323723204433918
217.30883156508207	6.099278286099434
212.96548110246658	1.755927823483944
231.1064522638917	19.896898984909058
222.6073032170534	11.397749938070774
219.28066550195217	8.071112222969532
206.46751955896616	-4.7420337200164795
217.00230088829994	5.792747609317303
182.60736967623234	-28.6021836027503
213.08337956666946	1.8738262876868248
194.45695853978395	-16.752594739198685
217.37959925085306	6.170045971870422
138.84890017658472	-72.36065310239792
237.39218749850988	26.182634219527245
210.85331859439611	-0.35623468458652496
189.76987746357918	-21.43967581540346
217.52805329859257	6.318500019609928
191.789482973516	-19.420070305466652
187.18266540765762	-24.026887871325016
193.04621244221926	-18.163340836763382
214.59098084270954	3.381427563726902
236.3426807373762	25.133127458393574
213.17045971006155	1.9609064310789108
219.32703994959593	8.117486670613289
210.1725406050682	-1.0370126739144325
222.81820986419916	11.608656585216522
210.8610019683838	-0.34855131059885025
220.9127046763897	9.703151397407055
201.72863570600748	-9.480917572975159
219.59897778183222	8.389424502849579
225.98791109770536	14.778357818722725
212.72176051139832	1.5122072324156761
198.5877351462841	-12.621818132698536
196.59304396808147	-14.616509310901165
192.5170964077115	-18.692456871271133
222.90308316797018	11.693529888987541
212.19307158887386	0.9835183098912239
217.27331189066172	6.063758611679077
199.87657319754362	-11.332980081439018
190.9795212224126	-20.230032056570053
238.35548996925354	27.1459366902709
214.638696603477	3.429143324494362
192.48979702591896	-18.71975625306368
187.35431849211454	-23.855234786868095
226.91133288294077	15.70177960395813
211.39995747059584	0.19040419161319733
208.66380628943443	-2.5457469895482063
222.13886135816574	10.929308079183102
216.47634872049093	5.266795441508293
223.85184089839458	12.642287619411945
225.0653102695942	13.855756990611553
228.08365489542484	16.874101616442204
221.0787217915058	9.869168512523174
191.9671612009406	-19.24239207804203
220.61408692598343	9.40453364700079
213.11897484958172	1.9094215705990791
181.0009419247508	-30.208611354231834
209.8345691487193	-1.3749841302633286
236.67257141321898	25.463018134236336
182.95953905582428	-28.25001422315836
232.272428907454	21.062875628471375
229.47211629152298	18.26256301254034
214.43489906191826	3.2253457829356194
182.64823247492313	-28.561320804059505
219.58104524761438	8.371491968631744
212.5241954922676	1.3146422132849693
196.69538782536983	-14.514165453612804
215.54844264686108	4.338889367878437
235.3902999162674	24.180746637284756
223.66485305130482	12.455299772322178
213.8005131855607	2.590959906578064
196.44443476945162	-14.765118509531021
179.09244049340487	-32.117112785577774
230.4350481927395	19.225494913756847
219.0666624829173	7.8571092039346695
218.13362929224968	6.92407601326704
210.08172944933176	-1.127823829650879
195.58202522993088	-15.627528049051762
214.63196958601475	3.4224163070321083
211.2387791648507	0.02922588586807251
212.39438758045435	1.1848343014717102
231.59492805600166	20.385374777019024
199.22380598634481	-11.985747292637825
224.24446091800928	13.034907639026642
214.54628466814756	3.3367313891649246
179.2908619940281	-31.918691284954548
216.35193549096584	5.142382211983204
227.87532156705856	16.665768288075924
206.9003217741847	-4.3092315047979355
175.91814560443163	-35.29140767455101
225.20307459682226	13.993521317839622
202.35180225223303	-8.857751026749611
200.09906958788633	-11.110483691096306
169.04916767030954	-42.160385608673096
222.71507989615202	11.50552661716938
199.65661264955997	-11.552940629422665
193.90979240089655	-17.29976087808609
227.71082951128483	16.50127623230219
180.5985652282834	-30.610988050699234
198.99585028737783	-12.213702991604805
205.61670664697886	-5.592846632003784
227.06241458654404	15.852861307561398
215.8306281939149	4.621074914932251
219.8803964704275	8.670843191444874
199.51401162147522	-11.69554165750742
205.33634980767965	-5.873203471302986
184.00908367335796	-27.200469605624676
182.78828909993172	-28.421264179050922
189.5037241205573	-21.70582915842533
210.83817279338837	-0.3713804855942726
226.6505572423339	15.44100396335125
250.57950366288424	39.369950383901596
210.15827261656523	-1.0512806624174118
196.05903662741184	-15.150516651570797
223.68148052692413	12.471927247941494
221.37364361435175	10.16409033536911
236.17407400161028	24.96452072262764
213.85580881685019	2.646255537867546
215.51747299730778	4.307919718325138
238.37278401851654	27.1632307395339
230.62555575370789	19.416002474725246
209.6360389739275	-1.5735143050551414
205.83024108409882	-5.379312194883823
202.94254111498594	-8.267012163996696
203.67309130728245	-7.5364619717001915
205.22284176945686	-5.986711509525776
208.49838104099035	-2.7111722379922867
220.26114133000374	9.051588051021099
195.61043985933065	-15.599113419651985
202.75474262982607	-8.45481064915657
220.31965912133455	9.110105842351913
175.6528306901455	-35.55672258883715
214.86462146788836	3.655068188905716
239.0533645451069	27.84381126612425
228.82965068519115	17.620097406208515
165.40144436061382	-45.808108918368816
215.339015096426	4.129461817443371
216.82475771009922	5.615204431116581
188.28981747478247	-22.919735804200172
228.9896743297577	17.78012105077505
197.95842441916466	-13.251128859817982
231.06589726358652	19.856343984603882
232.96677263081074	21.7572193518281
184.19930405169725	-27.010249227285385
250.8311045244336	39.62155124545097
253.86008593440056	42.65053265541792
221.15148670226336	9.941933423280716
197.85944604873657	-13.350107230246067
232.24985007941723	21.04029680043459
219.4463920518756	8.236838772892952
191.02278666943312	-20.186766609549522
229.306487724185	18.09693444520235
197.75940132141113	-13.450151957571507
180.52897577732801	-30.680577501654625
212.4905830770731	1.281029798090458
168.93813793361187	-42.27141534537077
221.51464474201202	10.305091463029385
199.37350103259087	-11.836052246391773
186.38396760076284	-24.825585678219795
220.8142009973526	9.60464771836996
223.6814267039299	12.471873424947262
213.56194859743118	2.3523953184485435
187.8404936119914	-23.369059666991234
186.0272052437067	-25.182348035275936
219.68655721098185	8.477003931999207
224.15085490047932	12.941301621496677
193.11293820291758	-18.096615076065063
198.07300452888012	-13.13654875010252
205.84464345872402	-5.364909820258617
230.6594685614109	19.449915282428265
220.98965740948915	9.780104130506516
210.2015316337347	-1.0080216452479362
242.557411365211	31.34785808622837
212.8968686312437	1.6873153522610664
223.87605250626802	12.666499227285385
188.84614798426628	-22.363405294716358
239.45963387936354	28.250080600380898
225.04017893224955	13.830625653266907
205.48108160495758	-5.728471674025059
205.25232852250338	-5.957224756479263
209.90129262953997	-1.3082606494426727
206.1066131964326	-5.102940082550049
201.959616497159	-9.249936781823635
219.65559343248606	8.446040153503418
218.9719851911068	7.762431912124157
193.25389347970486	-17.955659799277782
235.0173208937049	23.807767614722252
206.07548711448908	-5.134066164493561
220.26672638207674	9.057173103094101
231.07248051464558	19.862927235662937
244.3002858683467	33.09073258936405
224.4943921789527	13.284838899970055
219.27590093761683	8.066347658634186
243.1082697957754	31.898716516792774
207.6602554395795	-3.5492978394031525
209.4603760316968	-1.749177247285843
237.3189265280962	26.10937324911356
239.66573441773653	28.45618113875389
196.8146894723177	-14.394863806664944
205.9331277757883	-5.276425503194332
204.78814533352852	-6.421407945454121
219.72933066636324	8.5197773873806
191.57674760371447	-19.632805675268173
185.91695376485586	-25.292599514126778
194.57661210745573	-16.63294117152691
178.672376409173	-32.53717686980963
188.95780152082443	-22.251751758158207
221.30369814485312	10.094144865870476
220.81942603737116	9.60987275838852
212.62722554057837	1.417672261595726
225.05323074758053	13.843677468597889
206.34358245879412	-4.865970820188522
237.4063417315483	26.19678845256567
217.10409051924944	5.8945372402668
239.04706932604313	27.83751604706049
225.99414210766554	14.7845888286829
198.14949048310518	-13.060062795877457
213.65600074082613	2.4464474618434906
198.17915887385607	-13.030394405126572
209.69246122986078	-1.5170920491218567
228.24600542336702	17.036452144384384
235.61229833215475	24.40274505317211
229.1821974813938	17.972644202411175
214.01440294086933	2.804849661886692
199.77107510715723	-11.438478171825409
221.19935106486082	9.989797785878181
244.0923718586564	32.88281857967377
214.31835867464542	3.1088053956627846
215.2566142603755	4.04706098139286
221.2676000148058	10.058046735823154
244.07896304130554	32.8694097623229
224.93649324029684	13.726939961314201
220.34186033159494	9.132307052612305
207.00516971200705	-4.204383566975594
188.49256641417742	-22.71698686480522
222.07319620996714	10.863642930984497
161.57387854903936	-49.635674729943275
215.94907764345407	4.7395243644714355
190.4610000178218	-20.74855326116085
216.38674300163984	5.177189722657204
199.66186198592186	-11.54769129306078
179.6759621426463	-31.533591136336327
196.60309528559446	-14.606457993388176
229.25859231501818	18.049039036035538
181.88168266415596	-29.32787061482668
209.95829191803932	-1.2512613609433174
251.9240640848875	40.714510805904865
182.460379332304	-28.74917394667864
201.81167472153902	-9.397878557443619
237.52475571632385	26.315202437341213
218.59238785505295	7.382834576070309
220.4478008300066	9.23824755102396
191.82853090018034	-19.3810223788023
232.2924830466509	21.082929767668247
184.6401362195611	-26.56941705942154
194.01868663728237	-17.190866641700268
191.80707492679358	-19.402478352189064
220.09321520477533	8.883661925792694
198.9706647694111	-12.238888509571552
211.79990211129189	0.5903488323092461
225.71318516135216	14.503631882369518
207.99725982546806	-3.212293453514576
226.97660111635923	15.767047837376595
210.27239552140236	-0.9371577575802803
199.53316686302423	-11.676386415958405
219.81203681975603	8.602483540773392
182.86223854124546	-28.34731473773718
232.3030401021242	21.093486823141575
237.25028562545776	26.040732346475124
215.76241394132376	4.552860662341118
217.18644854426384	5.9768952652812
191.65718510746956	-19.55236817151308
200.15164295583963	-11.057910323143005
211.23281801491976	0.02326473593711853
219.95245737582445	8.742904096841812
221.71900713443756	10.509453855454922
231.1022553294897	19.89270205050707
250.3318581879139	39.122304908931255
187.16113013029099	-24.048423148691654
218.42651677131653	7.216963492333889
239.8517386764288	28.642185397446156
228.33656702190638	17.127013742923737
218.25907766073942	7.0495243817567825
182.5435969904065	-28.665956288576126
211.51434041559696	0.30478713661432266
223.28643634915352	12.07688307017088
213.83103965222836	2.621486373245716
206.89784421026707	-4.311709068715572
222.068280890584	10.858727611601353
205.98698046803474	-5.222572810947895
223.0518016219139	11.84224834293127
239.9809534177184	28.77140013873577
201.11798964440823	-10.091563634574413
236.66428338736296	25.454730108380318
242.04935763031244	30.839804351329803
175.22553012520075	-35.98402315378189
211.40907031297684	0.19951703399419785
216.4810276478529	5.271474368870258
223.72205360233784	12.512500323355198
238.77312252670527	27.563569247722626
213.23449438810349	2.024941109120846
237.14789560437202	25.938342325389385
226.88615402579308	15.676600746810436
246.3526870906353	35.14313381165266
199.86880034953356	-11.340752929449081
202.86274411529303	-8.346809163689613
181.96185141801834	-29.2477018609643
205.92888817936182	-5.280665099620819
213.34069678932428	2.1311435103416443
239.4409228041768	28.231369525194168
224.32718208432198	13.117628805339336
195.82491824030876	-15.384635038673878
218.11759106069803	6.908037781715393
193.2124225050211	-17.997130773961544
224.52345702797174	13.313903748989105
198.6701099574566	-12.53944332152605
208.78653199970722	-2.4230212792754173
238.71068708598614	27.501133807003498
193.5590884461999	-17.650464832782745
254.09961450099945	42.89006122201681
241.62603528052568	30.416482001543045
206.80408727377653	-4.405466005206108
207.0033107921481	-4.206242486834526
219.89531901478767	8.685765735805035
199.94940339028835	-11.260149888694286
178.8725963011384	-32.33695697784424
248.89827493578196	37.688721656799316
213.80125423520803	2.591700956225395
212.1184338182211	0.9088805392384529
208.1075546219945	-3.101998656988144
215.83232201635838	4.622768737375736
205.9108079224825	-5.298745356500149
256.68558913469315	45.476035855710506
203.13128493726254	-8.078268341720104
233.58869925886393	22.379145979881287
198.3508243560791	-12.858728922903538
201.21676252037287	-9.992790758609772
199.13136865198612	-12.078184626996517
215.30438632518053	4.094833046197891
209.35958407074213	-1.849969208240509
228.20288745313883	16.99333417415619
189.8919412791729	-21.317611999809742
191.20340148359537	-20.006151795387268
216.35335207730532	5.143798798322678
257.1072052195668	45.89765194058418
209.97437028586864	-1.2351829931139946
207.55027090758085	-3.659282371401787
231.46859077364206	20.259037494659424
212.1186148300767	0.9090615510940552
199.71430119872093	-11.495252080261707
199.31351436674595	-11.89603891223669
244.9336642548442	33.72411097586155
211.00326967984438	-0.2062835991382599
169.63583067804575	-41.57372260093689
228.60800564289093	17.39845236390829
215.3880491927266	4.178495913743973
206.36499281972647	-4.844560459256172
205.09136471152306	-6.118188567459583
213.47662084549665	2.267067566514015
203.9285296201706	-7.281023658812046
215.554889857769	4.345336578786373
221.53373105823994	10.324177779257298
223.18602892756462	11.976475648581982
207.13697884976864	-4.072574429214001
175.4293246343732	-35.78022864460945
222.0971756055951	10.887622326612473
241.51387953013182	30.304326251149178
210.2895282357931	-0.9200250431895256
194.00303229689598	-17.20652098208666
197.02168418467045	-14.187869094312191
201.38679518550634	-9.822758093476295
242.73848320543766	31.52892992645502
223.04886089265347	11.839307613670826
198.15253768861294	-13.057015590369701
171.76077018678188	-39.448783092200756
202.91610604524612	-8.293447233736515
168.88923838734627	-42.32031489163637
174.80381135642529	-36.405741922557354
241.50587324798107	30.296319968998432
228.60497561097145	17.39542233198881
175.73886512219906	-35.47068815678358
229.44861470162868	18.239061422646046
208.20278239250183	-3.0067708864808083
189.08655550330877	-22.122997775673866
216.7520999982953	5.542546719312668
188.3053758442402	-22.90417743474245
234.86829333752394	23.658740058541298
217.0566707327962	5.847117453813553
222.85993812978268	11.650384850800037
235.04597637802362	23.836423099040985
222.79626009613276	11.586706817150116
192.35449494421482	-18.85505833476782
219.99401097744703	8.784457698464394
203.9890340194106	-7.220519259572029
223.80141106247902	12.59185778349638
182.41053345054388	-28.79901982843876
198.49668268114328	-12.712870597839355
243.3625176101923	32.15296433120966
234.68682096898556	23.47726769000292
207.7329575046897	-3.476595774292946
222.34203758090734	11.132484301924706
213.08920408040285	1.8796508014202118
217.31404963880777	6.104496359825134
246.23334968090057	35.023796401917934
236.254422403872	25.044869124889374
201.02330789715052	-10.186245381832123
240.0834794268012	28.873926147818565
193.55745192617178	-17.65210135281086
178.86694062501192	-32.34261265397072
190.72147800773382	-20.488075271248817
194.12525318562984	-17.084300093352795
206.90109679847956	-4.308456480503082
186.20583142340183	-25.003721855580807
200.68863857537508	-10.52091470360756
172.0297477915883	-39.17980548739433
214.18803127855062	2.9784779995679855
239.21817469596863	28.00862141698599
181.99339485168457	-29.21615842729807
156.87839839607477	-54.33115488290787
246.18145947158337	34.97190619260073
229.1162548288703	17.906701549887657
214.69595370441675	3.4864004254341125
231.60056748241186	20.391014203429222
224.1198235452175	12.910270266234875
231.74033347517252	20.53078019618988
253.76217770576477	42.55262442678213
182.8343771919608	-28.375176087021828
221.12437642365694	9.914823144674301
234.92055089771748	23.710997618734837
205.61822206526995	-5.591331213712692
191.02609396725893	-20.18345931172371
192.9875575825572	-18.221995696425438
242.07438728958368	30.864834010601044
160.18318673968315	-51.02636653929949
207.0077028274536	-4.201850451529026
191.71199196577072	-19.497561313211918
221.4763829037547	10.266829624772072
231.23766387999058	20.02811060100794
191.24041213840246	-19.969141140580177
187.96979964524508	-23.239753633737564
223.91987062990665	12.710317350924015
218.15118226408958	6.941628985106945
229.44490755349398	18.235354274511337
218.2322652414441	7.022711962461472
217.6572266742587	6.44767339527607
228.2907267138362	17.081173434853554
207.38731215894222	-3.8222411200404167
208.71371497958899	-2.495838299393654
222.69751389324665	11.487960614264011
195.76650154590607	-15.443051733076572
220.12454050779343	8.914987228810787
207.77833573520184	-3.4312175437808037
243.451461866498	32.241908587515354
212.3974393159151	1.1878860369324684
225.01543422788382	13.805880948901176
180.23700261116028	-30.97255066782236
211.24346213787794	0.03390885889530182
207.8692850396037	-3.340268239378929
224.26566266268492	13.056109383702278
205.575343683362	-5.634209595620632
217.62357664108276	6.414023362100124
212.39530742168427	1.1857541427016258
232.39422548562288	21.184672206640244
187.59562762081623	-23.61392565816641
214.7446111664176	3.5350578874349594
222.06893724948168	10.859383970499039
219.9811139255762	8.77156064659357
189.45139054954052	-21.75816272944212
166.17989902943373	-45.02965424954891
232.63769305497408	21.42813977599144
178.75522219389677	-32.45433108508587
198.73486003279686	-12.47469324618578
180.19008141756058	-31.019471861422062
227.94754910469055	16.737995825707912
239.63396210968494	28.424408830702305
220.54812297970057	9.338569700717926
218.5929362103343	7.383382931351662
219.47236005961895	8.26280678063631
223.62636273354292	12.41680945456028
213.07422161102295	1.86466833204031
185.13393381237984	-26.075619466602802
214.3420786112547	3.1325253322720528
221.123342320323	9.913789041340351
214.10093297064304	2.891379691660404
202.11120104044676	-9.098352238535881
208.81889759004116	-2.3906556889414787
211.0575026422739	-0.15205063670873642
191.4690988138318	-19.740454465150833
214.01990496367216	2.810351684689522
243.41435386240482	32.204800583422184
236.16094471514225	24.95139143615961
203.84424290806055	-7.365310370922089
211.67786944657564	0.4683161675930023
202.63598130643368	-8.573571972548962
207.8462476655841	-3.363305613398552
220.33457405865192	9.125020779669285
206.90800212323666	-4.301551155745983
238.19615488499403	26.98660160601139
243.22575817257166	32.01620489358902
206.17970670759678	-5.02984657138586
207.8200930133462	-3.389460265636444
235.3236519768834	24.114098697900772
184.520802795887	-26.688750483095646
201.64524307101965	-9.56431020796299
228.5832796022296	17.373726323246956
222.31362408399582	11.10407080501318
237.1703615859151	25.96080830693245
223.94985212385654	12.740298844873905
262.23361418396235	51.024060904979706
186.40390752255917	-24.805645756423473
206.59313939511776	-4.61641388386488
219.3508646339178	8.14131135493517
192.18141413480043	-19.028139144182205
196.2505904659629	-14.958962813019753
197.97708997130394	-13.2324633076787
231.76933492720127	20.55978164821863
191.6800251454115	-19.529528133571148
221.507532261312	10.297978982329369
218.67894863337278	7.469395354390144
201.82462866604328	-9.384924612939358
243.5888562053442	32.37930292636156
211.79728788137436	0.5877346023917198
216.87316673994064	5.663613460958004
245.99027255177498	34.78071927279234
188.0755998119712	-23.13395346701145
197.0838432535529	-14.125710025429726
190.7649483755231	-20.44460490345955
162.84468737989664	-48.364865899086
190.5512411594391	-20.658312119543552
207.58785538375378	-3.6216978952288628
191.84386356920004	-19.3656897097826
200.76883506029844	-10.440718218684196
185.5558908507228	-25.65366242825985
221.60775327682495	10.398199997842312
195.80428950488567	-15.405263774096966
205.83443722128868	-5.375116057693958
220.19789050519466	8.988337226212025
204.42781903594732	-6.7817342430353165
195.0702755600214	-16.13927771896124
231.11424148082733	19.904688201844692
223.77953458577394	12.569981306791306
186.30380360037088	-24.905749678611755
180.5058494731784	-30.703703805804253
213.61959192156792	2.4100386425852776
223.28123270720243	12.071679428219795
243.85866812616587	32.64911484718323
238.1034912765026	26.89393799751997
203.49180087447166	-7.717752404510975
185.9129380583763	-25.296615220606327
177.56114247441292	-33.64841080456972
183.44405745714903	-27.76549582183361
190.0516140833497	-21.157939195632935
214.514016777277	3.3044634982943535
210.24537874758244	-0.9641745314002037
222.66772202402353	11.458168745040894
214.20133024454117	2.991776965558529
244.91893050074577	33.709377221763134
216.63681039214134	5.427257113158703
192.63531997799873	-18.574233300983906
220.8899276405573	9.68037436157465
173.96525551378727	-37.24429776519537
212.49564689397812	1.2860936149954796
204.00201115757227	-7.20754212141037
215.18091320991516	3.971359930932522
220.60417802631855	9.39462474733591
209.85823618620634	-1.3513170927762985
182.29295936226845	-28.91659391671419
213.04556880146265	1.836015522480011
223.7779661938548	12.56841291487217
212.72262331843376	1.5130700394511223
206.32489527761936	-4.884658001363277
175.49310415238142	-35.71644912660122
216.004484847188	4.794931568205357
216.80643846094608	5.596885181963444
207.1964492276311	-4.013104051351547
202.58648640662432	-8.623066872358322
203.1801908686757	-8.02936241030693
210.84367363154888	-0.3658796474337578
200.49025796353817	-10.71929531544447
208.05412488430738	-3.155428394675255
223.65121920406818	12.441665925085545
199.64217225462198	-11.567381024360657
206.5762820392847	-4.633271239697933
230.93263422697783	19.723080947995186
232.77043050527573	21.560877226293087
183.29793775081635	-27.911615528166294
199.47046894580126	-11.739084333181381
234.4828593507409	23.27330607175827
205.1241228953004	-6.085430383682251
211.26051025092602	0.05095697194337845
214.801633246243	3.5920799672603607
215.70510398596525	4.495550706982613
188.0081420019269	-23.20141127705574
204.5931674465537	-6.616385832428932
166.29274208843708	-44.91681119054556
245.6423046141863	34.43275133520365
203.95317967236042	-7.256373606622219
210.90070378780365	-0.3088494911789894
218.52962843328714	7.320075154304504
200.66902609169483	-10.540527187287807
221.41047013550997	10.200916856527328
249.49339101463556	38.283837735652924
229.334133438766	18.124580159783363
189.68621630966663	-21.523336969316006
215.75224647670984	4.542693197727203
213.34433902055025	2.1347857415676117
192.04623813182116	-19.163315147161484
247.53976178914309	36.330208510160446
219.71109800040722	8.50154472142458
257.5734915137291	46.363938234746456
192.0342276096344	-19.17532566934824
224.9259838089347	13.71643052995205
198.88505759090185	-12.324495688080788
186.12193771451712	-25.087615564465523
181.75539727509022	-29.45415600389242
188.60821006447077	-22.60134321451187
215.58148884773254	4.371935568749905
234.78823882341385	23.57868554443121
243.21278484910727	32.003231570124626
196.603466399014	-14.606086879968643
195.03988376259804	-16.1696695163846
228.72317120432854	17.513617925345898
189.62258967012167	-21.58696360886097
220.30917017906904	9.099616900086403
221.35530250519514	10.145749226212502
212.53190179169178	1.3223485127091408
223.05113162100315	11.841578342020512
172.15650506317616	-39.053048215806484
203.93034955859184	-7.279203720390797
200.66387543827295	-10.545677840709686
226.83165802061558	15.622104741632938
192.75033535808325	-18.45921792089939
229.06198459863663	17.852431319653988
220.51618565618992	9.30663237720728
203.35313439369202	-7.856418885290623
223.1477790698409	11.938225790858269
200.24854984134436	-10.961003437638283
237.8593774959445	26.64982421696186
220.98282887786627	9.773275598883629
213.4339301660657	2.2243768870830536
202.87548135221004	-8.334071926772594
239.39049319922924	28.1809399202466
161.30543608218431	-49.904117196798325
184.2985308766365	-26.911022402346134
217.39756774902344	6.188014470040798
214.03556688129902	2.8260136023163795
217.7715419307351	6.561988651752472
188.42805484682322	-22.781498432159424
251.91980911046267	40.710255831480026
209.6630590930581	-1.54649418592453
190.93741455674171	-20.272138722240925
208.06814419478178	-3.141409084200859
206.71052473038435	-4.4990285485982895
227.82259765267372	16.613044373691082
204.57809329777956	-6.631459981203079
213.7980580702424	2.5885047912597656
219.094750136137	7.885196857154369
254.88307809829712	43.67352481931448
216.31698116660118	5.107427887618542
178.49369448423386	-32.71585879474878
196.41939310729504	-14.790160171687603
183.86435741186142	-27.34519586712122
250.80440932512283	39.594856046140194
192.6479045599699	-18.561648719012737
213.20124850422144	1.9916952252388
232.94210539758205	21.732552118599415
189.1049549728632	-22.104598306119442
238.43080446124077	27.22125118225813
217.1340893059969	5.9245360270142555
222.54973734915257	11.340184070169926
186.45032998919487	-24.75922328978777
222.98084294050932	11.77128966152668
212.91295391321182	1.7034006342291832
193.91662722826004	-17.2929260507226
206.64166244119406	-4.567890837788582
194.01192939281464	-17.197623886168003
244.07625140994787	32.86669813096523
209.0601557791233	-2.149397499859333
246.06986371427774	34.860310435295105
217.8353328704834	6.625779591500759
223.49543265253305	12.285879373550415
217.45696464180946	6.247411362826824
195.83280731737614	-15.376745961606503
212.41373577713966	1.2041824981570244
203.00909271091223	-8.200460568070412
220.38288827240467	9.173334993422031
191.80950862914324	-19.4000446498394
218.47307398170233	7.263520702719688
174.3823399990797	-36.827213279902935
210.5001921132207	-0.7093611657619476
238.80412635207176	27.594573073089123
234.9759126752615	23.766359396278858
222.37007601559162	11.160522736608982
227.23990827053785	16.030354991555214
206.6061636582017	-4.603389620780945
174.14877355843782	-37.060779720544815
189.1031224951148	-22.106430783867836
174.5384320616722	-36.67112121731043
233.56013205647469	22.350578777492046
223.64041394740343	12.430860668420792
223.2887013629079	12.079148083925247
225.54554542154074	14.335992142558098
209.51521631330252	-1.6943369656801224
234.6576160788536	23.448062799870968
231.79985205829144	20.590298779308796
216.54562684893608	5.336073569953442
232.71248085796833	21.50292757898569
227.344984985888	16.135431706905365
200.89319225400686	-10.316361024975777
185.01376189291477	-26.195791386067867
185.60294942557812	-25.606603853404522
236.93678691238165	25.72723363339901
194.75475872308016	-16.45479455590248
203.67946792393923	-7.530085355043411
187.12608230113983	-24.083470977842808
217.41655368357897	6.207000404596329
212.86380162090063	1.6542483419179916
233.87922431528568	22.669671036303043
211.05220594257116	-0.15734733641147614
198.6677794083953	-12.541773870587349
211.35762575268745	0.1480724737048149
223.82305868715048	12.613505408167839
190.37068101018667	-20.838872268795967
185.18946953117847	-26.020083747804165
222.12111554294825	10.911562263965607
219.65138921141624	8.441835932433605
228.48958698660135	17.280033707618713
220.12133552879095	8.911782249808311
231.28602892160416	20.076475642621517
207.57432942837477	-3.635223850607872
197.91278824955225	-13.29676502943039
224.07996593415737	12.870412655174732
233.7934490442276	22.58389576524496
228.89091599732637	17.681362718343735
211.53164400160313	0.3220907226204872
206.06794944405556	-5.141603834927082
230.58299843221903	19.37344515323639
181.20375407487154	-30.0057992041111
211.39132079482079	0.1817675158381462
192.78980830311775	-18.419744975864887
228.83023095875978	17.620677679777145
197.07156804203987	-14.137985236942768
205.29136938601732	-5.918183892965317
188.34995605796576	-22.859597221016884
187.03740341961384	-24.1721498593688
163.8685616850853	-47.34099159389734
202.18700621277094	-9.0225470662117
231.68831435590982	20.478761076927185
196.9488344490528	-14.260718829929829
205.6814457476139	-5.5281075313687325
240.16644028574228	28.956887006759644
202.0738742724061	-9.135679006576538
203.39885842055082	-7.810694858431816
199.56162873655558	-11.647924542427063
235.40725256502628	24.197699286043644
214.33368872851133	3.124135449528694
233.30243322253227	22.092879943549633
198.88924633711576	-12.320306941866875
213.38896737992764	2.179414100944996
205.67378678917885	-5.535766489803791
202.01424048095942	-9.195312798023224
195.3850419074297	-15.824511371552944
219.32291346043348	8.113360181450844
204.17230616509914	-7.037247113883495
199.2397975921631	-11.969755686819553
193.7351324185729	-17.474420860409737
208.59278335422277	-2.616769924759865
212.67298408597708	1.4634308069944382
208.0403697192669	-3.169183559715748
226.94379818439484	15.734244905412197
260.74593706429005	49.53638378530741
206.11596697568893	-5.093586303293705
200.7906845510006	-10.418868727982044
191.1788002103567	-20.030753068625927
