Ea=89.30651599168777	delta_Ea
73.84831872582436	-15.458197265863419
92.28495700657368	2.9784410148859024
82.97393588721752	-6.332580104470253
89.63826283812523	0.3317468464374542
88.40863078832626	-0.8978852033615112
85.041888281703	-4.264627709984779
73.12070491909981	-16.185811072587967
64.99135617911816	-24.31515981256962
74.38428528606892	-14.922230705618858
81.05842912197113	-8.248086869716644
94.40930691361427	5.102790921926498
83.81069245934486	-5.495823532342911
92.24344953894615	2.936933547258377
86.13209965825081	-3.174416333436966
94.36921595036983	5.06269995868206
95.08716189861298	5.780645906925201
78.46102964878082	-10.845486342906952
78.09639742970467	-11.210118561983109
92.78869432210922	3.4821783304214478
67.51983493566513	-21.786681056022644
95.54183353483677	6.2353175431489944
95.48630069196224	6.1797847002744675
87.29046902060509	-2.0160469710826874
87.99771597981453	-1.3088000118732452
90.61895696818829	1.3124409765005112
71.71583664417267	-17.590679347515106
113.45303426682949	24.146518275141716
103.28590793907642	13.979391947388649
74.599690169096	-14.706825822591782
75.3485444933176	-13.95797149837017
112.66537435352802	23.358858361840248
81.53518424928188	-7.771331742405891
75.51154725253582	-13.794968739151955
97.35722152888775	8.050705537199974
92.45434758067131	3.1478315889835358
89.45481587946415	0.14829988777637482
89.37517963349819	0.06866364181041718
88.28034298121929	-1.026173010468483
84.1416042894125	-5.164911702275276
54.70554523169994	-34.60097075998783
98.37171275913715	9.065196767449379
89.73593382537365	0.42941783368587494
91.59711873531342	2.290602743625641
76.2995725274086	-13.006943464279175
90.74159877002239	1.4350827783346176
100.78141348063946	11.474897488951683
101.4525187164545	12.146002724766731
97.64550390839577	8.338987916707993
84.640185713768	-4.666330277919769
79.16016125679016	-10.146354734897614
91.48560564219952	2.1790896505117416
82.43032501637936	-6.876190975308418
87.78825932741165	-1.518256664276123
69.15437215566635	-20.152143836021423
92.25325851142406	2.94674251973629
102.08199563622475	12.775479644536972
98.34778207540512	9.041266083717346
90.77663081884384	1.470114827156067
106.37504866719246	17.068532675504684
91.32902854681015	2.0225125551223755
102.78068882226944	13.474172830581665
104.81909044086933	15.512574449181557
76.22568467259407	-13.080831319093704
83.63726475834846	-5.66925123333931
81.2386187762022	-8.067897215485573
107.75800622999668	18.451490238308907
59.68082393705845	-29.625692054629326
90.53753153979778	1.2310155481100082
94.39015094935894	5.0836349576711655
94.55478893220425	5.248272940516472
65.51283973455429	-23.793676257133484
95.51935116946697	6.212835177779198
96.32603769004345	7.019521698355675
95.38069160282612	6.074175611138344
91.628966152668	2.3224501609802246
80.51077574491501	-8.795740246772766
82.09850500524044	-7.208010986447334
98.57411453127861	9.267598539590836
89.62210613489151	0.31559014320373535
86.73530806601048	-2.5712079256772995
97.05912454426289	7.752608552575111
78.69359119236469	-10.612924799323082
72.49766606092453	-16.808849930763245
87.8416728824377	-1.4648431092500687
79.69378043711185	-9.61273555457592
74.54376778006554	-14.762748211622238
94.7300956249237	5.423579633235931
90.59910747408867	1.2925914824008942
78.33549317717552	-10.971022814512253
66.21061719954014	-23.095898792147636
86.02283701300621	-3.2836789786815643
117.21204456686974	27.90552857518196
92.70758226513863	3.4010662734508514
93.09811913967133	3.791603147983551
86.21259327232838	-3.093922719359398
68.43235167860985	-20.874164313077927
106.671182513237	17.364666521549225
102.26482306420803	12.958307072520256
98.7098383307457	9.403322339057922
87.24124869704247	-2.0652672946453094
82.3187036216259	-6.987812370061874
79.23457485437393	-10.071941137313843
108.68052373826504	19.374007746577263
104.82364399731159	15.517128005623817
92.26762527227402	2.9611092805862427
91.92849208414555	2.6219760924577713
80.54386194050312	-8.762654051184654
109.51718796789646	20.210671976208687
80.5194183588028	-8.78709763288498
82.0305638462305	-7.275952145457268
50.12970660626888	-39.17680938541889
105.82800920307636	16.521493211388588
76.25699299573898	-13.049522995948792
85.06959922611713	-4.236916765570641
93.17956259846687	3.8730466067790985
85.24879705905914	-4.057718932628632
79.5429393351078	-9.763576656579971
89.04115033149719	-0.2653656601905823
90.4602812975645	1.1537653058767319
105.04484263062477	15.738326638936996
88.79239919781685	-0.5141167938709259
87.06111626327038	-2.2453997284173965
76.38625387847424	-12.92026211321354
84.88672943413258	-4.419786557555199
90.99846555292606	1.6919495612382889
80.90320158004761	-8.403314411640167
84.56915414333344	-4.73736184835434
81.23173667490482	-8.074779316782951
96.68019235134125	7.373676359653473
104.26013365387917	14.953617662191391
94.9818878620863	5.675371870398521
106.92303219437599	17.616516202688217
80.30345883965492	-9.003057152032852
86.61836349964142	-2.688152492046356
101.12043258547783	11.813916593790054
90.3762863278389	1.069770336151123
81.48944991827011	-7.817066073417664
90.3478901386261	1.041374146938324
88.91409829258919	-0.39241769909858704
85.00126476585865	-4.3052512258291245
85.70213767886162	-3.6043783128261566
61.949579790234566	-27.35693620145321
99.51988546550274	10.213369473814964
98.67272473871708	9.366208747029305
75.17540711164474	-14.13110888004303
93.63561981916428	4.3291038274765015
89.62222495675087	0.3157089650630951
110.31792843341827	21.0114124417305
93.5360118150711	4.229495823383331
91.98746867477894	2.6809526830911636
91.98654116690159	2.680025175213814
101.69991859793663	12.393402606248856
107.01115146279335	17.704635471105576
98.21084535121918	8.904329359531403
78.40734450519085	-10.899171486496925
75.25335890054703	-14.053157091140747
88.82274444401264	-0.48377154767513275
96.47203931212425	7.165523320436478
76.86796315014362	-12.438552841544151
105.84659610688686	16.54008011519909
92.63077279925346	3.324256807565689
95.93492193520069	6.628405943512917
111.43477790057659	22.128261908888817
75.58960825204849	-13.716907739639282
83.84134714305401	-5.465168848633766
91.80969297885895	2.503176987171173
85.69735109806061	-3.6091648936271667
81.47401523590088	-7.832500755786896
85.77319703996181	-3.5333189517259598
87.7914077192545	-1.515108272433281
85.5228112488985	-3.7837047427892685
111.7556653469801	22.44914935529232
77.15642645955086	-12.150089532136917
101.61476132273674	12.308245331048965
101.1671736240387	11.860657632350922
87.62097819149494	-1.685537800192833
86.63264405727386	-2.67387193441391
95.45948202908039	6.152966037392616
120.4526833742857	31.146167382597923
83.47128684818745	-5.835229143500328
91.42024484276772	2.113728851079941
98.43640059232712	9.129884600639343
101.93477676808834	12.628260776400566
121.57307669520378	32.26656070351601
95.28836461901665	5.981848627328873
77.65417174994946	-11.65234424173832
89.53333286941051	0.22681687772274017
96.82076492905617	7.514248937368393
99.1338279247284	9.827311933040619
69.95145134627819	-19.355064645409584
105.13679866492748	15.830282673239708
70.91998831927776	-18.38652767241001
85.40773303806782	-3.898782953619957
105.23465806245804	15.928142070770264
82.1467628031969	-7.159753188490868
89.01278062164783	-0.2937353700399399
103.95688773691654	14.650371745228767
79.18177932500839	-10.124736666679382
95.19556833803654	5.8890523463487625
75.2602420002222	-14.046273991465569
92.3295509815216	3.023034989833832
90.92145831882954	1.6149423271417618
84.01378726959229	-5.2927287220954895
96.9787632226944	7.672247231006622
92.49939602613449	3.1928800344467163
88.41091975569725	-0.8955962359905243
107.64856311678886	18.34204712510109
90.19475685060024	0.888240858912468
79.26887640357018	-10.0376395881176
90.11193971335888	0.8054237216711044
92.18652966618538	2.8800136744976044
71.7903443723917	-17.516171619296074
88.2939916998148	-1.0125242918729782
83.18209753930569	-6.124418452382088
82.76049710810184	-6.54601888358593
83.80203193426132	-5.504484057426453
81.94996151328087	-7.356554478406906
101.29565715789795	11.989141166210175
87.2567088007927	-2.0498071908950806
83.38132475316525	-5.92519123852253
84.90990234911442	-4.396613642573357
90.73306684195995	1.4265508502721786
74.78867083787918	-14.517845153808594
89.74953588843346	0.44301989674568176
73.83522912859917	-15.471286863088608
92.23680379986763	2.9302878081798553
81.98595674335957	-7.320559248328209
93.71149733662605	4.404981344938278
76.3014630228281	-13.005052968859673
76.57031808793545	-12.736197903752327
84.53914141654968	-4.767374575138092
99.56769777834415	10.26118178665638
85.97544960677624	-3.331066384911537
79.32027938961983	-9.986236602067947
98.32046593725681	9.013949945569038
96.12560349702835	6.819087505340576
118.65131974220276	29.344803750514984
80.61333160102367	-8.6931843906641
73.99961611628532	-15.30689987540245
88.65350958704948	-0.6530064046382904
85.5122031122446	-3.7943128794431686
102.03066493570805	12.724148944020271
77.93851977586746	-11.367996215820312
91.55088061094284	2.244364619255066
102.15687899291515	12.850363001227379
81.7062563598156	-7.600259631872177
102.30992305278778	13.003407061100006
111.67763295769691	22.37111696600914
74.50859332084656	-14.797922670841217
93.47881220281124	4.1722962111234665
91.58707340061665	2.280557408928871
79.08132410049438	-10.22519189119339
105.95618197321892	16.649665981531143
88.96404810249805	-0.34246788918972015
101.07627208530903	11.769756093621254
97.43889273703098	8.132376745343208
85.32448445260525	-3.982031539082527
93.93020021915436	4.623684227466583
87.34313797950745	-1.9633780121803284
77.38365218043327	-11.922863811254501
104.88016963005066	15.573653638362885
78.51824063062668	-10.788275361061096
89.882947281003	0.5764312893152237
97.46599496901035	8.159478977322578
94.32721599936485	5.020700007677078
116.07980333268642	26.77328734099865
93.81474161148071	4.508225619792938
91.1362592279911	1.8297432363033295
97.65854120254517	8.352025210857391
95.67523755133152	6.368721559643745
98.20930750668049	8.902791514992714
86.81856489181519	-2.487951099872589
82.03681917488575	-7.269696816802025
81.14562729001045	-8.160888701677322
90.13780863583088	0.8312926441431046
82.95201376080513	-6.354502230882645
97.31939880549908	8.012882813811302
82.5851403772831	-6.721375614404678
90.48057241737843	1.174056425690651
80.15896195173264	-9.14755403995514
87.29305391013622	-2.013462081551552
93.43361262977123	4.127096638083458
79.63612231612206	-9.67039367556572
92.80355529487133	3.4970393031835556
93.5986840724945	4.292168080806732
102.178486764431	12.871970772743225
94.38318198919296	5.076665997505188
99.96082200109959	10.654306009411812
69.39821310341358	-19.908302888274193
90.9016570597887	1.5951410681009293
88.5057875663042	-0.8007284253835678
99.93319837749004	10.626682385802269
109.4835818707943	20.17706587910652
95.50441233813763	6.197896346449852
83.44931763410568	-5.857198357582092
99.23648415505886	9.929968163371086
86.558778449893	-2.747737541794777
102.89669780433178	13.590181812644005
103.19021378457546	13.883697792887688
83.20268474519253	-6.103831246495247
85.07537144422531	-4.231144547462463
79.4510951936245	-9.855420798063278
90.9897843748331	1.6832683831453323
100.75352793931961	11.447011947631836
90.0751723498106	0.7686563581228256
77.04043674468994	-12.266079246997833
82.56806425750256	-6.738451734185219
99.8329116255045	10.526395633816719
78.15318424999714	-11.153331741690636
99.9822406321764	10.675724640488625
101.25650937855244	11.949993386864662
104.75290323793888	15.446387246251106
80.8377113044262	-8.468804687261581
74.95907935500145	-14.347436636686325
97.03048744797707	7.723971456289291
80.62704218924046	-8.679473802447319
79.45410752296448	-9.852408468723297
101.28589203953743	11.979376047849655
101.46881614625454	12.162300154566765
89.26796290278435	-0.038553088903427124
98.41291889548302	9.106402903795242
98.03066688776016	8.724150896072388
107.83482898771763	18.528312996029854
85.01729328930378	-4.289222702383995
88.49772201478481	-0.8087939769029617
85.66887418925762	-3.637641802430153
73.74484413862228	-15.56167185306549
84.3797282576561	-4.926787734031677
72.6028016358614	-16.703714355826378
74.95435565710068	-14.352160334587097
68.53705868124962	-20.769457310438156
84.58463245630264	-4.721883535385132
77.21754322946072	-12.088972762227058
83.4120342284441	-5.894481763243675
79.93557360768318	-9.370942384004593
101.61694194376469	12.310425952076912
82.77205112576485	-6.534464865922928
92.09427389502525	2.7877579033374786
104.35503973066807	15.048523738980293
93.33121199905872	4.024696007370949
78.23110635578632	-11.075409635901451
97.47148030996323	8.164964318275452
83.72880852222443	-5.577707469463348
106.53372098505497	17.227204993367195
62.51826895773411	-26.788247033953667
74.83316510915756	-14.473350882530212
109.10370746254921	19.797191470861435
71.48344650864601	-17.823069483041763
85.52826909720898	-3.778246894478798
96.9297957867384	7.623279795050621
107.99132074415684	18.684804752469063
108.39251725375652	19.08600126206875
77.83944347500801	-11.467072516679764
73.78171971440315	-15.524796277284622
83.08580501377583	-6.220710977911949
88.53919035196304	-0.7673256397247314
76.96923585236073	-12.33728013932705
71.27911825478077	-18.027397736907005
104.0947935283184	14.78827753663063
83.47017306089401	-5.836342930793762
84.13130234181881	-5.175213649868965
75.98181661963463	-13.324699372053146
88.57881258428097	-0.727703407406807
73.97275874018669	-15.333757251501083
89.05796018242836	-0.24855580925941467
103.64184758067131	14.335331588983536
87.87189783155918	-1.4346181601285934
91.80999208986759	2.503476098179817
90.95622597634792	1.6497099846601486
80.13441374897957	-9.172102242708206
99.09997709095478	9.793461099267006
78.74392908811569	-10.562586903572083
80.55320106446743	-8.753314927220345
84.4306657910347	-4.875850200653076
96.49536845088005	7.188852459192276
89.59836892783642	0.2918529361486435
120.67398323118687	31.367467239499092
89.48401057720184	0.1774945855140686
96.10092374682426	6.79440775513649
91.18625251948833	1.87973652780056
84.95196522772312	-4.354550763964653
94.15045085549355	4.843934863805771
76.75483083724976	-12.551685154438019
75.31768403947353	-13.988831952214241
79.32039685547352	-9.986119136214256
93.2437400072813	3.9372240155935287
93.45078182220459	4.144265830516815
77.01345275342464	-12.29306323826313
93.47971539199352	4.173199400305748
97.04609251022339	7.739576518535614
92.66962364315987	3.3631076514720917
86.00568555295467	-3.300830438733101
84.4202523380518	-4.886263653635979
98.99207891523838	9.685562923550606
73.40864269435406	-15.897873297333717
75.00941367447376	-14.297102317214012
90.70725819468498	1.4007422029972076
88.84871330857277	-0.4578026831150055
88.70034267008305	-0.6061733216047287
79.02085453271866	-10.285661458969116
105.64602729678154	16.339511305093765
79.00508242845535	-10.301433563232422
92.48461320996284	3.17809721827507
95.71226054430008	6.405744552612305
76.04433822631836	-13.262177765369415
75.10804781317711	-14.198468178510666
84.2655740082264	-5.04094198346138
106.44079518318176	17.134279191493988
89.10132214426994	-0.20519384741783142
66.54119350016117	-22.765322491526604
88.77506603300571	-0.5314499586820602
81.48762287199497	-7.818893119692802
88.98165167868137	-0.32486431300640106
88.90419216454029	-0.4023238271474838
72.38611218333244	-16.92040380835533
105.26748797297478	15.960971981287003
67.7683090120554	-21.538206979632378
90.03966288268566	0.7331468909978867
103.70285634696484	14.396340355277061
86.68004819750786	-2.6264677941799164
97.33980044722557	8.033284455537796
96.88034889101982	7.5738328993320465
86.3656815290451	-2.9408344626426697
88.74928194284439	-0.5572340488433838
79.7291717082262	-9.57734428346157
78.01931990683079	-11.287196084856987
86.86157600581646	-2.444939985871315
82.10526093840599	-7.201255053281784
77.33484801650047	-11.971667975187302
91.06153953075409	1.7550235390663147
86.5861118286848	-2.720404163002968
75.99097810685635	-13.315537884831429
106.49831773340702	17.191801741719246
116.72112587094307	27.414609879255295
86.52105781435966	-2.7854581773281097
95.07191242277622	5.765396431088448
74.70924313366413	-14.597272858023643
97.8769411444664	8.570425152778625
97.02878166735172	7.722265675663948
94.63473053276539	5.328214541077614
82.5933637470007	-6.71315224468708
94.84550876915455	5.538992777466774
72.90380455553532	-16.402711436152458
101.81495593488216	12.50843994319439
62.53185312449932	-26.774662867188454
92.2776730209589	2.971157029271126
100.29359105229378	10.987075060606003
81.14595502614975	-8.160560965538025
97.00480243563652	7.698286443948746
85.45794789493084	-3.848568096756935
92.0394388884306	2.7329228967428207
111.50461956858635	22.198103576898575
87.40559081733227	-1.900925174355507
90.81540890038013	1.50889290869236
79.34704613685608	-9.959469854831696
87.13835322856903	-2.168162763118744
89.65678617358208	0.35027018189430237
83.95764803886414	-5.348867952823639
98.29232999682426	8.98581400513649
82.67802460491657	-6.628491386771202
98.9261067956686	9.619590803980827
91.71923337876797	2.4127173870801926
96.43403969705105	7.127523705363274
99.55626021325588	10.249744221568108
90.10804438591003	0.8015283942222595
94.16930416226387	4.862788170576096
98.30798187851906	9.001465886831284
97.04402378201485	7.737507790327072
86.78291572630405	-2.5236002653837204
92.30224475264549	2.995728760957718
101.98830144107342	12.681785449385643
95.40921242535114	6.102696433663368
78.05191241204739	-11.254603579640388
90.4052689820528	1.0987529903650284
95.01662003993988	5.710104048252106
89.57855153083801	0.27203553915023804
70.29420974850655	-19.01230624318123
90.19210186600685	0.8855858743190765
81.304258197546	-8.00225779414177
102.18161655962467	12.875100567936897
106.92180877923965	17.61529278755188
57.500737339258194	-31.80577865242958
91.43706031143665	2.1305443197488785
71.9059066772461	-17.40060931444168
81.71439944207668	-7.592116549611092
87.22444570064545	-2.082070291042328
91.46142216026783	2.1549061685800552
76.66040584445	-12.646110147237778
88.20127132534981	-1.105244666337967
91.72913144528866	2.4226154536008835
86.41557106375694	-2.890944927930832
81.3427397608757	-7.963776230812073
106.28702041506767	16.980504423379898
95.00869473814964	5.702178746461868
85.80872677266598	-3.497789219021797
90.16838450729847	0.8618685156106949
98.77607990801334	9.46956391632557
87.57260406017303	-1.73391193151474
89.0685175806284	-0.23799841105937958
112.35182656347752	23.04531057178974
72.00994768738747	-17.29656830430031
89.35788987576962	0.051373884081840515
87.73178097605705	-1.574735015630722
94.32720828056335	5.02069228887558
86.05585670471191	-3.2506592869758606
88.65529112517834	-0.6512248665094376
97.29941745102406	7.992901459336281
86.84122951328754	-2.4652864784002304
91.33818788826466	2.0316718965768814
99.72183132171631	10.415315330028534
74.5067313760519	-14.799784615635872
92.0434798002243	2.7369638085365295
99.21112447977066	9.904608488082886
93.36256051063538	4.056044518947601
91.82725636661053	2.5207403749227524
104.07676121592522	14.770245224237442
91.78726257383823	2.4807465821504593
91.26802234351635	1.9615063518285751
85.31668408215046	-3.9898319095373154
95.11077237129211	5.80425637960434
81.9500045478344	-7.356511443853378
97.09799435734749	7.791478365659714
77.44714732468128	-11.859368667006493
97.55490545928478	8.248389467597008
103.19232375919819	13.885807767510414
70.61358225345612	-18.69293373823166
120.43959955871105	31.133083567023277
93.24896410107613	3.9424481093883514
91.37040987610817	2.063893884420395
95.17138919234276	5.8648732006549835
93.01662035286427	3.710104361176491
79.04491627216339	-10.261599719524384
99.35447908937931	10.047963097691536
91.53029564023018	2.223779648542404
97.01096518337727	7.704449191689491
98.56453222036362	9.258016228675842
90.80997486412525	1.5034588724374771
98.15428805351257	8.847772061824799
106.01600241661072	16.709486424922943
79.11189110577106	-10.19462488591671
86.31115348637104	-2.9953625053167343
97.27619796991348	7.969681978225708
105.26943396031857	15.96291796863079
79.92120218276978	-9.385313808918
92.01111961901188	2.7046036273241043
79.77976045012474	-9.526755541563034
83.18632182478905	-6.120194166898727
89.11899837851524	-0.18751761317253113
84.0836381316185	-5.222877860069275
76.62510554492474	-12.681410446763039
92.1213468760252	2.8148308843374252
90.88057780265808	1.5740618109703064
90.6812021881342	1.3746861964464188
98.93089918792248	9.624383196234703
85.26194752752781	-4.0445684641599655
87.0193834900856	-2.287132501602173
98.53149272501469	9.224976733326912
78.41416345536709	-10.892352536320686
97.9697644263506	8.663248434662819
80.16691905260086	-9.139596939086914
75.61507813632488	-13.691437855362892
97.3454235047102	8.038907513022423
87.03924597799778	-2.267270013689995
95.09352001547813	5.7870040237903595
91.36942911148071	2.0629131197929382
89.34184534847736	0.03532935678958893
97.26614999771118	7.959634006023407
103.78645715117455	14.47994115948677
98.8103499263525	9.503833934664726
103.28042678534985	13.973910793662071
110.47502544522285	21.16850945353508
83.92079994082451	-5.385716050863266
78.19588024914265	-11.110635742545128
78.44161008298397	-10.864905908703804
91.15816865861416	1.851652666926384
110.07775638997555	20.771240398287773
89.63126046955585	0.32474447786808014
101.46688912808895	12.160373136401176
94.82970207929611	5.523186087608337
101.47998927533627	12.173473283648491
103.55117981135845	14.244663819670677
86.34081199765205	-2.965703994035721
91.95876906812191	2.6522530764341354
95.25337366759777	5.946857675909996
103.00472477078438	13.698208779096603
94.78036522865295	5.473849236965179
82.15486013889313	-7.151655852794647
83.44677668809891	-5.859739303588867
91.73464983701706	2.4281338453292847
93.37985475361347	4.073338761925697
102.20811475813389	12.901598766446114
99.09884379804134	9.792327806353569
94.46764850616455	5.161132514476776
77.82567118108273	-11.48084481060505
87.18901239335537	-2.117503598332405
86.5490508377552	-2.7574651539325714
89.07137988507748	-0.23513610661029816
78.33734329044819	-10.969172701239586
73.39467290043831	-15.911843091249466
102.51639810204506	13.209882110357285
73.92358300089836	-15.382932990789413
97.66221196949482	8.355695977807045
84.83021515607834	-4.476300835609436
97.33279325067997	8.026277258992195
75.23155565559864	-14.074960336089134
87.78558532893658	-1.5209306627511978
84.45092745125294	-4.855588540434837
80.54983928799629	-8.756676703691483
67.95630343258381	-21.350212559103966
90.81924238801003	1.5127263963222504
74.36484467983246	-14.941671311855316
92.4249868541956	3.11847086250782
87.22653815150261	-2.0799778401851654
93.72785431146622	4.421338319778442
81.108563169837	-8.197952821850777
89.87579756975174	0.5692815780639648
88.56907157599926	-0.7374444156885147
107.86526653170586	18.55875054001808
97.34680646657944	8.040290474891663
94.58326977491379	5.276753783226013
91.56089062988758	2.254374638199806
88.34226018190384	-0.9642558097839355
82.27860951423645	-7.0279064774513245
88.46085624396801	-0.8456597477197647
87.05799210071564	-2.2485238909721375
92.04302108287811	2.736505091190338
91.16089501976967	1.854379028081894
94.97587749361992	5.669361501932144
90.20543022453785	0.8989142328500748
88.37294463813305	-0.9335713535547256
84.71567289531231	-4.590843096375465
85.45123575627804	-3.8552802354097366
67.78511908650398	-21.521396905183792
71.5322822779417	-17.77423371374607
86.92256058752537	-2.383955404162407
91.31406930088997	2.007553309202194
89.63138863444328	0.3248726427555084
89.5810769200325	0.27456092834472656
89.91895754635334	0.6124415546655655
97.17701342701912	7.870497435331345
74.69907785952091	-14.607438132166862
91.8338953256607	2.527379333972931
79.75949168205261	-9.547024309635162
91.72452189028263	2.4180058985948563
98.96788059175014	9.66136460006237
85.62622100114822	-3.680294990539551
98.17523892223835	8.868722930550575
93.32166241109371	4.015146419405937
107.39811770617962	18.091601714491844
92.28171947598457	2.9752034842967987
81.09692138433456	-8.20959460735321
75.45649234950542	-13.85002364218235
84.23241133987904	-5.074104651808739
97.35231074690819	8.045794755220413
68.04589180648327	-21.260624185204506
83.2828950881958	-6.023620903491974
72.07255892455578	-17.233957067131996
78.70036765933037	-10.606148332357407
77.53485560417175	-11.771660387516022
92.15886701643467	2.852351024746895
101.38099446892738	12.074478477239609
85.51976184546947	-3.7867541462183
90.90705834329128	1.600542351603508
78.48207917809486	-10.82443681359291
83.71628704667091	-5.590228945016861
79.05975638329983	-10.246759608387947
70.23676006495953	-19.06975592672825
83.5853853970766	-5.721130594611168
95.92443507909775	6.617919087409973
88.78926871716976	-0.517247274518013
97.75307936966419	8.446563377976418
84.82266867160797	-4.4838473200798035
67.96506781876087	-21.341448172926903
97.60308767855167	8.2965716868639
89.28639556467533	-0.020120427012443542
103.18727123737335	13.880755245685577
79.75508740544319	-9.551428586244583
89.45532734692097	0.14881135523319244
93.39697061479092	4.090454623103142
76.34010991454124	-12.96640607714653
73.78034609556198	-15.526169896125793
84.6064921617508	-4.700023829936981
104.86500833928585	15.558492347598076
82.65612246096134	-6.650393530726433
85.37834903597832	-3.9281669557094574
93.50554423034191	4.199028238654137
93.1598115414381	3.853295549750328
91.89278727769852	2.586271286010742
79.69709220528603	-9.609423786401749
110.65792536735535	21.351409375667572
105.11870177090168	15.812185779213905
70.55760931968689	-18.748906672000885
80.77190065383911	-8.534615337848663
101.32756079733372	12.021044805645943
96.79879572987556	7.49227973818779
88.8007148951292	-0.5058010965585709
79.6855882704258	-9.620927721261978
94.31603257358074	5.009516581892967
103.20045977830887	13.893943786621094
75.70580151677132	-13.600714474916458
94.071048989892	4.764532998204231
92.6385485380888	3.332032546401024
102.00743409991264	12.700918108224869
82.41458746790886	-6.891928523778915
91.04858514666557	1.7420691549777985
79.79412852227688	-9.512387469410896
98.8494062423706	9.54289025068283
95.57978892326355	6.273272931575775
81.46903762221336	-7.837478369474411
83.42562702298164	-5.880888968706131
83.15661090612411	-6.14990508556366
89.55256648361683	0.24605049192905426
84.78599095344543	-4.52052503824234
75.17036804556847	-14.136147946119308
101.36480575799942	12.058289766311646
108.61664381623268	19.310127824544907
79.55887375772	-9.747642233967781
94.88213247060776	5.575616478919983
86.54619826376438	-2.7603177279233932
98.14569354057312	8.839177548885345
78.08825716376305	-11.218258827924728
86.81958723068237	-2.4869287610054016
93.41548375785351	4.108967766165733
90.51542095839977	1.208904966711998
85.28066450357437	-4.025851488113403
83.31318610906601	-5.993329882621765
84.10122089087963	-5.205295100808144
82.23560053110123	-7.070915460586548
75.70621147751808	-13.600304514169693
105.36488243937492	16.05836644768715
106.19906406104565	16.892548069357872
88.26888681948185	-1.037629172205925
84.01225160062313	-5.294264391064644
94.0603141784668	4.753798186779022
98.03712290525436	8.73060691356659
69.09317234158516	-20.213343650102615
78.51326604187489	-10.793249949812889
109.31954449415207	20.013028502464294
83.08440126478672	-6.222114726901054
85.14613243937492	-4.160383552312851
100.01826432347298	10.711748331785202
87.00814752280712	-2.2983684688806534
90.57185138761997	1.2653353959321976
82.87370376288891	-6.432812228798866
92.591795951128	3.2852799594402313
83.04160590469837	-6.264910086989403
81.33771277964115	-7.968803212046623
77.23952402174473	-12.066991969943047
89.05242168903351	-0.25409430265426636
85.48787911236286	-3.818636879324913
86.89591465890408	-2.410601332783699
106.84456512331963	17.53804913163185
81.46422718465328	-7.8422888070344925
91.56046585738659	2.2539498656988144
75.20898531377316	-14.09753067791462
83.9059290587902	-5.400586932897568
76.91484154760838	-12.391674444079399
99.49887055158615	10.192354559898376
90.33788605034351	1.0313700586557388
103.85901819169521	14.552502200007439
113.02721083164215	23.720694839954376
99.87494207918644	10.568426087498665
90.14919047057629	0.8426744788885117
87.38750684261322	-1.9190091490745544
98.64874912798405	9.342233136296272
90.78944152593613	1.482925534248352
101.12233613431454	11.815820142626762
79.69029177725315	-9.616224214434624
97.29379606246948	7.987280070781708
91.5118378996849	2.2053219079971313
99.71917842328548	10.41266243159771
78.93357974290848	-10.372936248779297
105.10465542972088	15.798139438033104
75.52773325145245	-13.778782740235329
78.71741843223572	-10.589097559452057
112.2891313135624	22.98261532187462
101.02347341179848	11.716957420110703
98.22870855033398	8.922192558646202
83.27044820785522	-6.03606778383255
94.60192699730396	5.295411005616188
113.68545784056187	24.378941848874092
89.34205886721611	0.03554287552833557
101.32582576572895	12.019309774041176
93.27354234457016	3.9670263528823853
82.09812067449093	-7.208395317196846
94.92365869879723	5.617142707109451
85.02584275603294	-4.280673235654831
81.15836425125599	-8.148151740431786
80.35584917664528	-8.950666815042496
75.5205102711916	-13.786005720496178
82.45141041278839	-6.8551055788993835
90.09378899633884	0.7872730046510696
87.39305686950684	-1.9134591221809387
91.12964127957821	1.8231252878904343
74.63736705482006	-14.669148936867714
88.00384883582592	-1.3026671558618546
83.38038867712021	-5.926127314567566
90.97584173083305	1.669325739145279
74.36628563702106	-14.94023035466671
121.17199932038784	31.865483328700066
77.45049297809601	-11.856023013591766
89.01983378827572	-0.28668220341205597
68.94977904856205	-20.356736943125725
93.16004805266857	3.853532060980797
90.23285435140133	0.9263383597135544
83.51072250306606	-5.795793488621712
84.52210268378258	-4.784413307905197
80.42436967790127	-8.882146313786507
67.70435538887978	-21.602160602808
89.03704226016998	-0.26947373151779175
91.68294633924961	2.3764303475618362
88.3208294659853	-0.9856865257024765
107.2749530673027	17.96843707561493
95.86361755430698	6.557101562619209
101.19593319296837	11.889417201280594
82.64537197351456	-6.661144018173218
81.5724038630724	-7.734112128615379
81.71198339760303	-7.59453259408474
68.83272328972816	-20.47379270195961
82.10079689323902	-7.205719098448753
100.98326747119427	11.676751479506493
89.21315972507	-0.09335626661777496
106.82517936825752	17.518663376569748
103.15029653906822	13.843780547380447
84.43580819666386	-4.870707795023918
90.52684105932713	1.220325067639351
76.0835749655962	-13.222941026091576
83.01838944852352	-6.288126543164253
78.50059506297112	-10.80592092871666
91.52041493356228	2.213898941874504
97.7507952451706	8.444279253482819
94.35258203744888	5.046066045761108
93.45534831285477	4.148832321166992
87.8038977086544	-1.502618283033371
82.32207570970058	-6.98444028198719
99.0427166223526	9.736200630664825
107.74448692798615	18.43797093629837
93.89665119349957	4.5901352018117905
92.55368854105473	3.247172549366951
92.84432809054852	3.5378120988607407
80.92255595326424	-8.383960038423538
78.17831654846668	-11.128199443221092
88.3920077830553	-0.9145082086324692
88.59673102200031	-0.7097849696874619
87.79686863720417	-1.5096473544836044
94.76743592321873	5.4609199315309525
81.49548244476318	-7.811033546924591
88.50671343505383	-0.7998025566339493
94.15422213077545	4.847706139087677
94.13392007350922	4.827404081821442
85.80751198530197	-3.4990040063858032
81.56439058482647	-7.742125406861305
82.9193958491087	-6.387120142579079
86.83793500065804	-2.4685809910297394
95.97107370197773	6.664557710289955
76.33502881228924	-12.971487179398537
91.04388304054737	1.7373670488595963
86.10566592216492	-3.2008500695228577
63.16261272132397	-26.143903270363808
87.53381989896297	-1.7726960927248
96.41386294364929	7.107346951961517
87.66170974075794	-1.6448062509298325
88.70735150575638	-0.5991644859313965
96.6850191950798	7.378503203392029
99.13017274439335	9.823656752705574
88.56583507359028	-0.740680918097496
86.73983365297318	-2.5666823387145996
102.28808307647705	12.981567084789276
65.40069091320038	-23.905825078487396
80.37704785168171	-8.929468140006065
92.91931024193764	3.6127942502498627
79.12062366306782	-10.185892328619957
89.1026541441679	-0.20386184751987457
86.24446712434292	-3.0620488673448563
98.0115716457367	8.70505565404892
80.37318235635757	-8.9333336353302
72.74749007821083	-16.559025913476944
108.6953663378954	19.38885034620762
72.07974262535572	-17.226773366332054
74.11830379068851	-15.18821220099926
86.15469855070114	-3.1518174409866333
106.42099770903587	17.1144817173481
94.66316469013691	5.356648698449135
84.92635625600815	-4.3801597356796265
95.79264479875565	6.486128807067871
87.90010637044907	-1.4064096212387085
59.65590962767601	-29.650606364011765
78.77503189444542	-10.531484097242355
108.73825600743294	19.431740015745163
86.48180846869946	-2.8247075229883194
81.2144724726677	-8.09204351902008
110.81847858428955	21.511962592601776
81.12235923111439	-8.184156760573387
91.6576162725687	2.351100280880928
90.03292068839073	0.7264046967029572
76.42051531374454	-12.88600067794323
78.61737361550331	-10.689142376184464
84.29333259165287	-5.0131834000349045
96.80828396975994	7.501767978072166
80.88301676511765	-8.42349922657013
91.15776571631432	1.8512497246265411
94.9620974957943	5.655581504106522
86.91851192712784	-2.3880040645599365
91.05820865929127	1.7516926676034927
103.27129866182804	13.964782670140266
81.70181958377361	-7.604696407914162
92.59150995314121	3.284993961453438
84.4038266390562	-4.902689352631569
93.31451351940632	4.007997527718544
103.25238502025604	13.945869028568268
75.3026013970375	-14.003914594650269
86.07402800023556	-3.232487991452217
92.55533508956432	3.2488190978765488
77.78544798493385	-11.521068006753922
92.45392936468124	3.1474133729934692
77.76153182983398	-11.54498416185379
83.25602266192436	-6.0504933297634125
88.30625194311142	-1.000264048576355
97.69287574291229	8.386359751224518
93.28363627195358	3.977120280265808
70.56777809560299	-18.738737896084785
82.29263132810593	-7.013884663581848
80.17308960855007	-9.133426383137703
75.77345621585846	-13.533059775829315
97.34305107593536	8.036535084247589
88.88575372099876	-0.4207622706890106
93.83983100950718	4.533315017819405
90.42824122309685	1.1217252314090729
83.45616292953491	-5.8503530621528625
87.73936502635479	-1.567150965332985
114.02414882183075	24.717632830142975
98.27076742053032	8.964251428842545
90.75863564014435	1.4521196484565735
92.17854623496532	2.8720302432775497
92.87630388140678	3.5697878897190094
88.28220008313656	-1.0243159085512161
96.55071049928665	7.244194507598877
100.10030044615269	10.793784454464912
108.0000945776701	18.693578585982323
105.85886004567146	16.55234405398369
100.03528986871243	10.72877387702465
101.24030528962612	11.933789297938347
87.66879388689995	-1.6377221047878265
76.49729707837105	-12.809218913316727
95.20071947574615	5.89420348405838
86.27286697924137	-3.0336490124464035
97.98559615015984	8.679080158472061
97.70071692764759	8.394200935959816
87.34841279685497	-1.9581031948328018
84.52491401135921	-4.78160198032856
84.52669695019722	-4.779819041490555
86.30015598237514	-3.0063600093126297
98.7541501224041	9.447634130716324
86.79631689190865	-2.510199099779129
78.71990126371384	-10.586614727973938
78.40605469048023	-10.900461301207542
86.79817894101143	-2.508337050676346
83.30703708529472	-5.999478906393051
102.78956136107445	13.483045369386673
91.08925612270832	1.782740131020546
76.74889625608921	-12.557619735598564
78.50213432312012	-10.804381668567657
85.73821592330933	-3.5683000683784485
75.5785611718893	-13.72795481979847
70.65724731981754	-18.64926867187023
76.61524732410908	-12.691268667578697
62.511473923921585	-26.79504206776619
80.17493265867233	-9.131583333015442
71.0365860760212	-18.26992991566658
90.85705797374249	1.5505419820547104
76.03900443017483	-13.267511561512947
87.56023021042347	-1.7462857812643051
81.80493986606598	-7.501576125621796
85.34042435884476	-3.9660916328430176
76.00161802768707	-13.304897964000702
77.81253804266453	-11.493977949023247
84.19665430486202	-5.109861686825752
84.97447250783443	-4.33204348385334
90.66171264648438	1.3551966547966003
74.25093492865562	-15.05558106303215
89.46577224135399	0.159256249666214
100.42614425718784	11.119628265500069
90.42430770397186	1.1177917122840881
94.01098334789276	4.704467356204987
77.84590736031532	-11.460608631372452
96.66051237285137	7.353996381163597
90.3410502821207	1.03453429043293
70.13663998246193	-19.169876009225845
95.63288979232311	6.326373800635338
86.11506806313992	-3.191447928547859
85.71708559989929	-3.5894303917884827
88.38749359548092	-0.9190223962068558
70.45558156073093	-18.85093443095684
109.6230563223362	20.316540330648422
92.03613299131393	2.7296169996261597
93.53679659962654	4.2302806079387665
66.18805876374245	-23.118457227945328
92.65862986445427	3.3521138727664948
85.76688219606876	-3.539633795619011
81.80894741415977	-7.497568577528
85.83075399696827	-3.4757619947195053
76.60186640918255	-12.704649582505226
68.61705480515957	-20.689461186528206
101.60092917084694	12.294413179159164
80.51296253502369	-8.793553456664085
91.19140154123306	1.884885549545288
86.44239927828312	-2.8641167134046555
95.11466297507286	5.808146983385086
91.07080307602882	1.7642870843410492
98.35562333464622	9.04910734295845
102.58578212559223	13.279266133904457
90.24991692602634	0.9434009343385696
84.06272837519646	-5.243787616491318
90.66770787537098	1.3611918836832047
99.796445697546	10.48992970585823
90.3991767168045	1.0926607251167297
96.06083251535892	6.75431652367115
105.56806065142155	16.261544659733772
83.59252764284611	-5.713988348841667
79.94448372721672	-9.362032264471054
78.45728196203709	-10.849234029650688
89.38689789175987	0.08038190007209778
91.85645268857479	2.5499366968870163
97.62739570438862	8.320879712700844
90.03388386964798	0.7273678779602051
95.44349972903728	6.13698373734951
68.87575304508209	-20.430762946605682
89.75855949521065	0.4520435035228729
101.28002992272377	11.973513931035995
79.60312804579735	-9.703387945890427
84.67596352100372	-4.6305524706840515
101.56105054914951	12.254534557461739
98.40222628414631	9.095710292458534
93.42012353241444	4.113607540726662
74.208516985178	-15.09799900650978
93.30938744544983	4.002871453762054
85.36180421710014	-3.9447117745876312
84.33120407164097	-4.975311920046806
86.77001397311687	-2.5365020185709
92.6589053273201	3.352389335632324
81.08963863551617	-8.216877356171608
59.56255313754082	-29.743962854146957
91.5215953886509	2.2150793969631195
99.75321778655052	10.446701794862747
94.35455965995789	5.048043668270111
90.35658477246761	1.0500687807798386
91.27773475646973	1.971218764781952
83.52701687812805	-5.779499113559723
92.8035856038332	3.497069612145424
85.65696214139462	-3.6495538502931595
76.54893147945404	-12.757584512233734
86.20039150118828	-3.1061244904994965
82.1458587795496	-7.160657212138176
80.87916140258312	-8.427354589104652
98.2026454359293	8.896129444241524
114.82911711931229	25.52260112762451
78.22111441195011	-11.085401579737663
78.63402938842773	-10.67248660326004
86.05901104211807	-3.247504949569702
83.68737818300724	-5.619137808680534
72.81353388726711	-16.492982104420662
72.12123683094978	-17.18527916073799
86.84249295294285	-2.4640230387449265
91.83068516850471	2.5241691768169403
77.28744274377823	-12.019073247909546
112.14628997445107	22.83977398276329
88.73887665569782	-0.5676393359899521
105.10219018161297	15.795674189925194
98.55626185238361	9.249745860695839
100.29871559143066	10.99219959974289
81.32575507462025	-7.980760917067528
91.93051068484783	2.623994693160057
91.84305272996426	2.5365367382764816
92.87716951966286	3.5706535279750824
73.55845786631107	-15.748058125376701
91.44317412376404	2.1366581320762634
92.2716439217329	2.965127930045128
88.31215357780457	-0.9943624138832092
88.00477197766304	-1.3017440140247345
89.48492896556854	0.17841297388076782
80.35164465010166	-8.954871341586113
81.81596001982689	-7.490555971860886
80.70995318889618	-8.596562802791595
75.25184141099453	-14.054674580693245
79.99651525914669	-9.310000732541084
95.62344945967197	6.3169334679841995
91.24236163496971	1.9358456432819366
96.91073693335056	7.604220941662788
95.3402658700943	6.033749878406525
85.61247424781322	-3.69404174387455
75.18628469109535	-14.120231300592422
74.47504018247128	-14.8314758092165
93.80902613699436	4.502510145306587
98.19995827972889	8.893442288041115
87.24629148840904	-2.0602245032787323
85.75118580460548	-3.5553301870822906
100.25003625452518	10.94352026283741
70.5577242821455	-18.748791709542274
100.21254104375839	10.906025052070618
104.47099742293358	15.164481431245804
92.1879653930664	2.8814494013786316
98.66661812365055	9.360102131962776
77.20369759202003	-12.10281839966774
92.86054319143295	3.5540271997451782
89.32814937829971	0.021633386611938477
94.63889606297016	5.332380071282387
81.20509898662567	-8.101417005062103
84.5088518857956	-4.797664105892181
74.57590490579605	-14.730611085891724
94.21161298453808	4.905096992850304
96.47895030677319	7.172434315085411
89.20298309624195	-0.10353289544582367
95.62710277736187	6.320586785674095
76.75129958987236	-12.555216401815414
82.21312312781811	-7.093392863869667
87.69865341484547	-1.607862576842308
65.09486217796803	-24.21165381371975
75.64493601024151	-13.661579981446266
91.25318419933319	1.9466682076454163
81.43588542938232	-7.87063056230545
80.50976468622684	-8.79675130546093
107.71123866736889	18.404722675681114
79.67312982678413	-9.63338616490364
85.83322076499462	-3.4732952266931534
58.70637172460556	-30.600144267082214
108.88830102980137	19.581785038113594
86.89225001633167	-2.414265975356102
76.37847755849361	-12.92803843319416
81.33499310910702	-7.971522882580757
78.04173251986504	-11.264783471822739
100.48991867899895	11.183402687311172
84.63178420066833	-4.67473179101944
83.561061039567	-5.745454952120781
90.22206346690655	0.9155474752187729
92.57336731255054	3.26685132086277
93.60552695393562	4.2990109622478485
87.44653822481632	-1.8599777668714523
85.73010149598122	-3.5764144957065582
95.1874456256628	5.880929633975029
72.86352005600929	-16.442995935678482
93.29162411391735	3.985108122229576
82.50303134322166	-6.80348464846611
87.99418675899506	-1.3123292326927185
86.80694840848446	-2.4995675832033157
80.28850276768208	-9.0180132240057
93.62749356031418	4.320977568626404
83.63288080692291	-5.673635184764862
78.85415051877499	-10.452365472912788
94.34618106484413	5.039665073156357
87.95555533468723	-1.3509606570005417
82.7211063504219	-6.585409641265869
87.66411662101746	-1.6423993706703186
75.74834553897381	-13.558170452713966
88.08983747661114	-1.2166785150766373
92.300158187747	2.993642196059227
70.22581703960896	-19.08069895207882
108.77806156873703	19.471545577049255
93.06551633775234	3.7590003460645676
103.40054452419281	14.094028532505035
86.19574183225632	-3.1107741594314575
90.67226864397526	1.3657526522874832
83.4604865014553	-5.846029490232468
100.26671373844147	10.960197746753693
111.5162742882967	22.209758296608925
89.82176394760609	0.5152479559183121
107.14710728824139	17.84059129655361
84.96890756487846	-4.337608426809311
93.33613896369934	4.029622972011566
72.18108306825161	-17.125432923436165
87.66877713799477	-1.6377388536930084
92.30707114934921	3.000555157661438
89.73724442720413	0.4307284355163574
84.40330201387405	-4.903213977813721
87.98821134865284	-1.318304643034935
88.12731112539768	-1.1792048662900925
93.05962006747723	3.7531040757894516
89.19253943860531	-0.11397655308246613
83.23989042639732	-6.066625565290451
79.3076374232769	-9.998878568410873
105.66849380731583	16.36197781562805
86.55451174080372	-2.752004250884056
93.23884262144566	3.932326629757881
87.26144748926163	-2.0450685024261475
99.88791951537132	10.581403523683548
78.33001923561096	-10.976496756076813
101.46927054226398	12.16275455057621
89.90339623391628	0.596880242228508
98.32319150865078	9.016675516963005
89.43442183732986	0.12790584564208984
74.19233897328377	-15.114177018404007
109.13752670586109	19.831010714173317
72.86112375557423	-16.44539223611355
99.69443207979202	10.387916088104248
89.73130448162556	0.4247884899377823
89.35423727333546	0.04772128164768219
103.03844825923443	13.731932267546654
72.68992941081524	-16.616586580872536
105.52465838193893	16.21814239025116
97.84652002155781	8.540004029870033
70.68992754817009	-18.616588443517685
94.13157573342323	4.825059741735458
85.97736717760563	-3.3291488140821457
77.46270202100277	-11.843813970685005
76.8766238540411	-12.429892137646675
88.56793239712715	-0.7385835945606232
108.90767467021942	19.601158678531647
91.23659294843674	1.9300769567489624
73.45675520598888	-15.84976078569889
107.41069313883781	18.10417714715004
73.36787968873978	-15.938636302947998
84.70162172615528	-4.604894265532494
91.69455341994762	2.3880374282598495
96.93703709542751	7.6305211037397385
102.11317178606987	12.806655794382095
99.15438620746136	9.847870215773582
80.15975746512413	-9.146758526563644
71.41242717206478	-17.894088819622993
97.47172048687935	8.165204495191574
82.45798107981682	-6.848534911870956
91.19193150103092	1.8854155093431473
95.72670491039753	6.420188918709755
123.15440781414509	33.84789182245731
82.17177525162697	-7.134740740060806
72.96678782999516	-16.33972816169262
98.36697156727314	9.060455575585365
61.06259450316429	-28.243921488523483
95.21137328445911	5.904857292771339
78.20344007015228	-11.103075921535492
94.44589997828007	5.139383986592293
76.69234457612038	-12.614171415567398
79.73229610919952	-9.57421988248825
96.99310323596	7.686587244272232
91.56439259648323	2.257876604795456
87.92309020459652	-1.3834257870912552
76.00596062839031	-13.300555363297462
88.30964568257332	-0.9968703091144562
77.21679529547691	-12.089720696210861
78.5047609359026	-10.80175505578518
69.21185779571533	-20.094658195972443
90.065873041749	0.7593570500612259
90.93869370222092	1.632177710533142
79.92183767259121	-9.384678319096565
100.5855402648449	11.27902427315712
77.38360098004341	-11.922915011644363
84.86063006520271	-4.445885926485062
80.5581780821085	-8.748337909579277
89.18086187541485	-0.12565411627292633
91.68642947077751	2.379913479089737
102.17379476130009	12.867278769612312
82.06618167459965	-7.240334317088127
80.97161380946636	-8.334902182221413
84.27213183045387	-5.034384161233902
89.04710444808006	-0.2594115436077118
72.53312005102634	-16.77339594066143
82.36626699566841	-6.940248996019363
90.76852251589298	1.4620065242052078
71.22208304703236	-18.08443294465542
88.01266159117222	-1.2938544005155563
104.25893098115921	14.952414989471436
93.6371843367815	4.330668345093727
88.56462982296944	-0.741886168718338
118.42413374781609	29.11761775612831
102.3815148472786	13.07499885559082
95.65135180950165	6.344835817813873
75.11884488165379	-14.187671110033989
70.16601745784283	-19.140498533844948
92.95096133649349	3.6444453448057175
94.7402351051569	5.433719113469124
81.27780556678772	-8.028710424900055
71.61059649288654	-17.69591949880123
102.42806568741798	13.12154969573021
86.12450182437897	-3.1820141673088074
87.94782818853855	-1.3586878031492233
91.4810729175806	2.17455692589283
103.36546650528908	14.058950513601303
86.33503365516663	-2.9714823365211487
90.92954917252064	1.6230331808328629
81.6108685284853	-7.6956474632024765
88.62879467010498	-0.6777213215827942
99.21142864227295	9.904912650585175
79.96563398838043	-9.340882003307343
70.28714318573475	-19.019372805953026
73.97512730956078	-15.331388682126999
81.72124813497066	-7.58526785671711
82.57012201845646	-6.736393973231316
68.58127602934837	-20.7252399623394
87.44473476707935	-1.8617812246084213
76.6800702214241	-12.626445770263672
86.27607390284538	-3.030442088842392
96.8320192694664	7.5255032777786255
84.6984075307846	-4.608108460903168
85.17081671953201	-4.135699272155762
74.69610351324081	-14.61041247844696
87.62088692188263	-1.6856290698051453
92.04249800741673	2.7359820157289505
81.45151966810226	-7.85499632358551
102.9255099594593	13.61899396777153
103.49731211364269	14.190796121954918
74.63870331645012	-14.667812675237656
108.82832258939743	19.521806597709656
97.32556161284447	8.019045621156693
88.76017662882805	-0.546339362859726
93.01668463647366	3.710168644785881
87.9285723567009	-1.3779436349868774
86.36372558772564	-2.9427904039621353
83.99443623423576	-5.312079757452011
90.6915175318718	1.385001540184021
99.89327958226204	10.586763590574265
68.85262480378151	-20.453891187906265
93.70566430687904	4.399148315191269
96.78438638150692	7.477870389819145
72.33468070626259	-16.971835285425186
79.15102487802505	-10.15549111366272
91.10298410058022	1.7964681088924408
77.97771228849888	-11.328803703188896
96.90041722357273	7.593901231884956
92.9069503992796	3.6004344075918198
75.63453871011734	-13.671977281570435
90.65422861278057	1.3477126210927963
81.85317066311836	-7.453345328569412
84.77177113294601	-4.53474485874176
90.27393870055676	0.9674227088689804
79.54883551597595	-9.757680475711823
86.25313001871109	-3.0533859729766846
92.23458184301853	2.928065851330757
68.23886075615883	-21.067655235528946
66.46594643592834	-22.84056955575943
93.06659132242203	3.760075330734253
88.78023572266102	-0.5262802690267563
77.27952179312706	-12.026994198560715
78.23789145052433	-11.068624541163445
91.8814054876566	2.5748894959688187
73.15921594202518	-16.14730004966259
87.76969891786575	-1.5368170738220215
80.71945570409298	-8.587060287594795
102.30076763033867	12.994251638650894
104.34869274497032	15.042176753282547
93.6770297139883	4.3705137223005295
87.18618665635586	-2.120329335331917
99.25808276236057	9.951566770672798
99.31450793147087	10.007991939783096
96.90904542803764	7.602529436349869
95.17293161153793	5.866415619850159
96.30350212752819	6.996986135840416
85.00122821331024	-4.305287778377533
89.51271429657936	0.2061983048915863
88.52055674791336	-0.7859592437744141
84.23629988729954	-5.070216104388237
89.52969019114971	0.22317419946193695
105.03519953787327	15.728683546185493
82.10757514834404	-7.198940843343735
97.23045341670513	7.923937425017357
90.52745056152344	1.2209345698356628
88.09953640401363	-1.206979587674141
76.76365274190903	-12.542863249778748
83.85651659965515	-5.449999392032623
105.26001630723476	15.95350031554699
70.76536810398102	-18.541147887706757
83.40138585865498	-5.905130133032799
82.4669941663742	-6.839521825313568
86.67757262289524	-2.628943368792534
94.77613958716393	5.4696235954761505
89.2719766497612	-0.03453934192657471
83.5742265433073	-5.73228944838047
95.48388540744781	6.17736941576004
93.23514580726624	3.9286298155784607
84.76923668384552	-4.537279307842255
85.84415218234062	-3.4623638093471527
83.45948567986488	-5.847030311822891
76.36888395249844	-12.937632039189339
88.63577480614185	-0.6707411855459213
95.65131786465645	6.344801872968674
97.64715848863125	8.340642496943474
89.94620659947395	0.6396906077861786
94.04341205954552	4.736896067857742
87.82979315519333	-1.4767228364944458
80.62495732307434	-8.681558668613434
86.22953245043755	-3.076983541250229
109.53826120495796	20.231745213270187
68.16281624138355	-21.143699750304222
93.99180559813976	4.685289606451988
68.72868132591248	-20.5778346657753
92.40220436453819	3.095688372850418
84.38428266346455	-4.9222333282232285
93.90772467851639	4.601208686828613
94.30666218698025	5.000146195292473
76.6873028576374	-12.61921313405037
91.58545318245888	2.278937190771103
111.15990526974201	21.853389278054237
103.38316059112549	14.076644599437714
87.41009938716888	-1.8964166045188904
103.11993965506554	13.813423663377762
80.51202148199081	-8.79449450969696
78.42542931437492	-10.881086677312851
93.81440125405788	4.50788526237011
88.29168258607388	-1.0148334056138992
85.420773640275	-3.885742351412773
79.39258520305157	-9.913930788636208
101.50510023534298	12.198584243655205
91.66241757571697	2.3559015840291977
74.43896639347076	-14.86754959821701
85.56245277822018	-3.744063213467598
87.32225424051285	-1.9842617511749268
87.92191289365292	-1.3846030980348587
85.04298938810825	-4.263526603579521
94.33808353543282	5.031567543745041
95.14393500983715	5.837419018149376
93.33582077920437	4.029304787516594
89.09888598322868	-0.2076300084590912
97.07020863890648	7.763692647218704
80.73085650801659	-8.575659483671188
86.41065995395184	-2.895856037735939
76.48722097277641	-12.819295018911362
97.19559460878372	7.889078617095947
65.81070618331432	-23.49580980837345
75.48332653939724	-13.823189452290535
95.57143720984459	6.264921218156815
110.50651106238365	21.199995070695877
97.2099249958992	7.903409004211426
102.15898889303207	12.8524729013443
96.76056759059429	7.454051598906517
83.8523076325655	-5.454208359122276
96.62148423492908	7.31496824324131
91.99687100946903	2.6903550177812576
78.46238964796066	-10.844126343727112
104.42265728116035	15.11614128947258
106.3564380556345	17.049922063946724
87.85529175400734	-1.4512242376804352
89.02506157755852	-0.2814544141292572
107.5077111274004	18.201195135712624
88.14620950818062	-1.1603064835071564
80.41288933157921	-8.893626660108566
68.88445515930653	-20.42206083238125
99.70390309393406	10.397387102246284
90.31111896038055	1.0046029686927795
94.84994266927242	5.543426677584648
91.18994717299938	1.8834311813116074
82.89963692426682	-6.4068790674209595
101.47161576151848	12.165099769830704
99.69733561575413	10.390819624066353
81.15494398772717	-8.15157200396061
84.61887393891811	-4.687642052769661
85.83383211493492	-3.4726838767528534
71.33437941968441	-17.972136572003365
98.43016237020493	9.12364637851715
74.23554669320583	-15.070969298481941
73.78771363198757	-15.518802359700203
91.49305602908134	2.18654003739357
108.25989742577076	18.953381434082985
89.92033803462982	0.6138220429420471
92.81360559165478	3.507089599967003
90.54974438250065	1.2432283908128738
109.51374436914921	20.207228377461433
103.65727515518665	14.350759163498878
89.86075730621815	0.5542413145303726
95.0016359090805	5.695119917392731
95.92456801235676	6.6180520206689835
100.20317824184895	10.896662250161171
107.16423092782497	17.8577149361372
95.62855583429337	6.322039842605591
83.39400129020214	-5.912514701485634
76.80404344201088	-12.502472549676895
83.23438999056816	-6.072126001119614
87.837765827775	-1.4687501639127731
94.82895463705063	5.522438645362854
90.16523244976997	0.8587164580821991
85.6266278475523	-3.679888144135475
84.02717871963978	-5.2793372720479965
81.36817735433578	-7.93833863735199
75.25376696884632	-14.052749022841454
96.68053276836872	7.374016776680946
88.15091256797314	-1.1556034237146378
87.72204864025116	-1.584467351436615
86.79872159659863	-2.5077943950891495
81.47697152197361	-7.829544469714165
82.65119117498398	-6.655324816703796
101.47575554251671	12.169239550828934
93.96831484138966	4.661798849701881
102.22726854681969	12.920752555131912
103.23611423373222	13.929598242044449
81.84663847088814	-7.459877520799637
99.20943734049797	9.902921348810196
83.91550773382187	-5.391008257865906
95.36027371883392	6.053757727146149
86.28807666897774	-3.0184393227100372
92.44431374967098	3.1377977579832077
84.03319238126278	-5.273323610424995
74.29236237704754	-15.014153614640236
91.41094307601452	2.104427084326744
102.54383793473244	13.237321943044662
80.1825823187828	-9.123933672904968
108.00164806842804	18.695132076740265
76.65102343261242	-12.655492559075356
82.87655363976955	-6.4299623519182205
69.47397704422474	-19.832538947463036
104.54348182678223	15.236965835094452
96.8554730117321	7.548957020044327
89.94441990554333	0.6379039138555527
75.76228307187557	-13.544232919812202
99.68383139371872	10.377315402030945
97.97936950623989	8.672853514552116
91.64889994263649	2.342383950948715
91.28972162306309	1.9832056313753128
86.56272532045841	-2.7437906712293625
82.63258749246597	-6.673928499221802
87.40194721519947	-1.9045687764883041
89.04007336497307	-0.2664426267147064
93.37920066714287	4.072684675455093
96.25573933124542	6.949223339557648
88.90559670329094	-0.4009192883968353
94.38863980770111	5.082123816013336
89.9881649017334	0.6816489100456238
69.71734400093555	-19.58917199075222
93.05474402010441	3.7482280284166336
99.77635324001312	10.469837248325348
97.70026549696922	8.393749505281448
81.50376953184605	-7.802746459841728
92.36911663413048	3.0626006424427032
83.21634721755981	-6.09016877412796
102.92324393987656	13.616727948188782
94.3172286003828	5.01071260869503
90.82324868440628	1.5167326927185059
93.05302827060223	3.7465122789144516
116.92129036784172	27.614774376153946
91.00447840988636	1.6979624181985855
106.83716642856598	17.530650436878204
96.72468623518944	7.418170243501663
114.32183015346527	25.015314161777496
96.97428968548775	7.6677736937999725
105.41630747914314	16.109791487455368
92.91731491684914	3.6107989251613617
79.07795186340809	-10.228564128279686
99.96183955669403	10.655323565006256
74.8516134172678	-14.454902574419975
92.87599225342274	3.5694762617349625
85.81346374750137	-3.4930522441864014
96.79345038533211	7.486934393644333
74.74093860387802	-14.565577387809753
74.1714117527008	-15.135104238986969
85.56538958847523	-3.7411264032125473
74.82183463871479	-14.484681352972984
84.69477471709251	-4.611741274595261
90.0912407040596	0.7847247123718262
97.07116958498955	7.764653593301773
86.66463777422905	-2.641878217458725
90.18913267552853	0.8826166838407516
112.63021299242973	23.32369700074196
98.62549270689487	9.3189767152071
97.3319626301527	8.025446638464928
70.06660310924053	-19.239912882447243
76.32127158343792	-12.985244408249855
91.99914583563805	2.6926298439502716
81.73506362736225	-7.571452364325523
86.82229396700859	-2.484222024679184
81.40479497611523	-7.901721015572548
87.66700138151646	-1.639514610171318
54.214481726288795	-35.09203426539898
97.31056106090546	8.004045069217682
98.7650765478611	9.458560556173325
115.09653452038765	25.790018528699875
79.7589974552393	-9.547518536448479
85.19558963179588	-4.1109263598918915
88.57785540819168	-0.7286605834960938
79.46347254514694	-9.843043446540833
65.33005225658417	-23.976463735103607
110.61884661018848	21.31233061850071
80.56431806087494	-8.742197930812836
76.68961597979069	-12.616900011897087
86.71068376302719	-2.5958322286605835
80.78707486391068	-8.5194411277771
101.31413023173809	12.007614240050316
97.99033381044865	8.683817818760872
83.8647008985281	-5.441815093159676
89.85625818371773	0.549742192029953
89.91922326385975	0.6127072721719742
104.77221654355526	15.465700551867485
78.0567020624876	-11.249813929200172
109.88851054012775	20.58199454843998
89.58720830082893	0.28069230914115906
85.65557511150837	-3.650940880179405
83.17133888602257	-6.135177105665207
95.53409975767136	6.2275837659835815
79.19624637067318	-10.110269621014595
92.78685034811497	3.4803343564271927
105.7762390524149	16.46972306072712
89.90973256528378	0.6032165735960007
78.8381889462471	-10.468327045440674
89.1564261764288	-0.1500898152589798
103.29181669652462	13.985300704836845
96.82463054358959	7.518114551901817
64.26152397692204	-25.04499201476574
102.97085988521576	13.664343893527985
90.5905002206564	1.2839842289686203
90.7644519507885	1.4579359591007233
85.14551909267902	-4.160996899008751
97.65729188919067	8.3507758975029
97.50940251350403	8.202886521816254
107.8337934166193	18.527277424931526
85.32392793893814	-3.982588052749634
100.03274415433407	10.726228162646294
103.46593227982521	14.159416288137436
83.87457799911499	-5.431937992572784
91.59994541108608	2.293429419398308
68.58256787061691	-20.723948121070862
95.63122510910034	6.324709117412567
93.95451816916466	4.648002177476883
84.72628976404667	-4.580226227641106
95.54877211153507	6.242256119847298
84.8983528316021	-4.408163160085678
95.23281686007977	5.926300868391991
89.97620421648026	0.6696882247924805
94.24850644171238	4.941990450024605
94.30730339884758	5.000787407159805
88.24066235125065	-1.0658536404371262
90.78863590955734	1.4821199178695679
93.630794018507	4.324278026819229
96.27921986579895	6.9727038741111755
96.3118210285902	7.005305036902428
101.49214021861553	12.185624226927757
98.21424843370914	8.90773244202137
79.35774041712284	-9.948775574564934
76.82405731081963	-12.482458680868149
85.35461112856865	-3.9519048631191254
102.69879972934723	13.392283737659454
115.51100607216358	26.204490080475807
78.38498783111572	-10.921528160572052
87.8571841865778	-1.4493318051099777
75.96421405673027	-13.342301934957504
90.60990886390209	1.3033928722143173
90.25707186758518	0.9505558758974075
94.3169704079628	5.010454416275024
84.1794269233942	-5.1270890682935715
85.66776604950428	-3.6387499421834946
61.683493703603745	-27.62302228808403
71.30742436647415	-17.999091625213623
88.70214867591858	-0.6043673157691956
72.24222783744335	-17.064288154244423
77.54912169277668	-11.757394298911095
67.13232170045376	-22.174194291234016
87.4756332039833	-1.8308827877044678
90.14767198264599	0.8411559909582138
83.74520252645016	-5.5613134652376175
94.22978676855564	4.9232707768678665
80.91180188953876	-8.39471410214901
44.86155270040035	-44.44496329128742
101.45931303501129	12.152797043323517
81.66502831876278	-7.641487672924995
75.13929870724678	-14.167217284440994
118.65958140790462	29.35306541621685
86.49946276843548	-2.8070532232522964
92.92071223258972	3.614196240901947
103.68464544415474	14.378129452466965
88.83777755498886	-0.4687384366989136
81.68574641644955	-7.620769575238228
89.46356512606144	0.15704913437366486
93.33669117093086	4.030175179243088
97.64174942672253	8.335233435034752
83.38575005531311	-5.920765936374664
92.34141963720322	3.034903645515442
65.31226539611816	-23.99425059556961
91.89195115864277	2.585435166954994
88.68895827233791	-0.6175577193498611
90.02647665143013	0.7199606597423553
88.0126533061266	-1.2938626855611801
93.89894424378872	4.5924282521009445
85.1944388449192	-4.11207714676857
106.12151862680912	16.815002635121346
75.34109923243523	-13.965416759252548
102.9458100348711	13.639294043183327
90.71676409244537	1.4102481007575989
101.50606516003609	12.199549168348312
82.14223915338516	-7.164276838302612
95.2847340553999	5.97821806371212
85.69298163056374	-3.6135343611240387
106.29737634956837	16.990860357880592
86.2345242202282	-3.0719917714595795
88.20571741461754	-1.1007985770702362
93.0875650793314	3.7810490876436234
73.77004691958427	-15.5364690721035
92.63880516588688	3.3322891741991043
87.56430643796921	-1.742209553718567
69.47183653712273	-19.834679454565048
81.28643624484539	-8.020079746842384
84.26690693199635	-5.039609059691429
87.6642314940691	-1.6422844976186752
97.55515857040882	8.248642578721046
84.31276352703571	-4.9937524646520615
109.23348447680473	19.92696848511696
108.78051288425922	19.47399689257145
81.15078857541084	-8.155727416276932
71.90214049816132	-17.40437549352646
89.99382223188877	0.6873062402009964
113.12125658988953	23.81474059820175
80.87575516104698	-8.430760830640793
67.7814378887415	-21.52507810294628
91.53165696561337	2.2251409739255905
107.55986282229424	18.25334683060646
89.05261190235615	-0.2539040893316269
95.20255163311958	5.8960356414318085
109.7026973515749	20.396181359887123
94.57585744559765	5.269341453909874
83.74023129045963	-5.566284701228142
80.2639023065567	-9.042613685131073
87.21586547791958	-2.090650513768196
94.92744535207748	5.6209293603897095
85.12727496027946	-4.17924103140831
80.37605105340481	-8.930464938282967
94.32501038908958	5.01849439740181
75.42241072654724	-13.884105265140533
83.200628682971	-6.105887308716774
97.6228032708168	8.316287279129028
84.33749434351921	-4.969021648168564
74.62677648663521	-14.679739505052567
75.39972031116486	-13.906795680522919
82.60748381912708	-6.699032172560692
86.71113160252571	-2.5953843891620636
103.5380515307188	14.231535539031029
99.20783621072769	9.901320219039917
94.47450017929077	5.167984187602997
92.40639260411263	3.0998766124248505
83.6800697594881	-5.626446232199669
104.24988201260567	14.943366020917892
84.30690409243107	-4.999611899256706
103.01617242395878	13.709656432271004
95.3918356448412	6.0853196531534195
84.88840536773205	-4.418110623955727
114.42935088276863	25.122834891080856
100.35740974545479	11.050893753767014
105.8507077395916	16.544191747903824
79.42540813982487	-9.881107851862907
90.69442687928677	1.3879108875989914
72.84993055462837	-16.456585437059402
89.70653735101223	0.40002135932445526
80.18884122371674	-9.117674767971039
110.85687504708767	21.550359055399895
82.4007025808096	-6.9058134108781815
90.35301838815212	1.0465023964643478
93.78513805568218	4.478622063994408
89.32767550647259	0.021159514784812927
85.48251186311245	-3.824004128575325
87.22225484251976	-2.0842611491680145
107.4528479129076	18.146331921219826
94.45945605635643	5.152940064668655
96.50371159613132	7.19719560444355
91.18786515295506	1.8813491612672806
90.78694461286068	1.480428621172905
87.11979621648788	-2.18671977519989
92.18155986070633	2.8750438690185547
80.59015792608261	-8.716358065605164
105.33965913951397	16.033143147826195
95.727495059371	6.42097906768322
94.40803861618042	5.101522624492645
80.2248971760273	-9.081618815660477
92.88203638792038	3.575520396232605
93.59395071864128	4.2874347269535065
76.17235903441906	-13.134156957268715
78.41891996562481	-10.887596026062965
84.11015895009041	-5.196357041597366
90.91836741566658	1.6118514239788055
92.06897799670696	2.762462005019188
97.61436626315117	8.307850271463394
88.42769826948643	-0.8788177222013474
102.4078406393528	13.101324647665024
87.42917074263096	-1.877345249056816
80.94879353046417	-8.357722461223602
111.7105767428875	22.404060751199722
92.09480555355549	2.788289561867714
87.55157992243767	-1.7549360692501068
85.4642013758421	-3.8423146158456802
97.50205905735493	8.195543065667152
91.35265032947063	2.04613433778286
92.94470700621605	3.6381910145282745
89.97221069037914	0.6656946986913681
82.808838814497	-6.497677177190781
78.64913366734982	-10.65738232433796
77.80705066025257	-11.499465331435204
83.23431074619293	-6.0722052454948425
77.07743507623672	-12.22908091545105
98.43192054331303	9.125404551625252
88.10890318453312	-1.1976128071546555
89.31962776184082	0.013111770153045654
82.9479907900095	-6.358525201678276
83.39966277778149	-5.906853213906288
83.97729463875294	-5.329221352934837
75.10683958232403	-14.199676409363747
72.58461908996105	-16.721896901726723
96.73193728923798	7.425421297550201
97.4967393875122	8.190223395824432
90.68235974013805	1.3758437484502792
109.56792566180229	20.261409670114517
92.0550479888916	2.748531997203827
90.04367227852345	0.7371562868356705
75.83564032614231	-13.470875665545464
103.96950341761112	14.662987425923347
73.69357743859291	-15.612938553094864
83.33538407087326	-5.971131920814514
72.02696153521538	-17.279554456472397
75.59239564836025	-13.714120343327522
84.85198239982128	-4.454533591866493
92.40218213200569	3.095666140317917
102.91535350680351	13.608837515115738
98.89709454774857	9.590578556060791
82.75044460594654	-6.556071385741234
81.29581488668919	-8.010701104998589
104.68113718926907	15.374621197581291
103.67734019458294	14.370824202895164
99.39915952086449	10.092643529176712
71.97415554523468	-17.332360446453094
89.40659174323082	0.10007575154304504
97.05179238319397	7.745276391506195
110.30870404839516	21.002188056707382
84.46930180490017	-4.837214186787605
91.71374401450157	2.407228022813797
103.45518505573273	14.148669064044952
76.08410923182964	-13.222406759858131
89.96004864573479	0.6535326540470123
93.90611346065998	4.599597468972206
91.64658582210541	2.340069830417633
83.12311492860317	-6.183401063084602
79.26696591079235	-10.039550080895424
73.62742388248444	-15.679092109203339
91.40411294996738	2.0975969582796097
102.3635440915823	13.057028099894524
94.62160030007362	5.315084308385849
84.89007714390755	-4.416438847780228
81.56619682908058	-7.740319162607193
83.57047392427921	-5.736042067408562
88.54737237095833	-0.7591436207294464
102.39229783415794	13.085781842470169
87.49859647452831	-1.807919517159462
87.04882323741913	-2.2576927542686462
82.05913649499416	-7.247379496693611
88.25994518399239	-1.0465708076953888
112.67366203665733	23.36714604496956
98.05826233327389	8.751746341586113
84.96345180273056	-4.343064188957214
107.28457450866699	17.978058516979218
92.87189701199532	3.565381020307541
105.74304813146591	16.436532139778137
91.5377052128315	2.2311892211437225
88.667765006423	-0.6387509852647781
97.77230229973793	8.465786308050156
91.90913674235344	2.6026207506656647
115.05193023383617	25.7454142421484
84.79091331362724	-4.515602678060532
89.13195280730724	-0.1745631843805313
91.94395519793034	2.6374392062425613
88.64988884329796	-0.6566271483898163
69.14768958091736	-20.158826410770416
75.44639544188976	-13.860120549798012
81.81675267219543	-7.48976331949234
110.88714325428009	21.580627262592316
78.40721614658833	-10.89929984509945
77.45523190498352	-11.851284086704254
96.43622532486916	7.129709333181381
77.45774048566818	-11.848775506019592
96.39471390843391	7.0881979167461395
66.30567179620266	-23.000844195485115
96.41451731324196	7.108001321554184
92.15541034936905	2.8488943576812744
77.51108807325363	-11.795427918434143
88.7251176983118	-0.5813982933759689
91.93099282681942	2.624476835131645
99.6444940418005	10.337978050112724
98.92088995873928	9.614373967051506
91.86267173290253	2.556155741214752
85.40612526237965	-3.9003907293081284
96.63856193423271	7.332045942544937
68.52043284475803	-20.78608314692974
69.52673649787903	-19.779779493808746
95.62372741103172	6.317211419343948
87.98557512462139	-1.3209408670663834
87.61398810148239	-1.6925278902053833
89.41722336411476	0.1107073724269867
111.781484156847	22.474968165159225
108.58414414525032	19.277628153562546
82.0956070125103	-7.210908979177475
90.91084675490856	1.604330763220787
86.37792201340199	-2.9285939782857895
86.47719451785088	-2.829321473836899
95.35507692396641	6.048560932278633
86.98968794941902	-2.316828042268753
88.64779230952263	-0.6587236821651459
81.76716047525406	-7.539355516433716
104.66033375263214	15.353817760944366
87.58273707330227	-1.7237789183855057
78.34042701125145	-10.966088980436325
103.91892512142658	14.612409129738808
100.16564232110977	10.859126329421997
77.04600968956947	-12.260506302118301
91.98713579773903	2.6806198060512543
102.29926873743534	12.992752745747566
81.9924847483635	-7.31403124332428
85.14018718898296	-4.166328802704811
94.11439616978168	4.80788017809391
80.32405015826225	-8.982465833425522
98.2159473747015	8.909431383013725
98.55110938847065	9.244593396782875
72.08913831412792	-17.217377677559853
82.16414549946785	-7.142370492219925
81.92293106019497	-7.3835849314928055
78.40052908658981	-10.905986905097961
76.97397470474243	-12.332541286945343
81.67069213092327	-7.6358238607645035
82.44536869227886	-6.861147299408913
87.96535323560238	-1.3411627560853958
88.34581662714481	-0.9606993645429611
98.37740018963814	9.070884197950363
88.66830298304558	-0.6382130086421967
81.8316570520401	-7.474858939647675
81.93937833607197	-7.367137655615807
106.35221743583679	17.045701444149017
91.62822586297989	2.3217098712921143
82.20287489891052	-7.103641092777252
78.23542192578316	-11.071094065904617
78.09289738535881	-11.213618606328964
97.8578039854765	8.55128799378872
87.85245229303837	-1.4540636986494064
88.55038498342037	-0.7561310082674026
96.62118570506573	7.314669713377953
84.27315640449524	-5.033359587192535
98.95825161039829	9.651735618710518
87.66569946706295	-1.6408165246248245
96.48828776180744	7.181771770119667
86.43051041662693	-2.8760055750608444
79.52171763777733	-9.784798353910446
99.13923984766006	9.83272385597229
86.03072935342789	-3.2757866382598877
92.47472974658012	3.1682137548923492
111.54121267795563	22.234696686267853
98.63347581028938	9.326959818601608
85.16101594269276	-4.145500048995018
72.46848121285439	-16.83803477883339
95.79200191795826	6.485485926270485
93.79233966767788	4.485823675990105
67.04432246088982	-22.26219353079796
82.98005947470665	-6.326456516981125
99.37239716947079	10.065881177783012
92.29373736679554	2.987221375107765
92.95822951197624	3.6517135202884674
73.83343902230263	-15.473076969385147
86.67926868796349	-2.627247303724289
85.60264199972153	-3.7038739919662476
99.70100247859955	10.394486486911774
83.47361010313034	-5.832905888557434
86.09587879478931	-3.2106371968984604
90.35814535617828	1.051629364490509
74.38197618722916	-14.924539804458618
83.45509301126003	-5.851422980427742
93.5272006392479	4.22068464756012
98.76074402034283	9.454228028655052
88.83038727939129	-0.4761287122964859
94.09723143279552	4.79071544110775
82.46635709702969	-6.840158894658089
103.3551424741745	14.048626482486725
96.31326147913933	7.006745487451553
89.2035670876503	-0.10294890403747559
91.57946987450123	2.2729538828134537
99.94983194768429	10.643315955996513
79.47701312601566	-9.829502865672112
102.41368003189564	13.107164040207863
76.30905683338642	-12.997459158301353
97.31960546970367	8.0130894780159
74.32179796695709	-14.984718024730682
101.02682207524776	11.72030608355999
69.19428631663322	-20.11222967505455
100.42769418656826	11.121178194880486
109.60696694254875	20.300450950860977
90.69937019050121	1.3928541988134384
77.03695966303349	-12.26955632865429
87.27442565560341	-2.032090336084366
77.85689043998718	-11.449625551700592
79.79978290200233	-9.50673308968544
87.05031658709049	-2.2561994045972824
100.17728240787983	10.870766416192055
94.61797413229942	5.311458140611649
104.25561375916004	14.949097767472267
85.39190401136875	-3.914611980319023
81.99992941319942	-7.30658657848835
92.1661337018013	2.8596177101135254
91.84163507819176	2.5351190865039825
92.1167850792408	2.8102690875530243
88.20721164345741	-1.099304348230362
100.4087065756321	11.10219058394432
98.85725976526737	9.550743773579597
77.46513402462006	-11.841381967067719
78.282929494977	-11.023586496710777
100.16790308058262	10.861387088894844
85.17499014735222	-4.131525844335556
96.79987506568432	7.493359073996544
75.28145104646683	-14.025064945220947
80.78427450358868	-8.522241488099098
93.68102855980396	4.374512568116188
83.7219402641058	-5.584575727581978
94.5806903988123	5.274174407124519
83.52947823703289	-5.777037754654884
111.21144391596317	21.9049279242754
82.88847951591015	-6.418036475777626
91.00813081860542	1.7016148269176483
102.64693331718445	13.340417325496674
