name = 'CC-H'
composition = {'H':1, 'C':2, 'N':0, 'O':0, 'Pt':0}
IS_SPE =[-378147.997714466, 'eV']
IS_ZPE =[0.489, 'eV']
IS_frequencies=[227.5, 240.4, 327.8, 391.7, 461.7, 711.3, 850.4, 1461.6, 3212.3, 'cm-1']
composition = {'H':1, 'C':2, 'N':0, 'O':0, 'Pt':0}
TST_SPE=[-378146.519002, 'eV']
TST_ZPE=[0.328, 'eV']
TST_frequencies=[205.1, 318.4, 329.6, 367.8, 386.3, 463.7, 1367.5, 1856.3, 'cm-1']
no_reactants=2
bee_IS = [-60.1963528008851, -3.59612282846422, -15.7468137018746, 42.6127979774402, -21.9587380995857, -20.4277120699323, -34.859755863366, -85.7796552629323, -46.2929664320106, -47.0350948752269, -36.6624133025351, 2.20854670765307, 4.04379879622539, 7.68278909617865, 2.62470436931329, 47.1490121611446, -20.7549688368214, -22.9968792470101, 19.123065596653, -111.582329404813, 53.2218146718212, -28.8550761932851, -3.29396558458524, -11.3453415817403, -8.89119955089689, -4.63042165612765, 87.6464390366485, -18.4852511442423, -8.95932582485671, -51.4315930650646, 81.1120410188516, -18.7415393884926, -37.2031933947319, 24.8208218828721, -2.81604167197457, 16.1716806167282, -4.88319748874636, 10.8299727782357, 28.5192585832462, -102.580936410819, 55.4271719844452, 14.1418914246214, -1.58822223288064, -35.9536231351118, 12.2261913489393, -14.5055100095035, 39.4647226166642, 36.2410705870496, -30.7010690258684, -27.2834288585793, -32.6125710586821, -34.9270408508633, 13.4307100102509, -48.7178238352332, 11.4212780019039, 61.8615454131829, 62.9563574135282, 35.3513941347383, 15.3039469468468, 26.786209930765, 88.4657589285649, 21.1864030841169, -54.4620362014436, -15.6597831765765, -23.3706205540728, 62.5479622376102, -76.8506772169599, -66.7536579016347, -25.661144214338, -6.27457177088604, -46.8454661416633, 26.8637784623084, 7.91889087291668, 8.55452112464769, -39.4327458727089, -34.4229179568613, -53.7410784201069, 38.8363423612509, -29.3281721493388, 26.2627564241762, -7.07500353845775, -31.6188252785899, -57.2944164697118, -17.5736611550934, -8.94257620785174, -12.3857870131524, 40.9321145473978, 67.6714901499677, -38.2146336624877, -78.899887990588, -21.8378790444361, 110.738191688544, -58.8190961867245, 35.3985537659029, -9.48032034689504, -65.9158667993686, 25.2484039903987, 39.6091815369687, -19.7679250636843, 39.8364885403572, -29.4484235235072, -47.3331811087879, 85.8234667768832, 45.0746897542205, 33.5115636659579, 14.5579763767831, 20.3637965966912, 85.0720875999458, -25.4734765379864, 7.85347981456712, -141.426569803112, 18.0045566543803, -71.1594822425024, 14.9956991165438, 20.2929742958781, -33.0069348862037, -55.3668297178453, 6.54734977498833, -30.1884731102652, 30.4549996065189, -52.6554278472767, 1.78989654309009, -35.4201872837372, -4.21241863788435, -1.09208814707057, 17.9087478325351, 1.43157107459729, -6.48053631676726, 58.5205005983412, 90.1500479743854, 48.0480430269553, 82.6035422525084, -11.4152136426959, 14.2651526868191, 53.7291211099143, -11.1584562498862, -73.003170279254, -38.0572078236541, -51.8099538972868, -27.4594556105116, 32.5375311638439, -115.897662174907, -18.629758116702, 41.0587555829759, -38.3398468431906, -36.3500579923248, 53.9572309162751, 39.7219927737768, -35.1813076942095, 13.4791557820902, -27.127615762242, 34.0419328629338, 4.42144200618674, 21.0654029975952, -87.8818394583939, -47.6782387509942, -9.87915846341252, 3.26804548259855, -36.3475994058847, 105.212010680744, -23.0215128122519, -39.674594302331, 38.618584562239, -49.1135072574558, -36.0419360429867, 32.246205154108, 12.3573724458851, 16.3644158802977, 11.5140086668898, -13.2108574511302, 22.4638890759203, 58.6045738578142, -30.9885346152768, 16.0887953928481, 92.7952971874682, 33.8383504394995, -7.25880841599758, -18.6950573230465, 152.199052081379, -16.2075462727051, 36.0285065768321, 19.1995786262537, 35.996561006508, 88.5423336826334, 53.973899118457, -2.37079639435805, 22.5762774911221, 48.1033089912146, 36.0695546541785, -52.0850984174168, 92.9089221459641, -81.9251348312013, -19.7576121097329, 57.8912879746296, 6.59244132138018, 7.86292120018891, 33.9119846321065, 29.8123629289904, 35.1274315451822, -63.3189889512059, 2.86051937535285, -29.5884863056068, -8.68230219031153, -1.42978505857536, -7.11404210842451, -4.09402650816247, 85.3201374340441, -10.0767100199005, -27.4318485093395, -4.96046013014436, 13.8899197077255, -55.9267215732496, -40.2769716595506, -37.9687094836027, -62.5614603869377, -16.8355180380601, -44.4581845518758, 16.2009012292341, -2.4250930402192, -10.3336095899039, -9.28431974550068, 8.04741872397506, -24.2231085892166, 68.4499440564095, -80.0470309163863, -14.0057627060706, -17.3233524085937, 18.0902971140394, 21.2599800130691, -46.013692437617, -20.1217342530021, 43.7586243322158, -27.4882704209116, 18.5894684581188, 38.0528051511439, -3.21634022286935, 113.310600628579, -22.9693175069984, -33.8613996973012, 5.78964386193672, -22.6075483743518, 52.3544890874423, -33.3463681269918, 10.5492769677371, 63.7189117445309, -12.5344762510701, 119.371536229715, 124.923303997721, -64.4669768983636, 58.6315953499774, 16.4618688603866, -51.3516611187059, 21.5109599617586, 35.0374801533422, 35.9039796209159, 1.3214544819005, 15.8259852160838, 68.9979093426618, -24.5297819354084, 18.067598597098, 73.4205291584186, -36.9971151149626, -12.7597714654335, 50.4020736025672, 29.5130085544863, 77.4931721589833, 22.0038272660559, 6.12602665360674, 27.866214471062, 38.0099594139133, -46.747917954492, 3.24014807868758, 12.7291798630119, 11.2788956770162, 21.864918221075, -57.0104643880382, 36.3948763339913, -44.0853194758947, -34.5018748255708, 17.6321240610221, -18.1019053265633, 55.0527505831176, -25.5475472515948, 26.4549425867232, 36.6228551488492, 82.368234731555, 57.086154879307, 45.7873889676149, -10.5837909204652, -3.81721409026642, -32.9809234774863, 74.4501147966762, 79.1179371887811, 35.8883932020933, -18.9734755711776, 50.8295138839445, -16.306911615125, 21.3774083863669, 60.9257357863781, 2.164470134189, -10.3678390399776, -28.1834259659801, -50.6745152890709, 93.8263350573616, 43.5611244256189, -55.4188056892298, -9.46183106841642, 24.8156156620826, -9.89605695507032, 58.7266048708707, 15.1162351513874, 79.339464660694, 27.6953172929503, -26.2576270625575, 24.7901706514882, -4.96884088591003, -32.2040778410075, 13.2079162543581, 20.4835733938153, 92.5996783792525, 79.183069995987, 54.6743137892329, 72.6162450561039, 7.94891510606303, -27.1846274695353, 16.2227873535872, -36.5697844586713, -47.1929021463032, -55.9548545253423, -26.4103303654706, -108.916205545722, -28.8506263028495, -83.072661071582, 20.8391022557859, -47.37228335468, 39.2945509293813, -93.389735637148, -32.7989363747553, 54.6111540933085, 20.6141264245177, -82.3831948937985, 62.7455354301212, -25.4619089009249, 50.8377946383237, -24.086913091909, -74.5451919668939, 11.0767476541753, -60.6438224080025, -16.8235258953671, -1.46076294516031, 41.534672599099, 126.090364801482, -45.8721792270014, -35.998351397187, -0.92977501417721, -12.9737144363568, -81.672508082667, -59.277699405448, 51.3748113949163, -28.7824292308609, 16.7481802533231, -48.5887292612761, -13.0667916957222, -43.4311370320373, 56.2114842064004, 15.050734641902, -22.9872904444053, -12.5410676284504, 6.562980937116, -6.1351778677585, 43.8656767016751, -25.0174325067039, 2.65304693551252, 33.6633020301437, 17.0624838982545, -15.7816567681036, 155.152400473406, 53.3360908395087, 1.08998050492232, 16.1409301145198, -61.0216623185154, 31.2579678828569, -71.5980051523184, -24.9581746782899, -51.8267279809849, -21.8704858409739, 56.4818224581617, -53.2728185143813, 15.8654790909518, -4.04417435061976, 3.87851868527562, -43.171901392462, -47.5397055343141, -3.94634786055735, -42.2902453054371, -21.567482337715, -43.5509453352475, -11.8932101991916, -35.6665610159856, -51.2960258393942, 21.1262153978469, -20.8620084732454, 18.5955840929553, 9.69017193897902, -73.2350409019284, -54.4516997809659, -39.4244550564201, 35.2012055984933, 2.76329461148157, -62.2310474348055, 58.1402756555835, -39.8067304321072, 54.0332559796609, -28.7169264818818, -44.2463004575561, 29.6978622790142, -65.2411339637258, -37.7621886769971, 66.8603102403834, 20.2500975231842, -35.6584965152142, 48.5243188060162, -17.2688820500716, -31.9893465932001, -29.9599187140734, -49.6877081940861, 24.7344054280657, -92.6699459622301, -83.4817762472265, -7.27184216772321, -30.4739226822563, -57.1116303490508, 71.6324924395875, 130.524665663898, -35.9555785436883, -2.52498445270709, -63.2769365338183, 64.5807389710886, 16.9046077209431, -17.9790745393834, -40.7507675923358, 14.7641919091531, -58.1943048888563, -19.6838919732072, -89.8550680026267, 33.4346366983631, 16.8365380527294, 1.88844366055059, -6.9558659558536, -32.6230310404803, -7.4803091760902, 124.504011879286, -19.7968572182668, -43.3614325611884, -67.8816005766381, 10.8092348610267, -33.9195625659736, 5.8146809056648, 25.8981314033238, 10.1738132382619, 27.5161933700532, 11.8417575258632, 62.542471639307, 31.5193387248974, -32.3795547854957, 35.1269823741401, 37.7139531476849, 12.0011923999742, 48.4348729651564, -22.2273185313965, 76.0652866922178, 17.0355860935517, -26.9590134906834, -7.18936850979357, -18.5130492227767, 26.0891826311112, -23.2818742318476, -0.0177892895895582, -8.38307743278278, 80.3920879100639, 49.5740309033486, -68.2715565504493, -4.68829686081025, -55.2002984095644, -15.8759636656267, -26.6717340438851, 3.66662653198307, 0.603504036360436, -25.536120242074, 7.99792427263259, -5.9578627888805, -12.8135281710966, 85.27325750661, 18.0886885076843, -80.0692372447517, -45.5752991870172, 93.7762258232527, 27.5974293144284, -10.6249865778256, 103.747618448322, -19.3897552129972, -12.2592584564405, -5.29902688372306, 10.6152936484162, 26.9784765667792, 7.79322680126776, 30.3343119083357, -18.7334284375962, -30.0623727633094, -41.4838637266973, -47.3309187480307, 46.1195077919498, 12.5854067674242, 38.4813062759211, 13.2313632536496, 84.8991003653537, 15.4977242840894, -84.047352256694, -33.2084574957245, 13.3727466259844, -30.0871199399329, 62.1898643465914, -8.73230216538423, 14.7567099434112, 49.3174634269471, -70.1404446157782, 148.668975910639, 20.7245504201989, 26.9734649551082, 34.4785783093766, 10.3448822615584, -1.56531987826298, 35.6221067384292, -35.4409962098227, 76.6788024639182, 67.916837844162, -40.3083791376007, 14.8217676473656, 66.4886155862145, -22.2507362059566, 15.285472439224, 43.2921677505681, 41.9391534839075, -77.9364166148118, -15.2310436690548, -35.4371719885874, -1.4353680020356, -7.59836124960398, -5.52669073571587, -18.0002232816902, -29.1313937100276, 6.19397100553766, 11.1409831521643, 53.1779730106263, -38.6769194425267, 37.0749166475215, 43.4770470739887, -18.6209520719676, 86.6898652961201, -69.3006716800843, -102.432223555899, -6.52159037615699, -2.6222389528474, 3.87605623371553, 78.3670010772665, -10.7082524202009, 41.3489017402069, 43.9065176434078, 38.2594269936268, -9.89598032740059, 62.3567306453951, -13.2404780689372, -30.4416430557937, -47.7041556958495, 5.78979027033051, 36.7262727472108, -6.02252028225246, 39.0820660100547, -1.76360248246979, 65.1343938009735, 18.6311308914957, 9.92828384858875, -12.1985830414701, 33.0054621643004, 35.9746302891666, 23.1778960171839, -0.489282878654052, -54.6576633713929, 25.8482844101855, 17.3674598528305, 40.0352146050824, 27.0100529818933, 36.9893716149967, -5.98168291107217, 24.8367873748877, -29.6520520460542, -1.959237159243, -56.5481428774674, -30.558668956484, 37.568644494352, -92.9238719627464, 29.2744068241396, 18.3053922319973, 83.388294675072, -29.9946690339379, 32.6919026491969, -13.7063224911328, -46.0414312689619, -75.7164873857355, -5.1300605856968, -85.3287571415402, 19.938024058798, -24.600249710463, 30.3427544104636, 23.5077490548566, -23.8800250435812, -26.2961752532642, 38.7886991850093, -58.3904039254771, -11.5570593176588, -19.4908737560498, 21.0579342959552, -8.97976313641533, 3.60102408717648, -19.9604344368982, 55.4909950667178, -43.4868396296291, 7.82427413486403, 58.0799057586791, -32.0529770328162, 3.56921045529674, -8.85217194761674, -66.4831632877015, -48.0157343666866, -8.60760929407057, 23.8449923889571, 29.9790373504316, 8.5553787332978, -4.0565837764218, 15.0719841116612, -43.7160784861409, 3.37416551123118, -52.7347092595389, -32.2880980204535, 47.1005796498944, -29.3008521946585, 61.7162039441071, -21.2811852558085, 35.1438846868738, 23.9839071522773, -63.9682593430993, -27.8771812552922, 9.26413507033359, -36.8552172534418, -33.6697235586521, -82.3565998583674, -53.5375530480087, -50.6791396868326, -41.2231170086183, -0.993654450244321, 9.76579867296277, 0.934892186739319, 15.1041785617631, -54.5149824644893, 14.0709702543826, 25.4374273755704, -66.1880745381958, -69.7994836191375, -42.8403695313858, -16.9348455165929, 17.7507854096372, 4.58334213242313, -42.3122887156387, 36.4430953341519, -21.4418149767435, 51.3813396029989, -88.0825769191499, 59.2856283448594, -2.01785934299982, -36.5210188663682, -21.4473257492835, 4.72002651195682, 37.1039752040479, -75.1210093650317, -11.9931236973546, -21.5381551619553, 50.8239942969777, 85.8997318812089, -95.7863353774374, 93.7500183841981, 46.5158822817803, -72.0018053941656, -36.4428958766281, 74.6149328016564, 62.8035088950073, -17.940297135047, -4.58838581269828, 7.18053545060087, 64.3321028224203, -50.4004816422715, 15.7580271187597, -4.65860609899677, 34.6065957873175, -74.1876589251445, -6.47262719838497, -34.9265746048357, 45.7179129476831, 46.6105054088077, -85.5379058401754, -48.3620981676059, -25.4859485165529, -33.6039195159235, -10.8474184204621, -24.1716402625659, 42.4079816321695, 39.8077296470705, -5.64932452285717, -41.2983122118934, -84.4217656854514, 43.9517188908941, -52.0049436352582, -31.0201122978539, 5.41726769185613, -31.9733775082495, -39.5082516556132, -23.7811667628622, -38.143820040362, -26.9125112798082, -47.8915671257807, 55.9958368402463, 63.4037023357793, -1.63756407229391, -25.9811566504941, -6.29017808551021, 43.8043354782521, -86.1840346068767, -14.451639418851, 52.0306499631419, 65.8256126389223, -24.3930692338236, 9.07232482921688, 51.9569123102598, 19.7062978231693, -8.3163655999067, -45.0229393066862, 27.949286944061, -35.0171644438467, -16.4304258428679, -15.1449398035901, -19.9241783455652, 19.3046381210469, 79.4670152984145, 1.9356501411865, 5.3355317408633, -88.0792249045741, -17.4392469510532, -35.0082816857094, 2.77635299579003, -40.6226167194156, 72.3798023617883, 77.8547855546366, 12.2746749313755, -13.9667447488647, 14.2683092749357, 25.9101357643735, -47.8657630480431, -8.66678310655766, 13.6423658538728, 16.3838652986879, 55.9715192758038, 41.9009626216363, -19.6400234310829, 32.9525080255399, -96.1046233109238, -0.536739627610899, 84.1158401315911, 9.01726757904163, 1.43594070407494, 33.3387873918679, -29.6409158064625, 95.2562459454404, -11.9110530824772, 86.4306892305721, 37.7552310062273, -38.9577409586616, 31.2481936313755, -33.1655745638983, -71.3352074251491, -6.49817843261798, -53.8461052375523, -54.4269415384287, -6.80517401371108, 29.2446320761179, -4.97312808338654, -35.7762236742939, 11.4031872352663, -73.3272064697172, -10.0756880480269, -82.3314259477022, 48.5197304412172, 2.09082735317915, -48.0791178256323, -22.9354093526214, 21.1135842789415, -29.8337298658788, -45.2463477055089, 90.1274416877164, -19.657902423246, -46.7966665958988, 24.745871344134, -10.3673529276345, 48.2542641124518, -3.17516099757017, 12.3450315227087, 100.887102434272, -19.9771447359893, -33.6169982324936, -30.7009553406026, -53.0716678517074, -32.2547071597301, 22.8406769692955, 20.4303891847792, 18.5121999846279, 73.6727141819132, 0.178227335414988, 17.9088284546824, -68.7282218738034, 1.99476438901058, -25.7624932627458, -31.0153126220414, 6.14143871197939, 32.6936194900168, 38.1401632889866, 2.04882954341251, 8.58645994190977, 31.1369863672245, 40.1831622652444, -23.5576580025411, -15.0375808103532, 1.33798643339892, -21.8085104500024, -10.2146567153495, -22.9161473539488, 75.5973897602274, 66.0226506510041, -16.6159205936071, 13.9006870204623, -2.84012394092684, -20.8974269235386, 30.0546531909663, -10.1217651190021, 37.6399762306148, -57.1062657744718, 20.6005800979509, -14.3105516265276, -55.9355765556295, -29.307458987081, 30.7952175985611, -84.8456870889189, 42.4112756427127, 47.5932663074576, -7.58236526509421, -5.10687445649612, -4.04057639913071, 20.1840840488368, -32.5677633255032, 41.5473349548492, 26.1982322804079, -110.939554251238, -31.482569990533, 24.7175133079029, -4.5586967028409, 34.9014214724992, -61.2284561876837, -1.42924478144982, -42.7631512863271, -122.821098736305, 75.9760357598497, -57.4324147861965, -55.3371919199348, 12.5684114151921, 127.046652940342, -2.47058235073587, -21.0932003434734, -2.50457805321514, -4.92421024728687, -85.9656527063931, -65.2184315739489, 79.4577023444033, -6.91304607932881, -41.1865122531975, 54.8368453614241, -35.4521930370529, 38.9188306500018, 58.1760911407842, -60.5610587298807, -23.035868521158, -34.8393854258413, -13.5467843759756, -18.0178013456101, -2.56819167620131, 10.1728592312099, -31.8415369018811, 30.1784388445057, 62.6741533727109, -15.3399467619405, -17.8835982196258, 12.6043375702461, 55.3015239400032, 47.5290157431658, 2.78237602173124, 0.956303577114454, -2.86631676325123, -47.4801779949154, 37.0856220792053, -21.8638633576194, 14.9495780241651, -18.5118160880302, 31.2028640590584, 15.7224543847835, -76.665808875953, -30.1304309823479, -76.6468804459641, -26.5967967863561, 4.65030625670138, -13.5386139366585, 28.768745854226, -31.3359605654543, 3.50482914816661, 12.8247596397421, 73.4010783697889, 40.5142729228832, -23.2555481544276, -0.199982951089055, 8.81363129564033, 38.6197875980793, -0.441783934355044, 51.151273442984, 22.8926097547876, 87.0193313911968, 2.94736236627031, 72.1130323970582, -25.5667248246099, -36.6444084494516, 8.86917087527843, 2.95090926886064, 29.90487445426, -3.87145159905288, -15.2053076617429, 25.327950282848, -46.8239087239883, -48.6125836537549, 74.1379915063679, -8.5269291932309, -45.1470525158321, -1.87455831227851, -13.8883266666924, 34.1636277146277, 30.1254990178369, -21.8136391241621, 0.501702560754438, -27.691364081918, -33.1583659510823, -27.6847108355518, -93.0135197139428, -4.55644275260957, -69.2614801146149, -51.6461182508565, -43.36507471298, 13.1943778703093, -37.1654496691744, 17.3881883602434, -57.4284977680666, 1.68840772962062, -38.3358240321731, 7.80990175262218, 9.78315488297785, 30.360587988363, -20.2543767875378, -15.9260195220068, 26.6924207421055, 61.4725584367573, 31.0494508859342, 4.09349871665131, -68.6214029035224, -15.3635529390715, -35.6423875527322, -59.5339463635582, 43.7717043691065, -36.5917851405911, 0.089581799117866, -26.0632856467611, -100.639823318604, 48.638316197056, -17.3569583388397, 43.5155985837233, -69.4580564936098, 67.5908174493304, 2.87923935038481, -32.6962613970838, 4.58585729275285, -24.293619199583, -73.7939978782345, 13.2224001956531, 27.861648223031, 4.91808709058387, -35.3269843940716, -14.6291057251811, 14.3936779128525, 24.8866616519777, 64.0773025395991, 28.9993344560803, -20.168810988884, 83.4082282269292, 27.1745594537804, 36.1271587813597, -18.8142488349372, 26.449085851574, 13.8746114488273, -65.1098506869139, -18.9562048729816, -39.6174553710858, -30.0639600088404, -10.0747055884708, -19.5412009276914, -35.067750167742, -113.765517063293, -29.7337973685368, 13.9781891013381, 6.95251949812973, 7.05995323575056, 50.0453710844772, 16.5754872238076, 32.5482380404188, -39.1879058703869, 49.5201218198619, -47.5845826179801, -78.2332423832198, 16.3909455931794, -39.0135398438333, -39.748111762421, -157.673833813121, -14.6039183087907, 77.7948747839181, 49.5535207580229, -14.1429504546164, -11.3458366429899, 27.8991287542032, 67.2641586167016, -45.9646530467783, -6.12696721848886, -30.468488359496, -38.3621967454144, -32.0176272513042, 15.570663791936, 74.7855508459209, -66.0834711336934, -54.1535367398839, -0.134748942162844, -5.9727681825234, -12.6933669997557, -91.9079721447517, 56.9749233354083, 30.420578759751, 6.44123038972638, 46.096954928115, -31.2247872799536, 28.0090102118341, 26.58766013104, 7.14851691117468, -4.98240641535325, 13.095007693085, -13.6561121935313, 43.3455879370138, -41.3968646671756, 37.3321561413861, 9.47634783688903, 11.1407549857306, 26.6856972280978, -89.3302536252904, 7.1696660298399, -67.424645438222, -49.9760010865155, -50.1243070658085, -44.0775112662064, 3.75941609805659, 13.4134736411637, 47.4915969455302, 10.7764346133366, 14.5108824036644, -72.4348661609928, -22.6991146129387, 36.2206279221683, 5.6622706313336, 3.90930484863281, -7.34669820004115, 34.6660842033708, -93.6353463689281, 7.8411600436713, 24.1873555114242, 45.1952856139345, 35.6490963079465, -57.0694896398718, 7.61913561419988, 3.95628252912792, 3.61539393702969, 1.38935333036943, -20.9470525569577, -25.100982439787, 17.4763211497864, 63.38841134005, -14.6912793162978, 7.5859711559084, 17.3290594937864, -21.5703248982282, -20.5848345901725, -112.11263487848, -39.0250120960998, -47.1844050237841, -9.16269917785587, -63.39486973921, 76.7814409830398, -29.1779737260598, -53.6904742835114, -157.956198011637, 66.3288044003596, 12.0328939718007, -4.63923303582632, -64.8266072486012, 12.2352516986498, -22.0576587575891, -35.7838732672616, 10.1739707182893, 34.2431382458136, 9.66259337692264, -16.45004568183, -5.17217042280299, 2.67880502585496, 23.2310713483938, -61.7012419115287, 69.6391828232986, -42.5267670181213, -30.3997237198028, -37.6450137354368, -94.9835491700676, 10.143029401945, -45.2693806278613, -24.7309723242583, 36.6112578937716, -20.861633213212, 6.02859899120176, -9.4325748098517, -27.1473321337368, -0.644405550355152, 55.8057980338232, -54.5483063099986, 88.198200451962, -18.6191341805084, 37.4625072614908, -0.797835514215507, 11.4532058455638, -10.6225557019575, 46.4770194368746, 60.7010842020458, 18.3028865213099, 53.0766187479791, -42.0373496458585, -3.47427187210268, -22.5692340670256, 72.0104182815363, 59.4515253883926, 46.2127020823051, -15.889910090952, -29.0227345612054, 24.5804672716978, -27.1440908032455, -12.8511950475946, -7.22233381571363, -23.2615980685641, 50.9707326491655, -4.68715659394684, 37.0413634398942, 13.1727505246994, 20.2925899556276, -32.0890605313303, 31.6445359462552, -19.5731242989347, -16.135635098841, -4.50673248274938, -52.1847013607347, 77.2642801988432, -25.9249474130898, -5.17669284668358, 17.8183032429681, 20.4405235184742, 71.9172434888678, -12.3176695955403, 76.2132419130273, 66.9573770489501, -96.4616773463057, 5.98284020253789, -20.2495192912023, 14.3020346625896, 10.4525555741936, 11.9335449512109, 59.4214460657732, 88.0265304551969, -78.7297566953604, 77.6622564960753, -90.6403533263086, -73.499114307318, -10.5926244742099, 0.242528142419076, 64.9461880604199, 44.663089621356, -17.631777213621, -96.5196858536848, 71.3116746676005, -47.0853674134186, -0.835135557601461, -7.70078415677982, 122.001795645595, -28.0712046848533, -107.041615104784, 29.0562621525205, -155.767629418253, 11.6183790179551, -33.2094133746724, -18.8800828452461, -26.7513940758719, -54.6712934376776, 39.9754755133306, -35.5998881353301, -5.73225704045865, -80.6441136157275, -4.45321492626249, -47.1122128006466, -74.3466379774728, -127.451601294483, 15.3680373221737, -30.9663513577962, -4.46898775020986, -13.5373586221402, -81.3332989723679, -63.4999342418614, -55.5470696510853, -51.6592503998914, 55.5758952679808, 8.08637993722891, -45.8868036124955, -20.4248298178817, -21.2443069832254, 36.8047005365172, -29.4803532206962, -14.6870489785635, -23.2889368744543, -33.1810540864753, -36.3054229094486, 35.746867933109, -19.0134362048498, -90.1037703427232, 77.7164005166125, 46.1916226457687, 6.2758599018307, -74.5950935859137, -73.7333006373257, 11.4444639119577, 4.33808420752285, -29.626107696798, -47.44261756492, 37.1593599981674, -7.04903603757532, 25.215353243171, 50.820528445706, 31.8124883983361, 35.3151736296429, 26.1803365555663, -19.6767550926211, -11.7851010978828, -21.9525430767935, -33.0758714544821, -42.0692497500171, -66.6507319841035, -38.9035701289903, -6.83053662395793, -85.2411039328842, -3.62451715337545, 33.8937227605829, -65.4046683919116, 23.0405214421129, 22.145593625533, -66.1354571150189, -57.2294229194068, -12.8536876820528, 22.8017843869184, -38.6275309748563, 68.3374413486777, 58.9940449203478, -77.4425334635999, 51.4076714457946, 34.5059868771688, 11.2692815034133, 24.9331579191026, -42.5537741025092, -10.7868133554709, 5.17155306123698, 17.299949898086, 45.3190284614795, -50.7846594622952, -1.48520366708465, 18.1781862528757, -4.20807690265045, -23.6840484962452, 23.525487980661, -27.561625033991, -22.916449298139, 5.77660120288544, -60.0863285694002, 1.90734764705013, -30.1211211753741, -8.8587475265013, -1.12646590872401, -56.7112726775053, 55.9106121781965, -29.7255322292799, -124.64649683955, -84.7018559501973, 40.1063527993739, -32.6016571285249, -14.3830495010413, -30.0875982358146, -17.4914039313534, -97.044000754004, -14.8032673934717, -62.6266210540157, -32.0244176224727, 24.3817511929817, 75.7430157821884, 0.820199327565646, -4.09397774281231, 56.1232291810378, -47.2172265354585, 39.1368970571799, 9.62036481586506, -40.1348165827027, -14.8909683564491, 24.4797890960767, -1.58259676041237, 9.13919753370034, 8.86015491664611, -21.7918644051737, -29.1243036577364, -51.1047708064109, 46.7973292903955, -60.6309542101283, -47.6450703993411, 12.0612376031003, -88.9271676222148, 19.7336874368769, 61.4429022204367, -1.92813590138663, 1.5041832714729, -22.1153775334288, -19.2347905469879, 6.68510032698191, 39.0119344633696, -40.185888618146, 32.5388584264932, -9.2880203240461, -9.75184248695996, 31.3547434564236, 22.861949629619, -8.72797347135163, -2.52152994081507, 23.377630420011, 30.233962044522, -72.3758515321836, 11.9724837007784, 50.3935587620551, -98.2494210812653, 29.5591592642322, -120.724530123337, -7.13726300981028, -16.3958520090638, -13.4803392568506, -9.76276665717347, -22.1382232742094, -4.17891608267257, 12.2832554127285, -26.2323382224982, 13.576863844286, 84.8273382534111, -64.6229823476083, -27.2125599787298, 35.0630597043842, 26.9322600252396, 40.5518221397118, 15.7061547553546, 29.9616666914362, -16.9082525648163, -45.6274384776862, -44.6659575208008, -13.723143649695, -0.56269129939659, -41.1124383129304, -16.0330235570028, 8.36100334958073, 20.3802647275629, -11.7083663207312, 57.6957429313912, -46.0389938821074, -9.65932313876772, -0.083531974831871, 24.0077792221038, -40.572367760565, -23.0480745564829, 27.2933045507472, 49.8188833336071, 69.1879962663611, 37.9439537792246, 37.8744134744421, -29.8044491813555, 65.9110882897413, 65.1601463847341, -7.28605923839689, 38.8234588223251, 37.2761176577563, -21.9026800537455, -0.383811328723539, 56.9515351444883, -29.7455298490895, -15.520706465589, -60.3396083168062, 26.6246106505168, -8.98292951307783, 16.5786735274028, 10.6170902911206, -40.0220620075458, 47.5152204762649, 40.0182067656348, -21.6829935341119, 17.6944173690349, -59.8082267257439, -51.547455620873, 22.0712237303612, -65.8858018849155, -24.8969022480012, 11.5441064648434, 80.2533356977995, -23.1949038493116, -14.0988550225327, -11.423137221005, 114.81651153663, 12.3446710019669, -40.4539285736532, 68.0764532401483, 63.0430787424546, 29.2831741356291, 70.6458231410121, 77.7576270725762, -13.4051101515892, -27.3959271436597, -36.1753802252821, 26.5233248267385, 34.498949165172, -5.13754360109451, -21.6460377664565, -64.7729354452578, -29.6409675166119, -43.0179803608728, 24.8530488439231, 16.2133215208297, 61.9430586348628, 2.38630661946746, -26.7359688739459, -5.33622001905919, 39.9241679734072, 16.8551301232862, 47.3288271645295, 59.0093271087048, -16.3136786584764, -9.98454942765318, -94.3850428891086, 51.5888594278984, -7.84207312350418, 53.0859880011139, -16.5683832101325, -56.025394342226, 20.40347495588, 66.2017767006216, -25.3992374974376, 66.2661156314803, -72.8325685667513, -19.9484883683974, -75.9177174453142, 22.868027676109, 15.3707844106579, -2.14716335101616, -59.9067405027266, 83.8599626609464, 51.8946070145109, 11.8163784664711, -41.1574683161086, 25.6288666544293, -30.664425761503, -8.19228709281595, -16.8533619484903, 20.7917145838899, -8.29210788270848, -20.4063862493283, 18.0417601404392, 26.1551614385609, -79.83058696835, 20.9102759819236, 66.1313107609151, 39.2531971034637, -11.1445348677486, 6.83468461834512, -34.4648401580546, 57.8465473626745, 21.5183767019195, -10.03340938963, -7.74488689084603, 101.877234786088, 3.73098935100796, 29.5764023472657, 70.259882302674, 96.645278200008, 60.1995887311864, 45.0365679174179, -61.8367113146195, -42.7588378669445, 29.833264818157, 2.01477340840626, 30.2221762410656, 21.1381894722021, 58.9271256546863, -74.8588425337935, -46.7725773993108, -9.56013452545267, -78.543386147998, 15.0438961662673, 35.9495933168775, 19.7533213646487, -24.3793385576238, 28.2062933667287, 140.830649125521, 23.9844674827102, 12.1237881662671, -46.1055188608234, -63.3625645769616, -18.8033649109573, 32.7350548087611, -4.22120204224962, 18.7803769266767, 33.3545313243746, -58.22538689866, 22.0289058297628, 57.9953766037482, 54.8924191050492, -4.12927325434191, -1.42381232066202, -9.88512058885925, -47.9108541295548, -66.9592756190432, 77.9936479633588, -5.15372548263159, -58.3980692269769, 1.63911573755291, -20.3004804276505, 93.2177072748629, -21.4814584203228, -35.08005447397, 33.2400456689254, -14.4419130768558, 38.6084859834343, -2.42129678608404, 100.415449166523, 48.5634246223369, -5.21698518173285, -31.8972491585557, 23.0058288907313, -52.4496078362811, -12.7637917406419, 58.0988377484836, -28.5737425245073, -43.5210114746379, -22.1450487879276, 51.5063241559791, 12.4041370017462, -84.2932081860055, 30.1310895322671, 15.1646757477509, 5.67499266693218, -50.9913855549438, -3.84190277781215, 32.0624162766341, 50.9583913816458, 62.7567587393169, 22.6317045972348, 0.71281622513456, -49.3815341328719, -50.6888228889699, -74.333154727582, -6.01276228691086, 30.6455886795913, -3.7943984697981, 54.3164120946318, -31.5512515818046, 16.5331788729816, -10.0792653858726, -28.7433213051581, 58.1156916194026, 7.88828964310636, 59.9399755833703, 5.04157144201008, 26.364426972029, -19.1602732055724, 58.1723912623763, -10.9976115801497, -0.135990287142354, -78.438936513279, -12.7876310143671, 71.4021160480413, 66.85852308241, 24.9819979857476, -12.9149096128048, 3.38538305542818, -17.1661451816387, -1.88613546140706, 90.0940449286652, 1.19008563417276, -18.806536228218, -109.96915078667, -54.9735228566103, -37.2116949847905, -65.4099483729635, -55.0952158931423, -67.7478819899586, -44.3679940363137, -40.9030855351948, -44.824893818993, 48.0187904710411, -29.3137314021125, -98.969815076626, 41.5827178996605, -25.7347735705227, -78.4966235621263, 93.6494085505354, -21.7711172675318, 22.7111697533017, 45.2463390742943, -1.47797045923699, 25.238100006936, 4.69444571193566, 0.40963976358843, -14.951178913441, -70.9951493382113, 13.2408407688077, -128.513883576589, 61.8458990134809, -43.7574363226339, -16.147838997206, -15.6657411020897, 6.95885181542031, -22.664917769713, 29.517592010801, -51.6154670520532, 36.4619815607651, 36.7379580691218, 16.8003099696457, 9.96986871967209, 19.6135612462138, 6.12943200760202, 30.8309435443687, -7.95356040964418, -58.6310959112913, 7.50078525717987, -15.0021453490396, -1.89244502261533, 50.1782146528946, -82.0944226896394, -1.53082951702947, 0.543310877527574, 9.88799429692295, 31.6174004377353, -12.2655321994923, 82.9584341080049, 48.5132077357913, -18.2297131837702, -9.52120863001329, 1.01456475922456, 76.3830290306975, -58.2723844730804, -105.022129864591, 30.6986806393509, -16.2350153877024, -13.8116722158754, 12.9059268628068, 76.2886063587202, 46.106419019381, -15.2218598189909, -49.8846279836994, -5.39519469944436, 30.436701126782, -11.0154967118343, -75.0097213917732, -2.62807888196633, -88.2421076315399, -47.1686206463074, 76.1734902114621, -47.9513397664707, -63.0968851943043, -51.0368599671636, -34.6682292467549, 33.8204484279047, 81.5119918226601, -3.48304332853763, 27.4596972013541, -18.2090896415413, -68.8740971740211, 46.1172650336395, -44.1207924308924, 32.0069158705898, 37.4210166731272, -6.43029697483007, 38.7861630153201, 43.5585027384725, 99.7239746858081, -15.5432468483699, -45.1513781886249, -60.7817587410477, -12.2403502528149, -22.9555785709909, 102.336050416113, -44.557404593789, 10.4395858168653, 9.7155395636924, -26.3260473449427, -79.2000042364918, -6.94094308165438, 97.2209649302709, 9.20066965860438, 8.04135718202127, -52.2287298846877, -60.1350400614592, -5.48554536758577, 49.70229689692, -21.976423574274, 107.222328383265, -43.1671875316832, 14.4775628679642, -22.3455860279555, -71.3901596765461, 1.62350995603305, -49.7460705265612, -75.5078611851703, 6.05169513492308, 2.3511171864877, 51.033138371488, 18.510921330515, -32.087933257786, 22.8389020666823, -80.391856187901, -51.8378528124115, 89.4783308675198, 14.2232111321606, -18.7858489902549, -35.0566315594145, -2.67679539541473, -5.7764362326227, 82.2869510700543, 41.4484978316984, -16.5580991469867, -12.2142079766443, -42.4864932370269, -19.9850349219374, -66.5464427644348, 45.5617966019994, 5.40753888657045, 14.4408315415933, 15.4556340343374, -0.454200253069853, -16.6628329139157, -3.17779625474695, -99.5696996349837, -22.9051881186978, -7.55684802532295, -9.43890937357148, 54.3013613985204, 61.87467717966, 16.3490345533816, -96.3529525801766, 64.2802628847776, -21.3181964036216, -37.415213957408, -85.7480743715915, -38.5031996826331, 55.9471522478551, 24.1449873252675, 5.00449227608573, 28.9464407134431, -56.0669075380273, -41.8464610900213, 51.0446624310637, 38.4058454140556, 51.5426615784744, -1.31414175344122, 6.75541823441199, 56.5482252473794, 95.5211933319732, -29.9058720627319, 31.9550151859492, -11.5853974278866, -40.8724149617201, -31.1490302099461, -29.7362481734318, -13.0297431406473, -51.9902058696603, -21.5915633379018, -140.176063676366, 36.6526490093202, 20.4671684903797, -3.90501151016093, -37.7111157225813, -20.2888346609657, -52.242144159087, 15.0760608742197, 81.3984525579484, -25.0822323215654, -16.1500324408782, 23.6479099366164, -48.5377103426757, 87.4064738440807, 15.3310165142085, 22.6054339139552, 48.6344970574675, 3.2744085188769, 53.766687960547, 14.1346199673215, -10.6556360388419, 7.22334650120786, 0.895153968024829, 72.2387982295118, 10.0489153743296, 11.871617218479, -12.9234091025434, 13.1433479079396, -90.4112490416684, -32.3068887742689, -45.3542705320082, 48.1614786632005, -28.8377407279594, -65.4410128508279, 53.3738058801569, -12.1087795118947, 43.6991276501159, -89.1874143291592, 23.0801178727623, 8.55463060504431, 5.77433933551345, -8.22059735020105, -8.97968433191295, 47.5591742795337, 1.98058269447171, -47.0881506656395, -17.4429893703978, 27.5383379190613, -117.053335078117, -92.3211794530957, 3.9688558341075, 11.6327482751338, -40.9116539551945, -3.89714111004997, 111.348414827507, 30.4459356790253, -56.7541736556414, 9.19076601464229, -9.56752111970185, 10.4540562240042, -33.4744514343436, 19.3497440828362, 28.2775202396676, -2.92830216226236, 107.309328847701, -14.0094745066742, -31.3604509845542, 14.0425647814241, 46.344186867564, -35.3421316975584, -3.16949910766238, 95.7217938145329, -4.65140060349745, 61.7572209484783, 13.415697747963, -8.98466460545913, -30.4207155749926, 56.3013780879616, -50.9679578832437, -2.20330772641114, -16.8488141006849, -40.2197370281082, 18.3966759774157, 23.7069549417064, 11.6233050803635, 0.73925198178415, -38.1222555724891, 21.4405543037171, -6.73859338636333, -24.499301238115, -20.9145680447817, 20.2309613755114, -5.95388252388364, -34.6167745059341, -105.785010535462, 10.2278726446295, 24.7784504596026, -38.3351234254316, -20.9009734117959, 80.0629109786042, 6.39837716276776, 30.7195144413269, 3.80905195956058, 31.8637743656251, 6.44027657397027, -36.9910622759273, -2.20161363211409, 8.72974993513827, 27.1313221076766, 77.637902878333, 50.3762149243062, 0.149157632131448, 16.8022047608234, 60.8522119991251, 23.3668645780089, -74.7760867633096, -27.163674970402, 15.0299617006521, 5.54197155988572, 25.315112046015, -54.3980684973687, 8.96581753410007, 38.2492118180728, 49.4411406272742, -43.1749088540369, -6.94665285833776, -2.05636914668412, -13.2181377253931, -36.3842450427104, -21.4456891054577, -1.90479774536553, 7.83794160135989, 41.81222160799, -30.5827162972266, 81.9958521285254, 32.4901629679186, 21.7485071752295, 33.0047472139509, 32.1455091149519, 34.3247342970838, 53.2978516569549, -43.023095851697, 61.4788509129331, -111.377138230738, 30.5044805414546, -105.731207285962, 84.8601540693232, 68.4515652640692, -10.9298322210371, -48.9805285305254, -42.6253069318226, -61.9571936305822, -62.3683009068429, 54.7474173166687, 40.2242955747018, 23.4983917132121, 37.2096221452026, 39.9541257473695, -37.9039536119994, -19.6832675490836, 58.2402884829351, -11.4978443639287, 54.7872614799454, 69.3409595667843, -5.5031192476788, -70.0489580366135, -0.968211919555756, -2.4737344637147, -8.74343157442104, -1.80844333872648, -64.8143156182938, -21.0409525724802, 5.27944171999767, 8.85737043355417, 46.5009407361571, -39.4449944796993, 65.3851362859117, -42.2387474831044, 20.8097018238375, 34.6994515429398]
bee_TS = [-0.601818119050681E+02,-0.359074941061564E+01,-0.157420832608450E+02,0.426085707271976E+02,-0.219511872616541E+02,-0.204274927377255E+02,-0.348744748048966E+02,-0.857711317558639E+02,-0.462744807698781E+02,-0.470303313357269E+02,-0.366605564407147E+02,0.220828663772836E+01,0.403643874141315E+01,0.766650264003508E+01,0.261977254249740E+01,0.471418923654700E+02,-0.207623258552310E+02,-0.230062394913525E+02,0.191286697805801E+02,-0.111562193176048E+03,0.532175655821489E+02,-0.288347787363426E+02,-0.330053634345726E+01,-0.113375670772451E+02,-0.889425355702770E+01,-0.463193720439747E+01,0.876370491431796E+02,-0.184702149912679E+02,-0.897193974856782E+01,-0.514399719639495E+02,0.811135462357729E+02,-0.187215566307894E+02,-0.372051952340286E+02,0.248188656003067E+02,-0.281287284873656E+01,0.161777344112051E+02,-0.488842876896479E+01,0.108373083963095E+02,0.285178099871897E+02,-0.102586300014351E+03,0.554059713670080E+02,0.141440995911928E+02,-0.158512442683008E+01,-0.359411866710254E+02,0.122210621534668E+02,-0.144938802652370E+02,0.394684704327880E+02,0.362400608984042E+02,-0.306811788332549E+02,-0.272673521735095E+02,-0.326144200805530E+02,-0.349084998215237E+02,0.134095312973359E+02,-0.487428655117501E+02,0.114234785513142E+02,0.618504690555345E+02,0.629573196258831E+02,0.353470227803849E+02,0.153065310057685E+02,0.267699696592481E+02,0.884440999174996E+02,0.211901399784388E+02,-0.544819310827745E+02,-0.156561403528580E+02,-0.233777957709359E+02,0.625518758831975E+02,-0.768438276914184E+02,-0.667305729765018E+02,-0.256527245327915E+02,-0.626922912845771E+01,-0.468469897180591E+02,0.268537100061868E+02,0.792130431410453E+01,0.856104480687134E+01,-0.394169012327379E+02,-0.344151533280949E+02,-0.537390315422389E+02,0.388291332841454E+02,-0.293231114437974E+02,0.262586018275952E+02,-0.706217427766354E+01,-0.316206907134130E+02,-0.572768977996625E+02,-0.175771907836436E+02,-0.896160949936302E+01,-0.124037502903541E+02,0.409190084815643E+02,0.676711420423671E+02,-0.382050147381186E+02,-0.789052371547300E+02,-0.218385811143444E+02,0.110744294088653E+03,-0.588033836406122E+02,0.353987789849728E+02,-0.948364153869795E+01,-0.658945176384056E+02,0.252427308866945E+02,0.395933203163179E+02,-0.197622509841181E+02,0.398165328605821E+02,-0.294520108275494E+02,-0.473245777725130E+02,0.858156700262781E+02,0.450732132867437E+02,0.334855821575052E+02,0.145652125553207E+02,0.203585413376986E+02,0.850516991026959E+02,-0.254677452214665E+02,0.784138299245205E+01,-0.141416784855248E+03,0.180040775827508E+02,-0.711487568262918E+02,0.149780129861464E+02,0.202742254513597E+02,-0.330219074329844E+02,-0.553399599984795E+02,0.655094062465912E+01,-0.301810904861329E+02,0.304805740004625E+02,-0.526415312169333E+02,0.177893311999014E+01,-0.354131116365219E+02,-0.420918682074364E+01,-0.109112435828192E+01,0.178849777364754E+02,0.142364324929508E+01,-0.647297709878080E+01,0.585051561774686E+02,0.901345838951677E+02,0.480429720671502E+02,0.825774632140628E+02,-0.114108542939955E+02,0.142673260828419E+02,0.537172065972409E+02,-0.111518645681773E+02,-0.729890213034882E+02,-0.380380834792131E+02,-0.517758890188306E+02,-0.274645185355386E+02,0.325024466684102E+02,-0.115881305161623E+03,-0.186291871611199E+02,0.410554882041293E+02,-0.383250672414958E+02,-0.363448541039676E+02,0.539423103028253E+02,0.397263128306312E+02,-0.351484258636595E+02,0.134801732016510E+02,-0.271277505563781E+02,0.340462368554508E+02,0.441679036790629E+01,0.210567629189560E+02,-0.878537658804098E+02,-0.476699016120214E+02,-0.987365343994850E+01,0.326190373055083E+01,-0.363518214231028E+02,0.105208941557597E+03,-0.230143167245966E+02,-0.396528731257566E+02,0.386521786867143E+02,-0.491062590515120E+02,-0.360269608412168E+02,0.322372124638479E+02,0.123672256804010E+02,0.163332425474724E+02,0.115178235579526E+02,-0.132110460055086E+02,0.224501926154746E+02,0.586133444106411E+02,-0.310076762744848E+02,0.160996189018931E+02,0.927893592390728E+02,0.338314223022389E+02,-0.726710622054657E+01,-0.186915786872170E+02,0.152175692166199E+03,-0.161985044704559E+02,0.360099838406183E+02,0.192140923312468E+02,0.360124999683281E+02,0.885585297183127E+02,0.539667899056611E+02,-0.238111690163769E+01,0.225901903981061E+02,0.481181370540189E+02,0.360786586938082E+02,-0.520948564835156E+02,0.928829809200769E+02,-0.819176029858564E+02,-0.197634791134500E+02,0.578981734683374E+02,0.658023631929711E+01,0.786514244176908E+01,0.339216556372695E+02,0.297840472205157E+02,0.351442782649203E+02,-0.633220281484796E+02,0.287027477279628E+01,-0.295753091872853E+02,-0.870477906442912E+01,-0.142030932597402E+01,-0.710504843462130E+01,-0.408648470332264E+01,0.852979387284874E+02,-0.100658797438654E+02,-0.274263431638821E+02,-0.495643139030759E+01,0.138842221684548E+02,-0.559375132930593E+02,-0.402757381500159E+02,-0.379542389501872E+02,-0.625545961820821E+02,-0.168464895217779E+02,-0.444509294616435E+02,0.161883563667460E+02,-0.242633207575275E+01,-0.103160372836016E+02,-0.928814749338102E+01,0.804101196713981E+01,-0.242103663296984E+02,0.684327528402553E+02,-0.800374802583389E+02,-0.140015866512858E+02,-0.173195371772976E+02,0.180742241978813E+02,0.212344110070934E+02,-0.460122310522115E+02,-0.201285408133616E+02,0.437584399144454E+02,-0.274789657952266E+02,0.185752806945381E+02,0.380391995084636E+02,-0.321407271053113E+01,0.113299340413203E+03,-0.229706441669479E+02,-0.338664883843628E+02,0.578884853038329E+01,-0.226020328681767E+02,0.523385470656426E+02,-0.333552700386638E+02,0.105390297725914E+02,0.637127402616198E+02,-0.125336034852910E+02,0.119356139045631E+03,0.124904842101841E+03,-0.644508047616009E+02,0.586258427560989E+02,0.164674375559846E+02,-0.513539085163016E+02,0.215144959624590E+02,0.350247156994099E+02,0.359049889250049E+02,0.132083537624234E+01,0.158171906523606E+02,0.689815936791067E+02,-0.245313868483512E+02,0.180693619911256E+02,0.734187786607719E+02,-0.369893121804352E+02,-0.127564356866703E+02,0.504000158031366E+02,0.295073091653884E+02,0.774966827200974E+02,0.220184954733932E+02,0.611497287454779E+01,0.278721219412790E+02,0.380167839393567E+02,-0.467310733758956E+02,0.323435955222124E+01,0.127331361940739E+02,0.112829801625294E+02,0.218478949045417E+02,-0.569859479154071E+02,0.363928927570719E+02,-0.440901271648580E+02,-0.344822949895122E+02,0.176270656361460E+02,-0.181035260940342E+02,0.550503875228609E+02,-0.255433498277128E+02,0.264732671931664E+02,0.366200114497168E+02,0.823648604257048E+02,0.570784184502700E+02,0.457779498375400E+02,-0.106004298287426E+02,-0.383014406446279E+01,-0.329600525899145E+02,0.744535510508983E+02,0.791124864627625E+02,0.358998770133019E+02,-0.189744237610498E+02,0.508130380549189E+02,-0.162884470700380E+02,0.213769947273001E+02,0.609132896760859E+02,0.216685523649440E+01,-0.103678359558388E+02,-0.281941879075381E+02,-0.506676054018893E+02,0.938246189937976E+02,0.435539982477284E+02,-0.554360424261224E+02,-0.948646876347956E+01,0.248298374981928E+02,-0.991049744068351E+01,0.587419735849945E+02,0.151190677194726E+02,0.793447487200928E+02,0.276868960163839E+02,-0.262592312767122E+02,0.248107428864596E+02,-0.496965162819799E+01,-0.321907349702719E+02,0.132352512997155E+02,0.204908159616715E+02,0.925827973398391E+02,0.791754392763336E+02,0.546667453631356E+02,0.725970971417223E+02,0.795319225958804E+01,-0.271637632708513E+02,0.162196476897149E+02,-0.365745257352202E+02,-0.472029898780132E+02,-0.559560406943484E+02,-0.263996069390651E+02,-0.108898021689792E+03,-0.288511038312388E+02,-0.830406592461669E+02,0.208393478522525E+02,-0.473482255119313E+02,0.392959808232236E+02,-0.933755207861033E+02,-0.328226383580330E+02,0.545965661472904E+02,0.206136726388647E+02,-0.823904894032371E+02,0.627346786519943E+02,-0.254597829154466E+02,0.508268017500437E+02,-0.240983184511256E+02,-0.745389707129183E+02,0.110872991008432E+02,-0.606442726069364E+02,-0.168198890468043E+02,-0.144309599508077E+01,0.415280817438576E+02,0.126067128089463E+03,-0.458701384919007E+02,-0.360002279477497E+02,-0.945219359156965E+00,-0.129653825904310E+02,-0.816516631351664E+02,-0.592711090220523E+02,0.513644270732590E+02,-0.287748444160279E+02,0.167531975999100E+02,-0.485752956284628E+02,-0.130860786933951E+02,-0.434261247453008E+02,0.561988452042578E+02,0.150605085136289E+02,-0.229804878818162E+02,-0.125241521215262E+02,0.656308639678748E+01,-0.611545477814724E+01,0.438590329041463E+02,-0.250119745783059E+02,0.265586888577229E+01,0.336493065978040E+02,0.170705129272770E+02,-0.157899094562545E+02,0.155128409447212E+03,0.533165572317390E+02,0.110441418002733E+01,0.161361795342327E+02,-0.610013482244602E+02,0.312554083444065E+02,-0.716074694807683E+02,-0.249848877654244E+02,-0.518350400177017E+02,-0.218544865249515E+02,0.564873407948294E+02,-0.532689011515908E+02,0.158553446879616E+02,-0.404220100699160E+01,0.388272937071378E+01,-0.431437381525915E+02,-0.475424651758141E+02,-0.393454200685608E+01,-0.422900539239145E+02,-0.215794314977882E+02,-0.435280037814005E+02,-0.118859689585051E+02,-0.356604155196403E+02,-0.512830082702726E+02,0.211059683429533E+02,-0.208659058526237E+02,0.185968835801606E+02,0.969348710263919E+01,-0.732212648303817E+02,-0.544552630751606E+02,-0.394171491969127E+02,0.352134045642795E+02,0.274805460271006E+01,-0.622329339473113E+02,0.581113068242402E+02,-0.398186182882286E+02,0.540251599221108E+02,-0.287168783452134E+02,-0.442605419742382E+02,0.296962334684691E+02,-0.652442636150179E+02,-0.377419354299452E+02,0.668404818682827E+02,0.202441778936249E+02,-0.356588531695792E+02,0.485296182249645E+02,-0.172534048652637E+02,-0.319941000607535E+02,-0.299465617475836E+02,-0.496826806338429E+02,0.247133971449388E+02,-0.926424144543787E+02,-0.834587320566920E+02,-0.728319847975422E+01,-0.304793513099846E+02,-0.570963044760703E+02,0.716265989430410E+02,0.130533176956321E+03,-0.359470464786716E+02,-0.252458876429245E+01,-0.632612916666854E+02,0.645842223291723E+02,0.169030953005768E+02,-0.179505073817189E+02,-0.407461874843384E+02,0.147780783315558E+02,-0.582080718302913E+02,-0.196735818697802E+02,-0.898386020229278E+02,0.334338714126934E+02,0.168335490620830E+02,0.187497581636842E+01,-0.694532793239637E+01,-0.326166406739153E+02,-0.748609776160424E+01,0.124493593962061E+03,-0.197952473470308E+02,-0.433559804128806E+02,-0.678631297578414E+02,0.108151578108797E+02,-0.339094291042585E+02,0.581363707945007E+01,0.259061654738816E+02,0.101532231510713E+02,0.275140312891394E+02,0.118231565704147E+02,0.625252743503177E+02,0.315320054483061E+02,-0.323843284486705E+02,0.351439476402650E+02,0.377164516346281E+02,0.119968673291641E+02,0.484159716677851E+02,-0.222365078234350E+02,0.760495092028203E+02,0.170493244729751E+02,-0.269683494978074E+02,-0.718318529445903E+01,-0.185289526686210E+02,0.260894888464738E+02,-0.232975079070500E+02,-0.223204054612154E-01,-0.838369006581365E+01,0.803981577555863E+02,0.495775344991624E+02,-0.682739060157328E+02,-0.468037422031918E+01,-0.551952203973904E+02,-0.158876567798267E+02,-0.266519914567536E+02,0.368156333308264E+01,0.590685479128933E+00,-0.255328356764369E+02,0.800572895781747E+01,-0.595439168841878E+01,-0.128029932002624E+02,0.852727290887602E+02,0.181008337227300E+02,-0.800572769769618E+02,-0.455635833100838E+02,0.937712712021435E+02,0.275843331998607E+02,-0.106081265470481E+02,0.103744530606322E+03,-0.193932466229725E+02,-0.122730581543618E+02,-0.530462704663785E+01,0.106229568183031E+02,0.269650581220583E+02,0.777261365076325E+01,0.303247566842271E+02,-0.187306230100769E+02,-0.300562598195525E+02,-0.414671601565922E+02,-0.473217727806013E+02,0.461123108297294E+02,0.125855341758349E+02,0.384731684591514E+02,0.132320571384427E+02,0.848948324557491E+02,0.155028398953432E+02,-0.840318030173064E+02,-0.332195965188232E+02,0.133588997676836E+02,-0.300830244469775E+02,0.621827878753747E+02,-0.873815658786611E+01,0.147566821303489E+02,0.493334193832733E+02,-0.701478633801524E+02,0.148641634178094E+03,0.207268590651082E+02,0.269705322258706E+02,0.344818087671851E+02,0.103323420882866E+02,-0.156001086014390E+01,0.356174606932078E+02,-0.354297189470383E+02,0.766811163637215E+02,0.679291110266289E+02,-0.403186864755372E+02,0.148182874790240E+02,0.664885744054688E+02,-0.222651023199074E+02,0.152936215676794E+02,0.432888475158835E+02,0.419414338523141E+02,-0.779361707468746E+02,-0.152251614348284E+02,-0.354466811918905E+02,-0.143595783186299E+01,-0.758150481254025E+01,-0.552352391553336E+01,-0.179983097562459E+02,-0.291200631774782E+02,0.619293641133461E+01,0.111473812986068E+02,0.531750989356520E+02,-0.386760976782944E+02,0.370719642478277E+02,0.434627709944548E+02,-0.186178067739206E+02,0.866712480964616E+02,-0.692864381569640E+02,-0.102424404577093E+03,-0.651150991410911E+01,-0.262629432855613E+01,0.386705353836646E+01,0.783559623109920E+02,-0.106865561465910E+02,0.413438108724296E+02,0.438980374481992E+02,0.382558851215672E+02,-0.988610314379787E+01,0.623609546858003E+02,-0.132444573539167E+02,-0.304357362546956E+02,-0.477004863035758E+02,0.578517502457163E+01,0.367320421120593E+02,-0.601501048607159E+01,0.390731941104277E+02,-0.175537756938797E+01,0.651283106399596E+02,0.186333260677073E+02,0.993339990604066E+01,-0.121831781084720E+02,0.329958498530659E+02,0.359944977579593E+02,0.231606831352425E+02,-0.499053623716378E+00,-0.546445617795988E+02,0.258514306822368E+02,0.173680058330517E+02,0.400083153976448E+02,0.270198718933981E+02,0.369921190425260E+02,-0.598157645932059E+01,0.248479230942336E+02,-0.296477994653449E+02,-0.195566800905908E+01,-0.565253914978717E+02,-0.305812045916473E+02,0.375668125684895E+02,-0.928951095659456E+02,0.292619791296248E+02,0.182888889498421E+02,0.833702276137214E+02,-0.299990729898649E+02,0.326738049668445E+02,-0.137204902231099E+02,-0.460659487903274E+02,-0.756842944051024E+02,-0.512684823522571E+01,-0.853172045956698E+02,0.199232308613017E+02,-0.245865655310714E+02,0.303514245646979E+02,0.234983045569431E+02,-0.238710185217695E+02,-0.262926831173609E+02,0.387865559209032E+02,-0.583613363173363E+02,-0.115573069149269E+02,-0.194943374027076E+02,0.210590997743757E+02,-0.897300342857102E+01,0.360534999602140E+01,-0.199654693843836E+02,0.554750812084221E+02,-0.434852574671662E+02,0.783464259477557E+01,0.580485941133180E+02,-0.320516697824769E+02,0.356756689739825E+01,-0.884239482208523E+01,-0.664813185844231E+02,-0.480238934935738E+02,-0.859998961955544E+01,0.238440498897511E+02,0.299807649727246E+02,0.853424432028726E+01,-0.405591944124330E+01,0.150834998626273E+02,-0.437048251366217E+02,0.336437202837249E+01,-0.527275772704519E+02,-0.322622870355272E+02,0.471107261145024E+02,-0.292940020280286E+02,0.617160907867294E+02,-0.212669536825352E+02,0.351603371151062E+02,0.239677412200329E+02,-0.639437566246898E+02,-0.278885686368241E+02,0.928208886655304E+01,-0.368513536519334E+02,-0.336817882059008E+02,-0.823775524710115E+02,-0.535320437680333E+02,-0.506753566615756E+02,-0.412047683949997E+02,-0.100652454073628E+01,0.977652971866729E+01,0.939649638773290E+00,0.151016317189420E+02,-0.545232441069618E+02,0.140742821979291E+02,0.254038258518518E+02,-0.661749589362894E+02,-0.697840575404765E+02,-0.428130566899484E+02,-0.169319515998814E+02,0.177603232668127E+02,0.456432176004785E+01,-0.423225626614870E+02,0.364353511065506E+02,-0.214310572546420E+02,0.513844342495660E+02,-0.880705891123831E+02,0.592744893348457E+02,-0.201679058524410E+01,-0.365200526324717E+02,-0.214512564225612E+02,0.471309510859052E+01,0.371087347499399E+02,-0.750899337137741E+02,-0.119961254955750E+02,-0.215196134488997E+02,0.508071520794687E+02,0.858729917665791E+02,-0.957603944811434E+02,0.937349731096417E+02,0.465020992873030E+02,-0.720094216171972E+02,-0.364308348190084E+02,0.746011325398767E+02,0.627817575831025E+02,-0.179352458991683E+02,-0.459076461552542E+01,0.717962523321789E+01,0.643286030093331E+02,-0.503918392676124E+02,0.157525026917495E+02,-0.465053266229073E+01,0.345868573712321E+02,-0.741721979732663E+02,-0.647801840922997E+01,-0.349235613183229E+02,0.457122868015386E+02,0.465995058437387E+02,-0.855322355906294E+02,-0.483407912667456E+02,-0.254840965304467E+02,-0.335973959583645E+02,-0.108597852608862E+02,-0.241584294864365E+02,0.423888102312083E+02,0.398073375857377E+02,-0.565884505408229E+01,-0.412788619301496E+02,-0.844033225266322E+02,0.439549978446109E+02,-0.520056278644918E+02,-0.310232747292919E+02,0.541850862832450E+01,-0.319760725194618E+02,-0.395028583730822E+02,-0.237823966942542E+02,-0.381339567918835E+02,-0.269202015104649E+02,-0.478880791417018E+02,0.559832797408148E+02,0.634004313580665E+02,-0.164986770129565E+01,-0.259799549592746E+02,-0.627959501835301E+01,0.437888775579476E+02,-0.861677846493797E+02,-0.144590124288688E+02,0.520330716768133E+02,0.658142817881216E+02,-0.243713598352432E+02,0.908204298209978E+01,0.519477177985350E+02,0.196826204777317E+02,-0.832785660544101E+01,-0.449975297426353E+02,0.279355783171613E+02,-0.350214690421759E+02,-0.164149676772745E+02,-0.151473493349250E+02,-0.199070544729240E+02,0.193055138134775E+02,0.794724669397926E+02,0.192391565896548E+01,0.533872979914099E+01,-0.880645328258028E+02,-0.174295054201062E+02,-0.350097733090267E+02,0.277908207416255E+01,-0.406286434063981E+02,0.723707235700552E+02,0.778587505846480E+02,0.122747780181455E+02,-0.139643507802285E+02,0.142711101731772E+02,0.259079733329720E+02,-0.478466568840824E+02,-0.865983212306639E+01,0.136360685328896E+02,0.163727489511198E+02,0.559688622307822E+02,0.418991747764395E+02,-0.196485922091201E+02,0.329486215770296E+02,-0.960701959454672E+02,-0.541043546651366E+00,0.841123736882083E+02,0.902586260137002E+01,0.143937894959140E+01,0.333330542062625E+02,-0.296364383968824E+02,0.952526863534605E+02,-0.118936761005186E+02,0.864225640005839E+02,0.377491624850018E+02,-0.389533651947338E+02,0.312327785579054E+02,-0.331612860345130E+02,-0.713063106954196E+02,-0.650525784803307E+01,-0.538426066649864E+02,-0.544318856801375E+02,-0.679591036000474E+01,0.292265500661559E+02,-0.496968142441321E+01,-0.357755763282540E+02,0.113920757846431E+02,-0.733121061327228E+02,-0.100702026834304E+02,-0.823287600184766E+02,0.485276170149405E+02,0.207760993893453E+01,-0.480831266137587E+02,-0.229379275257094E+02,0.211061319606392E+02,-0.298348928643813E+02,-0.452416254875719E+02,0.901017536372703E+02,-0.196698460140027E+02,-0.467611439073812E+02,0.247465318320477E+02,-0.103604822448093E+02,0.482648455014739E+02,-0.315263284047899E+01,0.123427421355597E+02,0.100878100374754E+03,-0.199745841375346E+02,-0.336266136651719E+02,-0.306992142553665E+02,-0.530671465185699E+02,-0.322671969588106E+02,0.228519101840697E+02,0.204085114130861E+02,0.185282493682988E+02,0.736769489391713E+02,0.173647395427963E+00,0.179019882869621E+02,-0.686907007938261E+02,0.199044754918958E+01,-0.257573083002447E+02,-0.309977293943294E+02,0.613833670877375E+01,0.326889803963839E+02,0.381207444248507E+02,0.204607520053368E+01,0.858694862736206E+01,0.311378928059706E+02,0.401864864387047E+02,-0.235651546514357E+02,-0.150268036195230E+02,0.134736063823925E+01,-0.218077033315600E+02,-0.102160095656433E+02,-0.229093062071940E+02,0.755770038125337E+02,0.660153325689556E+02,-0.166080825007203E+02,0.138831508038889E+02,-0.284150246922303E+01,-0.208889526359623E+02,0.300513129728566E+02,-0.101357157464508E+02,0.376155040372357E+02,-0.570910228718996E+02,0.205994835003859E+02,-0.143027327862735E+02,-0.559368602631201E+02,-0.293051106810362E+02,0.307915687095392E+02,-0.848441331312004E+02,0.424009716916853E+02,0.475904544876551E+02,-0.757332500693476E+01,-0.511432502590037E+01,-0.404636618191500E+01,0.201927151222732E+02,-0.325645674513784E+02,0.415316727380916E+02,0.261984914597516E+02,-0.110913107048705E+03,-0.314957073440362E+02,0.247159083325675E+02,-0.457470291793311E+01,0.348978109393732E+02,-0.612209242723072E+02,-0.143006042845354E+01,-0.427719219064348E+02,-0.122792236838002E+03,0.759789888680069E+02,-0.574291396955009E+02,-0.553565664312403E+02,0.125506736485425E+02,0.127024893186421E+03,-0.245498413432736E+01,-0.210943295656169E+02,-0.249538687960842E+01,-0.493042649875528E+01,-0.859717947984952E+02,-0.651933734002312E+02,0.794536678160859E+02,-0.692550037156803E+01,-0.411910815832521E+02,0.548265530678721E+02,-0.354390719928509E+02,0.388940407798012E+02,0.581701498232279E+02,-0.605583383969042E+02,-0.230411433974838E+02,-0.348252778126396E+02,-0.135361574461623E+02,-0.180127498108321E+02,-0.256572117469625E+01,0.101874781144431E+02,-0.318426912370008E+02,0.301645542616107E+02,0.626607733366300E+02,-0.153552316123404E+02,-0.178960203213022E+02,0.126127353735210E+02,0.553004148975125E+02,0.475305292482992E+02,0.277247658429587E+01,0.939030391500125E+00,-0.284668277944357E+01,-0.474829759624994E+02,0.370878168893852E+02,-0.218628737399209E+02,0.149601657821183E+02,-0.185044469777201E+02,0.312072818083520E+02,0.157148348840067E+02,-0.766420230097490E+02,-0.301095278326737E+02,-0.766329963555792E+02,-0.266103241136740E+02,0.464331869271805E+01,-0.135397636913476E+02,0.287697903712958E+02,-0.313282210498742E+02,0.349134396861191E+01,0.128004805643103E+02,0.733986481343958E+02,0.405154625694712E+02,-0.232439456436108E+02,-0.198230449734751E+00,0.882428448195651E+01,0.386196179728877E+02,-0.446340738921606E+00,0.511342533836712E+02,0.229066765102481E+02,0.870033031426276E+02,0.296725417765501E+01,0.721069711358396E+02,-0.255616638447784E+02,-0.366447956271244E+02,0.885735910238213E+01,0.294631329768890E+01,0.299077857266955E+02,-0.385814009529997E+01,-0.152068855607211E+02,0.253113643220825E+02,-0.468020300955043E+02,-0.486119338304745E+02,0.741326390180198E+02,-0.851816429390215E+01,-0.451371523507293E+02,-0.188195137355200E+01,-0.138933487868634E+02,0.341474800470444E+02,0.301477865305269E+02,-0.218079452669367E+02,0.508156242839107E+00,-0.276902252700636E+02,-0.331289144264056E+02,-0.276849549434537E+02,-0.930225294675315E+02,-0.455638769194184E+01,-0.692656487051612E+02,-0.516509280860377E+02,-0.433709883904240E+02,0.131881073879681E+02,-0.371633999167389E+02,0.173853562311041E+02,-0.574277116745104E+02,0.169464195835315E+01,-0.383290017721481E+02,0.780248228659519E+01,0.976685864621001E+01,0.303491563552797E+02,-0.202411573367635E+02,-0.159400427303658E+02,0.266946245032968E+02,0.614759881110403E+02,0.310484161419888E+02,0.409224420995724E+01,-0.686006981453194E+02,-0.153390494737691E+02,-0.356199766060422E+02,-0.595280832877104E+02,0.437552577608279E+02,-0.365989826798128E+02,0.729387674659847E-01,-0.260302701705349E+02,-0.100619874847860E+03,0.486516571221548E+02,-0.173390178488563E+02,0.435065712519848E+02,-0.694657246690851E+02,0.675800465497608E+02,0.288727844015114E+01,-0.326977879398258E+02,0.458541520730586E+01,-0.243054980332465E+02,-0.737927924500723E+02,0.132192385026136E+02,0.278529588608487E+02,0.491189283956510E+01,-0.353147911423030E+02,-0.146107174769699E+02,0.144084811095502E+02,0.248971470533428E+02,0.640675680163776E+02,0.289851170767388E+02,-0.201748381883747E+02,0.834011791097889E+02,0.271927012645697E+02,0.361278234719089E+02,-0.188058259899652E+02,0.264393648623239E+02,0.138788288204412E+02,-0.651028805171420E+02,-0.189614260556516E+02,-0.396050801285869E+02,-0.300659716059838E+02,-0.100809199022484E+02,-0.195355038780663E+02,-0.350635730596516E+02,-0.113756976374006E+03,-0.297376796377488E+02,0.139845703574292E+02,0.694772642236876E+01,0.705477879083907E+01,0.500335649591543E+02,0.165772534721000E+02,0.325442714985139E+02,-0.391755964111894E+02,0.495004719587423E+02,-0.475671850065680E+02,-0.782102644728377E+02,0.163787727903732E+02,-0.390031946024912E+02,-0.397551427332336E+02,-0.157666539194080E+03,-0.146014628811574E+02,0.777771377981600E+02,0.495553122351671E+02,-0.141337866196639E+02,-0.113238391089830E+02,0.278906324941761E+02,0.672488774622099E+02,-0.459433371013833E+02,-0.615264235169036E+01,-0.304789550303383E+02,-0.383583950353541E+02,-0.320363300696109E+02,0.155739414781062E+02,0.747780049542737E+02,-0.660796406672760E+02,-0.541330246823171E+02,-0.121198574699974E+00,-0.598367387798953E+01,-0.127039524079375E+02,-0.918980540462026E+02,0.569729969072341E+02,0.303945983560113E+02,0.644511024849245E+01,0.461180260275808E+02,-0.312063452173716E+02,0.280235164111476E+02,0.265779085777197E+02,0.714619492280957E+01,-0.498428570896922E+01,0.131139983369096E+02,-0.136619376880403E+02,0.433536979495356E+02,-0.414060816508713E+02,0.373300492032072E+02,0.947083341816392E+01,0.111428565113051E+02,0.266754351361078E+02,-0.893164805659654E+02,0.716432044538954E+01,-0.674050847962307E+02,-0.499770366499373E+02,-0.501154326836965E+02,-0.440677003058679E+02,0.375531688287379E+01,0.134218244791287E+02,0.474891928235968E+02,0.107787537108989E+02,0.144977184602622E+02,-0.724284437258453E+02,-0.227064752189733E+02,0.362018674188037E+02,0.566301907006778E+01,0.389987092836941E+01,-0.734483007359393E+01,0.346837463539304E+02,-0.936240064726949E+02,0.783792393822098E+01,0.241966200499905E+02,0.451875981640324E+02,0.356543492029227E+02,-0.570619357071851E+02,0.762823089012250E+01,0.395197403324025E+01,0.362074073497160E+01,0.139137990068730E+01,-0.209532314893841E+02,-0.251317136735837E+02,0.174605574751667E+02,0.633775144840611E+02,-0.146770380998566E+02,0.758627602644685E+01,0.173108048437696E+02,-0.215706098075726E+02,-0.205887950024546E+02,-0.112115974341218E+03,-0.390045089435937E+02,-0.471691316690759E+02,-0.915066507164568E+01,-0.633776771960061E+02,0.767700061034674E+02,-0.291805726512079E+02,-0.536922121769261E+02,-0.157947623005683E+03,0.663272740006044E+02,0.120255916730438E+02,-0.463699723659312E+01,-0.648051233472917E+02,0.122204374027187E+02,-0.220326916303445E+02,-0.357860355109567E+02,0.101727296607366E+02,0.342195080772498E+02,0.965220178870143E+01,-0.164337590828095E+02,-0.516284261745625E+01,0.265883710031204E+01,0.232282868395957E+02,-0.616800007096639E+02,0.696390805785536E+02,-0.425129592180245E+02,-0.303708977525063E+02,-0.376308178247183E+02,-0.949601396172188E+02,0.101235695058072E+02,-0.452824419288853E+02,-0.247265110352756E+02,0.365875827479551E+02,-0.208654170757115E+02,0.600694001587135E+01,-0.944019393162711E+01,-0.271568154929594E+02,-0.640187939049099E+00,0.557782669859835E+02,-0.545372048723119E+02,0.881702008358657E+02,-0.186109354013134E+02,0.374612362304897E+02,-0.795048247073197E+00,0.114593153019957E+02,-0.106261376175213E+02,0.464889636487404E+02,0.607081623628589E+02,0.183026378841752E+02,0.530802027569050E+02,-0.420259344639202E+02,-0.347277065388074E+01,-0.225629136232643E+02,0.719797729304337E+02,0.594316408720611E+02,0.461999426032893E+02,-0.158765263272771E+02,-0.290149813850005E+02,0.245887554526230E+02,-0.271515463031666E+02,-0.128546906424179E+02,-0.722981463382914E+01,-0.232668933245986E+02,0.509648641327595E+02,-0.469974697259092E+01,0.370351821216776E+02,0.131765341444374E+02,0.202969307253207E+02,-0.321064445475780E+02,0.316475068539415E+02,-0.195667541338640E+02,-0.161176973377628E+02,-0.450089378975974E+01,-0.521854443072372E+02,0.772878750892402E+02,-0.259400973719581E+02,-0.517976256110512E+01,0.178282854986350E+02,0.204351192293665E+02,0.719139188520236E+02,-0.123217036953338E+02,0.762104414675607E+02,0.669481697169383E+02,-0.964513832074699E+02,0.600095521192515E+01,-0.202652507508467E+02,0.142887211392216E+02,0.104465030953356E+02,0.119384033635414E+02,0.594207047378863E+02,0.880269174967444E+02,-0.787104437791008E+02,0.776564866378367E+02,-0.906151195016411E+02,-0.734886947694491E+02,-0.105755120156695E+02,0.241198685089103E+00,0.649435700927937E+02,0.446541111179400E+02,-0.176583752738723E+02,-0.964912152083782E+02,0.712958409218681E+02,-0.470793273731102E+02,-0.843040647158205E+00,-0.770805931779293E+01,0.121993741929605E+03,-0.280762964528390E+02,-0.107025136857150E+03,0.290545266322906E+02,-0.155768292762456E+03,0.116134849710855E+02,-0.332074527055045E+02,-0.188690937207142E+02,-0.267536583259115E+02,-0.546779074798299E+02,0.399793230526876E+02,-0.355900526325862E+02,-0.574816300818611E+01,-0.806164127130082E+02,-0.445973708433354E+01,-0.471117797571215E+02,-0.743461387108649E+02,-0.127410310346767E+03,0.153533847143992E+02,-0.309683880807528E+02,-0.446707158263814E+01,-0.135225758008257E+02,-0.813046702637175E+02,-0.634872771766605E+02,-0.555280665818725E+02,-0.516529435264911E+02,0.555642255314355E+02,0.809597749886137E+01,-0.458872643525987E+02,-0.204274960410257E+02,-0.212452798507930E+02,0.367908417852110E+02,-0.294871358707007E+02,-0.146942527158895E+02,-0.232736332019311E+02,-0.331936520263266E+02,-0.362923149947800E+02,0.357601284238153E+02,-0.190210839267443E+02,-0.900821756160041E+02,0.777068728927121E+02,0.461978050924306E+02,0.628014898155175E+01,-0.745972928379466E+02,-0.737243914403083E+02,0.114405361153354E+02,0.432950311595954E+01,-0.296209987315112E+02,-0.474308681612698E+02,0.371502813306985E+02,-0.705937312979296E+01,0.252127725697085E+02,0.508058129182002E+02,0.318279125261203E+02,0.352931041058668E+02,0.261801413302707E+02,-0.196579068142182E+02,-0.117824225848003E+02,-0.219495039679315E+02,-0.330890965629333E+02,-0.420741122440010E+02,-0.666379100231847E+02,-0.389049320803293E+02,-0.683631070615613E+01,-0.852161235021699E+02,-0.363823348360188E+01,0.338840895545380E+02,-0.653934859333348E+02,0.230568434342022E+02,0.221329605362325E+02,-0.661206524008062E+02,-0.572338495089589E+02,-0.128516584850833E+02,0.228038867701168E+02,-0.386271322865867E+02,0.683326941126067E+02,0.589990196543622E+02,-0.774480551132634E+02,0.514137994279694E+02,0.345111946824962E+02,0.112437693194337E+02,0.249397961072287E+02,-0.425427691626969E+02,-0.107968592389486E+02,0.515935594699351E+01,0.172911938735031E+02,0.453196576292688E+02,-0.507731382397642E+02,-0.150277322945374E+01,0.181970798105108E+02,-0.421016763200822E+01,-0.236727883961291E+02,0.235248332723860E+02,-0.275587009268417E+02,-0.228992827856308E+02,0.578728400360148E+01,-0.600903425295019E+02,0.190859114684375E+01,-0.301046578829913E+02,-0.886286218513538E+01,-0.112766714256094E+01,-0.567120553770592E+02,0.558908823866226E+02,-0.297051433740945E+02,-0.124628342627028E+03,-0.846972904326092E+02,0.400927237120394E+02,-0.326071873406415E+02,-0.143863839428711E+02,-0.300694807645691E+02,-0.175020007855124E+02,-0.970242453756017E+02,-0.147977053172533E+02,-0.626160330966470E+02,-0.320096567674758E+02,0.243822814247580E+02,0.757279371507405E+02,0.811034491779935E+00,-0.408327781818818E+01,0.561218739107351E+02,-0.472180338628596E+02,0.391335127560916E+02,0.962095189651342E+01,-0.401155698767534E+02,-0.148973279300110E+02,0.244616573442785E+02,-0.156364654103645E+01,0.914197746917112E+01,0.888278724656220E+01,-0.218140031562303E+02,-0.291096801157685E+02,-0.511147203580325E+02,0.467948638809560E+02,-0.606278348738715E+02,-0.476479231712196E+02,0.120675602382929E+02,-0.888987530836952E+02,0.197152538974187E+02,0.614239064350865E+02,-0.193353384538365E+01,0.151587868859133E+01,-0.221152440840219E+02,-0.192396175568525E+02,0.668821360493553E+01,0.390080279920038E+02,-0.401821539846894E+02,0.325331265109266E+02,-0.929601966258969E+01,-0.975253728967709E+01,0.313344290999879E+02,0.228399337345250E+02,-0.870685981065331E+01,-0.253134492681107E+01,0.233693931170360E+02,0.302427543966027E+02,-0.723709986182806E+02,0.119615462992390E+02,0.504077984986530E+02,-0.982354129185945E+02,0.295713427001834E+02,-0.120706511569256E+03,-0.712979077844659E+01,-0.163951926906121E+02,-0.134654820943415E+02,-0.975065189716844E+01,-0.221396299566669E+02,-0.417228133286426E+01,0.123042883011019E+02,-0.262196220568064E+02,0.135727366920572E+02,0.848239808206940E+02,-0.646146136018305E+02,-0.272117271140655E+02,0.350621483043709E+02,0.269123761744091E+02,0.405326490844259E+02,0.156900010841786E+02,0.299522568087115E+02,-0.169020576019913E+02,-0.456303728754396E+02,-0.446433052806204E+02,-0.137250179571984E+02,-0.563544422462996E+00,-0.411133914685322E+02,-0.160094512697480E+02,0.834707370713286E+01,0.203705256385855E+02,-0.117068026666141E+02,0.576727478352290E+02,-0.460542351561904E+02,-0.967214765741636E+01,-0.104253035782694E+00,0.240170467381846E+02,-0.405830826658592E+02,-0.230514540982329E+02,0.273071728688818E+02,0.498286315173458E+02,0.691780126242235E+02,0.379391119201622E+02,0.378792123812993E+02,-0.297950721951461E+02,0.658931044913060E+02,0.651446009177944E+02,-0.729128398752471E+01,0.388307177032366E+02,0.372821502923033E+02,-0.218950140675364E+02,-0.383380931282773E+00,0.569545188731693E+02,-0.297134534745653E+02,-0.155260516140740E+02,-0.603422168120579E+02,0.266352131426895E+02,-0.897252753007379E+01,0.165939236322232E+02,0.106062884304563E+02,-0.400165964546499E+02,0.475142746811234E+02,0.400135268648107E+02,-0.216944261171891E+02,0.176815271302885E+02,-0.597806303760793E+02,-0.515609865672890E+02,0.220715793385095E+02,-0.658843199030204E+02,-0.249146931972805E+02,0.115474035558768E+02,0.802618217182944E+02,-0.231912771523459E+02,-0.140776100806048E+02,-0.114199070923567E+02,0.114815095198013E+03,0.123574870266468E+02,-0.404598422858634E+02,0.680644089398081E+02,0.630380896635967E+02,0.292731755467728E+02,0.706417639082258E+02,0.777364996064780E+02,-0.134047413528816E+02,-0.273942357628831E+02,-0.361532776870012E+02,0.265237202658106E+02,0.345049429330879E+02,-0.513321502419578E+01,-0.216398462604275E+02,-0.647553811510579E+02,-0.296400482598273E+02,-0.430201892567229E+02,0.248580193172237E+02,0.162021597623657E+02,0.619441882341157E+02,0.240439664897599E+01,-0.267341290446144E+02,-0.534493795784888E+01,0.399207809384938E+02,0.168416292996294E+02,0.473288360004839E+02,0.589986924432220E+02,-0.163094756157612E+02,-0.995653501731985E+01,-0.943757903045733E+02,0.515886614714122E+02,-0.784518793277789E+01,0.530741883368279E+02,-0.165721117006825E+02,-0.560152677567501E+02,0.203971417866013E+02,0.661845750697125E+02,-0.253712461868567E+02,0.662591652011730E+02,-0.728191632869061E+02,-0.199574857331374E+02,-0.759301684587759E+02,0.228621255388518E+02,0.153653754108045E+02,-0.214976934918752E+01,-0.598964226920967E+02,0.838616274597044E+02,0.518620561020632E+02,0.118044278694733E+02,-0.411571159241508E+02,0.256151944552238E+02,-0.306564998934985E+02,-0.820185517981304E+01,-0.168602680472636E+02,0.208129992546665E+02,-0.828184255621028E+01,-0.204164325451634E+02,0.180513251667151E+02,0.261494148447896E+02,-0.798393535004057E+02,0.209042991204948E+02,0.661315329929357E+02,0.392661196086246E+02,-0.111611080036420E+02,0.682592336681940E+01,-0.344600807759117E+02,0.578462512299701E+02,0.215138763618945E+02,-0.100251523133374E+02,-0.774073370338476E+01,0.101875555256547E+03,0.372881459986974E+01,0.295708959997584E+02,0.702531961581411E+02,0.966312547873880E+02,0.601819419302830E+02,0.450334724639848E+02,-0.618211233783282E+02,-0.427534996604757E+02,0.298445541359845E+02,0.198971246525076E+01,0.302181311327961E+02,0.211348861796258E+02,0.589104369231479E+02,-0.748468359124859E+02,-0.467793984796663E+02,-0.957068650750529E+01,-0.785578697298643E+02,0.150587779755521E+02,0.359469680593879E+02,0.197379511785483E+02,-0.243885947009665E+02,0.281829644628263E+02,0.140813066364337E+03,0.239775425899848E+02,0.121456100806200E+02,-0.461082723782324E+02,-0.633670419716468E+02,-0.187898180142803E+02,0.327175049940138E+02,-0.421133617457588E+01,0.187807428786838E+02,0.333586722054276E+02,-0.582454495727503E+02,0.220177864029748E+02,0.579828250221021E+02,0.548895139274770E+02,-0.414095799159571E+01,-0.141480536515553E+01,-0.987199434042162E+01,-0.479100700729666E+02,-0.669480434342867E+02,0.779860814610559E+02,-0.516841630597119E+01,-0.583961168776741E+02,0.163738682120646E+01,-0.203021113238710E+02,0.932058139561495E+02,-0.214760789317083E+02,-0.350866161159457E+02,0.332328519078278E+02,-0.144386420598569E+02,0.386163735397537E+02,-0.243122703332295E+01,0.100404368326451E+03,0.485660590477946E+02,-0.521562373348623E+01,-0.319009871176594E+02,0.230075708640659E+02,-0.524576008533923E+02,-0.127709337262559E+02,0.581079187258311E+02,-0.285739921246732E+02,-0.435191480608561E+02,-0.221395967805095E+02,0.515189868296570E+02,0.124061272267914E+02,-0.842725383739281E+02,0.301296739635143E+02,0.151445316107166E+02,0.566841756711389E+01,-0.509790807604762E+02,-0.381150877802099E+01,0.320678650710035E+02,0.509578509173434E+02,0.627436982910364E+02,0.226435670365171E+02,0.716339914272140E+00,-0.493771152967899E+02,-0.506618743306291E+02,-0.743313867735651E+02,-0.601212902444263E+01,0.306421302998010E+02,-0.379755708491956E+01,0.543122522667007E+02,-0.315464872776328E+02,0.165428503488383E+02,-0.100843715664984E+02,-0.287297772125516E+02,0.581020074241434E+02,0.787317536730910E+01,0.599280997367590E+02,0.502233242113311E+01,0.263656866303482E+02,-0.191737144043898E+02,0.581694338760815E+02,-0.109914793780277E+02,-0.142570758233555E+00,-0.784347429621843E+02,-0.127830348009769E+02,0.713943493602936E+02,0.668434479690521E+02,0.249749625317427E+02,-0.129182727314887E+02,0.337929803539234E+01,-0.171598461866526E+02,-0.188775985541227E+01,0.900633524720669E+02,0.119356735045699E+01,-0.188098243208104E+02,-0.109950409747542E+03,-0.549695896200827E+02,-0.371906078704470E+02,-0.654030487118858E+02,-0.550773273859270E+02,-0.677536835556652E+02,-0.443636762138649E+02,-0.408911536117546E+02,-0.448192635086938E+02,0.480005580369181E+02,-0.293072468950620E+02,-0.989587145882832E+02,0.415667662629619E+02,-0.257239794119033E+02,-0.785007096469729E+02,0.936678528337171E+02,-0.217992567302899E+02,0.226965046295549E+02,0.452402422311443E+02,-0.149083326059139E+01,0.252490801638859E+02,0.467148553525053E+01,0.419918008124682E+00,-0.149362663838076E+02,-0.709768923716125E+02,0.132482908064931E+02,-0.128495855844584E+03,0.618282971484645E+02,-0.437613345042395E+02,-0.161458350152027E+02,-0.156735016967530E+02,0.696520346038095E+01,-0.226512364253394E+02,0.295180400213484E+02,-0.516246478561476E+02,0.364666537910549E+02,0.367213225205920E+02,0.168064514889516E+02,0.996580418121863E+01,0.195989247308069E+02,0.613789719262451E+01,0.308321604217072E+02,-0.794265083649981E+01,-0.586359926828529E+02,0.751118062502928E+01,-0.150199836644212E+02,-0.188540194996750E+01,0.501639689925244E+02,-0.820798965112413E+02,-0.153951024968183E+01,0.530100985641127E+00,0.988284313655242E+01,0.316118588266366E+02,-0.122667677338954E+02,0.829537585107037E+02,0.484942369877451E+02,-0.182284213082910E+02,-0.954141591854290E+01,0.103238360894710E+01,0.763724136348109E+02,-0.582600333176623E+02,-0.105006338401712E+03,0.306944000650810E+02,-0.162183510876702E+02,-0.138011065486764E+02,0.129096102122247E+02,0.762768524116302E+02,0.461003863064464E+02,-0.152138750247804E+02,-0.498770714806158E+02,-0.540624570147342E+01,0.304370250916872E+02,-0.110301341111737E+02,-0.750017588806736E+02,-0.263342177013877E+01,-0.882346282886768E+02,-0.471710092747891E+02,0.761652545655426E+02,-0.479517986557161E+02,-0.630975871875598E+02,-0.510357086635327E+02,-0.346598585104595E+02,0.338043604520297E+02,0.814993564864959E+02,-0.349393655565297E+01,0.274538124192158E+02,-0.181966954833418E+02,-0.688597154101770E+02,0.461204765698808E+02,-0.441156824607239E+02,0.320139315813948E+02,0.374186885673089E+02,-0.643631157249990E+01,0.387914843651457E+02,0.435661017355770E+02,0.997224899578823E+02,-0.155449955852608E+02,-0.451452529985791E+02,-0.607752276846674E+02,-0.122614066740116E+02,-0.229652379019681E+02,0.102325349025276E+03,-0.445456463532289E+02,0.104313543053401E+02,0.971288575580360E+01,-0.263300119765205E+02,-0.791870701632204E+02,-0.694169960824439E+01,0.971943586315286E+02,0.921528673106070E+01,0.805402178785170E+01,-0.522281605883222E+02,-0.601025534537969E+02,-0.550816901800296E+01,0.496883512841588E+02,-0.219692824101907E+02,0.107214807750382E+03,-0.431605899779367E+02,0.144652304671008E+02,-0.223341940672376E+02,-0.713803276086602E+02,0.163111743496057E+01,-0.497617812737953E+02,-0.754842452436634E+02,0.604592973954988E+01,0.233958742371124E+01,0.510188865027491E+02,0.185080557636365E+02,-0.320976596951198E+02,0.228415516553310E+02,-0.803678924875027E+02,-0.518421941972111E+02,0.894745040919192E+02,0.142145788391584E+02,-0.187766664732678E+02,-0.350286337020220E+02,-0.266106293380358E+01,-0.577435349156588E+01,0.822583863040711E+02,0.414481138682415E+02,-0.165483541343829E+02,-0.122103856301326E+02,-0.424733526376325E+02,-0.199835143081146E+02,-0.665310037224625E+02,0.455636398430349E+02,0.539900583728505E+01,0.144212986930092E+02,0.154535165882729E+02,-0.463680916242843E+00,-0.166640751433950E+02,-0.317425868955963E+01,-0.995712044647597E+02,-0.229002296713621E+02,-0.754635409214552E+01,-0.944635813154065E+01,0.543092082248262E+02,0.618808834798866E+02,0.163498439719722E+02,-0.963475235223151E+02,0.642806881664307E+02,-0.213108316181949E+02,-0.374121109277274E+02,-0.857339293208137E+02,-0.384774087307036E+02,0.559447553827192E+02,0.241434387132844E+02,0.500182594353453E+01,0.289516655357380E+02,-0.560555974203533E+02,-0.418566536301334E+02,0.510405175073408E+02,0.383972560285949E+02,0.515408824583314E+02,-0.131779163334764E+01,0.674461197705347E+01,0.565349149784741E+02,0.955222233455162E+02,-0.298867277060956E+02,0.319699661519987E+02,-0.115777565220760E+02,-0.408673480304221E+02,-0.311554682708254E+02,-0.297171761826500E+02,-0.130355836502994E+02,-0.519871045944799E+02,-0.215937347487946E+02,-0.140143627032371E+03,0.366390005075114E+02,0.204794784183554E+02,-0.388911353992467E+01,-0.377064306155488E+02,-0.202916344229583E+02,-0.522420217081211E+02,0.150578385257899E+02,0.813789280242388E+02,-0.250490964483690E+02,-0.161458022081272E+02,0.236348373272859E+02,-0.485292669622326E+02,0.874000067335246E+02,0.153425925047519E+02,0.225998579664007E+02,0.486339393540213E+02,0.326759658387181E+01,0.537763726551910E+02,0.141282994752723E+02,-0.106546572352048E+02,0.723329721081603E+01,0.904428356291248E+00,0.722456332498930E+02,0.100471202520842E+02,0.118625146077309E+02,-0.128941545275509E+02,0.131190498894750E+02,-0.904265073553491E+02,-0.322981510277858E+02,-0.453319579063030E+02,0.481653651972608E+02,-0.288367390771553E+02,-0.654371997143537E+02,0.533819089273096E+02,-0.121217002120719E+02,0.437026781883461E+02,-0.891750144909846E+02,0.230827712075886E+02,0.855680785436797E+01,0.578000895201944E+01,-0.823246619585456E+01,-0.898251963408438E+01,0.475449253496703E+02,0.197423702878791E+01,-0.470781919101523E+02,-0.174391871712224E+02,0.275407389854714E+02,-0.117046328818833E+03,-0.923003351033204E+02,0.397534755458310E+01,0.116534150161905E+02,-0.408911783377864E+02,-0.389160086626543E+01,0.111340855804746E+03,0.304646873271658E+02,-0.567369076498503E+02,0.918345906871582E+01,-0.956713865251201E+01,0.104402655044415E+02,-0.334587154558165E+02,0.193411191309873E+02,0.282648744293383E+02,-0.292226334045080E+01,0.107302416899965E+03,-0.139910743345251E+02,-0.313482967502314E+02,0.140579967580709E+02,0.463391909528843E+02,-0.353283702267572E+02,-0.317159338734337E+01,0.956961405119130E+02,-0.464677885273136E+01,0.617302279486773E+02,0.134131225167258E+02,-0.900122324629861E+01,-0.303850889326994E+02,0.562885389926814E+02,-0.509765934456725E+02,-0.221178057180981E+01,-0.168475972639218E+02,-0.402150865507269E+02,0.183822180397328E+02,0.236755293907795E+02,0.116124559850288E+02,0.732406459053891E+00,-0.381084284667960E+02,0.214427910502526E+02,-0.671073319055560E+01,-0.244976865522621E+02,-0.209110763490668E+02,0.202367769796566E+02,-0.594083081541339E+01,-0.346024725131164E+02,-0.105748942528486E+03,0.102219485566972E+02,0.247915790227066E+02,-0.383282762677109E+02,-0.209025583132745E+02,0.800488845862524E+02,0.639662774443019E+01,0.307452067953492E+02,0.381651650606230E+01,0.318512737287933E+02,0.644134994045135E+01,-0.369923756297564E+02,-0.220698676243060E+01,0.873352127822375E+01,0.271282938466442E+02,0.776343640706340E+02,0.503741946719907E+02,0.150695591308022E+00,0.167755315796247E+02,0.608428946676950E+02,0.233632885249913E+02,-0.747597674560387E+02,-0.271433643092588E+02,0.150257518558951E+02,0.553951403274448E+01,0.253395579267204E+02,-0.543858610790266E+02,0.896469138658753E+01,0.382262002611641E+02,0.494571629952352E+02,-0.431774663614929E+02,-0.693691721299274E+01,-0.206849587116682E+01,-0.132161120895876E+02,-0.363850453674298E+02,-0.214536117943331E+02,-0.189928338861903E+01,0.783026659648601E+01,0.418047565889960E+02,-0.305758011971215E+02,0.819704505660302E+02,0.324984861357856E+02,0.217262459269009E+02,0.329836405141317E+02,0.321452863873966E+02,0.343158238060518E+02,0.532949016475927E+02,-0.430160436413424E+02,0.614676877786897E+02,-0.111350957170038E+03,0.305100036390539E+02,-0.105724153427984E+03,0.848417608028346E+02,0.684335716101753E+02,-0.109368238110389E+02,-0.489799463756748E+02,-0.426261333141168E+02,-0.619481406445813E+02,-0.623649073745364E+02,0.547217334536307E+02,0.402369591689113E+02,0.234926521521622E+02,0.371855203360910E+02,0.399531522456585E+02,-0.379017323425350E+02,-0.196763090465545E+02,0.582201603551733E+02,-0.114891254666696E+02,0.547606450896691E+02,0.693496554339016E+02,-0.548871341131449E+01,-0.700456092295170E+02,-0.976387956142275E+00,-0.246638598033658E+01,-0.875255940245165E+01,-0.178785259617484E+01,-0.648088153829983E+02,-0.210239805836546E+02,0.527961147421632E+01,0.884349904577977E+01,0.465072570012120E+02,-0.394509532192947E+02,0.653692869757448E+02,-0.422247650737218E+02,0.208175072625828E+02,0.346974048177379E+02]
