name = 'O-O'
composition = {'H':0, 'C':0, 'N':0, 'O':2, 'Pt':1}
IS_SPE =[-378769.0291499427, 'eV']
IS_ZPE =[0.132, 'eV']
IS_frequencies=[92.2, 110.7, 209.0, 356.6, 518.6, 850.3, 'cm-1']
composition = {'H':0, 'C':0, 'N':0, 'O':2, 'Pt':1}
TST_SPE=[-378768.40851705335, 'eV']
TST_ZPE=[0.102, 'eV']
TST_frequencies=[146.8, 215.1, 281.3, 438.2, 556.4, 'cm-1']
no_reactants=1
bee_IS = [-0.605623854772489E+02,-0.360169659412691E+01,-0.158252700959534E+02,0.428456386029741E+02,-0.220887642959911E+02,-0.205449616999081E+02,-0.351295959448112E+02,-0.863031251832088E+02,-0.465508747843062E+02,-0.472562827717517E+02,-0.368704973174879E+02,0.228016968956204E+01,0.406467423218760E+01,0.768483369373391E+01,0.262820569615366E+01,0.474063896975066E+02,-0.208750201698406E+02,-0.230944252630190E+02,0.192129173257680E+02,-0.112251159549546E+03,0.535497826537861E+02,-0.289528483537895E+02,-0.329535887598557E+01,-0.113986919287004E+02,-0.890829454812490E+01,-0.464359189875529E+01,0.881632890609900E+02,-0.185738998624366E+02,-0.902433761083489E+01,-0.517478984742735E+02,0.815359243883624E+02,-0.187967395702424E+02,-0.373997820029246E+02,0.249583562235571E+02,-0.281986548348101E+01,0.162928490768774E+02,-0.489252619343921E+01,0.108872043913058E+02,0.287133686693151E+02,-0.103170826983198E+03,0.557312239042487E+02,0.142328513756657E+02,-0.162235782660133E+01,-0.361505487868948E+02,0.122753464417945E+02,-0.146009149110123E+02,0.396921852192809E+02,0.364609788324399E+02,-0.308218277406169E+02,-0.274206694259021E+02,-0.327627372643053E+02,-0.351317157645591E+02,0.135333652180551E+02,-0.490297592266090E+02,0.115086013900341E+02,0.622682360492357E+02,0.633655239786715E+02,0.355711950649992E+02,0.154078785513365E+02,0.269602035253488E+02,0.889745212810280E+02,0.212858901686294E+02,-0.547964043991206E+02,-0.157532363439361E+02,-0.235293867236135E+02,0.629050229899162E+02,-0.773133594257521E+02,-0.671135933492737E+02,-0.258347954624733E+02,-0.640184931604904E+01,-0.470956759804398E+02,0.270170259101807E+02,0.797209908288130E+01,0.862242955394993E+01,-0.396647475663600E+02,-0.346070614366978E+02,-0.540630500381919E+02,0.389948426238863E+02,-0.294967926169845E+02,0.264469677286290E+02,-0.712776979287093E+01,-0.317922168815742E+02,-0.575849681287752E+02,-0.176490087233086E+02,-0.900968894392315E+01,-0.124661258612131E+02,0.411756970756612E+02,0.681323767993824E+02,-0.384719214873835E+02,-0.793742026719629E+02,-0.219839142457865E+02,0.111392365162732E+03,-0.591512057951996E+02,0.355763135124755E+02,-0.954911349012161E+01,-0.662910420756859E+02,0.254264812461502E+02,0.398139998441263E+02,-0.198479930609215E+02,0.400354037762993E+02,-0.296158909667763E+02,-0.476532317404623E+02,0.863275828651590E+02,0.453069763083632E+02,0.336679771576527E+02,0.146427125198499E+02,0.204835316219570E+02,0.855665199129363E+02,-0.256457299765586E+02,0.788767035752871E+01,-0.142260592648897E+03,0.180948384805088E+02,-0.715502306816845E+02,0.150745183721743E+02,0.203984230327175E+02,-0.332519016673016E+02,-0.556448903569384E+02,0.656526107527418E+01,-0.303684496047159E+02,0.306590899495579E+02,-0.529440494895963E+02,0.178129536956465E+01,-0.356375861453427E+02,-0.423428986039357E+01,-0.105162073996061E+01,0.180147964186873E+02,0.139191777433848E+01,-0.652398966600856E+01,0.588934416144409E+02,0.906818233435718E+02,0.483174445194936E+02,0.830252882802724E+02,-0.115137567936394E+02,0.142950303194550E+02,0.540460058908030E+02,-0.111645081651090E+02,-0.734528337145395E+02,-0.382905111514149E+02,-0.520835350320055E+02,-0.276459241186530E+02,0.326916339185901E+02,-0.116582410794613E+03,-0.186920911936651E+02,0.413019478905176E+02,-0.385698967542501E+02,-0.364868206188482E+02,0.543031505049637E+02,0.399836097378806E+02,-0.353364846837060E+02,0.136189517260362E+02,-0.272917633523347E+02,0.342526121520956E+02,0.445824672935794E+01,0.211806786212186E+02,-0.883736305756528E+02,-0.479874784292178E+02,-0.996526020099111E+01,0.326704698414763E+01,-0.366042442097568E+02,0.105845539428485E+03,-0.231313851779105E+02,-0.398852575163219E+02,0.388644732657499E+02,-0.493770530677943E+02,-0.362508770934662E+02,0.324689793708657E+02,0.124429952194262E+02,0.164848836005885E+02,0.116012040893988E+02,-0.132795111649245E+02,0.225700024291490E+02,0.589863694150672E+02,-0.311852090958024E+02,0.162192395241608E+02,0.933536143978489E+02,0.340117554774506E+02,-0.730829190116617E+01,-0.187870880639899E+02,0.153091615246225E+03,-0.162934774053555E+02,0.362428394553814E+02,0.193514868847151E+02,0.362058070044092E+02,0.890860344249711E+02,0.542549493229433E+02,-0.239992132033692E+01,0.227254583457865E+02,0.483702478762500E+02,0.362737869144106E+02,-0.524309720849488E+02,0.934558076946707E+02,-0.824255065168335E+02,-0.198347006291442E+02,0.582440632622268E+02,0.666044934340461E+01,0.788750167271087E+01,0.341077721512873E+02,0.299284768715276E+02,0.353418568107512E+02,-0.636815347519184E+02,0.287224583245950E+01,-0.297377028729543E+02,-0.872647869942439E+01,-0.141833120206229E+01,-0.713490422055626E+01,-0.411633986702816E+01,0.858259153314044E+02,-0.101388400326331E+02,-0.275875841290592E+02,-0.498945175945672E+01,0.139717796972296E+02,-0.562616970631080E+02,-0.405735087837911E+02,-0.381886657056394E+02,-0.628804231603426E+02,-0.169245042870418E+02,-0.446952401722103E+02,0.162769387962437E+02,-0.240573009798328E+01,-0.103955789370626E+02,-0.932768695283315E+01,0.808249281107493E+01,-0.243262880406475E+02,0.688517347115737E+02,-0.805349185280178E+02,-0.140820826478020E+02,-0.174327505755600E+02,0.182130356108369E+02,0.213646374628084E+02,-0.462896170767749E+02,-0.201725881222941E+02,0.440407935782271E+02,-0.276498859133230E+02,0.186715281056036E+02,0.382836846755297E+02,-0.319436132625549E+01,0.113933819259146E+03,-0.230484669930347E+02,-0.340402636954199E+02,0.581202181145193E+01,-0.227418682298969E+02,0.526550314426163E+02,-0.336062483385659E+02,0.106132676072755E+02,0.640348767416330E+02,-0.126336748850069E+02,0.120035301943298E+03,0.125639341023462E+03,-0.648341056793292E+02,0.589487057161177E+02,0.165880781012938E+02,-0.516758239235486E+02,0.216261011387710E+02,0.352409004650782E+02,0.361537158651360E+02,0.133876098870610E+01,0.159312797828985E+02,0.694433081250104E+02,-0.246771829428402E+02,0.181887436201537E+02,0.738646632029861E+02,-0.372348467635664E+02,-0.128784071020842E+02,0.507133389312064E+02,0.296942127020903E+02,0.779211676342181E+02,0.222120867978991E+02,0.617868024320819E+01,0.280475349216065E+02,0.382671028238733E+02,-0.470503793207521E+02,0.327928908929982E+01,0.128507667985939E+02,0.113242956719293E+02,0.219971836351966E+02,-0.573468735477236E+02,0.365694220218038E+02,-0.443395794286624E+02,-0.346691613079203E+02,0.177402353779179E+02,-0.182160686261121E+02,0.553538691395664E+02,-0.256167557697721E+02,0.266164853274739E+02,0.368041005626592E+02,0.828261058264687E+02,0.574184639161483E+02,0.460975147576673E+02,-0.106230635801368E+02,-0.385214594463241E+01,-0.331757555334715E+02,0.749179860483895E+02,0.795919786493164E+02,0.361044546290838E+02,-0.191126392386878E+02,0.510913389209163E+02,-0.163501878720760E+02,0.214897674543132E+02,0.613190592716222E+02,0.214255464385189E+01,-0.104641237293828E+02,-0.283251644206315E+02,-0.510039205019968E+02,0.943486655858534E+02,0.438534655194484E+02,-0.557623191966414E+02,-0.954611626310924E+01,0.249913869394356E+02,-0.997641331794813E+01,0.591115110154282E+02,0.151817562807223E+02,0.798116756438566E+02,0.278630515524297E+02,-0.263639403675423E+02,0.248896458426644E+02,-0.499797329493123E+01,-0.323490186615535E+02,0.132976121234614E+02,0.205652438470987E+02,0.931260507165093E+02,0.796472284236039E+02,0.550186668091646E+02,0.729921314153796E+02,0.800535495341526E+01,-0.272914436980217E+02,0.162999299503213E+02,-0.367996008115718E+02,-0.475150497274458E+02,-0.562833854130970E+02,-0.265718069592726E+02,-0.109565384222766E+03,-0.290329963505226E+02,-0.835543602897968E+02,0.209533172084237E+02,-0.476450184325860E+02,0.395714109603064E+02,-0.939720187591331E+02,-0.329810832376967E+02,0.548727486799501E+02,0.207140301916276E+02,-0.828784440429076E+02,0.630593017719948E+02,-0.256237693196113E+02,0.511624676433095E+02,-0.242517640525629E+02,-0.749868121004724E+02,0.111947832510121E+02,-0.610412001480577E+02,-0.169128117132001E+02,-0.148366581077238E+01,0.417807129430529E+02,0.126818249711415E+03,-0.461270424177249E+02,-0.361853069449433E+02,-0.978673710910982E+00,-0.130600247522624E+02,-0.821082823897801E+02,-0.596378731443396E+02,0.516410492897513E+02,-0.289435332392292E+02,0.168487505621702E+02,-0.488853105028173E+02,-0.131852744117100E+02,-0.436805965725875E+02,0.565075023471059E+02,0.151149587779768E+02,-0.231129564464482E+02,-0.126413740458227E+02,0.661802224228410E+01,-0.618488975670857E+01,0.441227905770739E+02,-0.251774822668859E+02,0.273032705551623E+01,0.338398407073226E+02,0.171560345067496E+02,-0.159255695118895E+02,0.156031549347953E+03,0.536775974065443E+02,0.111322874491709E+01,0.161986737594638E+02,-0.613935603951085E+02,0.314312743867198E+02,-0.720325415494409E+02,-0.251331889194302E+02,-0.521555775622935E+02,-0.219730151765528E+02,0.567981090163572E+02,-0.535921190197766E+02,0.159819674729368E+02,-0.405539633877459E+01,0.389954192279450E+01,-0.433910487728240E+02,-0.477820068231966E+02,-0.398899505479653E+01,-0.425076761357435E+02,-0.216876187265984E+02,-0.438043778954577E+02,-0.119313736754682E+02,-0.358818888670303E+02,-0.515805881665613E+02,0.212540572849381E+02,-0.209897809114416E+02,0.187127384778724E+02,0.974646880417028E+01,-0.736523318318648E+02,-0.547545547273370E+02,-0.396767138272919E+02,0.354371893274383E+02,0.276086218681087E+01,-0.626275513338414E+02,0.584483436557744E+02,-0.400581222971073E+02,0.543459256395319E+02,-0.289093353274783E+02,-0.445385132877019E+02,0.298544053709099E+02,-0.656400178527658E+02,-0.379658426589935E+02,0.672455971498775E+02,0.203676890791452E+02,-0.359124975899830E+02,0.488709632619689E+02,-0.173605942897834E+02,-0.321973780886265E+02,-0.301499606432936E+02,-0.499855527087198E+02,0.248590879076314E+02,-0.931676415697381E+02,-0.839584093929036E+02,-0.730487444555899E+01,-0.306243794648778E+02,-0.574703444533846E+02,0.720721845700426E+02,0.131316805421409E+03,-0.361309534327375E+02,-0.252708525033404E+01,-0.636611386655180E+02,0.649276758682342E+02,0.170397515303114E+02,-0.181089587832330E+02,-0.409668569527660E+02,0.148569873762381E+02,-0.585538114883443E+02,-0.197763083456414E+02,-0.903817686482654E+02,0.336531623320304E+02,0.169304850287026E+02,0.185594635765983E+01,-0.699596409919570E+01,-0.328812344044732E+02,-0.754044703776771E+01,0.125285037275142E+03,-0.198627237375367E+02,-0.436344451803911E+02,-0.682625076015087E+02,0.108796685174333E+02,-0.341265003790402E+02,0.586324295569642E+01,0.260843954976613E+02,0.102043653883936E+02,0.277033799961088E+02,0.119173266580710E+02,0.628730713676617E+02,0.316713956434316E+02,-0.325794982978188E+02,0.353689936384125E+02,0.379431718462349E+02,0.120704286618859E+02,0.487173152416766E+02,-0.223905191495561E+02,0.765243510610456E+02,0.171794120527457E+02,-0.271446340776704E+02,-0.724921920258673E+01,-0.186208575253082E+02,0.262010088777231E+02,-0.233958523346168E+02,-0.594897005471466E-01,-0.847142202806390E+01,0.808223964574096E+02,0.499027902278772E+02,-0.686750760607420E+02,-0.474982947278784E+01,-0.555227818328534E+02,-0.159541191862432E+02,-0.268320066899446E+02,0.373812460777356E+01,0.594382927788592E+00,-0.257202939855013E+02,0.806903110011655E+01,-0.600246221261926E+01,-0.128881770263391E+02,0.857664784503340E+02,0.181909810854201E+02,-0.804994137927477E+02,-0.458131656104869E+02,0.943248026215217E+02,0.277445012328653E+02,-0.106656718357310E+02,0.104379593987651E+03,-0.194897984603048E+02,-0.123181189851918E+02,-0.536057582750334E+01,0.107169523872974E+02,0.271325491770164E+02,0.782943514130369E+01,0.305116668916602E+02,-0.187959573216594E+02,-0.302799590406136E+02,-0.416971391789765E+02,-0.476292430805333E+02,0.463724760352802E+02,0.126663305279786E+02,0.387216795758637E+02,0.133295292096566E+02,0.854045796934562E+02,0.156156135450817E+02,-0.845003256817470E+02,-0.334250907723825E+02,0.134241447553315E+02,-0.302830942694272E+02,0.625804460916276E+02,-0.881521236334561E+01,0.148399690848121E+02,0.496565128025666E+02,-0.705794807721626E+02,0.149546629164521E+03,0.208553918723905E+02,0.271260519761023E+02,0.347028514753527E+02,0.104231659697243E+02,-0.154154928418382E+01,0.358387164594778E+02,-0.356676632897579E+02,0.771532741097446E+02,0.683487878873824E+02,-0.405725863821831E+02,0.149549736070901E+02,0.669070413056884E+02,-0.223980149312056E+02,0.153922655500721E+02,0.435298467966984E+02,0.421776890059497E+02,-0.784205468127684E+02,-0.152936356854343E+02,-0.356486074752390E+02,-0.147857832060754E+01,-0.766584373077470E+01,-0.552844758704464E+01,-0.180771144535840E+02,-0.293289646145608E+02,0.626084839506758E+01,0.111908936061513E+02,0.535082730957163E+02,-0.389330594794231E+02,0.373213539138909E+02,0.437566903203803E+02,-0.187264412029829E+02,0.871614462534262E+02,-0.696871167600431E+02,-0.103026237950681E+03,-0.653070978822361E+01,-0.264555929088874E+01,0.387597766417434E+01,0.788089269559561E+02,-0.107291891536031E+02,0.415813094714035E+02,0.442375257017126E+02,0.384590403101126E+02,-0.993250666065671E+01,0.627229924462182E+02,-0.132997364748954E+02,-0.306560415994528E+02,-0.479964731059295E+02,0.584533496574217E+01,0.369810098786817E+02,-0.604073554703911E+01,0.393022956242071E+02,-0.171039099350025E+01,0.654771127920057E+02,0.187159958251706E+02,0.996133529720694E+01,-0.122396212044421E+02,0.331819154749495E+02,0.361801138675033E+02,0.232712875381965E+02,-0.506252045432916E+00,-0.549981231525017E+02,0.259845140285305E+02,0.174715814940631E+02,0.402592852982179E+02,0.271764406831130E+02,0.371965706457392E+02,-0.601177770163511E+01,0.250396492179000E+02,-0.298054551902742E+02,-0.200064107424294E+01,-0.568599646712976E+02,-0.307407460195841E+02,0.378266033379838E+02,-0.934483770154309E+02,0.294098513183169E+02,0.184165027813088E+02,0.838689040285365E+02,-0.301370997405257E+02,0.328841586382389E+02,-0.137631957621161E+02,-0.463191866836040E+02,-0.761057827651283E+02,-0.516958527080871E+01,-0.858573218416077E+02,0.200020955215869E+02,-0.247449473676159E+02,0.305269119213521E+02,0.236281176520276E+02,-0.240435306507467E+02,-0.264981364584563E+02,0.390127516707608E+02,-0.587357527124066E+02,-0.116315841844007E+02,-0.195929780760309E+02,0.212460892968041E+02,-0.898763421677666E+01,0.358476771510249E+01,-0.200721226160133E+02,0.557756181621926E+02,-0.437864304055386E+02,0.788891380919642E+01,0.584169106604105E+02,-0.322641902002993E+02,0.360050915996274E+01,-0.885345776121869E+01,-0.668697576779662E+02,-0.482790132192180E+02,-0.862206430258019E+01,0.239959282970619E+02,0.301501884803677E+02,0.860641567620263E+01,-0.406323882333731E+01,0.151647585346284E+02,-0.439614856351491E+02,0.332177104424426E+01,-0.530849991056407E+02,-0.324284444083204E+02,0.473768243642577E+02,-0.294719799521198E+02,0.621041844422675E+02,-0.214258829866365E+02,0.353680901522883E+02,0.241168243199597E+02,-0.643101660878204E+02,-0.280501934521459E+02,0.932856291359175E+01,-0.370574336801757E+02,-0.339097859513455E+02,-0.828333208908205E+02,-0.538617627058715E+02,-0.509545109798977E+02,-0.414645861306319E+02,-0.102002427635711E+01,0.984413791818190E+01,0.968691524372105E+00,0.152033886299297E+02,-0.548484870282650E+02,0.141668637153211E+02,0.256039156878386E+02,-0.665997921943611E+02,-0.701823867330838E+02,-0.430562179088556E+02,-0.170752626534254E+02,0.178405468286838E+02,0.456510119763198E+01,-0.425875869834841E+02,0.366233895394030E+02,-0.215826996171222E+02,0.516981141200351E+02,-0.885758552204020E+02,0.596126288699440E+02,-0.203177064015110E+01,-0.367957073669381E+02,-0.215663385363318E+02,0.471558814733119E+01,0.373584972445803E+02,-0.755420722698120E+02,-0.120526666284395E+02,-0.216373178681455E+02,0.510930336137625E+02,0.863785224728938E+02,-0.963337221477075E+02,0.942842294437121E+02,0.467602734660547E+02,-0.724492325408369E+02,-0.366481343795622E+02,0.750841247645897E+02,0.631356430316534E+02,-0.180968161811921E+02,-0.464378906391488E+01,0.728099742828158E+01,0.647535815542693E+02,-0.507241629496222E+02,0.158389551237072E+02,-0.466311802296084E+01,0.347896725440867E+02,-0.746032684115766E+02,-0.650759592580906E+01,-0.351207233527656E+02,0.460113865590651E+02,0.468646903329698E+02,-0.860217049634691E+02,-0.486012502899648E+02,-0.256330916754096E+02,-0.338287330972806E+02,-0.109133003908128E+02,-0.243138290034113E+02,0.426664206926349E+02,0.400592323515459E+02,-0.568255883235520E+01,-0.415235487867346E+02,-0.849118632517926E+02,0.442546391110329E+02,-0.522954306886944E+02,-0.312484147425370E+02,0.544724961239427E+01,-0.321662120415758E+02,-0.397196594652303E+02,-0.239655210102660E+02,-0.384217721229596E+02,-0.270489149375962E+02,-0.481954486121627E+02,0.562988973524958E+02,0.637917936529072E+02,-0.168234810150454E+01,-0.261319052568781E+02,-0.632291176369984E+01,0.440950132805376E+02,-0.867021363440659E+02,-0.145657547582030E+02,0.523201964828326E+02,0.662223852968037E+02,-0.245214172111136E+02,0.916823630341935E+01,0.522934741988900E+02,0.198177813617959E+02,-0.831319909098244E+01,-0.452652917294414E+02,0.281040070751652E+02,-0.352342182863478E+02,-0.165148109440347E+02,-0.152418011553640E+02,-0.200148445174550E+02,0.194062655412898E+02,0.799826401673899E+02,0.194375439760105E+01,0.534182567164444E+01,-0.886276840258017E+02,-0.175794480626878E+02,-0.351910351481222E+02,0.278991411900427E+01,-0.408809825058976E+02,0.728444779305624E+02,0.783182385398724E+02,0.123372703658367E+02,-0.140919710979543E+02,0.143642569009564E+02,0.260244122452246E+02,-0.481456984707409E+02,-0.868765185006180E+01,0.137758394524806E+02,0.164585003025973E+02,0.562967633813977E+02,0.421348082618879E+02,-0.197933590604985E+02,0.331448527070118E+02,-0.966620012711074E+02,-0.541658146494044E+00,0.846193618369452E+02,0.907617055794270E+01,0.144331694293305E+01,0.335670630845570E+02,-0.297695377389366E+02,0.958045030135500E+02,-0.119998088894310E+02,0.869074521028089E+02,0.380021358768191E+02,-0.392218815077032E+02,0.314264435371695E+02,-0.333367925162654E+02,-0.717519456172726E+02,-0.656251292765438E+01,-0.541570062622627E+02,-0.547495280192071E+02,-0.680799569782377E+01,0.294434362148850E+02,-0.502551849542252E+01,-0.359723420691117E+02,0.114819237095182E+02,-0.737158245240767E+02,-0.101254911614885E+02,-0.828104763501270E+02,0.488078093584218E+02,0.207859384078031E+01,-0.483767143659257E+02,-0.230885213082163E+02,0.211949276398988E+02,-0.300360489584744E+02,-0.455022992640812E+02,0.906692322102105E+02,-0.198015622534193E+02,-0.470222239668258E+02,0.248944150300962E+02,-0.104582338131453E+02,0.485465379098946E+02,-0.319901018037592E+01,0.123897818647871E+02,0.101481157335467E+03,-0.200845197368491E+02,-0.338690782102718E+02,-0.309483720127730E+02,-0.533733676894911E+02,-0.324717424625590E+02,0.229907099677720E+02,0.205602012376664E+02,0.186434791325023E+02,0.740960997196381E+02,0.143009996525848E+00,0.180459414784870E+02,-0.691053270038748E+02,0.199919206462533E+01,-0.258970115581726E+02,-0.311688025893811E+02,0.614747751742539E+01,0.328986429116910E+02,0.383343615248930E+02,0.203585450489225E+01,0.863399082956096E+01,0.313327908814578E+02,0.404109905832452E+02,-0.236653191894490E+02,-0.151238921145040E+02,0.136951658805066E+01,-0.219339679493960E+02,-0.102609164569117E+02,-0.231025847078831E+02,0.760318335603937E+02,0.663955777039536E+02,-0.166907226881974E+02,0.139989780804764E+02,-0.285381397321409E+01,-0.210732940420023E+02,0.302532478240313E+02,-0.101992391086208E+02,0.378255925010884E+02,-0.574184392442790E+02,0.206842326505001E+02,-0.143685568135181E+02,-0.562404699985258E+02,-0.294283895426224E+02,0.309504631104879E+02,-0.853899832262532E+02,0.426548385754894E+02,0.478500122692010E+02,-0.762881559063196E+01,-0.511758226994016E+01,-0.403673245089334E+01,0.203119035816635E+02,-0.327166973349354E+02,0.417784015350061E+02,0.263843037729263E+02,-0.111532571289964E+03,-0.316589225264038E+02,0.248636660854431E+02,-0.461974650913822E+01,0.351477098863385E+02,-0.616333829125283E+02,-0.142878447125088E+01,-0.429919150570632E+02,-0.123547217758581E+03,0.764536808894564E+02,-0.577924507737235E+02,-0.556938555910432E+02,0.126276353926908E+02,0.127813399901489E+03,-0.247032436392368E+01,-0.212952519360310E+02,-0.252961648522216E+01,-0.495979690525832E+01,-0.864751893041189E+02,-0.655987428844255E+02,0.799669760672110E+02,-0.699251695537856E+01,-0.413919509555865E+02,0.551237539475990E+02,-0.356592712204013E+02,0.391277581804607E+02,0.584833256165441E+02,-0.608988138080375E+02,-0.232121660572546E+02,-0.350341647479589E+02,-0.136424304522637E+02,-0.181372597236834E+02,-0.262465042763529E+01,0.102155170260658E+02,-0.320279158543806E+02,0.303180841983150E+02,0.630052225959240E+02,-0.154007299943505E+02,-0.180067011224205E+02,0.126929668981655E+02,0.555841487215352E+02,0.478285967996903E+02,0.282209238775567E+01,0.900300563816188E+00,-0.288886864447642E+01,-0.477887424472254E+02,0.373154112170816E+02,-0.220068210643620E+02,0.150544280560117E+02,-0.185749249105252E+02,0.313799107687715E+02,0.158092458774280E+02,-0.771502435750389E+02,-0.302674882179936E+02,-0.770790338346731E+02,-0.267940545274247E+02,0.468171699904849E+01,-0.136068596709839E+02,0.289247225089356E+02,-0.314951452598837E+02,0.350285845837809E+01,0.128851405169579E+02,0.738000886207943E+02,0.407601483449775E+02,-0.234236118595103E+02,-0.217254900683031E+00,0.888428969483743E+01,0.388305067310038E+02,-0.444634564400246E+00,0.514483588470284E+02,0.230650545143366E+02,0.875393654268336E+02,0.297867546049582E+01,0.725201664817010E+02,-0.256939628896578E+02,-0.368364979678013E+02,0.889319666230028E+01,0.301351638544361E+01,0.300738221802456E+02,-0.392764331569640E+01,-0.152623527453462E+02,0.254333664941934E+02,-0.470994554857796E+02,-0.489010683671476E+02,0.745904224900644E+02,-0.854062286702424E+01,-0.454036189917443E+02,-0.191044241702323E+01,-0.139929068010262E+02,0.344070631175522E+02,0.302918942077330E+02,-0.218985108921680E+02,0.473377720327420E+00,-0.278641035372063E+02,-0.333352233767904E+02,-0.278495300557140E+02,-0.935839424192969E+02,-0.456993386901394E+01,-0.696872697633079E+02,-0.519552585434847E+02,-0.436048735672621E+02,0.132695209055416E+02,-0.373642126782345E+02,0.175135992051778E+02,-0.578018268797985E+02,0.174445349814846E+01,-0.385700143434729E+02,0.781462757928540E+01,0.979131756854203E+01,0.305613974224591E+02,-0.203446500886494E+02,-0.160632830839058E+02,0.268732444598853E+02,0.618539860478974E+02,0.312299047448803E+02,0.410296159450741E+01,-0.690201857918811E+02,-0.154628622254746E+02,-0.358101510822172E+02,-0.598740119737587E+02,0.440133428196037E+02,-0.368262831460959E+02,0.881814277063313E-01,-0.262214561474902E+02,-0.101210643050818E+03,0.489837381944657E+02,-0.174733849938478E+02,0.437585835630945E+02,-0.698899847530838E+02,0.679913598700137E+02,0.290991804782766E+01,-0.328820632689215E+02,0.463689663159590E+01,-0.244201334214773E+02,-0.741980767507300E+02,0.133124743796059E+02,0.280766517212603E+02,0.492805322942991E+01,-0.355321417889410E+02,-0.147064120279170E+02,0.145257715412681E+02,0.250409142865477E+02,0.644519335469725E+02,0.291476456972441E+02,-0.203004710326375E+02,0.839405759378892E+02,0.273033915166792E+02,0.363474738915007E+02,-0.188811479492306E+02,0.266116619108781E+02,0.139918881922807E+02,-0.654806995957949E+02,-0.190828109941829E+02,-0.398279364423040E+02,-0.302871964671134E+02,-0.101366614249447E+02,-0.196454968851193E+02,-0.353116006943740E+02,-0.114438897478312E+03,-0.299084754538810E+02,0.140496686541976E+02,0.699636043104408E+01,0.710400143905349E+01,0.502850108044926E+02,0.166720379163509E+02,0.327225634995002E+02,-0.394381735500720E+02,0.497950652655004E+02,-0.478412155216179E+02,-0.786351288684536E+02,0.165335435097627E+02,-0.392452228252106E+02,-0.399849073263300E+02,-0.158581180850379E+03,-0.146697963199041E+02,0.782297199436688E+02,0.498202205447085E+02,-0.142140305842969E+02,-0.114341222092469E+02,0.280685049816768E+02,0.676624526964617E+02,-0.461988434757295E+02,-0.618794059757658E+01,-0.306805456723912E+02,-0.385632694846786E+02,-0.321984520158242E+02,0.156587478589730E+02,0.752198093476296E+02,-0.665097365416346E+02,-0.544795831244870E+02,-0.121327888969915E+00,-0.607090472009702E+01,-0.127887284875522E+02,-0.924166335288685E+02,0.573477221363970E+02,0.305494508800267E+02,0.648755725820733E+01,0.463828461442390E+02,-0.314002523895868E+02,0.282001043900338E+02,0.267358705432668E+02,0.721357344013376E+01,-0.504737708510436E+01,0.131744868290033E+02,-0.137556070152634E+02,0.436235665846424E+02,-0.416274755855391E+02,0.375367093149150E+02,0.957044103701656E+01,0.112511751583796E+02,0.267941905858740E+02,-0.898583351933621E+02,0.722110756336832E+01,-0.678312408057590E+02,-0.502772473272976E+02,-0.504264761615133E+02,-0.443697293975942E+02,0.376019062166483E+01,0.135239424024612E+02,0.477703665565328E+02,0.108216920434549E+02,0.145894456519785E+02,-0.728586317519973E+02,-0.228494971914578E+02,0.364127063617902E+02,0.566676306005793E+01,0.390731560701016E+01,-0.739598289950823E+01,0.348781706983100E+02,-0.941740463368142E+02,0.789042098679025E+01,0.243412265311425E+02,0.454542490084690E+02,0.358751569359858E+02,-0.574008331323691E+02,0.770555172029356E+01,0.398962772555930E+01,0.369319733499628E+01,0.142959491948341E+01,-0.210793299407108E+02,-0.253095244437294E+02,0.175864030473298E+02,0.637055286393900E+02,-0.147125037634462E+02,0.763712803582837E+01,0.173930855556285E+02,-0.217215668208435E+02,-0.207206037303446E+02,-0.112801271118172E+03,-0.392502938912413E+02,-0.474966148507328E+02,-0.920468555265109E+01,-0.637766407039290E+02,0.772110212391396E+02,-0.293498175492144E+02,-0.540011880963035E+02,-0.158841413920873E+03,0.667282329018549E+02,0.120995764867641E+02,-0.464650041795949E+01,-0.651729262218950E+02,0.122928100352541E+02,-0.221689379921532E+02,-0.360016583003195E+02,0.102209554974018E+02,0.344096872882205E+02,0.972459983196015E+01,-0.165703119834469E+02,-0.515886588623152E+01,0.267033054676114E+01,0.233066664646454E+02,-0.620842442333849E+02,0.700837153548810E+02,-0.427636113681911E+02,-0.305659618096925E+02,-0.379310787795489E+02,-0.955817645141368E+02,0.101781954648686E+02,-0.455501190947695E+02,-0.248468649201793E+02,0.367873799962058E+02,-0.210019800287942E+02,0.603016459583205E+01,-0.951221655053865E+01,-0.273101290568050E+02,-0.644485650155154E+00,0.561431442504091E+02,-0.548654027319625E+02,0.887701780414721E+02,-0.187221830007511E+02,0.376548119468477E+02,-0.845287485423626E+00,0.115246587665448E+02,-0.106852137557500E+02,0.467358350089138E+02,0.610917130181000E+02,0.183930530703546E+02,0.533972240889154E+02,-0.422456064529841E+02,-0.352362725209439E+01,-0.227163620336146E+02,0.723858451838930E+02,0.597656956961990E+02,0.464627084586862E+02,-0.160118896871811E+02,-0.291653337956003E+02,0.247152767945651E+02,-0.272961227987859E+02,-0.129082875831871E+02,-0.726031720663004E+01,-0.234613668484854E+02,0.512412740283156E+02,-0.473500818484686E+01,0.372214773830061E+02,0.133051767872666E+02,0.204145637895302E+02,-0.322911654611463E+02,0.318096101621076E+02,-0.196564291746818E+02,-0.162197029669084E+02,-0.451898995574294E+01,-0.524680049979356E+02,0.777130572015184E+02,-0.260867839496527E+02,-0.518840368484769E+01,0.179828099401334E+02,0.205649220379303E+02,0.723593404132930E+02,-0.124329533172454E+02,0.766657653529819E+02,0.673480801010718E+02,-0.970118164503556E+02,0.601743840355331E+01,-0.203399500651728E+02,0.143519840371278E+02,0.104856837430761E+02,0.120177692474894E+02,0.597893318733802E+02,0.885839909312347E+02,-0.791636992418954E+02,0.780866763700085E+02,-0.912088827766339E+02,-0.739434347021359E+02,-0.106670811023699E+02,0.268647972771021E+00,0.653804107775935E+02,0.448703141533864E+02,-0.177163438700276E+02,-0.970772702744438E+02,0.717200337292912E+02,-0.473717838503246E+02,-0.792130714526365E+00,-0.773851573888629E+01,0.122762539429291E+03,-0.282162970545996E+02,-0.107656760224440E+03,0.292438266848056E+02,-0.156697039126423E+03,0.116812011740936E+02,-0.334156209282254E+02,-0.189569645443441E+02,-0.268799401065336E+02,-0.549849795779976E+02,0.401908644203389E+02,-0.357998339886340E+02,-0.582911130487082E+01,-0.810933652023035E+02,-0.447906166290079E+01,-0.474604805288960E+02,-0.747413133869812E+02,-0.128113339945019E+03,0.154305048945062E+02,-0.311706734163171E+02,-0.444112332377426E+01,-0.135754012917357E+02,-0.817914520119588E+02,-0.638894639266548E+02,-0.558640044671838E+02,-0.519618739629701E+02,0.558850430956327E+02,0.813362652894395E+01,-0.461570252576150E+02,-0.205613013953664E+02,-0.213707025210113E+02,0.370174333434196E+02,-0.296580041916882E+02,-0.147300758913244E+02,-0.234277523550755E+02,-0.333907422347068E+02,-0.365224697266499E+02,0.359603567269521E+02,-0.191028936377377E+02,-0.906123039707626E+02,0.781728111449314E+02,0.464408050865214E+02,0.629751775360319E+01,-0.750609954903966E+02,-0.741839027363847E+02,0.115150203074763E+02,0.433534642291494E+01,-0.298491999474961E+02,-0.477328027932284E+02,0.373387836207861E+02,-0.708782245144795E+01,0.253509392981148E+02,0.510769992332980E+02,0.320221279109480E+02,0.354613628710446E+02,0.263246901375016E+02,-0.197592300491189E+02,-0.118538931565113E+02,-0.220744073298960E+02,-0.332848282305995E+02,-0.423268610966795E+02,-0.670387162141043E+02,-0.391039888070262E+02,-0.686731216333547E+01,-0.856690484305773E+02,-0.371526195173055E+01,0.340985185405263E+02,-0.658655183355295E+02,0.231992316719024E+02,0.223009004519782E+02,-0.665161521469521E+02,-0.575734943031283E+02,-0.129616305178403E+02,0.229176884061900E+02,-0.388209367281164E+02,0.687522759776882E+02,0.593485355726268E+02,-0.779218365103109E+02,0.516702064175457E+02,0.347152203154233E+02,0.113025759226867E+02,0.250347165557058E+02,-0.428000667181113E+02,-0.108683824196116E+02,0.521385082265454E+01,0.174088033599579E+02,0.455799636325312E+02,-0.511010734417928E+02,-0.152670307753181E+01,0.182777374112833E+02,-0.423226499763427E+01,-0.238658938752088E+02,0.236571893007204E+02,-0.277086073302354E+02,-0.230524902957423E+02,0.579761378707622E+01,-0.604448362560791E+02,0.189894415168993E+01,-0.302237825687196E+02,-0.894152701449315E+01,-0.105019602685400E+01,-0.570292083341992E+02,0.562479785942292E+02,-0.298713082182825E+02,-0.125420920058152E+03,-0.851916172863041E+02,0.403128395114860E+02,-0.328431691668447E+02,-0.145118196247989E+02,-0.302361144754806E+02,-0.176098374404075E+02,-0.976490896228090E+02,-0.148453751722324E+02,-0.629899009874205E+02,-0.321878740433219E+02,0.245278200073161E+02,0.762330663864130E+02,0.837364713699309E+00,-0.408248900196227E+01,0.564863228693093E+02,-0.475110591181938E+02,0.393263931159179E+02,0.966592878233354E+01,-0.404043084532857E+02,-0.150245080158911E+02,0.246101914920355E+02,-0.156802122157930E+01,0.921119133339985E+01,0.894586473394742E+01,-0.219639552883012E+02,-0.292909965511867E+02,-0.513681180218061E+02,0.470827485635621E+02,-0.610314265688665E+02,-0.479263120891908E+02,0.121824417855467E+02,-0.894450365578496E+02,0.198475877190247E+02,0.618106336574575E+02,-0.196261724297251E+01,0.154539768582038E+01,-0.222831358389084E+02,-0.193608982696899E+02,0.672535611003673E+01,0.392450286414024E+02,-0.404112659824603E+02,0.326809865955929E+02,-0.932302084636740E+01,-0.975196498544381E+01,0.314976519324476E+02,0.229694895929373E+02,-0.876199056246674E+01,-0.254195712972211E+01,0.234963439721068E+02,0.303944936219327E+02,-0.727958205142299E+02,0.119652629366722E+02,0.506858735633925E+02,-0.987801279695467E+02,0.297407622486385E+02,-0.121414356994720E+03,-0.718079391135273E+01,-0.164979186771044E+02,-0.134947678390488E+02,-0.980595890811389E+01,-0.222754363138679E+02,-0.424642260106202E+01,0.123505465704126E+02,-0.263911627474995E+02,0.136419415795463E+02,0.853379401319063E+02,-0.649611102184735E+02,-0.273875947793560E+02,0.352827287561880E+02,0.270594396286268E+02,0.407856750685937E+02,0.158082356923995E+02,0.300992373201940E+02,-0.169703077908117E+02,-0.458949767573594E+02,-0.449311542694876E+02,-0.138761178567933E+02,-0.495362756509280E+00,-0.413526949074550E+02,-0.160847855551142E+02,0.839472284150185E+01,0.205101211150127E+02,-0.117688698605585E+02,0.580236353089115E+02,-0.464071442939206E+02,-0.969856006324625E+01,-0.105033119149766E+00,0.241801101046255E+02,-0.408062217799069E+02,-0.231760388783644E+02,0.274299248378584E+02,0.500934642493709E+02,0.696233632495655E+02,0.381599706216657E+02,0.381199753071656E+02,-0.299445768168392E+02,0.662724907651133E+02,0.655535879314298E+02,-0.732088700187933E+01,0.389973690877135E+02,0.374941557405036E+02,-0.220076948877232E+02,-0.336389898274490E+00,0.572668505179307E+02,-0.298542967370041E+02,-0.156137228068580E+02,-0.607280048446201E+02,0.267776397198544E+02,-0.904104973456307E+01,0.167190514824228E+02,0.106447652636699E+02,-0.402437138670464E+02,0.478055860610759E+02,0.402495019965260E+02,-0.218192013844649E+02,0.178086800360042E+02,-0.601379574779791E+02,-0.518595438608742E+02,0.222061954388065E+02,-0.662742435193679E+02,-0.250881268346986E+02,0.116034237755927E+02,0.807618324581544E+02,-0.233236180046092E+02,-0.141535177938547E+02,-0.115234753260091E+02,0.115475957094999E+03,0.124684635171608E+02,-0.406818099296751E+02,0.684707201335592E+02,0.634338656487294E+02,0.294928297091088E+02,0.710984384676825E+02,0.782269727672436E+02,-0.134669549388239E+02,-0.275395789431104E+02,-0.363730410971818E+02,0.266861100476448E+02,0.346777550242583E+02,-0.516640097461195E+01,-0.218011676760050E+02,-0.651276005647427E+02,-0.297884081749043E+02,-0.432492092730059E+02,0.249945626100208E+02,0.162927340072614E+02,0.623513100655415E+02,0.240684407756243E+01,-0.268696772558686E+02,-0.535770910531954E+01,0.401605246496399E+02,0.169149379249936E+02,0.476273268399099E+02,0.593370687743063E+02,-0.164131573438823E+02,-0.100405094054544E+02,-0.949764314018055E+02,0.518694583900908E+02,-0.784963724636293E+01,0.533763981153272E+02,-0.166843036418058E+02,-0.564019697151491E+02,0.205429219132878E+02,0.666094410223429E+02,-0.255562915058823E+02,0.666438727370924E+02,-0.732710424975149E+02,-0.200591875675670E+02,-0.763538174262593E+02,0.229778271854099E+02,0.154024663004357E+02,-0.212150414041531E+01,-0.602664187340284E+02,0.843650823420854E+02,0.521845125318667E+02,0.118615814180268E+02,-0.414266448514547E+02,0.257865783164470E+02,-0.307998358474172E+02,-0.826977946811098E+01,-0.169578625894171E+02,0.209246316177710E+02,-0.835835445637792E+01,-0.205670841389232E+02,0.181800441594999E+02,0.263049291621268E+02,-0.803317077215427E+02,0.210028195832792E+02,0.665174065215112E+02,0.394763037100609E+02,-0.112014051145719E+02,0.687095841724341E+01,-0.346757020276787E+02,0.582126413500358E+02,0.216319358356961E+02,-0.100887536473528E+02,-0.776660295465126E+01,0.102496621996159E+03,0.370048049559472E+01,0.297564744842366E+02,0.706693746812441E+02,0.972212835010982E+02,0.605470521303733E+02,0.453133910128476E+02,-0.621993091259972E+02,-0.430279237896091E+02,0.300011644176847E+02,0.201693656646609E+01,0.303904380643538E+02,0.212447330359252E+02,0.592816611341556E+02,-0.753110549653090E+02,-0.470438738956650E+02,-0.967651183582262E+01,-0.790108136144481E+02,0.151353341616598E+02,0.362083068452709E+02,0.197881770847795E+02,-0.245242888278992E+02,0.283702823836678E+02,0.141599673594285E+03,0.241716967233949E+02,0.122424909212358E+02,-0.463618650558433E+02,-0.636936377348927E+02,-0.189048663209599E+02,0.329476771457041E+02,-0.425230371148291E+01,0.189124776791495E+02,0.335279040050746E+02,-0.585823085896249E+02,0.221769559866846E+02,0.582419517953705E+02,0.552072199033727E+02,-0.415599590269460E+01,-0.140017862452794E+01,-0.993902093714334E+01,-0.481854357644431E+02,-0.673476318781587E+02,0.784215310590817E+02,-0.520405516699105E+01,-0.587290517346154E+02,0.164481595843787E+01,-0.204622856198469E+02,0.937601740806272E+02,-0.215859469870497E+02,-0.352889411322855E+02,0.334580673074705E+02,-0.145347831406329E+02,0.388697616286070E+02,-0.244111498512859E+01,0.100978778545609E+03,0.488523882619302E+02,-0.523066216325454E+01,-0.320897497906310E+02,0.231882462191638E+02,-0.527614707869160E+02,-0.127981190345411E+02,0.584608405152225E+02,-0.287256445991486E+02,-0.437542135380139E+02,-0.222514313109407E+02,0.518077545796934E+02,0.124733583620900E+02,-0.847991433633244E+02,0.303549017792478E+02,0.152313474499910E+02,0.573324569792899E+01,-0.512650535064181E+02,-0.378968658810078E+01,0.322387064647165E+02,0.512754314984391E+02,0.631127145851137E+02,0.228112851517872E+02,0.704068966197269E+00,-0.496943616191833E+02,-0.509598967866781E+02,-0.747552572199255E+02,-0.604514901065238E+01,0.308473082062646E+02,-0.386753469620058E+01,0.546030683654811E+02,-0.317338144249940E+02,0.165873286515487E+02,-0.101930918740930E+02,-0.289209351692188E+02,0.584797364961707E+02,0.791374691104227E+01,0.602923454113717E+02,0.511166457935656E+01,0.264915376790123E+02,-0.192737196456563E+02,0.585230751445464E+02,-0.111004251518545E+02,-0.129081484443679E+00,-0.789047959540599E+02,-0.128472582063200E+02,0.718345855961667E+02,0.672462766506495E+02,0.250981649609158E+02,-0.129991912684574E+02,0.339689710223800E+01,-0.172730456137121E+02,-0.194708766362666E+01,0.906051763721607E+02,0.120170732143981E+01,-0.189311665316521E+02,-0.110578168153982E+03,-0.552627563151088E+02,-0.374344233225566E+02,-0.657869602629605E+02,-0.554195427448092E+02,-0.681884371257044E+02,-0.446254298932697E+02,-0.410825393708196E+02,-0.450898176161996E+02,0.482939474832068E+02,-0.294425560673172E+02,-0.995344000461646E+02,0.418602679005029E+02,-0.258820767663161E+02,-0.789382144401732E+02,0.942568804817733E+02,-0.219182273569199E+02,0.228079369268294E+02,0.455285585711379E+02,-0.144954649339047E+01,0.253884791327448E+02,0.473272064013364E+01,0.416985726204267E+00,-0.150364409643688E+02,-0.714302463495213E+02,0.133654306860510E+02,-0.129242973729616E+03,0.622252271646222E+02,-0.440065242826582E+02,-0.162267365588903E+02,-0.157397932809857E+02,0.705364067525655E+01,-0.227675460657194E+02,0.297000076019790E+02,-0.519346087713942E+02,0.366994919064686E+02,0.369872115705042E+02,0.168611384094545E+02,0.100457668602845E+02,0.197272176522764E+02,0.618974681909134E+01,0.310108101369883E+02,-0.801606670099505E+01,-0.590327621339427E+02,0.756413177272555E+01,-0.151525656820692E+02,-0.192196858781762E+01,0.504968835500205E+02,-0.825784617143959E+02,-0.153050788941084E+01,0.539844036155841E+00,0.994712824216390E+01,0.317765997136565E+02,-0.123203385944808E+02,0.834095776675045E+02,0.487673524773302E+02,-0.183541267621211E+02,-0.958582830347899E+01,0.108160911175798E+01,0.768253718279057E+02,-0.585625489395150E+02,-0.105646555913499E+03,0.308948470991285E+02,-0.163053688231107E+02,-0.139241202331213E+02,0.129623803858883E+02,0.767354968598307E+02,0.463817399567444E+02,-0.152920777379405E+02,-0.501621363419512E+02,-0.545142892221128E+01,0.306072692621898E+02,-0.111290840288231E+02,-0.754508683796735E+02,-0.266960720175214E+01,-0.887612209152995E+02,-0.474509062758936E+02,0.766195648803956E+02,-0.482474373903883E+02,-0.635059461372612E+02,-0.513646978023620E+02,-0.348725615038153E+02,0.340570167987937E+02,0.820243878924775E+02,-0.353722849739597E+01,0.275924232599089E+02,-0.183356109664858E+02,-0.692422271493051E+02,0.464096435336213E+02,-0.443964896666412E+02,0.321960039443007E+02,0.376349516903976E+02,-0.653457987281274E+01,0.390150154127650E+02,0.438262110082578E+02,0.100348485266261E+03,-0.156202130888264E+02,-0.454156708233941E+02,-0.611204272509710E+02,-0.123198351714468E+02,-0.231853152948219E+02,0.102915477474233E+03,-0.448290371502371E+02,0.104901244782557E+02,0.973888272891054E+01,-0.264585965376538E+02,-0.796985681966687E+02,-0.699938673061837E+01,0.977929953941985E+02,0.931185241875994E+01,0.811838495200453E+01,-0.525392047110786E+02,-0.604113202485019E+02,-0.555321568373869E+01,0.499227229389604E+02,-0.221256767444062E+02,0.107824220128212E+03,-0.434665331512768E+02,0.145699558388132E+02,-0.224251238877554E+02,-0.717750810735277E+02,0.163406463324969E+01,-0.500575578627154E+02,-0.759248420493859E+02,0.610266876147335E+01,0.230693375370743E+01,0.513208001994772E+02,0.186440639261321E+02,-0.322867615650010E+02,0.229875059014652E+02,-0.808793720091322E+02,-0.521130069396811E+02,0.900167842276553E+02,0.142629159117056E+02,-0.188385628064693E+02,-0.352328378261658E+02,-0.267481539633400E+01,-0.581553348928287E+01,0.828303252220404E+02,0.417178999211214E+02,-0.166145279529007E+02,-0.122517944290896E+02,-0.427489830239052E+02,-0.201084252310916E+02,-0.669067111808969E+02,0.458615310757327E+02,0.543713990319969E+01,0.144756286289983E+02,0.155574883314697E+02,-0.482069853788405E+00,-0.167852831017956E+02,-0.316468291226299E+01,-0.100177698849100E+03,-0.230107065400524E+02,-0.759618574908308E+01,-0.948681835715681E+01,0.545748321135558E+02,0.622522073805584E+02,0.164389981755454E+02,-0.969154598413339E+02,0.646238427309542E+02,-0.214322296207736E+02,-0.376179191437156E+02,-0.862403286626282E+02,-0.386981731683480E+02,0.562969261888077E+02,0.243477643487558E+02,0.510061758564865E+01,0.291489505645833E+02,-0.563864960463949E+02,-0.421342060799399E+02,0.513654258817442E+02,0.386266336060621E+02,0.518153763176539E+02,-0.130890461682458E+01,0.679676960450172E+01,0.568606507910425E+02,0.961105543887074E+02,-0.300218706886844E+02,0.321785908848824E+02,-0.117094622654537E+02,-0.411457407183957E+02,-0.313470365643115E+02,-0.299106466256192E+02,-0.130997550047918E+02,-0.522751536609462E+02,-0.217091455984175E+02,-0.140947107403310E+03,0.368696623682421E+02,0.206169173775082E+02,-0.391347656599178E+01,-0.379100975202239E+02,-0.204173258445409E+02,-0.525295978499685E+02,0.151627029767623E+02,0.818563479447299E+02,-0.251977350173386E+02,-0.162391615689186E+02,0.237377346222046E+02,-0.488427023213265E+02,0.879390465853416E+02,0.154444790056440E+02,0.227048602449153E+02,0.488924159401091E+02,0.325828902673544E+01,0.540767043135758E+02,0.142066579917168E+02,-0.107004226468713E+02,0.725460864427350E+01,0.844083124131259E+00,0.726463273006501E+02,0.101407286235761E+02,0.119611442401548E+02,-0.129863301293398E+02,0.132303402593963E+02,-0.909832970467706E+02,-0.325028403574811E+02,-0.455954388082661E+02,0.484459546484856E+02,-0.290134526991941E+02,-0.658127635354967E+02,0.537041337227984E+02,-0.122219030390673E+02,0.439390359444436E+02,-0.897255185865890E+02,0.232043453346235E+02,0.859306316663685E+01,0.577559623640173E+01,-0.827824857051189E+01,-0.903665537810991E+01,0.478882492343628E+02,0.202469693579781E+01,-0.473579034461096E+02,-0.175680783457732E+02,0.276953997822238E+02,-0.117764401391408E+03,-0.928276097575682E+02,0.398781570960006E+01,0.117401122800458E+02,-0.411587362242833E+02,-0.393574294432568E+01,0.111970082178458E+03,0.306293974610481E+02,-0.570556087314359E+02,0.923079114388216E+01,-0.963214244321112E+01,0.105436722050396E+02,-0.336595567575459E+02,0.194718630220915E+02,0.284072742628275E+02,-0.290696402424527E+01,0.107932109369220E+03,-0.140659259097890E+02,-0.315639263676949E+02,0.142043849901884E+02,0.466403786285141E+02,-0.355542510391242E+02,-0.317157267579599E+01,0.962800738237068E+02,-0.470463524766308E+01,0.620712753683529E+02,0.135182138454099E+02,-0.901734857266280E+01,-0.305058104351164E+02,0.565802526875439E+02,-0.513140550380255E+02,-0.225472480265756E+01,-0.169728522160664E+02,-0.404686296202837E+02,0.184905681360111E+02,0.238174206117134E+02,0.116600825114228E+02,0.736351213136913E+00,-0.383104011092946E+02,0.215337735977128E+02,-0.675094509146092E+01,-0.246151151080994E+02,-0.210404603544309E+02,0.203493370705481E+02,-0.598940094270222E+01,-0.348128365569340E+02,-0.106429825664627E+03,0.102568789148494E+02,0.249248436915856E+02,-0.385745900918736E+02,-0.210126785333359E+02,0.805345260636713E+02,0.646172449056223E+01,0.309345527856440E+02,0.384196083140981E+01,0.320367853126594E+02,0.650285940963772E+01,-0.371939652955349E+02,-0.225885597955602E+01,0.876902580455936E+01,0.273130920428208E+02,0.780977394602272E+02,0.506776568794206E+02,0.184268680084699E+00,0.168783167299349E+02,0.611990445154817E+02,0.235053734388119E+02,-0.751843633400629E+02,-0.273515270390278E+02,0.151341476076842E+02,0.556872086102936E+01,0.254522221568188E+02,-0.547175680034196E+02,0.899457298684899E+01,0.384751655291811E+02,0.497540439452922E+02,-0.434065676209532E+02,-0.693274535154183E+01,-0.207894312391323E+01,-0.133293678797743E+02,-0.365485942679401E+02,-0.215486141566798E+02,-0.194385072647835E+01,0.791289848212682E+01,0.420696094491568E+02,-0.307419929954231E+02,0.824533366227971E+02,0.326820177068022E+02,0.218703316389819E+02,0.332103366865958E+02,0.323226095800195E+02,0.345310917311008E+02,0.536065218442920E+02,-0.432982051603595E+02,0.618428643140030E+02,-0.112043318565391E+03,0.306939588191330E+02,-0.106344910593646E+03,0.853215665312746E+02,0.688706453652959E+02,-0.109824388751575E+02,-0.492853599864405E+02,-0.428898738369814E+02,-0.623180559288915E+02,-0.627315522771378E+02,0.550647269182680E+02,0.404486848474823E+02,0.236213905213934E+02,0.373789897765481E+02,0.401848388979923E+02,-0.381366464100555E+02,-0.197707467816676E+02,0.585451070292889E+02,-0.115537697598635E+02,0.550710413689079E+02,0.697496693636865E+02,-0.549969501742096E+01,-0.704694719988031E+02,-0.960329521559174E+00,-0.248544202489034E+01,-0.880295957877229E+01,-0.178486453572071E+01,-0.651860901544262E+02,-0.210997266973000E+02,0.534781885707241E+01,0.893255112563611E+01,0.467709256065668E+02,-0.396634200021855E+02,0.657445586636380E+02,-0.424458571257457E+02,0.209554568175848E+02,0.349139581412992E+02]
bee_TS = [-0.605698174631835E+02,-0.360015453851463E+01,-0.158231507398019E+02,0.428325001152652E+02,-0.220827556856380E+02,-0.205372765672282E+02,-0.351352506323669E+02,-0.863013154250458E+02,-0.465392197686403E+02,-0.472359190502625E+02,-0.368648961089048E+02,0.228393274824590E+01,0.407476046922326E+01,0.766488606751810E+01,0.262966605907420E+01,0.474084827863579E+02,-0.208648138319714E+02,-0.230840944838184E+02,0.192270235404521E+02,-0.112243555789308E+03,0.535406957632960E+02,-0.289448707016254E+02,-0.329180843664712E+01,-0.113909193801739E+02,-0.890072281310700E+01,-0.464808383314323E+01,0.881583134146712E+02,-0.185883741897261E+02,-0.902499296089297E+01,-0.517579196738128E+02,0.815193483717960E+02,-0.187820348822647E+02,-0.373995903461552E+02,0.249491371073667E+02,-0.281548029913273E+01,0.163025456414173E+02,-0.488833918571083E+01,0.108758758933899E+02,0.287254833299569E+02,-0.103161039337615E+03,0.557260087043034E+02,0.142393333476205E+02,-0.163636657166956E+01,-0.361457927576304E+02,0.122801023483917E+02,-0.145943808991981E+02,0.396954437853146E+02,0.364562113846445E+02,-0.308101176559824E+02,-0.274271074924123E+02,-0.327655058975181E+02,-0.351396530915100E+02,0.135479979217631E+02,-0.490271066849816E+02,0.115093649739421E+02,0.622695352081440E+02,0.633704176865957E+02,0.355580271001281E+02,0.154069476399782E+02,0.269665695749578E+02,0.889737855477420E+02,0.212744514579633E+02,-0.547871376482075E+02,-0.157470691028673E+02,-0.235287943846810E+02,0.629014743700075E+02,-0.772956658910809E+02,-0.671003779478465E+02,-0.258364491892956E+02,-0.641525433600953E+01,-0.470941719487279E+02,0.270189712166789E+02,0.797277261715658E+01,0.863001781075081E+01,-0.396575786948240E+02,-0.346054075919077E+02,-0.540695742640148E+02,0.389811700631329E+02,-0.294945041100523E+02,0.264513478050268E+02,-0.713229813395714E+01,-0.317838103699409E+02,-0.575670782642961E+02,-0.176477967956182E+02,-0.901312688554071E+01,-0.124601741723984E+02,0.411716065442587E+02,0.681337415746945E+02,-0.384782847960412E+02,-0.793642140686894E+02,-0.219807359372369E+02,0.111374970680185E+03,-0.591415788172945E+02,0.355736473678754E+02,-0.955629727540884E+01,-0.662828909593136E+02,0.254292670541111E+02,0.398099663008428E+02,-0.198452983487848E+02,0.400265852812994E+02,-0.296071423939181E+02,-0.476628353758062E+02,0.863410740874166E+02,0.453090269132972E+02,0.336473427588893E+02,0.146445840954827E+02,0.204925121309179E+02,0.855634917647526E+02,-0.256480965285195E+02,0.788397152955095E+01,-0.142252497258458E+03,0.180902069419581E+02,-0.715433312993095E+02,0.150670581302800E+02,0.203995617556270E+02,-0.332541050054886E+02,-0.556348672681962E+02,0.655468656526000E+01,-0.303664239982712E+02,0.306714636495095E+02,-0.529382427538775E+02,0.176999114266357E+01,-0.356411316337401E+02,-0.423538970049049E+01,-0.103609714546076E+01,0.180252348342464E+02,0.139192060945550E+01,-0.652201780634311E+01,0.588964136987321E+02,0.906740220149828E+02,0.483187761287982E+02,0.830029021230410E+02,-0.115086803044403E+02,0.142866839166610E+02,0.540349800409374E+02,-0.111429144845802E+02,-0.734384230966454E+02,-0.382875824913539E+02,-0.520778920610762E+02,-0.276370003412709E+02,0.326908216103718E+02,-0.116583096878850E+03,-0.186844871332679E+02,0.413068971973208E+02,-0.385720780820177E+02,-0.364692523657590E+02,0.543162998344181E+02,0.399880115291141E+02,-0.353284132171071E+02,0.136431734503237E+02,-0.272835074830273E+02,0.342478385456013E+02,0.446023162726885E+01,0.211752906937944E+02,-0.883605963339849E+02,-0.479803932350183E+02,-0.995728662810677E+01,0.327002809917499E+01,-0.366079476602408E+02,0.105847838780107E+03,-0.231163109083139E+02,-0.398700359188277E+02,0.388594496719254E+02,-0.493736456141106E+02,-0.362596785830135E+02,0.324728348083727E+02,0.124468245232735E+02,0.164840209661766E+02,0.116109305304019E+02,-0.132782705514746E+02,0.225580353555110E+02,0.589879795536665E+02,-0.311727019960314E+02,0.162311545635923E+02,0.933427207093962E+02,0.340071732069135E+02,-0.730702716704400E+01,-0.187872681040241E+02,0.153092350015250E+03,-0.163056484888596E+02,0.362420215588150E+02,0.193617359555287E+02,0.361923053630220E+02,0.890834931724645E+02,0.542493011912172E+02,-0.240410170372110E+01,0.227270765859346E+02,0.483722985387219E+02,0.362630997573971E+02,-0.524340696730328E+02,0.934528660431604E+02,-0.824162629209915E+02,-0.198189761325287E+02,0.582372611236858E+02,0.667454194970552E+01,0.789755347974040E+01,0.340986754782831E+02,0.299185364072226E+02,0.353353784273954E+02,-0.636802622973740E+02,0.287446146873640E+01,-0.297344458970122E+02,-0.872050620521358E+01,-0.142283933495855E+01,-0.713879838479023E+01,-0.411528644374749E+01,0.858205900196073E+02,-0.101378041815922E+02,-0.275781941731815E+02,-0.498605416070725E+01,0.139758305421296E+02,-0.562650925213593E+02,-0.405844613183674E+02,-0.381888858209500E+02,-0.628745683216745E+02,-0.169256529419783E+02,-0.446947387601835E+02,0.162771447408607E+02,-0.240001894090939E+01,-0.103994239112109E+02,-0.932764704718403E+01,0.807941303189978E+01,-0.243130644570321E+02,0.688473060206149E+02,-0.805408878775428E+02,-0.140786498309985E+02,-0.174260677296167E+02,0.182068306906650E+02,0.213706755044175E+02,-0.462928266213023E+02,-0.201720831909260E+02,0.440371569097637E+02,-0.276351289986040E+02,0.186656001554169E+02,0.382702339428729E+02,-0.319430306862364E+01,0.113927766884587E+03,-0.230371189591793E+02,-0.340392750165294E+02,0.580209793841595E+01,-0.227428967318100E+02,0.526622103786852E+02,-0.336206226875120E+02,0.106246643910958E+02,0.640203464310276E+02,-0.126283102075660E+02,0.120019838218309E+03,0.125628338234734E+03,-0.648295895154679E+02,0.589470351683867E+02,0.166019460241490E+02,-0.516789713137952E+02,0.216259566255950E+02,0.352530510140681E+02,0.361644139778983E+02,0.133956587018866E+01,0.159426386483152E+02,0.694398180270327E+02,-0.246764544894171E+02,0.181757286898737E+02,0.738499084780883E+02,-0.372317891239888E+02,-0.128850712191238E+02,0.507189773625181E+02,0.296932584446620E+02,0.779267018637609E+02,0.222197492461581E+02,0.618712747803130E+01,0.280512221098710E+02,0.382644921303524E+02,-0.470541982619771E+02,0.328734573763774E+01,0.128635827504285E+02,0.113189736659559E+02,0.219979088613429E+02,-0.573460063072212E+02,0.365634225102757E+02,-0.443318672973498E+02,-0.346690544716370E+02,0.177454993057040E+02,-0.182061226716587E+02,0.553597010233788E+02,-0.255983752019364E+02,0.266200042441080E+02,0.368097922715875E+02,0.828160711054294E+02,0.574067578918573E+02,0.460917227726672E+02,-0.106131875197394E+02,-0.385802095447337E+01,-0.331682531986373E+02,0.749216333247951E+02,0.795907228343141E+02,0.361067231745787E+02,-0.191178735321743E+02,0.510915142299153E+02,-0.163385318949373E+02,0.214799543189989E+02,0.613245916034901E+02,0.213781534301563E+01,-0.104588014465170E+02,-0.283129600830407E+02,-0.510073834900294E+02,0.943370311508461E+02,0.438600096691817E+02,-0.557666413982485E+02,-0.954937708178588E+01,0.249889697535628E+02,-0.997483560067974E+01,0.591094196689352E+02,0.151861299137956E+02,0.798137783432171E+02,0.278721954959044E+02,-0.263559438020667E+02,0.248822647771825E+02,-0.500875971503763E+01,-0.323402327191922E+02,0.133010266768955E+02,0.205605557978557E+02,0.931266229625430E+02,0.796391826423498E+02,0.550189954069228E+02,0.729842055154020E+02,0.800539296344101E+01,-0.272842164506313E+02,0.162958154601319E+02,-0.368015729228206E+02,-0.475170064457532E+02,-0.562744120959861E+02,-0.265876888556553E+02,-0.109559967621680E+03,-0.290409980088014E+02,-0.835500703828871E+02,0.209549162440102E+02,-0.476418242681430E+02,0.395863956962510E+02,-0.939718145763869E+02,-0.329701256282472E+02,0.548556003036595E+02,0.207116976174294E+02,-0.828818569720932E+02,0.630464590300433E+02,-0.256230217746109E+02,0.511681864637180E+02,-0.242501853083894E+02,-0.749792994575280E+02,0.112076405935825E+02,-0.610460010787393E+02,-0.168932132918407E+02,-0.148799320450601E+01,0.417784561118991E+02,0.126814130118840E+03,-0.461190932729858E+02,-0.361901412690298E+02,-0.989228091557379E+00,-0.130474676631897E+02,-0.821053201610165E+02,-0.596331445565917E+02,0.516335505943490E+02,-0.289286835522814E+02,0.168559939782277E+02,-0.488870372278128E+02,-0.131917392861064E+02,-0.436866185822433E+02,0.564986762271194E+02,0.151024220694098E+02,-0.231092597455685E+02,-0.126488089241131E+02,0.662498583190080E+01,-0.618796212837003E+01,0.441212601677492E+02,-0.251799002257102E+02,0.273602796900332E+01,0.338340414142191E+02,0.171484999478862E+02,-0.159301405522729E+02,0.156023005651666E+03,0.536807583909453E+02,0.111802758198839E+01,0.162049343794885E+02,-0.613868855023773E+02,0.314422198724920E+02,-0.720359771879219E+02,-0.251444170503207E+02,-0.521484041555096E+02,-0.219718529707108E+02,0.567962111365554E+02,-0.535907624229685E+02,0.159971564214003E+02,-0.405252558958261E+01,0.389947345231320E+01,-0.433838077136307E+02,-0.477819801420505E+02,-0.399771410198309E+01,-0.424899992385984E+02,-0.216816418840312E+02,-0.437996999069849E+02,-0.119302375202118E+02,-0.358747019650030E+02,-0.515744085038667E+02,0.212489497536211E+02,-0.209833840669083E+02,0.187261240414614E+02,0.974048717480380E+01,-0.736560084178937E+02,-0.547495494632610E+02,-0.396880845376769E+02,0.354276967753381E+02,0.275455389744837E+01,-0.626235114351550E+02,0.584448161794715E+02,-0.400485042786805E+02,0.543468334011391E+02,-0.289084349282357E+02,-0.445407948081856E+02,0.298497356197829E+02,-0.656401643408413E+02,-0.379438952959425E+02,0.672371932554825E+02,0.203596536654381E+02,-0.359147978483982E+02,0.488678830165612E+02,-0.173621928807737E+02,-0.321928922077915E+02,-0.301459041404846E+02,-0.499854741527766E+02,0.248704024852707E+02,-0.931582981416788E+02,-0.839402196315303E+02,-0.730819023405013E+01,-0.306269360906390E+02,-0.574775545403375E+02,0.720748026318473E+02,0.131318904577695E+03,-0.361094590328920E+02,-0.253072636950515E+01,-0.636472271543673E+02,0.649281215742383E+02,0.170431711580450E+02,-0.181170478051928E+02,-0.409591767927345E+02,0.148545569583110E+02,-0.585460752555422E+02,-0.197623366430045E+02,-0.903757762392908E+02,0.336552979938845E+02,0.169245882489886E+02,0.184751055767879E+01,-0.700283772789169E+01,-0.328900586875895E+02,-0.754166130881708E+01,0.125279185260502E+03,-0.198666592339500E+02,-0.436306318473280E+02,-0.682695095162740E+02,0.108789226201932E+02,-0.341262056902149E+02,0.586892257248785E+01,0.260857215431466E+02,0.102041830483846E+02,0.277059190450192E+02,0.119221603896581E+02,0.628659605719497E+02,0.316609225863753E+02,-0.325770961397858E+02,0.353827241582127E+02,0.379419975680562E+02,0.120766629881564E+02,0.486999871777521E+02,-0.223970828278212E+02,0.765243555134077E+02,0.171975587506409E+02,-0.271514693626198E+02,-0.724145907335359E+01,-0.186120225223370E+02,0.261910778618176E+02,-0.233951858363218E+02,-0.717526182645258E-01,-0.847555146472246E+01,0.808185115533977E+02,0.499076347230243E+02,-0.686718887280331E+02,-0.475857762287191E+01,-0.555216440542223E+02,-0.159526368764137E+02,-0.268293714516859E+02,0.373820506303957E+01,0.590414122575416E+00,-0.257222002456228E+02,0.808756858900765E+01,-0.600781409627490E+01,-0.128854731455679E+02,0.857661431346554E+02,0.181789158116667E+02,-0.804958536110387E+02,-0.457900831830335E+02,0.943283495256479E+02,0.277411548134900E+02,-0.106693574219012E+02,0.104370926560371E+03,-0.194890907559287E+02,-0.123131641622621E+02,-0.536408460543191E+01,0.107207964946538E+02,0.271357182864571E+02,0.783019576347237E+01,0.305169926582008E+02,-0.187886909108046E+02,-0.302838641814301E+02,-0.416827269485145E+02,-0.476254144559636E+02,0.463536720511093E+02,0.126703265433335E+02,0.387170045287473E+02,0.133242083091060E+02,0.854054105018965E+02,0.156213268211207E+02,-0.844896629315664E+02,-0.334237231135292E+02,0.134143258293459E+02,-0.302866908555945E+02,0.625791212337066E+02,-0.881973196335821E+01,0.148426656598822E+02,0.496635921137423E+02,-0.705785371277721E+02,0.149545856317491E+03,0.208578108906568E+02,0.271257559523872E+02,0.347014178587034E+02,0.104168937369185E+02,-0.154571238048226E+01,0.358393581273236E+02,-0.356629675030373E+02,0.771480955802793E+02,0.683485745288323E+02,-0.405664154430369E+02,0.149530441158274E+02,0.669070948050527E+02,-0.223965429243424E+02,0.153932403896638E+02,0.435140136380870E+02,0.421726168769870E+02,-0.784060494859986E+02,-0.152803323556312E+02,-0.356353854341616E+02,-0.147318327096008E+01,-0.767490315729827E+01,-0.552369733694877E+01,-0.180662085127206E+02,-0.293285689554993E+02,0.627373171169761E+01,0.111780638443971E+02,0.535027965910522E+02,-0.389341062559716E+02,0.373275868876671E+02,0.437583836033859E+02,-0.187151567040134E+02,0.871366708937747E+02,-0.696838676597427E+02,-0.103012327505844E+03,-0.653701998182986E+01,-0.264490089777985E+01,0.387210620147414E+01,0.788043438945746E+02,-0.107232940248021E+02,0.415876259128917E+02,0.442504381183216E+02,0.384577353477321E+02,-0.993584721986042E+01,0.627154438445356E+02,-0.133026794994006E+02,-0.306629841543202E+02,-0.479750070900267E+02,0.586398705482401E+01,0.369737834140685E+02,-0.602655760219574E+01,0.392935923929676E+02,-0.170142855947910E+01,0.654693995490349E+02,0.187127053153444E+02,0.996202888897147E+01,-0.122319821932805E+02,0.331773724270827E+02,0.361830730207223E+02,0.232643502567196E+02,-0.513797244146701E+00,-0.549987231070334E+02,0.259827693183836E+02,0.174699160816924E+02,0.402531663578594E+02,0.271690630041221E+02,0.372008133255580E+02,-0.603246206273096E+01,0.250417715816162E+02,-0.298078747024686E+02,-0.199324486549779E+01,-0.568522014609798E+02,-0.307438588687895E+02,0.378272990619957E+02,-0.934392686286714E+02,0.294041579288705E+02,0.184061086942785E+02,0.838574746668864E+02,-0.301216204911221E+02,0.328854311731037E+02,-0.137590873935166E+02,-0.463188020524469E+02,-0.760966081427470E+02,-0.517865870124780E+01,-0.858486801199037E+02,0.199910502006468E+02,-0.247329905507916E+02,0.305276780432438E+02,0.236302518147479E+02,-0.240447239742433E+02,-0.264994776356743E+02,0.390226154672426E+02,-0.587316876352910E+02,-0.116232413440744E+02,-0.195862298977505E+02,0.212536742157468E+02,-0.897317198704621E+01,0.357712929669685E+01,-0.200642671977103E+02,0.557652996941638E+02,-0.438004774381570E+02,0.787367388833445E+01,0.584048394889521E+02,-0.322679360837317E+02,0.359870326404354E+01,-0.884451213569821E+01,-0.668569738352138E+02,-0.482602060099960E+02,-0.861572911959370E+01,0.239980464424121E+02,0.301522965466622E+02,0.860441657378391E+01,-0.407296197742153E+01,0.151558250264404E+02,-0.439587378274275E+02,0.331975400881998E+01,-0.530836110227906E+02,-0.324272204180522E+02,0.473779122736577E+02,-0.294676259789713E+02,0.621076230899619E+02,-0.214292165153074E+02,0.353638487659672E+02,0.241128773099279E+02,-0.643110377487540E+02,-0.280413355918018E+02,0.932897262528763E+01,-0.370574854547768E+02,-0.339199347300612E+02,-0.828346504826472E+02,-0.538551751504336E+02,-0.509487029072710E+02,-0.414688117611934E+02,-0.102272529338478E+01,0.986146946126149E+01,0.979087663848389E+00,0.152154289679480E+02,-0.548440339074163E+02,0.141627921095048E+02,0.256062070346082E+02,-0.666025449255763E+02,-0.701696396741031E+02,-0.430542540291209E+02,-0.170812706617871E+02,0.178323687658917E+02,0.455518148896840E+01,-0.425875366848981E+02,0.366055660464450E+02,-0.215945705680701E+02,0.516970571709398E+02,-0.885706568005580E+02,0.596170069148828E+02,-0.204758696661186E+01,-0.367966505137466E+02,-0.215710151522401E+02,0.471260535200183E+01,0.373704957267066E+02,-0.755307403000502E+02,-0.120486384181386E+02,-0.216329554504719E+02,0.510747166213958E+02,0.863705739944672E+02,-0.963310521815609E+02,0.942825362842741E+02,0.467556242598713E+02,-0.724478064159441E+02,-0.366334557134939E+02,0.750885357992573E+02,0.631334770167829E+02,-0.180955395611154E+02,-0.465372877993951E+01,0.728809045463991E+01,0.647634389266452E+02,-0.507328376833834E+02,0.158251429614924E+02,-0.466703082368977E+01,0.347801996451383E+02,-0.745908718508187E+02,-0.649219616317141E+01,-0.351098924186945E+02,0.460120964226986E+02,0.468640014531873E+02,-0.860168875455057E+02,-0.485906909007892E+02,-0.256286034213344E+02,-0.338386104351213E+02,-0.109052600129599E+02,-0.243091988532694E+02,0.426713274406857E+02,0.400644960010197E+02,-0.567168130557997E+01,-0.415202834543060E+02,-0.849060314435732E+02,0.442645641538796E+02,-0.522893185179036E+02,-0.312592190521977E+02,0.544948436495301E+01,-0.321641560025644E+02,-0.397088441809609E+02,-0.239682913909249E+02,-0.384296979172030E+02,-0.270480681693993E+02,-0.481990844211303E+02,0.562922158327274E+02,0.637794985225279E+02,-0.169420491964297E+01,-0.261237730508220E+02,-0.631345787666703E+01,0.441000394784910E+02,-0.866895394186781E+02,-0.145622418607841E+02,0.523205636901772E+02,0.662199043815826E+02,-0.245154597869161E+02,0.916405147989497E+01,0.522816835985956E+02,0.198179973697528E+02,-0.830350965927943E+01,-0.452613116553356E+02,0.280880331643168E+02,-0.352277587390298E+02,-0.164962985911950E+02,-0.152445798278668E+02,-0.200092895667399E+02,0.194138009224757E+02,0.799807555027097E+02,0.193416401475289E+01,0.534435368570763E+01,-0.886166995625530E+02,-0.175768842233664E+02,-0.351878561655308E+02,0.277998101721028E+01,-0.408957178966631E+02,0.728621752050105E+02,0.783149793552273E+02,0.123388213971743E+02,-0.140989098825781E+02,0.143697414099688E+02,0.260080551858265E+02,-0.481391337306146E+02,-0.868310917897350E+01,0.137788403859314E+02,0.164598943010596E+02,0.562852235130941E+02,0.421202632981145E+02,-0.197926551930427E+02,0.331394805501080E+02,-0.966581413748582E+02,-0.537013840700581E+00,0.846244439057325E+02,0.908503809869410E+01,0.144446667522709E+01,0.335473521121440E+02,-0.297688075994651E+02,0.957909435226616E+02,-0.120072598128356E+02,0.868874120437908E+02,0.380067101765371E+02,-0.392198083124871E+02,0.314297474765658E+02,-0.333411348982870E+02,-0.717571220347104E+02,-0.657204340551829E+01,-0.541545615244407E+02,-0.547376039320598E+02,-0.681043311058838E+01,0.294463743925519E+02,-0.503547890083109E+01,-0.359674161566708E+02,0.114817173388912E+02,-0.737021017122295E+02,-0.101180283409771E+02,-0.828076673045998E+02,0.488021835644571E+02,0.207282508594136E+01,-0.483636803995738E+02,-0.230788066250365E+02,0.212009522966038E+02,-0.300397886909500E+02,-0.454956023648977E+02,0.906638279555883E+02,-0.198060318018300E+02,-0.470174312498914E+02,0.248910777016452E+02,-0.104695609471717E+02,0.485528995191010E+02,-0.319364483016966E+01,0.123953462680770E+02,0.101494235447078E+03,-0.200679890416242E+02,-0.338712448685754E+02,-0.309576862863057E+02,-0.533688696190154E+02,-0.324733796669882E+02,0.229891225326132E+02,0.205743132675509E+02,0.186489503010988E+02,0.740919406799346E+02,0.147536858738874E+00,0.180537996276335E+02,-0.690944181937482E+02,0.199578962893651E+01,-0.258804376736371E+02,-0.311597198678508E+02,0.613632352632362E+01,0.328899065361466E+02,0.383317928408042E+02,0.203204716842329E+01,0.864390600305831E+01,0.313231631344093E+02,0.404040673811944E+02,-0.236685565387295E+02,-0.151218534329046E+02,0.136775045408461E+01,-0.219336017700500E+02,-0.102532808566357E+02,-0.231237963557699E+02,0.760358134604492E+02,0.663880458649679E+02,-0.166951308017251E+02,0.139999231168220E+02,-0.286007585570686E+01,-0.210844497088887E+02,0.302555614124880E+02,-0.102057064840326E+02,0.378246726065309E+02,-0.574124460336523E+02,0.206801212725094E+02,-0.143600707818721E+02,-0.562422631614282E+02,-0.294273771969683E+02,0.309463299707972E+02,-0.854004866567293E+02,0.426539609964595E+02,0.478396160764860E+02,-0.763847983207712E+01,-0.512289236254441E+01,-0.403483353382018E+01,0.203156465046479E+02,-0.327163735326556E+02,0.417686851903589E+02,0.263909470367981E+02,-0.111513907006834E+03,-0.316681639410819E+02,0.248662219734570E+02,-0.461943344427232E+01,0.351529208495451E+02,-0.616268029128673E+02,-0.144155055216277E+01,-0.429955178734110E+02,-0.123550732168399E+03,0.764584178275608E+02,-0.577840922340072E+02,-0.557033314224572E+02,0.126242412070909E+02,0.127802951135058E+03,-0.246359933789563E+01,-0.213074320135003E+02,-0.252888930964320E+01,-0.495669189541421E+01,-0.864680707515705E+02,-0.655920699700808E+02,0.799726988645520E+02,-0.700366765574449E+01,-0.413855657040375E+02,0.551239561391767E+02,-0.356654183699114E+02,0.391126603302512E+02,0.584733724666060E+02,-0.608853907600478E+02,-0.232177894855671E+02,-0.350365473954756E+02,-0.136467076960499E+02,-0.181287804206987E+02,-0.263025154018055E+01,0.102227821032259E+02,-0.320252649813210E+02,0.303075392458789E+02,0.629980426796465E+02,-0.153832499667122E+02,-0.180107607542182E+02,0.126905628766932E+02,0.555758710161605E+02,0.478391688114764E+02,0.283080517205741E+01,0.891120904897718E+00,-0.289566618415017E+01,-0.477828385227451E+02,0.373065795755282E+02,-0.219995159450531E+02,0.150436830367212E+02,-0.185710202163048E+02,0.313761295226324E+02,0.158116333510487E+02,-0.771483691476864E+02,-0.302664858165084E+02,-0.770728257511108E+02,-0.268048085075741E+02,0.467864339602971E+01,-0.136068515028667E+02,0.289332737298702E+02,-0.314948243586034E+02,0.350740523760166E+01,0.128834432318222E+02,0.737912982650855E+02,0.407505198906386E+02,-0.234273122141279E+02,-0.223252165467130E+00,0.888474190975120E+01,0.388207054187563E+02,-0.438062253373687E+00,0.514571248743134E+02,0.230579373366839E+02,0.875412171471835E+02,0.297923397625539E+01,0.725043740183810E+02,-0.256994018569518E+02,-0.368366756102055E+02,0.888548371405932E+01,0.301342874533862E+01,0.300632457195696E+02,-0.394042944485807E+01,-0.152549505711111E+02,0.254319237574200E+02,-0.470995075811352E+02,-0.489044647596881E+02,0.745946996061354E+02,-0.854323448487492E+01,-0.453876079583349E+02,-0.192514207655188E+01,-0.139914999239406E+02,0.344205136015904E+02,0.302928771149510E+02,-0.219001090903048E+02,0.468658611076364E+00,-0.278645626565354E+02,-0.333397045973821E+02,-0.278468467768032E+02,-0.935838264157886E+02,-0.456955124393710E+01,-0.696848630665473E+02,-0.519553475506528E+02,-0.436021342114243E+02,0.132762310636757E+02,-0.373622685495538E+02,0.175121854672104E+02,-0.578086360843201E+02,0.173901400190255E+01,-0.385746682886740E+02,0.781536454967690E+01,0.978828159537352E+01,0.305614468735441E+02,-0.203453741701731E+02,-0.160655211868511E+02,0.268794511603663E+02,0.618414926967301E+02,0.312252417801701E+02,0.411298398284043E+01,-0.690259444875371E+02,-0.154659279102402E+02,-0.358121138174026E+02,-0.598731544953746E+02,0.440078894268350E+02,-0.368293027090767E+02,0.893419900986032E-01,-0.262296063229713E+02,-0.101196951998309E+03,0.489876481792767E+02,-0.174669284054238E+02,0.437548587283427E+02,-0.698954459388202E+02,0.679878180468249E+02,0.290412592841238E+01,-0.328737449271209E+02,0.465061325809700E+01,-0.244191290454191E+02,-0.741871075717085E+02,0.133143922996309E+02,0.280871073704574E+02,0.492515962267180E+01,-0.355281968060902E+02,-0.147102145907369E+02,0.145214311042996E+02,0.250498820903298E+02,0.644448605197894E+02,0.291394506466673E+02,-0.203002426723338E+02,0.839489570846627E+02,0.272937787294261E+02,0.363502013901194E+02,-0.188842509186131E+02,0.266186475210975E+02,0.139889263761734E+02,-0.654741120931400E+02,-0.190933757129700E+02,-0.398271729724499E+02,-0.302955105848121E+02,-0.101346344213630E+02,-0.196329956351796E+02,-0.353129742799617E+02,-0.114417882824635E+03,-0.298986522954769E+02,0.140447546588192E+02,0.698622216458705E+01,0.711407669095286E+01,0.502808509548137E+02,0.166591978043148E+02,0.327230103201936E+02,-0.394323573905352E+02,0.497913516107833E+02,-0.478251153402857E+02,-0.786174078928415E+02,0.165377094470583E+02,-0.392472855514985E+02,-0.399714316202547E+02,-0.158573264310103E+03,-0.146643907192209E+02,0.782287836949032E+02,0.498017955311089E+02,-0.142090857664767E+02,-0.114392033664399E+02,0.280871948905538E+02,0.676501088858671E+02,-0.461967627005420E+02,-0.619807429494494E+01,-0.306818221841122E+02,-0.385641044708086E+02,-0.321838182888391E+02,0.156514888322810E+02,0.752237337302910E+02,-0.664969414514386E+02,-0.544847399850617E+02,-0.120092050797666E+00,-0.607692407392204E+01,-0.127857661320019E+02,-0.924078493402051E+02,0.573564272676250E+02,0.305437950906386E+02,0.648455562823857E+01,0.463895207903632E+02,-0.314034794739823E+02,0.282051717323462E+02,0.267370253413953E+02,0.720820151401068E+01,-0.505171554077866E+01,0.131596305709960E+02,-0.137488185352211E+02,0.436353447920559E+02,-0.416198788984086E+02,0.375382181359136E+02,0.956586512557959E+01,0.112565328545970E+02,0.267927976327707E+02,-0.898468428111888E+02,0.722202864201438E+01,-0.678292735163715E+02,-0.502681392183354E+02,-0.504273226718823E+02,-0.443836660538142E+02,0.376019279425259E+01,0.135322494726216E+02,0.477751572009839E+02,0.108216328341534E+02,0.145853795575413E+02,-0.728540099476792E+02,-0.228541913472304E+02,0.364113452410264E+02,0.566037716711052E+01,0.390335968850968E+01,-0.739598722363417E+01,0.348746197436955E+02,-0.941677499337684E+02,0.789892592567293E+01,0.243350051790657E+02,0.454419410632118E+02,0.358672242576543E+02,-0.573985919588719E+02,0.771079022282015E+01,0.399319660046450E+01,0.368814201811767E+01,0.143839386016265E+01,-0.210720817776497E+02,-0.253199700581685E+02,0.175974726912217E+02,0.636964814264495E+02,-0.146996101883599E+02,0.764197737897240E+01,0.173857349110829E+02,-0.217193411111814E+02,-0.207256442071935E+02,-0.112805827392025E+03,-0.392398355175536E+02,-0.474933676170670E+02,-0.920339213783171E+01,-0.637814053782503E+02,0.772104587474120E+02,-0.293573149800036E+02,-0.539979213823423E+02,-0.158827769196708E+03,0.667264257872631E+02,0.120930277188835E+02,-0.462838473652295E+01,-0.651707923563871E+02,0.122779750813980E+02,-0.221714916233728E+02,-0.359998275157427E+02,0.102245499003131E+02,0.344126333130656E+02,0.971977825545613E+01,-0.165746983174624E+02,-0.515354698430133E+01,0.267181292603090E+01,0.233041644414369E+02,-0.620835664744999E+02,0.700799643970716E+02,-0.427662656102248E+02,-0.305715269117804E+02,-0.379427664919632E+02,-0.955887379601022E+02,0.101820741638950E+02,-0.455612366391472E+02,-0.248398415757682E+02,0.367829862854753E+02,-0.210040264144458E+02,0.601695585058644E+01,-0.951439901794822E+01,-0.272925703962208E+02,-0.637896331611273E+00,0.561364120269484E+02,-0.548576999022291E+02,0.887825602978110E+02,-0.187264565974044E+02,0.376557027366174E+02,-0.866803095469294E+00,0.115131752407305E+02,-0.106882197874625E+02,0.467250945623830E+02,0.610870640598959E+02,0.183878439515817E+02,0.533646389643917E+02,-0.422357827754441E+02,-0.353347511538553E+01,-0.227180115665211E+02,0.723802958052758E+02,0.597596193014009E+02,0.464570458349607E+02,-0.160052392451681E+02,-0.291540481560766E+02,0.247058849178129E+02,-0.272982659420079E+02,-0.128996796826734E+02,-0.725915096864443E+01,-0.234652016960477E+02,0.512389425447875E+02,-0.474099707014784E+01,0.372180989604434E+02,0.133197836950121E+02,0.204199923595106E+02,-0.322896048982540E+02,0.317943298636868E+02,-0.196605856967849E+02,-0.162090160802325E+02,-0.451756535690220E+01,-0.524585370668228E+02,0.777051891831557E+02,-0.260867931445526E+02,-0.518406619075256E+01,0.179830392007601E+02,0.205672156209029E+02,0.723640405936399E+02,-0.124340740477313E+02,0.766587038811833E+02,0.673322793545581E+02,-0.969907327151345E+02,0.601066821418260E+01,-0.203361731584231E+02,0.143509064368708E+02,0.104675055487977E+02,0.120236847859936E+02,0.597956051447395E+02,0.885866329504595E+02,-0.791489285445060E+02,0.780803574658416E+02,-0.912196812695553E+02,-0.739462363514844E+02,-0.106690578449394E+02,0.270646390780996E+00,0.653757106682877E+02,0.448629995854898E+02,-0.177012698120459E+02,-0.970605480315072E+02,0.717143083766848E+02,-0.473527732816019E+02,-0.787792999294993E+00,-0.774309884403364E+01,0.122759221318681E+03,-0.282069620459422E+02,-0.107653537059961E+03,0.292431990513576E+02,-0.156690286629153E+03,0.116811154143456E+02,-0.334169613090581E+02,-0.189532451043858E+02,-0.268875825973733E+02,-0.549852519771952E+02,0.401857125284534E+02,-0.358003001711427E+02,-0.583475787603209E+01,-0.810896448162531E+02,-0.447373192097695E+01,-0.474691690188940E+02,-0.747400576062379E+02,-0.128078478058490E+03,0.154235395827823E+02,-0.311750518515277E+02,-0.442435489334878E+01,-0.135733734159285E+02,-0.817888589951076E+02,-0.638875753729117E+02,-0.558616369292828E+02,-0.519660033679344E+02,0.558710317491529E+02,0.812487092492017E+01,-0.461628656614511E+02,-0.205760859189678E+02,-0.213755734271020E+02,0.370220291508002E+02,-0.296561045460869E+02,-0.147204603878273E+02,-0.234397431289686E+02,-0.333922938432291E+02,-0.365268585290156E+02,0.359579207311719E+02,-0.190968885285520E+02,-0.906066300155496E+02,0.781793550802078E+02,0.464350963248693E+02,0.629374993510658E+01,-0.750762088946568E+02,-0.741784186550260E+02,0.114970434071647E+02,0.433204359474433E+01,-0.298439065667933E+02,-0.477255227513438E+02,0.373272284862518E+02,-0.708010917404340E+01,0.253394811009534E+02,0.510735906812106E+02,0.320171048973451E+02,0.354490782809966E+02,0.263179538585786E+02,-0.197597721388473E+02,-0.118606072475479E+02,-0.220701369868133E+02,-0.332910431677947E+02,-0.423181432237935E+02,-0.670342017689861E+02,-0.390987055741744E+02,-0.687885251680970E+01,-0.856628501143095E+02,-0.373232114933148E+01,0.340977820167877E+02,-0.658742537582367E+02,0.232140991005909E+02,0.223066999597489E+02,-0.665207401721663E+02,-0.575710660590515E+02,-0.129628058846397E+02,0.229085846867711E+02,-0.388233185483194E+02,0.687537810492314E+02,0.593486382616608E+02,-0.779247760192408E+02,0.516614892277587E+02,0.347154351660989E+02,0.113029137690795E+02,0.250297016483560E+02,-0.427943588335187E+02,-0.108627241538840E+02,0.521866647818717E+01,0.174119289167706E+02,0.455715070266984E+02,-0.511015033739223E+02,-0.152273117975778E+01,0.182724040279586E+02,-0.421722417125432E+01,-0.238729277700326E+02,0.236602261081604E+02,-0.277091449753484E+02,-0.230446490335112E+02,0.579345041186713E+01,-0.604469241960148E+02,0.190382004937425E+01,-0.302081837233108E+02,-0.894465021596181E+01,-0.103411915418872E+01,-0.570217732963104E+02,0.562464208589633E+02,-0.298602965277277E+02,-0.125423429291432E+03,-0.851945441537079E+02,0.403031359063181E+02,-0.328544635100985E+02,-0.145172215956844E+02,-0.302296994377090E+02,-0.176108987338258E+02,-0.976399144126310E+02,-0.148344299271234E+02,-0.629822431335091E+02,-0.321826811149627E+02,0.245211166966322E+02,0.762365910511720E+02,0.844729812542681E+00,-0.407418778729453E+01,0.564862399804401E+02,-0.475145670384760E+02,0.393171214465596E+02,0.966680523216476E+01,-0.404172104356776E+02,-0.150401177770212E+02,0.245962645775443E+02,-0.157359867519580E+01,0.921580676198925E+01,0.895062475677116E+01,-0.219639391327372E+02,-0.293050108234113E+02,-0.513596498414057E+02,0.470697970989440E+02,-0.610303634578200E+02,-0.479248048285826E+02,0.121954323800282E+02,-0.894335659975394E+02,0.198525129663386E+02,0.618065411539129E+02,-0.196576124822590E+01,0.156173719505148E+01,-0.222935647430650E+02,-0.193691632371725E+02,0.672974357074065E+01,0.392400995978041E+02,-0.404063735742905E+02,0.326691064904673E+02,-0.932617092361113E+01,-0.973987482117087E+01,0.314797274197761E+02,0.229554764289304E+02,-0.876954552364519E+01,-0.254101950059703E+01,0.234840165986166E+02,0.303934358256529E+02,-0.727950098211834E+02,0.119631999447786E+02,0.506840930173426E+02,-0.987685256569869E+02,0.297325987579244E+02,-0.121404082716279E+03,-0.718080980429233E+01,-0.164978142195340E+02,-0.134852854352671E+02,-0.981344955073570E+01,-0.222749632750130E+02,-0.426305953671420E+01,0.123503171135313E+02,-0.263868588046394E+02,0.136299716335424E+02,0.853368391892666E+02,-0.649503230754146E+02,-0.273878679914344E+02,0.352934801638863E+02,0.270604662123240E+02,0.407862621974124E+02,0.158165239961062E+02,0.300802147466593E+02,-0.169626123571022E+02,-0.458981356140195E+02,-0.449342893915447E+02,-0.138910675814629E+02,-0.489118313356869E+00,-0.413556649987761E+02,-0.160800676358537E+02,0.840080505263126E+01,0.205117127395450E+02,-0.117692619899330E+02,0.580316355739823E+02,-0.464217649530761E+02,-0.969675810469516E+01,-0.109869236866064E+00,0.241775962548999E+02,-0.408069918420507E+02,-0.231800829533908E+02,0.274051249579792E+02,0.500836293653041E+02,0.696330421607563E+02,0.381499530783851E+02,0.381175096465757E+02,-0.299405046895694E+02,0.662726791671897E+02,0.655393884952597E+02,-0.731659660605487E+01,0.389912278995467E+02,0.374973222697745E+02,-0.220062850381046E+02,-0.318302230897814E+00,0.572687549681074E+02,-0.298422442766743E+02,-0.156068744244496E+02,-0.607242982919508E+02,0.267738552982731E+02,-0.905651886655781E+01,0.167221416422003E+02,0.106354379543185E+02,-0.402353728339242E+02,0.478017097250375E+02,0.402510254901554E+02,-0.218336884759865E+02,0.178071584310851E+02,-0.601464520258490E+02,-0.518671355982585E+02,0.222115168319253E+02,-0.662717157425825E+02,-0.251052642857977E+02,0.115894885102900E+02,0.807605820977861E+02,-0.233291985073162E+02,-0.141543886509657E+02,-0.115295729627603E+02,0.115463210318601E+03,0.124657423429642E+02,-0.406773973210544E+02,0.684733946872967E+02,0.634261272536755E+02,0.294961366603325E+02,0.711014496263643E+02,0.782380792207379E+02,-0.134585463811796E+02,-0.275367009333168E+02,-0.363585949185181E+02,0.266909281834388E+02,0.346824687578205E+02,-0.516926932200701E+01,-0.218046932072102E+02,-0.651186472972343E+02,-0.297761620186647E+02,-0.432580494495213E+02,0.250015116568504E+02,0.162987964879486E+02,0.623444521173149E+02,0.240905346867891E+01,-0.268688006565114E+02,-0.536577041194037E+01,0.401588316486477E+02,0.169163319429869E+02,0.476359666505485E+02,0.593324401380205E+02,-0.164112045063417E+02,-0.100406835619032E+02,-0.949735452212414E+02,0.518596827926899E+02,-0.783760019632371E+01,0.533803851313671E+02,-0.166908386499575E+02,-0.564092421751809E+02,0.205474141964693E+02,0.666194559699325E+02,-0.255615343869586E+02,0.666401360436101E+02,-0.732699484656229E+02,-0.200618094616372E+02,-0.763661865451143E+02,0.229761695309344E+02,0.153945479961693E+02,-0.211000774416999E+01,-0.602762563706011E+02,0.843742942111548E+02,0.521893132054138E+02,0.118680306296596E+02,-0.414389121869598E+02,0.257769821257856E+02,-0.307890981235958E+02,-0.828047370675176E+01,-0.169663131888776E+02,0.209142226809702E+02,-0.836875584552331E+01,-0.205641032280200E+02,0.181831983390859E+02,0.263013638093520E+02,-0.803258563250326E+02,0.210081347531360E+02,0.665176377684978E+02,0.394724825511438E+02,-0.111925602410151E+02,0.686522347993224E+01,-0.346683191385557E+02,0.582064380378445E+02,0.216277121620250E+02,-0.100778648562612E+02,-0.777051690226119E+01,0.102491015903092E+03,0.369389757386767E+01,0.297361097514831E+02,0.706724606826038E+02,0.972135727159350E+02,0.605422655873534E+02,0.453102834838173E+02,-0.621997331506870E+02,-0.430338509654311E+02,0.300021980986568E+02,0.202447582955875E+01,0.303873851770252E+02,0.212365883479127E+02,0.592811402000416E+02,-0.753063628391217E+02,-0.470445556490152E+02,-0.968969757053151E+01,-0.790065857740267E+02,0.151336200946974E+02,0.362133925655107E+02,0.197742233307880E+02,-0.245209264730262E+02,0.283654239773091E+02,0.141584776154521E+03,0.241843438557489E+02,0.122431970991327E+02,-0.463619586019657E+02,-0.636741616613748E+02,-0.188938508380216E+02,0.329435885642174E+02,-0.425226884749361E+01,0.189092657383797E+02,0.335235846637014E+02,-0.585794352471341E+02,0.221778996761005E+02,0.582246990184243E+02,0.552066436761774E+02,-0.416415328056399E+01,-0.138813262330837E+01,-0.994219931777292E+01,-0.481786222789967E+02,-0.673584888134915E+02,0.784133046700262E+02,-0.521035569252228E+01,-0.587136361493139E+02,0.165527682304855E+01,-0.204680930685149E+02,0.937506133034476E+02,-0.215811686193066E+02,-0.352916566272820E+02,0.334602928976203E+02,-0.145360260693624E+02,0.388732207411423E+02,-0.242905322295087E+01,0.100966414482098E+03,0.488578104329872E+02,-0.521782091029257E+01,-0.320910549507475E+02,0.231915515988269E+02,-0.527533259582965E+02,-0.127906369845901E+02,0.584591417173444E+02,-0.287199218918262E+02,-0.437504442157303E+02,-0.222597595770993E+02,0.518031391103351E+02,0.124730586269384E+02,-0.847983523521673E+02,0.303586507369633E+02,0.152083864340798E+02,0.573641886318092E+01,-0.512612243105489E+02,-0.378570611282453E+01,0.322361359759587E+02,0.512667427890686E+02,0.631099900787283E+02,0.228145842980690E+02,0.711415816342509E+00,-0.497009121685093E+02,-0.509519785414507E+02,-0.747415298651353E+02,-0.605060685120179E+01,0.308417429146186E+02,-0.386476246086247E+01,0.545929442143561E+02,-0.317340356208827E+02,0.165879206555079E+02,-0.102020496951663E+02,-0.289139607545561E+02,0.584795762714958E+02,0.791380857463542E+01,0.602893401431636E+02,0.511255964861493E+01,0.264818882350755E+02,-0.192674251294084E+02,0.585172170462882E+02,-0.111066169560216E+02,-0.131768490813373E+00,-0.788986771358744E+02,-0.128445246880304E+02,0.718281246110658E+02,0.672389588287263E+02,0.250956197481331E+02,-0.130082646448866E+02,0.339850554975663E+01,-0.172799521916881E+02,-0.197168832643615E+01,0.906059567909767E+02,0.121068022884504E+01,-0.189370242500433E+02,-0.110571070877419E+03,-0.552463187265023E+02,-0.374303157359265E+02,-0.657776066124808E+02,-0.554180897291966E+02,-0.681803574325571E+02,-0.446161191704166E+02,-0.410626194574988E+02,-0.450968329575961E+02,0.482888536029879E+02,-0.294293372273781E+02,-0.995147936815298E+02,0.418535611782972E+02,-0.258836086991613E+02,-0.789361458915283E+02,0.942551632805872E+02,-0.219234944758682E+02,0.228013414855707E+02,0.455235529787978E+02,-0.142934183788816E+01,0.253872624938903E+02,0.474208281300230E+01,0.424370584658099E+00,-0.150328650190043E+02,-0.714271737987165E+02,0.133665564228117E+02,-0.129222859528182E+03,0.622366831818589E+02,-0.439987563482475E+02,-0.162392692826184E+02,-0.157469907173152E+02,0.705938054425015E+01,-0.227597674565033E+02,0.296978872398254E+02,-0.519390670725300E+02,0.366892042254370E+02,0.369916406306148E+02,0.168500026176580E+02,0.100438506721003E+02,0.197315153037993E+02,0.619019040058555E+01,0.310037266606043E+02,-0.800878180760702E+01,-0.590474813384502E+02,0.756366788514953E+01,-0.151567889264652E+02,-0.192345936771204E+01,0.505035162253780E+02,-0.825707242778670E+02,-0.153725250029220E+01,0.540700563002815E+00,0.994749414383938E+01,0.317718241885318E+02,-0.123159668587575E+02,0.834128414185898E+02,0.487631287224595E+02,-0.183500756951850E+02,-0.958425375626399E+01,0.108463211527547E+01,0.768265511029902E+02,-0.585580599649147E+02,-0.105640012217657E+03,0.308967550083803E+02,-0.162939688742484E+02,-0.139306543605929E+02,0.129664669670301E+02,0.767300547502325E+02,0.463683070100148E+02,-0.152882301954793E+02,-0.501677336845988E+02,-0.545753607518202E+01,0.306026359559440E+02,-0.111330995949189E+02,-0.754470990225161E+02,-0.267165125478536E+01,-0.887670724606658E+02,-0.474594674514574E+02,0.766184132346201E+02,-0.482482105221801E+02,-0.635061322812834E+02,-0.513578364172001E+02,-0.348736921925313E+02,0.340584892319835E+02,0.820274159387594E+02,-0.353368678535952E+01,0.275881978801623E+02,-0.183417411597424E+02,-0.692412620483239E+02,0.464042858039410E+02,-0.443962802576992E+02,0.321892626915284E+02,0.376219603346929E+02,-0.653888930461756E+01,0.390119854235219E+02,0.438195799720296E+02,0.100365039156274E+03,-0.156138073475961E+02,-0.454266239330422E+02,-0.611200540059391E+02,-0.123286512154645E+02,-0.232001574792076E+02,0.102889744582851E+03,-0.448200862084625E+02,0.104982862904021E+02,0.973539492870833E+01,-0.264435948572294E+02,-0.796991322390281E+02,-0.699757200732756E+01,0.977924511429289E+02,0.933248186342269E+01,0.812207824403839E+01,-0.525499687142634E+02,-0.604043804642379E+02,-0.557093173944793E+01,0.499136521395615E+02,-0.221331492167366E+02,0.107813059476974E+03,-0.434713717755231E+02,0.145791087580561E+02,-0.224059667749591E+02,-0.717594691208506E+02,0.163987470133117E+01,-0.500584021223128E+02,-0.759238790742195E+02,0.610966200287402E+01,0.231083808514498E+01,0.513219219633980E+02,0.186518685677254E+02,-0.322811090204649E+02,0.229861000944637E+02,-0.808874608636545E+02,-0.521011073756036E+02,0.900121886409913E+02,0.142534568294887E+02,-0.188315456460612E+02,-0.352246948542494E+02,-0.267306361856220E+01,-0.582334046847393E+01,0.828289169457183E+02,0.417122603185971E+02,-0.166100840736294E+02,-0.122468941602284E+02,-0.427458228135299E+02,-0.200958370000644E+02,-0.668950530360568E+02,0.458577150845653E+02,0.543584132889538E+01,0.144661130290750E+02,0.155622700800216E+02,-0.491840883750715E+00,-0.167919985812471E+02,-0.315255194088548E+01,-0.100185254841593E+03,-0.229901781299606E+02,-0.759845371260201E+01,-0.948105152915531E+01,0.545608375338378E+02,0.622527428078331E+02,0.164449646841751E+02,-0.969124916128398E+02,0.646208754583588E+02,-0.214395608067953E+02,-0.376150458368563E+02,-0.862392438068090E+02,-0.386895268434208E+02,0.563013678757682E+02,0.243489088586451E+02,0.510269259330408E+01,0.291579655637842E+02,-0.563894550970133E+02,-0.421414463954954E+02,0.513648300678461E+02,0.386308586718099E+02,0.518059566886074E+02,-0.130387572634655E+01,0.679402698107958E+01,0.568607685093156E+02,0.961004596156299E+02,-0.300091615525549E+02,0.321770719748486E+02,-0.117302516905662E+02,-0.411505407322322E+02,-0.313433070309164E+02,-0.299193719411284E+02,-0.130973151128744E+02,-0.522636685888149E+02,-0.217002596545844E+02,-0.140933129594142E+03,0.368639936929873E+02,0.206249062988485E+02,-0.391677959099763E+01,-0.379018840839427E+02,-0.204057405424165E+02,-0.525324798107886E+02,0.151500628627106E+02,0.818494853760762E+02,-0.252061942259556E+02,-0.162365353504017E+02,0.237303652190520E+02,-0.488435805193732E+02,0.879298677069667E+02,0.154364708095419E+02,0.226926504748263E+02,0.488899140787553E+02,0.325151350238656E+01,0.540804485598052E+02,0.142149465510164E+02,-0.106808966381308E+02,0.725337134530892E+01,0.843472225739163E+00,0.726404941246867E+02,0.101313987340044E+02,0.119671772397676E+02,-0.129891887296563E+02,0.132329636039356E+02,-0.909817571236400E+02,-0.324966083626689E+02,-0.456074433221421E+02,0.484372211622882E+02,-0.290230860120789E+02,-0.658010606305091E+02,0.536975485659578E+02,-0.122233434144744E+02,0.439246820601758E+02,-0.897217252645963E+02,0.231806155571064E+02,0.858788733096802E+01,0.577290385387857E+01,-0.828850885624075E+01,-0.903378094458037E+01,0.478909931801721E+02,0.203176436501985E+01,-0.473560261318643E+02,-0.175711957855851E+02,0.276861166174270E+02,-0.117748664638918E+03,-0.928090443058817E+02,0.399102046459137E+01,0.117450474887824E+02,-0.411611908874775E+02,-0.392408579867509E+01,0.111960418462261E+03,0.306181460443266E+02,-0.570465463334345E+02,0.923324434565046E+01,-0.963567201801936E+01,0.105409467028425E+02,-0.336545061735652E+02,0.194794566778613E+02,0.283998716926500E+02,-0.291529782607523E+01,0.107927669840428E+03,-0.140572732257288E+02,-0.315643631708833E+02,0.142196009158486E+02,0.466429030707424E+02,-0.355474425605414E+02,-0.316751022539024E+01,0.962782902964344E+02,-0.470963095718366E+01,0.620673435523437E+02,0.135140363899005E+02,-0.901484285727736E+01,-0.304932968752713E+02,0.565681596880953E+02,-0.513189605872205E+02,-0.225094247929400E+01,-0.169821801818500E+02,-0.404577919503953E+02,0.184765363908581E+02,0.238196421381192E+02,0.116422080183764E+02,0.744217908628684E+00,-0.383109598736135E+02,0.215310402644270E+02,-0.675412114213896E+01,-0.246139901471364E+02,-0.210340644769758E+02,0.203457326954741E+02,-0.597604346026026E+01,-0.348152551297811E+02,-0.106423243917579E+03,0.102587363148594E+02,0.249120069822164E+02,-0.385805416155444E+02,-0.210165464239104E+02,0.805258267806621E+02,0.646929897141632E+01,0.309454305448861E+02,0.384533020474532E+01,0.320500371393771E+02,0.650087739174921E+01,-0.371932282209400E+02,-0.227442383690121E+01,0.875563335958566E+01,0.273241849455324E+02,0.780821450278019E+02,0.506784850461830E+02,0.183964660721585E+00,0.168688163689146E+02,0.611949109352544E+02,0.235062643101936E+02,-0.751756491531423E+02,-0.273520454144137E+02,0.151231723279436E+02,0.557120621675989E+01,0.254461419290182E+02,-0.547151233857491E+02,0.898037196239379E+01,0.384757588919428E+02,0.497485684989017E+02,-0.434020837966624E+02,-0.691814606990965E+01,-0.207617177601662E+01,-0.133424872576514E+02,-0.365368193012382E+02,-0.215307442185906E+02,-0.195531486190180E+01,0.791516448253037E+01,0.420673190122478E+02,-0.307430987311738E+02,0.824501839039825E+02,0.326723521860731E+02,0.218702745750549E+02,0.332087963024822E+02,0.323126509531345E+02,0.345326512343028E+02,0.536082529977938E+02,-0.432995831595215E+02,0.618335179580781E+02,-0.112042523501339E+03,0.306991943845685E+02,-0.106339965775370E+03,0.853203745291064E+02,0.688749037946743E+02,-0.109765119935097E+02,-0.492825344049257E+02,-0.428865907734422E+02,-0.623036013491416E+02,-0.627311896682056E+02,0.550536686698692E+02,0.404471829536054E+02,0.236215618585333E+02,0.373715807260332E+02,0.401932575702430E+02,-0.381388387924737E+02,-0.197668046503870E+02,0.585292191776470E+02,-0.115500467501370E+02,0.550664535796312E+02,0.697507298354700E+02,-0.550115774518402E+01,-0.704684441307581E+02,-0.959265744862478E+00,-0.248830571949793E+01,-0.880543505928551E+01,-0.178139715494092E+01,-0.651811054421140E+02,-0.210876583046878E+02,0.535158914248434E+01,0.893878448455777E+01,0.467701525093785E+02,-0.396729568202373E+02,0.657282395132402E+02,-0.424429486646199E+02,0.209628557233816E+02,0.349207491143802E+02]
