name = 'XNO-O-XCCH3'

composition = {'H':0, 'C':0, 'N':1, 'O':2, 'Pt':1}
IS_SPE =[-379163.0881, 'eV']
IS_ZPE =[0.288, 'eV']
IS_frequencies=[31.35,43.35,60.55,234.48,272.57,520.52,766.17,1249.65,1461.41, 'cm-1']

composition = {'H':3, 'C':2, 'N':0, 'O':0, 'Pt':1}
IS_SPE =[-378183.471539935, 'eV']
IS_ZPE =[1.114, 'eV']
IS_frequencies=[8.1, 130.4, 183.2, 375, 426.6, 463.9, 980, 981.6, 1060, 1367.1, 1432.8, 1433.6, 2975.1, 3045.3, 3046.8, 'cm-1']

composition = {'H':3, 'C':2, 'N':1, 'O':2, 'Pt':2}
TST_SPE=[-757345.4645, 'eV']
TST_ZPE=[1.398, 'eV']
TST_frequencies=[55.6, 121.5, 127.2, 152.6, 190.7, 240.7, 291.6, 356.0, 437.2, 451.5, 495.1, 779.8, 951.1, 992.9, 1056.4, 1127.8, 1361.9, 1410.7, 1427.0, 1452.9, 2971.6, 3040.0, 3063.0, 'cm-1']
no_reactants=2
bee_IS = [-121.28448857063421, -7.22483237083944, -31.688570504855598, 85.8895243215085, -44.2405780085157, -41.1067784570676, -70.4087324145074, -172.9383422004879, -93.11958912888599, -94.66208778526871, -73.8395503295977, 4.5086429895392, 8.098980442567491, 15.352164861648, 5.30818476003131, 94.9487202450272, -41.829901999652904, -46.171497529986794, 38.5142856232722, -224.765303311266, 107.262381560362, -57.9837263396828, -6.69444612614289, -22.851682732249103, -17.7550005377068, -9.30912878777966, 176.5615555502487, -37.2691935519931, -18.05683759101623, -103.6268906382002, 163.238475157885, -37.5772471840897, -74.9858066571719, 49.9253350332534, -5.6916470970916695, 32.7029758582168, -9.75890244566557, 21.7172559747628, 57.5226959989231, -206.621941574037, 111.6598222462084, 28.4522438464247, -3.323153814264, -72.35027174398431, 24.606413734146003, -29.3112128731733, 79.61973098110519, 72.9907042646829, -61.6960461241835, -54.9673999013811, -65.64263408390471, -70.3601819994023, 27.122378731922502, -98.2053786240516, 23.0899714568682, 124.59918265341, 126.9671153847004, 71.2135195159229, 30.8573020907778, 54.0166130023097, 178.2307514691088, 42.6290700956557, -109.7562451748754, -31.4728246739025, -47.1651246277424, 125.9813656675839, -154.79784308038012, -134.36552713224143, -51.79911441700639, -12.80886084394694, -94.2458621019612, 54.1189839508285, 16.00666914082546, 17.30857318084753, -79.4256513007107, -69.3582822441531, -108.30343696455219, 78.1495433321785, -59.1560438548982, 52.9674676784309, -14.249268393151809, -63.6556796333004, -115.3449109176882, -35.339148298529196, -18.088813688896842, -25.007126887576298, 82.44229751842559, 136.4482974720649, -77.05670627915279, -158.969849814574, -43.943618044664404, 223.08570187161502, -118.470324174132, 71.2406996077799, -19.111242398755962, -132.6932839714884, 50.881517522562, 79.6658394800736, -39.7476189998919, 80.08694326082659, -59.2523368240649, -95.5112203342191, 173.0229788369828, 90.7876856178024, 67.3942810318489, 29.2939909195146, 41.0387459988585, 171.2986981258524, -51.3278789367245, 15.7591707619033, -284.83325592133997, 36.278868713593, -143.2642896459082, 30.193614782173597, 40.8906634759373, -66.5443990709575, -111.4631655077635, 13.133702658678999, -60.806300244758205, 61.508874992372995, -105.9795875630706, 3.49969318294644, -71.36282848619001, -8.47924021295984, -2.16653747406861, 36.105330270432404, 2.84278244715835, -13.0528240282082, 117.9813065160165, 181.6284391018441, 96.78813150295849, 166.2027300931986, -23.0454451872032, 28.6591001980266, 108.2521059703499, -22.318112048279197, -147.1507709799281, -76.7462688609085, -104.31913310313291, -55.3595038088884, 65.41519500521949, -233.499752472799, -37.458337171743, 82.7538432508367, -77.2225889643732, -73.14046243252321, 108.6991841038531, 80.1136622062481, -70.7952945021117, 27.345904319263198, -54.6529566726027, 68.6391538438836, 8.92857263105049, 42.295271961410904, -176.9694107223657, -96.05703222795461, -19.93364071242159, 6.47123581382243, -73.3104978648663, 211.964274464184, -46.26621198372, -79.7868607517683, 77.8332719621178, -98.86741213887609, -72.5864880232059, 64.92311476326731, 24.8718805655404, 32.888729306662, 23.2302494973451, -26.5765756061812, 45.102975048018195, 118.0429129440191, -62.4168149796788, 32.4435314107408, 186.9022353830391, 68.1353515009288, -14.61173463290846, -37.674631926804494, 306.614224219601, -32.7205230587568, 72.5990450569704, 38.8109238900022, 72.43294753302641, 178.4182890873878, 108.6049803952497, -4.80453513752397, 45.5194012257421, 96.9390547993439, 72.7300862307084, -105.06928570701331, 187.1495136522266, -165.1212302171058, -39.7193618873858, 116.5949132459215, 13.380822390109099, 15.75891912635598, 68.2548919404627, 59.863007679490295, 70.7645330446652, -127.5172981110509, 5.75197494116844, -59.51584925797221, -17.47119097487746, -2.8686488682278597, -14.38986655284803, -8.286406739764459, 171.85598767031001, -20.2280786063567, -55.2996118887164, -9.95136415352239, 27.957208920881598, -112.7515082028017, -81.3028243267621, -76.404398321837, -126.02724899455879, -33.9259616511674, -89.48817053767189, 32.6738886467117, -4.83739657991077, -20.847099144565, -18.69429712352348, 16.169429114312948, -48.6599851803315, 137.83235932514572, -161.34172011052368, -28.2126679795878, -34.8504746605009, 36.409233926605, 42.7869286094911, -92.70953985760531, -40.4199518449622, 88.1730369235664, -55.2973616899493, 37.388168935302, 76.6204563875478, -6.43623921559322, 228.25922301544801, -46.114973338635096, -68.21072711873191, 11.6266358257194, -45.5964726275018, 105.4579393692319, -67.3320632764501, 21.228497029490498, 128.2144843914221, -25.2851692308409, 240.458062118414, 251.710905705252, -129.9246033082929, 118.083738877083, 33.2118281648209, -103.5053939445025, 43.275911734385204, 70.6545908772721, 72.44925775108979, 2.69834890645544, 31.8498471299704, 139.0801002784049, -49.3847081189418, 36.31149914092239, 147.8673016643258, -74.5188620036032, -25.842791046958098, 101.62720878880319, 59.457956990226506, 156.04631026635798, 44.4655973316749, 12.421476933354711, 56.0838076156156, 76.6364809621149, -94.238335257188, 6.56745218191646, 25.8167693801877, 22.7363366091602, 44.0621427198933, -114.9000969195082, 73.2440769898554, -88.7948437362956, -69.44889315584899, 35.53413249840921, -36.3560550168103, 110.9225323922647, -51.342020130889594, 53.3330204120316, 73.6289242108801, 165.85650864274652, 114.9604410284109, 92.3278262454877, -21.2493359792593, -7.7673924517884, -66.4186259369866, 150.0475343102878, 159.39768316752708, 72.3498666114277, -38.3338808727571, 102.34032164982489, -32.6530721759868, 43.0369346369365, 122.8073548176151, 4.29986574371398, -20.8920411122119, -56.6798281160269, -102.2127336810488, 189.0567186441707, 87.85244582219761, -111.7518273635713, -19.22601635335624, 50.0074552338653, -19.968170012917838, 118.39549636809349, 30.4272629731962, 159.8025958691534, 55.8106415949254, -52.8518217856357, 49.8660117559607, -10.006980589099161, -64.7840065274334, 26.6564678383666, 41.1920993126044, 186.486068611604, 159.4749472709185, 110.15803904386169, 146.1730914880612, 16.00730811196312, -54.7393201425027, 32.6337803407827, -73.6163499897241, -95.19507185596859, -112.7489431639107, -53.2343456607973, -219.379103073039, -58.2069518028557, -167.3991608362501, 41.9847606838806, -95.394869793774, 79.2590524969921, -188.18777118832259, -66.0559480415694, 109.82069478236721, 41.5305268133032, -166.05085611543808, 126.26011402727579, -51.3346983412491, 102.4437118719288, -48.5679775506758, -150.2552624054532, 22.3644041909615, -122.2246614928797, -33.7622067740571, -2.92415223561591, 83.6693469314659, 253.96743023048, -92.3789160337674, -72.5037962636159, -1.9215882681785388, -26.1216523470388, -164.48139893089188, -119.3793242263967, 103.46223787085779, -57.884940302260105, 33.7780570383108, -97.8583201787831, -26.3525004501717, -87.4351466818854, 113.1242545963321, 30.2969327813919, -46.315213526465996, -25.3062559525995, 13.29343245371887, -12.37257146411082, 88.3272766962522, -50.39369878526119, 5.462008397400391, 67.842594883468, 34.3191282078195, -31.901679913741802, 312.516162789233, 107.5060276909322, 2.29972467943846, 32.3306348541175, -122.9367159724551, 62.939611849581496, -144.299988247746, -50.3746590045271, -104.5190321564281, -43.9937976258717, 113.80227192263109, -107.37982639203071, 32.0655859727767, -8.15793974606425, 7.77034053871597, -86.8055743209394, -95.6718425660095, -7.9370922044812495, -85.10979548590831, -43.4796018446915, -87.669460997868, -23.8773885672841, -71.8133675327696, -103.31772899403799, 42.581208691892, -41.928179170168804, 37.4912292018266, 19.53948355916892, -147.5507150735315, -109.65577559102809, -79.52214788583089, 70.9211136651565, 5.46451825317561, -125.3686343403739, 117.09326351264201, -80.25077778806781, 108.8939806194068, -57.8932839960358, -89.19727297091211, 59.7488593201266, -131.51128525295712, -76.0513136766895, 134.58392357980512, 40.804988222194396, -71.94092798112621, 97.8676643543001, -34.783857885349505, -64.55317100563309, -60.3683910014682, -100.1116642074314, 49.7964684957096, -186.6002319986842, -168.1008880745773, -14.67369163926787, -61.3478847182983, -115.0635794176949, 144.3260012198508, 263.004929192734, -72.31054745622589, -5.07192922165399, -127.4638914398874, 130.0857304715569, 34.1195032585666, -36.2445933771059, -82.0344049900517, 29.755575389459104, -117.26227422718969, -39.5951462633995, -180.96699580339458, 67.37312442391061, 33.8494816527752, 3.71921148439617, -14.03957806670724, -65.840526194639, -15.13535939871111, 250.979215915275, -39.796994735028406, -87.442433192292, -136.7186221393522, 21.8321840139374, -68.38204298444779, 11.76047231954079, 52.274273459468205, 20.409291090728402, 55.536887878682606, 23.913353067551903, 125.9230001025052, 63.4389796219357, -65.2836884372665, 70.99059281583891, 75.9211434704402, 24.1574244003403, 97.46623192635491, -44.876254436552, 153.14019806693818, 34.3809190752452, -54.394698959879, -14.48995915084025, -37.3078748227704, 52.442834785425305, -46.9331023996572, -0.1580634231850695, -16.96953167065703, 161.9435035855421, 99.9752478058067, -137.48757472852247, -9.464819230958739, -111.1221643720104, -31.9411371541945, -53.659637770513996, 7.5012936054784, 1.16794733345155, -51.4842256050242, 16.18755205447937, -12.023483936847711, -25.7484107078856, 171.7755867273088, 36.436441342572095, -161.34152514089538, -91.7517224239711, 188.9219245322618, 55.5621917002463, -21.3407721344559, 209.112175519797, -39.0165347495034, -24.650911868745702, -10.74562952434292, 21.4641859316796, 54.4073431512626, 15.605572964575028, 61.0520091545076, -37.6400299471903, -60.6619440616235, -83.5704470562937, -95.3837667004165, 92.86793910566121, 25.3596286092076, 77.5197044845925, 26.703480869009603, 171.0811450231771, 31.2478562450096, -169.2120213855483, -66.9000211349499, 26.8266859716524, -60.5577139371208, 125.2832326218716, -17.70838859191122, 29.7464481892479, 99.4106867700457, -141.4287621656085, 299.450517194183, 41.7355843684104, 54.2629955788357, 69.5084772589035, 20.792576176386298, -3.13827221070102, 71.7046807452029, -71.4129964076958, 154.60624547936789, 136.9298046742846, -81.21719278549, 29.9110456123665, 134.01258390863092, -44.8175811906584, 30.8333257488771, 87.1214266154716, 84.4860074633025, -157.00607962290542, -30.609919516471898, -71.3293426420363, -2.9869333797069, -15.26562458272636, -10.96694512237446, -36.2206771938736, -58.723616950054506, 12.58414126378954, 22.4172928827936, 107.1384179419544, -78.0083873971021, 74.7907769012113, 87.6528286512344, -37.4224466102135, 174.5539134891387, -139.5658857343078, -206.383864054889, -13.12513244140264, -5.37720047166738, 7.747225116990871, 157.8718211226514, -21.4485322617077, 83.296472325141, 88.61987021962571, 77.0650130878407, -19.8621886605074, 125.5793473811618, -26.7121015533521, -61.4258518054982, -96.0145304390786, 11.669208949409171, 73.9874139484474, -12.108255775475559, 78.6625955765559, -3.53357983946907, 131.1074952403393, 37.5260872333848, 19.96743067911546, -24.4074993654521, 66.4575942785762, 72.5205951037258, 46.5865828269482, -1.008770219008313, -110.0821532647246, 52.1322942847862, 35.030856598478906, 80.5657858135543, 54.478940085280996, 74.4742354758892, -12.02055282503585, 50.1575341852611, -59.6913900689758, -3.9711060751372997, -113.87012507444649, -61.5997888792275, 75.7413982760858, -187.1421829292128, 58.9225434651793, 36.8306605960563, 168.02711617636407, -60.251899792612704, 65.8438430881349, -27.584586694423102, -92.8049840451214, -152.384703047693, -10.43634053086901, -171.9808112766923, 40.0210545863425, -49.530571579196604, 61.1480801076786, 47.3350825296218, -48.1809630613769, -53.0429457384415, 78.16106156355761, -117.6023982650891, -23.3403050576815, -39.2478297462591, 42.4814000472061, -17.93708043962755, 7.2750247187797505, -40.1833627300996, 111.7679469747327, -87.7649935666863, 15.836502509782811, 117.061583546137, -64.6271622104622, 7.19819485725031, -17.70000381614875, -133.9600601460636, -96.65353439996, -17.26769425747002, 48.1115111373566, 60.4302049767102, 17.190466429384003, -8.22770374091999, 30.4354624708903, -88.01368844978191, 6.69107409746647, -106.2190248846643, -64.9378016398021, 94.9365608295781, -59.0279634753868, 124.4344530240955, -42.8854877752121, 70.80242524402209, 48.3382918297727, -128.7963573529386, -56.1600800314258, 18.64564582062912, -74.2965376859105, -67.9073962989915, -165.9597983258771, -107.895445053258, -102.1174502003482, -83.07480571134991, -1.966471223119612, 19.82493202947179, 1.988394645964632, 30.549438785029402, -109.8814894731821, 28.3723528920152, 51.2558488228087, -133.3409470416079, -140.4632890694947, -86.2268409811072, -34.306210514872205, 35.766096674693, 9.1435778912961, -85.2375771951444, 73.3459115586521, -43.163358733896104, 103.502426517641, -177.4377459655948, 119.46521083430841, -4.14452116776515, -73.6749860370322, -43.2664311486159, 9.439937943906429, 74.8637437588872, -151.2818785896407, -24.1740063643884, -43.3359990966457, 102.29611904633211, 172.95618795269888, -193.0001783201914, 188.81791431010708, 93.5963642268942, -145.1025077136413, -73.385506456537, 150.34172251975428, 126.3999854316079, -36.2096343569084, -9.24865728910834, 14.59100882941304, 129.7366009987732, -101.6238278557604, 31.7446837786026, -9.40787895261505, 69.6089592295364, -149.4307001099994, -13.033888695023691, -70.29522022657761, 92.1234896791227, 93.7697284540744, -172.3538275294716, -97.43140414861139, -51.281807579045, -67.7898416686526, -21.9047860543228, -48.6144452161375, 85.4401772211423, 80.2176034784244, -11.38207906023246, -83.2176149349516, -170.061192513611, 88.5716481712704, -104.7039959699081, -62.5472046297531, 10.92719528739783, -64.4905044232968, -79.6120580328095, -48.00601817475, -77.0032201903469, -54.1890394260581, -96.50766510198301, 112.81158855288871, 127.7051681851413, -3.36532992598825, -52.2948337257741, -12.56677931239051, 88.2310210360177, -173.632352480453, -29.264376632432203, 104.7662501852723, 132.6812483040211, -48.956571669627195, 18.335568000717792, 104.7218603727233, 39.62290937188, -16.646240423919778, -90.63569665580391, 56.173813097303, -70.5502176148949, -33.049447447780096, -30.5591697875506, -40.0717114572107, 38.9181504538116, 160.0710539211357, 3.79310465533215, 10.693084747750309, -177.5128619348465, -35.1739760770745, -70.546915069245, 5.57303881586017, -81.8553539816557, 145.9798107549752, 156.94905012449942, 24.7904095275659, -28.2384463385688, 28.763601555854002, 52.167155278882, -96.394874845014, -17.45944444063809, 27.5620927119853, 32.9436085430946, 112.7363272250024, 84.4209091716058, -39.608185197659395, 66.25897050805719, -193.632214722719, -1.12484776515798, 169.4989145981476, 18.2542053619876, 2.82392724267027, 67.143620802439, -59.638390670780296, 191.8259016082645, -24.069075926677698, 174.0366412928961, 76.03042398728189, -78.53916465733221, 62.948309950017304, -66.7080025607168, -143.64610033793252, -13.077170117534141, -108.4911355079413, -109.64084014041049, -13.62986918228143, 59.018145404385805, -10.089392894049979, -71.9988539558328, 22.9192293590846, -147.6258384359999, -20.235630358155298, -165.8783258436623, 97.8239774629092, 4.1440338739708995, -96.91761924175759, -46.1665294054654, 42.4620717327604, -60.1886422442152, -91.1467988545494, 181.5816683117427, -39.7054146402898, -94.12916443937411, 49.945101758312205, -20.9981879613565, 97.2973855828096, -6.40766351457671, 24.7084016933042, 203.284207818661, -40.141837581001894, -67.7788785322987, -62.0668866484289, -106.880721789586, -65.0251881883501, 46.123797890650295, 41.2307602320706, 37.4149490540888, 148.40605911719967, 0.39842412771645197, 36.1134076505335, -138.3248117620633, 4.03684488638379, -51.8264381385109, -62.4317347223461, 12.21448330339194, 65.9054684895327, 76.8219201846086, 4.084643735032071, 17.29990639954735, 62.708004560031895, 80.8892062119765, -47.4327920565635, -30.208440271709797, 2.69093379734074, -43.971341019434306, -20.5184662037001, -46.3284155835356, 152.28507328243842, 132.9348270704969, -33.4531970049456, 28.0302695051577, -5.7447900117024595, -42.2034785431344, 60.639108957269, -20.3471252150043, 75.8046452895626, -114.9218311924349, 41.4558364461884, -28.7514187643881, -112.6169635594009, -58.9215150758291, 61.949226651103004, -171.0410828618563, 85.39097580165131, 95.8914185339116, -15.269941318523479, -10.29183377129843, -8.12437480571458, 40.754812744679896, -65.5958803497452, 83.5812155876921, 52.8503612324422, -223.24597484836198, -63.4737122034756, 49.766629359586, -9.30204162423024, 70.46788314110759, -123.38297550115121, -2.91128624841144, -86.1013538422518, -247.480608314823, 153.0558785398523, -115.77155750541209, -111.5911266315061, 25.2356284696594, 255.98620573944402, -4.88754263773947, -42.604973980698304, -5.03206770264751, -9.918326181673251, -173.2040575002793, -131.27742573146548, 160.10992154831428, -13.97310803423403, -82.926198527658, 110.37129258721899, -71.36006116227901, 78.3824059550109, 117.0858322938878, -121.9437359634002, -46.4844591975787, -70.14475064312771, -27.3090684229093, -36.339815398604, -5.331263676537899, 20.573725767563502, -64.2034852832863, 60.788855672949396, 126.18229386706051, -30.8557923550662, -36.0562507111416, 25.4261433985593, 111.4198091601145, 95.8173755720522, 5.67355881165389, 1.7950616580471879, -5.85040725630108, -95.74683628902031, 74.784457011884, -44.1097385201171, 30.274669562327603, -37.206153583840106, 62.784218190075904, 31.6980597429024, -154.5065364341566, -60.605290745051505, -154.4339873577895, -53.7437944662088, 9.389736677673781, -27.345786008175402, 57.9955058239082, -63.079205440600006, 7.03084812089244, 25.7689428675019, 147.84422283471042, 81.5889802033998, -46.9490996877175, -0.40406032768490296, 17.846342522594853, 77.8025824251806, -0.895258041007537, 103.0662535504123, 46.2074017952815, 175.3079787294759, 5.951154060871319, 145.18493293515962, -51.493815076162804, -73.84961842454061, 17.78685221342971, 6.06614471339844, 60.196358959615196, -7.97068335440906, -30.6064428776179, 50.9940755258729, -94.3369273738294, -98.0445984448821, 149.393112557357, -17.11526830902654, -90.882388638594, -3.7821974318614604, -27.9618252268879, 68.8968537843121, 60.767184957313006, -43.893974245338896, 1.027535705974316, -55.7574634187616, -66.787309776919, -55.7626303182072, -187.4295790939206, -9.08896917934222, -139.47339134332, -104.1152744073865, -87.2694857922919, 26.6627948154611, -74.8772759790847, 35.1330986133224, -115.7406926142922, 3.40568287639939, -77.265804176541, 15.72209940306928, 19.69921565749443, 61.2237313921988, -40.7908392190378, -32.1333922551496, 53.8022110078369, 123.8517476151201, 62.5902888450148, 8.27071155217527, -138.26607414715642, -30.921804690982, -71.6558668322338, -119.9524089291673, 88.1291385593012, -73.673719330621, 0.0795811722532562, -52.4870615724337, -202.744116300708, 98.07722237442539, -34.983362779894605, 87.58795143099701, -139.9655232348363, 136.1333061834912, 5.86609438783165, -65.81382581162251, 9.24335333936705, -48.874785133734, -148.5424609510294, 26.6860996027718, 56.2278176024287, 9.84038846111434, -71.181364833701, -29.4722224438883, 29.1089620683217, 50.2593746587635, 129.07294746051662, 58.3273191194415, -40.6797193557031, 168.1945494928043, 54.7152034947302, 72.9046355348409, -37.842484189786305, 53.3003777632245, 28.081402086904703, -131.1278059791091, -38.1886092628393, -79.8145867566328, -60.6675271056477, -20.3365895477343, -39.256266808276095, -70.7671885706599, -229.198574556886, -59.903239072274, 28.1660179816752, 14.051947312597349, 14.30783384690187, 100.7076576568103, 33.3739753103961, 65.5496738574805, -79.0208028068098, 99.6501019687862, -95.8127694824135, -157.4741141943349, 33.067620793946006, -78.6285054527767, -80.11728133522311, -317.662077534873, -29.351258543941398, 156.77247623029172, 99.76185250085669, -28.4317512822609, -22.8271802539752, 56.328848371122504, 135.48974113372037, -92.5013617692997, -12.4307891374533, -61.4474393564096, -77.18722752121681, -64.5434648661536, 31.3319478252218, 150.54789157176378, -133.1511139264419, -109.08808667814921, -0.21164952464460002, -12.11938359989319, -25.6556632896233, -185.10860883516398, 114.8153648997495, 61.1403889256252, 13.01892347224225, 92.9293690564333, -62.8968672189569, 56.489510235775796, 53.5897423706957, 14.36566657758021, -10.063471138907019, 26.371097443601997, -27.5717726019882, 87.3934865747452, -83.3975145564923, 75.30670908059739, 19.108595686975377, 22.488954921887597, 53.6395211218098, -179.8822439759346, 14.44963113092496, -135.8051898757652, -100.6799384929356, -100.9312312659026, -88.8376969264443, 7.51194819637385, 27.0675769686742, 95.6748345872571, 21.6728709763645, 29.2361128233128, -145.8629395319286, -45.779783807122996, 72.9180491530168, 11.30762480407931, 7.7845257928447005, -14.85046612452811, 69.8582004745374, -188.6000140486324, 15.833931099007259, 48.696272702836595, 91.0124009108984, 71.8646384980899, -114.950767635611, 15.44955451886256, 7.99045881657628, 7.35986780611666, 2.8352728716965903, -42.2020556959936, -50.7867229133143, 35.176277587004705, 127.63212256500879, -29.433658985728, 15.36971454201193, 34.8658024478845, -43.583182262431706, -41.593309761337295, -225.97992771882798, -78.6310093073064, -95.2013854522677, -18.41458236118035, -127.7411945201276, 154.63237011130832, -58.806034823965504, -108.1631759596711, -318.17984920591596, 133.6468575805079, 24.288277729927202, -9.21044333167847, -130.5315227045142, 24.5985161339132, -44.3240129226287, -72.0252552911353, 20.460324173751403, 68.9248755261091, 19.4273877704535, -33.192152996077, -10.30665396230097, 5.38242650093014, 46.6211722057423, -124.3557480401557, 140.33165828686612, -85.6340209574562, -61.1589443662412, -75.98710107248249, -191.4849876449618, 20.3553696075587, -91.3136309566487, -49.743838074197896, 73.6610753063063, -42.115762704888596, 11.93585036718923, -19.05731643299342, -54.641445234424, -1.263213359330557, 112.3743577159212, -109.8506231398809, 177.8365393485087, -37.5698437215959, 75.3943358364297, -1.772155453748156, 23.1036008938623, -21.3852583630094, 93.6392079903519, 122.3276679969088, 36.897120240746105, 106.9237406078897, -84.5476265324175, -7.00485517524171, -45.467404378324204, 144.9324344408823, 119.7009755295891, 93.0053475530658, -32.0191846974531, -58.4690874911054, 49.542873075669, -54.688862757687204, -25.928208929146102, -14.541781219274089, -47.012243115184305, 102.66035860769941, -9.51312460004776, 74.61562127175179, 26.5905279497936, 40.794666198844496, -64.6701998004108, 63.7000674890657, -39.330435793398294, -32.4030245217576, -9.04718856446641, -105.0832517746336, 155.6521452552097, -52.2521647214068, -10.38249982133636, 35.986161135113406, 41.148236717748205, 144.9091896261934, -24.9602872595088, 153.5194821642657, 134.93156719346268, -194.3335608914314, 12.078068116644069, -40.7754876449153, 28.7846418631313, 21.015617225045602, 24.1660449108547, 119.7423837061413, 177.47033322639862, -158.5578675144519, 156.4251479928341, -182.6617659220087, -148.2029969127925, -21.3879559601658, 0.505533110268687, 131.0297814668902, 89.81540599162099, -35.5008201778344, -194.3006565829685, 143.6229818229338, -94.8326086498574, -1.636159571771259, -15.46129723527477, 245.89191878768702, -56.5218395677106, -215.592417659223, 58.5730502887097, -313.906991156612, 23.4193773403043, -66.96510533588, -38.0179993453947, -53.860885268849, -110.19092561768869, 80.4885978967418, -71.71942101881709, -11.65378483511142, -162.386581896053, -8.98451425680458, -94.9749428658424, -149.7811933093966, -256.54042778913697, 30.8670390301762, -62.449981518443096, -8.86156483176774, -27.2657321056676, -163.84043269483908, -127.9258660674968, -111.8898418482858, -104.1256911637235, 111.9510596682972, 16.295245439435092, -92.4711421449674, -41.127763157836895, -42.8532555271485, 74.1687255193667, -59.4235623282544, -29.4868332779065, -46.962423132705794, -66.92744947493449, -73.1736443766264, 72.08445752384381, -38.226033675326, -181.517460206442, 156.5126471487782, 93.0452815777605, 12.59187315713768, -150.2773802395887, -148.5556318942661, 23.044812941767702, 8.694757152934361, -59.7774000078377, -95.5476502190816, 74.79095971356631, -14.21525258524673, 50.8685264013326, 102.31547386762381, 64.13947209095349, 71.04898115472929, 52.7073399045681, -39.6666114759419, -23.7677555430382, -44.1812311807257, -66.6857915101578, -84.82278741062811, -134.1931064932811, -78.3436338931393, -13.78793004755582, -171.5480945927361, -7.4470228873322, 68.2961946391253, -131.9776685635914, 46.5392999998297, 44.6785372617845, -133.25645065688752, -115.2766228087911, -25.998171482314, 45.828625913345306, -77.8192996072581, 137.74116697308858, 118.9580471250798, -155.9757406873334, 103.4417672143785, 69.5075971326669, 22.6562655060775, 50.152643611353, -85.7307977989005, -21.8206666083898, 10.44266199930655, 34.8700961356108, 91.2623910745153, -102.3365855677446, -3.14808405301835, 36.6075185895045, -8.360727376813681, -47.8230603321203, 47.3225802171563, -55.475564141617795, -46.1115269655934, 11.55880619061355, -121.04891658103159, 3.80106578922832, -60.436175560160706, -17.93661652083426, -2.09490785883338, -114.2043147863762, 112.6685831963609, -59.792619848684296, -251.233637759311, -170.634270835235, 80.7502129941901, -65.772267233604, -29.069907296401, -60.5467050826676, -35.2574033028239, -195.6020565052546, -29.660100110214, -126.15252142006909, -64.5451301821841, 49.0699910380404, 152.6018195295151, 1.668719760203444, -8.16881531059923, 113.115879289035, -95.2508180458517, 78.7175232395967, 19.3285788554953, -80.9399122525131, -30.163912240907003, 49.2979699790414, -3.1143129561293597, 18.479264649156953, 17.89520177173486, -43.9493024118983, -58.6250706397131, -102.9341182147698, 94.3715616335667, -122.227206023618, -96.00844863106269, 24.2931084297096, -179.1132563739001, 39.7700106292151, 123.76780164186769, -4.00533675475085, 3.21211576549669, -44.6432886684475, -38.7629223463768, 13.53165044861407, 78.5799725228585, -80.92136858769129, 65.4422066661631, -18.74706358234272, -19.44611862341202, 63.044344304490906, 45.916688010643995, -17.60006687054313, -5.04342875042948, 47.0050098544899, 60.870071122879395, -145.7641680183587, 23.905169393814802, 101.5633281279721, -197.80899101725862, 59.611092119834495, -243.120432641174, -14.44356114809241, -33.000821798831495, -27.0071069646285, -19.672221131446072, -44.6723370810401, -8.45538367955942, 24.7697443621241, -52.8410806084559, 27.3659677593407, 170.9447171158153, -130.1068617845529, -54.8083207596911, 70.6715191736265, 54.1348798888788, 81.712845497897, 31.6681725311173, 60.2395143548299, -34.0434324174366, -91.9673054422795, -89.94211931900409, -27.867072353970798, -1.056073359927495, -82.80282664015911, -32.23952235930069, 16.79334395014226, 41.106044374118596, -23.5285929607496, 116.2014046447848, -92.95802614491271, -19.350400744465, -0.2612697488534545, 48.4731948941119, -81.7554939192841, -46.4751451214547, 54.885270398055695, 100.3209905792362, 139.4289370122851, 76.3568146144923, 76.4055931977183, -59.994186983355505, 132.69344850674003, 131.2941026322602, -14.59840699958784, 78.12156375635391, 75.0998793248246, -44.116288541977795, -0.6528386560730159, 114.8111249263725, -59.821809884565596, -31.157543924832403, -121.5908782668019, 53.588390590039, -18.10712014888691, 33.4758662508006, 21.304269663359, -80.64643412825541, 95.6975712310839, 80.59215145571031, -43.7537774140307, 35.6328088542354, -120.4257471639213, -103.86198538397, 44.50501627186409, -132.7721563362001, -50.2255501343682, 23.1791597226284, 161.7449772146816, -46.709842755692605, -28.3438323434876, -23.1168814004836, 231.288211105445, 24.9678556800075, -81.5373734679294, 137.150650576638, 127.0021867888921, 59.0250597360481, 142.4062950355096, 156.71561778284848, -26.905167115099, -55.212938680346895, -72.754526331493, 53.428198521578, 69.5256210012934, -10.36865208153068, -43.6222562644696, -130.4061049140086, -59.6433779299389, -86.6619669915088, 50.1522286692617, 32.6382041880995, 124.796881276075, 4.94453996748741, -53.796798218473, -10.7783164025787, 80.4338109969625, 33.852510199496805, 95.4866224431526, 118.82135716670581, -32.7661998435309, -20.077582555558898, -190.2502301650525, 103.9181073037246, -15.72355576694929, 106.962846407939, -33.4732991962536, -112.964957645923, 41.0661301465214, 133.413667282498, -51.1405997772226, 133.4781352831286, -146.68915570729462, -40.257957913432804, -153.017290150499, 45.9889980287497, 30.8597002286891, -4.21193968715607, -120.6558475513732, 168.9938742624993, 104.51885914840841, 23.6878906293735, -83.0489456927403, 51.5754186020274, -61.6439099089543, -16.55054248808665, -34.0479955241659, 41.8820191685664, -16.7613890155045, -41.0949907134929, 36.4077309877768, 52.673249191163805, -160.9828270846188, 42.070940398103204, 133.21457929382422, 79.11610173491141, -22.5120585560169, 13.66985102185889, -69.474338094103, 116.543865979873, 43.208505044795, -20.1345626031912, -15.54906835216366, 205.335160416726, 7.37753437477994, 59.5684629575112, 141.5771805487659, 194.7026636436189, 121.2551577343942, 90.64902276436291, -124.5888067645219, -86.1476551184087, 60.193222514035995, 4.0831212269809996, 60.8985618678779, 42.475620916313304, 118.7565800793472, -150.85715154157612, -94.25983465250539, -19.24863940757814, -158.3526518397961, 30.371215847688802, 72.5500572664721, 39.5699102616467, -49.0679410941608, 56.7088194047499, 283.624331855663, 48.3975548958066, 24.5194632848373, -92.8881992821131, -127.6285284528243, -37.8265878519071, 65.9028679604458, -8.535873368542749, 37.9430587629582, 67.21390643451821, -117.3531352691677, 44.4546831418681, 116.5398219814128, 110.5998845304567, -8.368626502252251, -2.81340363638083, -19.85868899942619, -96.4974117151868, -134.9113654393704, 157.1246106004233, -10.44852666368402, -117.6332114379483, 3.34613837845575, -40.997068044368, 187.7039410012703, -43.276642814431, -70.68039977161101, 66.9841780159509, -29.124589906675702, 77.8881160789494, -4.8454934653082695, 202.203215981424, 97.8517878574894, -10.339003179012721, -64.3483686712242, 46.4209305182354, -105.71239588173191, -25.6310538184974, 117.12100307544529, -57.5478778563602, -87.6731738929703, -44.584944124484295, 103.75202918976109, 24.9744345158537, -169.7506812381511, 60.756567809177696, 30.5080060270597, 11.49831343811522, -102.6722101374757, -7.56884169953031, 64.6198205974935, 102.61461843412181, 126.4394435375381, 45.749726292195405, 1.509222784495733, -99.51802748518381, -101.9908447085403, -149.6496278468589, -12.22902806743673, 61.7815808441768, -7.6144819056870805, 109.37962533210779, -63.5693275299593, 33.2960483774851, -20.434187114725297, -57.8956660567339, 117.0746852258017, 15.83440407104268, 120.7849801396199, 10.16096460662914, 53.0624182503117, -38.5529680698505, 117.2175472404101, -22.207945969710103, -0.270460624062647, -158.0029932700457, -25.698204265821502, 143.80637053984748, 134.659323097253, 50.3219313937416, -26.024239171242797, 6.82176610155034, -34.6232617642503, -3.9482147049678202, 181.45039017895232, 2.42074155996625, -38.0123239686206, -221.4900339414, -110.62699487942609, -74.9602355045912, -131.74363844043512, -111.05038505277301, -136.534191840706, -89.4131253381327, -82.2491072059598, -90.3059861273143, 96.68414216391969, -58.9202580950529, -199.2256334696122, 83.778991787537, -51.945434030634004, -158.14067437849388, 188.7457122060679, -43.9170874525818, 45.6426323698767, 91.05963188853511, -2.83872313173686, 50.8397730393589, 9.35753631641794, 0.8168629852824469, -30.0953679967039, -143.0746990349298, 26.6442809353681, -258.80313584139503, 124.67022654702669, -88.12641350591349, -32.504846208585, -31.574014540077002, 14.20982092250778, -45.571011914589, 59.444407389984804, -104.0500798767255, 73.4860287681204, 74.08661884239879, 33.7749899544756, 20.0869725498914, 39.5243438490597, 12.41272091696152, 62.108810299301496, -16.02059404313183, -118.2733161021851, 15.153470450601901, -30.4673938844677, -3.84422089219703, 101.1261917585648, -165.3615637004935, -3.0027871118626903, 1.10899247267065, 19.88992450666881, 63.6973617162622, -24.7331367015991, 167.0823761649117, 97.5917669083983, -36.6784721859341, -19.18446462345849, 2.1046324236095497, 153.86697345344749, -117.24941859157849, -211.505976259356, 61.8115363156716, -32.622453503409105, -27.8439584817341, 26.0682463668477, 153.68188544325852, 92.863762260611, -30.690408316535, -100.521423455248, -10.938097435965869, 61.2908423270606, -22.2816319020452, -151.0939674538927, -5.37630155392256, -177.8537718700506, -95.0328728592052, 153.58449455506133, -96.6500234743592, -127.2354350844398, -102.8645178921652, -69.8951242198639, 68.1237215232673, 164.2251862604086, -7.105285288805311, 55.307318096612605, -36.6861347688848, -138.7230019476122, 92.9910937830843, -88.94298951683541, 64.4071048791279, 75.30676397521421, -13.060476383934429, 78.1431875934627, 87.7055342528453, 201.102518947377, -31.2617567201141, -91.058633729932, -122.5002664858185, -24.72443501838, -46.4581626413686, 206.101141970566, -89.7918225860377, 20.9898730655581, 19.47768494852681, -52.9882755433906, -159.6402605490401, -13.98835198627541, 195.87114006162358, 18.64277956374964, 16.18353944994112, -105.26060774594, -121.0381304930713, -11.16221954037297, 100.07074285612049, -44.3218682094787, 215.925425675189, -87.0072253507811, 29.1986417578347, -44.926046457164205, -143.69478354329772, 3.32772783377629, -100.2818752870067, -152.0542575132825, 12.24519705869307, 4.70765582253258, 102.7696117964178, 37.381807448204995, -64.69936158740319, 46.0160484648568, -162.0152641835055, -104.37737831729811, 180.2969662803905, 28.5339079704382, -37.663446346601006, -70.5001623789732, -5.379270318428899, -11.67049403031535, 165.8878231362924, 83.5173064158532, -33.253301990078, -24.4531980691034, -85.5224329812411, -40.201408815882104, -134.0035780772183, 91.8981201818857, 10.91374035289388, 29.0086372336661, 31.151506108011702, -1.0603429321021598, -33.6279364319369, -6.289256199249349, -200.7062771594434, -46.056501423748, -15.2419448231276, -18.99484064503767, 109.3498787813613, 124.6894550359747, 32.916400734430795, -194.05669048181, 129.47357347953732, -42.9613125361628, -75.38198570457439, -172.7649831275785, -77.43211295421551, 112.7742386604763, 48.7811982668438, 10.24305084344343, 58.386722472732, -112.916025211927, -84.37750805353039, 102.9807708355248, 77.3863052609655, 103.7921042292711, -2.54406781422057, 13.68081624468733, 113.84538657870101, 192.5045429010063, -60.099671313468704, 64.52002021234759, -23.5030392800985, -82.3798232066438, -62.8268475809936, -59.92442608796139, -26.265417009929898, -104.6870469287804, -43.4870831201485, -282.27292050695405, 73.7789977394623, 41.3021276957301, -7.83919003190168, -76.00107203293649, -40.8907840767242, -105.2838139571331, 30.296074872786498, 163.95900839231888, -50.3782556852435, -32.579718856575, 47.601656685962396, -97.7992700472176, 176.0796690321456, 30.9253373181681, 45.336029073274304, 98.02526828884561, 6.47601403999187, 108.3596212679363, 28.531595970202, -21.4041324319287, 14.62790211733906, 1.634565506191961, 145.4590112203726, 20.246746885234103, 24.017023346690998, -25.9716816162402, 26.434039109420098, -182.17874975595748, -65.1655657557256, -91.35165836931981, 97.0684330854162, -58.140534324902205, -131.7268112482834, 107.64296960428041, -24.4154677142621, 88.0378772179134, -179.6884549351149, 46.511392349495, 17.183038012418002, 11.631021114151281, -16.58632617682179, -18.079935796974148, 95.822314982687, 3.9818498657808696, -94.9208605609825, -35.1771170269608, 55.3864029081874, -235.823975461013, -185.9593066269564, 7.94328110678328, 23.4853950707441, -82.5226471683253, -7.83837190405262, 224.200516841314, 61.3743090180604, -114.28979770898539, 18.48775158701676, -19.26075421257087, 21.0985658895099, -67.4675246892061, 38.9944218509072, 56.9217484844407, -5.9434531874555905, 216.238444291781, -28.101871256545, -63.1682004191168, 28.489858752534403, 93.28287948481929, -71.1853756321173, -6.37126730721852, 192.84314768069498, -9.301086920442799, 124.27577512869709, 27.0841789527671, -18.08568631837249, -61.090018476693004, 113.33953879546681, -102.77182817315219, -4.45497523503076, -33.950640487557806, -81.0563772997625, 37.0016554765075, 47.7601233267018, 23.3013256946791, 1.4160335982646761, -76.8226622234192, 43.107534125931394, -13.4694279038209, -49.3026854352083, -42.140806884383, 40.7122563121702, -11.998558117686, -69.772096300492, -213.142163549418, 20.5503711417322, 49.8488892841214, -77.34184781401319, -42.134183925215396, 161.33753222852317, 12.946869286077629, 62.0638685744946, 7.77191600545103, 64.2586519613669, 12.94220272981454, -74.5604065587945, -4.52474602707724, 17.574031987192598, 54.6790460921329, 156.4077163635709, 101.4428742356191, 0.3438188734346, 33.806827704831704, 122.58236735663391, 47.1334634089582, -150.569646987932, -54.705289767261704, 30.2703881992056, 11.209680345391341, 51.0267490128417, -109.5390863618847, 18.036857730751322, 77.0999158485228, 99.59975917159599, -86.9664423319831, -13.90235406150697, -4.1717010681624, -26.6910154088165, -73.1721333500127, -43.134106328126, -3.92631279792457, 15.81968507479178, 84.23299636188631, -61.6170033253567, 165.1556965399423, 65.5151851604432, 43.8903361832849, 66.5365243240374, 64.6907027661108, 69.14321387488741, 107.3817911792374, -86.7227357414188, 123.8808795360772, -224.395333883229, 61.4487522715491, -212.99212696869301, 170.8673579654812, 138.0225564533829, -21.998192923502998, -98.6409054430263, -85.8654848356648, -124.7338500627254, -125.66756192188109, 110.3102386140508, 81.0820036112375, 47.3383066615107, 74.8124988847041, 80.5180254601182, -76.369482781528, -39.5749785906431, 117.3018913721583, -23.1945876161933, 110.30050449313629, 139.78912794885662, -11.04702944683312, -141.1761298947839, -1.855860223934883, -4.9091096273557095, -17.642744149725218, -3.59681129611585, -130.564996439803, -42.235648637493895, 10.73296773054167, 17.89709521587124, 93.7251811025092, -79.4745297339835, 131.5733343779703, -85.0407286689277, 42.0026309576042, 69.9944135444088]
bee_TS = [-121.2943097181637, -7.22388223030946, -31.684734963834, 85.8685149651026, -44.2295257851682, -41.1033674094625, -70.41674229080019, -172.93054475205548, -93.1139311439459, -94.6318768147197, -73.83829222856511, 4.52463248179587, 8.11508917338149, 15.32720665231643, 5.30607432601713, 94.9495197938875, -41.8165654058476, -46.1613175332911, 38.5210193119455, -224.762537416204, 107.2622671942396, -57.967963540177195, -6.6794426831672595, -22.838256490836102, -17.750789651634193, -9.31294339468307, 176.5525679223071, -37.280031742591106, -18.0590468199095, -103.6435170859782, 163.2160016875702, -37.5624855795131, -74.97902214238229, 49.9203614561204, -5.680186556426481, 32.7126927678865, -9.75204617405791, 21.7033894706924, 57.5359971911766, -206.60735987110002, 111.6473272471226, 28.463584807114103, -3.3319161973313998, -72.3504377993653, 24.6047359451745, -29.2995207511033, 79.6164372150455, 72.9872433670569, -61.679901974776, -54.9703656906527, -65.6372993801964, -70.3663211816685, 27.137210860759502, -98.201974634093, 23.089208429332402, 124.61280831309921, 126.9760607450097, 71.1973019253009, 30.857599706599302, 54.0265462129485, 178.2241073289538, 42.615170648807805, -109.7418035997743, -31.4708665216241, -47.1602581326751, 125.9784671568998, -154.7801986527144, -134.35106838926282, -51.7981693840666, -12.83170430420059, -94.24706185517181, 54.1167440387336, 16.00449775952039, 17.31707356649307, -79.4179453838434, -69.3516941411441, -108.3115297140777, 78.124020806256, -59.1481140510011, 52.973413492569, -14.25678047812277, -63.645393425268296, -115.3229082846891, -35.3377327615017, -18.09191714662711, -24.9982406542986, 82.43867608841441, 136.45807195269168, -77.06845792096439, -158.9622576793222, -43.9486366090201, 223.064535776502, -118.4569590738422, 71.2331555935429, -19.125180131398338, -132.6861053775107, 50.8865377272101, 79.6634758896245, -39.7427087864072, 80.0822087508802, -59.2457255114793, -95.5221020351397, 173.02390970826912, 90.7878900296881, 67.37274005903251, 29.2990380132027, 41.0534361119673, 171.2989892201211, -51.3307295186545, 15.75672321536836, -284.829279674059, 36.2671239801338, -143.2559124263999, 30.185296754883602, 40.8902949270183, -66.55681035480961, -111.4470813516661, 13.12333623935259, -60.8053350708162, 61.516382601692996, -105.9779276893813, 3.4909461427923603, -71.36702661389191, -8.48329859468746, -2.139659325933993, 36.1177586286688, 2.83152147200584, -13.04905227468981, 117.98642052922901, 181.6201956230636, 96.7869191587704, 166.17916636060022, -23.0420394387689, 28.6437246522457, 108.2394304580688, -22.292438198798102, -147.1336914521329, -76.7375124859905, -104.30721914829701, -55.3529179146161, 65.4175049321469, -233.501603840061, -37.442856733966494, 82.758357851572, -77.22422496184441, -73.1077002229091, 108.7243396956254, 80.1147918271994, -70.77934144378409, 27.373884304473897, -54.6428134169462, 68.63032459296781, 8.93183545023819, 42.295219960719905, -176.9503102191423, -96.0554499407423, -19.9263953356917, 6.48281115495695, -73.3190801117427, 211.969174749694, -46.257329992429604, -79.7721143446471, 77.82660432601429, -98.8652836661921, -72.5968693206914, 64.9390121746543, 24.8829586340226, 32.9034010643727, 23.243214989848, -26.5774533066176, 45.0941514236242, 118.053956213419, -62.4068002919485, 32.46254185481, 186.8924576380037, 68.12907489879609, -14.613666574988251, -37.6696569878231, 306.61421810321497, -32.7274615910532, 72.5957711300851, 38.818874849043596, 72.4224243688891, 178.4151603370562, 108.60194429707511, -4.8137115322067, 45.522344929679505, 96.9302924483512, 72.7151113521097, -105.069799818913, 187.14826631841999, -165.10401908258922, -39.6977400700586, 116.59358204213339, 13.396664688002861, 15.77349380534389, 68.24697169579841, 59.850401210368, 70.7588780932144, -127.519104394446, 5.75267228063824, -59.5135457621721, -17.46714078854556, -2.8703915325738603, -14.386031200749969, -8.28263027223949, 171.8473341185723, -20.23333404799, -55.2848889263839, -9.9458498298593, 27.965944746039803, -112.7491352597135, -81.3176054487565, -76.4135480491648, -126.00883201853931, -33.925218632146596, -89.489697999878, 32.6675683893166, -4.8237621538172, -20.852273452701, -18.69061761709463, 16.16637936080508, -48.643953141062596, 137.8302946602508, -161.3443499294718, -28.2123018632933, -34.8501264558022, 36.4098104059308, 42.793541726481095, -92.7133091925307, -40.4117034489303, 88.1720560493834, -55.2853034169022, 37.3806957684731, 76.6099181669057, -6.431077738472171, 228.241515089778, -46.104683103263895, -68.1972631842586, 11.62021039000026, -45.5924297513967, 105.4716192934012, -67.3486670607288, 21.2419788327351, 128.1992499242951, -25.2821766518207, 240.433542539472, 251.693015395158, -129.9082694934764, 118.07569878943781, 33.230881608172496, -103.5086606199842, 43.273498689026695, 70.66014035049821, 72.4608282140439, 2.69566515996204, 31.864234478236902, 139.0803439550562, -49.3883130729146, 36.3084225575196, 147.8586317347869, -74.5218277553586, -25.8491869192781, 101.62769286413109, 59.4557746628507, 156.049142527746, 44.4795873823295, 12.43044151769312, 56.099109798622095, 76.6344145207424, -94.2451221553106, 6.58182203943972, 25.8265662786025, 22.7278466720228, 44.0652505701822, -114.8953953580885, 73.2327688655713, -88.787093740521, -69.4438207817055, 35.5399049166266, -36.3533489205537, 110.92326417209219, -51.3095412401741, 53.3370677891756, 73.63855753372451, 165.8450110147336, 114.945583732754, 92.3236610546397, -21.232494868433, -7.77200516873293, -66.4120726306594, 150.0530281982495, 159.3966170964085, 72.34951206897449, -38.3397655942904, 102.3365752514216, -32.639851429372996, 43.0222756873265, 122.8155868871037, 4.29144331086938, -20.8943583268851, -56.6654802259238, -102.2129013801124, 189.03469504000782, 87.8629121443166, -111.7493813302625, -19.225987828396498, 50.0117691290953, -19.9640439910793, 118.3971820619, 30.426122716406702, 159.8088410207417, 55.8231755410942, -52.839742349313, 49.8525288946911, -10.01758850374831, -64.7729215019409, 26.6576703791428, 41.182019469131305, 186.4834862973545, 159.4696405639994, 110.1618115726387, 146.1572972456614, 16.00616995596074, -54.7193475361805, 32.6315328696744, -73.6228165005848, -95.1957017388878, -112.7378353389026, -53.2507480276371, -219.373593619105, -58.212148564497696, -167.3909771705257, 41.9840638598912, -95.39195334442181, 79.2772481676338, -188.1945283568575, -66.0414056387029, 109.8030382891892, 41.5248032911916, -166.0495251423427, 126.243876068811, -51.3331229999862, 102.4528906091103, -48.5673187811914, -150.24492310742198, 22.3859717060082, -122.238726381717, -33.746780277061106, -2.9334027326506398, 83.6672766297032, 253.964164876577, -92.3690264698208, -72.50602181017871, -1.9348141076008498, -26.1110951835685, -164.4734769229305, -119.37531578642731, 103.44433862718961, -57.8772897034947, 33.7840784468713, -97.8673164192939, -26.370162525476303, -87.4410214046955, 113.117377523879, 30.280312082391, -46.3068669873403, -25.3201595504514, 13.296318786023981, -12.38114323721135, 88.328456546154, -50.398934092186295, 5.4771448315529, 67.8250709177612, 34.3142556188827, -31.9080793870421, 312.50023779253, 107.5105401707039, 2.30243833967182, 32.342794961141806, -122.9315171520409, 62.9504418304486, -144.3026748327115, -50.3825844613169, -104.5040440687049, -43.9907966057041, 113.7928300244382, -107.3735897371387, 32.0791409536224, -8.147684640692681, 7.7747478692449, -86.80096388617329, -95.6655068027996, -7.94614438063598, -85.0893363366367, -43.4708946815432, -87.6723035795566, -23.8752215837032, -71.8135944697045, -103.3088478033078, 42.574995229112105, -41.9297818939064, 37.5049187025169, 19.52870773364853, -147.5480142689135, -109.64697840373589, -79.530616777414, 70.9163264264806, 5.45790123933329, -125.3722154981977, 117.08407037829801, -80.2373945066705, 108.89122674621049, -57.896545156574206, -89.1994343912321, 59.7447426345406, -131.5099810097716, -76.0253043707391, 134.57749566935388, 40.7909908728653, -71.9489570476498, 97.86387599374609, -34.784052146614, -64.54556472996589, -60.3658865994918, -100.1081236995978, 49.8059584736235, -186.5837541777379, -168.0834363182648, -14.67555229460346, -61.3466861878465, -115.0724559162348, 144.332676396752, 263.004629647215, -72.2878954856115, -5.07857669387953, -127.45002588982581, 130.0800634890786, 34.1286238543979, -36.2603252789823, -82.025226351011, 29.7576773417534, -117.257611470598, -39.580568397548205, -180.96366911444778, 67.3811648297197, 33.8439529671978, 3.70481685512696, -14.04528706104222, -65.8555545439209, -15.13453492459529, 250.968181461229, -39.7974670825367, -87.4344978814854, -136.7240003431641, 21.8260130366585, -68.3827447072774, 11.76842453138794, 52.275464721877, 20.4077798620979, 55.5348701582543, 23.914768492636902, 125.9108771753413, 63.4228537103186, -65.27905870072121, 70.9998863214003, 75.9233553677571, 24.1647033700622, 97.45282832399519, -44.8851110122042, 153.1485906694078, 34.406768018978696, -54.399959342438095, -14.48245468860995, -37.2950881386773, 52.4299152580699, -46.9233669808862, -0.172767382194015, -16.97650894964082, 161.9305120289225, 99.978268485395, -137.4852260233394, -9.481302937251371, -111.12474867660879, -31.9389800740927, -53.6618342563621, 7.50453693577885, 1.16353989238198, -51.4882742057367, 16.20989224997415, -12.02622246847923, -25.746809580601898, 171.7769934779931, 36.4226145040371, -161.3228302903188, -91.723470300891, 188.92234570187492, 55.5589662618256, -21.3455921418024, 209.09780406289298, -39.0136870807729, -24.643860564952, -10.74837129065477, 21.470052059833, 54.4057584781241, 15.61139114005353, 61.0588914743609, -37.627113703952006, -60.6685236037588, -83.5487960532027, -95.3785493096948, 92.84244332277669, 25.3652572444316, 77.51696460427081, 26.697150168592103, 171.0806521792454, 31.2635751822585, -169.19751055949752, -66.9012175388956, 26.8194272753774, -60.567789869459205, 125.2898352115908, -17.712077700272317, 29.7512731334184, 99.4258268114352, -141.4232662588536, 299.45399937751904, 41.7390339678117, 54.2702880931755, 69.5078729844833, 20.795493884973, -3.13280235904468, 71.7113511912311, -71.40939158081889, 154.59645301104769, 136.9256839430958, -81.2148745185022, 29.9147316939261, 134.0158617692936, -44.820481500091404, 30.8363887284794, 87.10708943933341, 84.47743409137871, -156.9966654418869, -30.5940701793091, -71.32152173952849, -2.97870040401118, -15.28062511626229, -10.96828015897173, -36.2000374034437, -58.7279188503446, 12.598351257528979, 22.4001655112159, 107.13681653415941, -78.0088584609484, 74.79963403175711, 87.64977944175831, -37.415630272543495, 174.5300642427953, -139.5621602707899, -206.365402786733, -13.128065746837748, -5.3732258531324, 7.73818735017718, 157.8618725859229, -21.4406474171943, 83.3005190669028, 88.6377805336412, 77.05560783884229, -19.869121187867, 125.5725238023245, -26.7065360205469, -61.4348913216169, -95.9978083257853, 11.696459777851931, 73.9871812478265, -12.09066626186422, 78.65596754497, -3.51262162139986, 131.09943825978507, 37.5152762922895, 19.9628147909139, -24.398321074008898, 66.4512356237509, 72.5201595651543, 46.5755989410828, -1.017941982480688, -110.09297642712241, 52.1247548460178, 35.0287268398462, 80.5618142817045, 54.4718646021676, 74.4811701217926, -12.04667845994696, 50.164593800169, -59.687204052466, -3.9679450304003, -113.8595096432761, -61.6005393266625, 75.74766699925601, -187.12809151989762, 58.9101462429225, 36.8246157139634, 168.00615600836488, -60.2383748631442, 65.8429565060062, -27.5730441395202, -92.7999331055489, -152.3731467679422, -10.44079977145099, -171.9719663903432, 40.0044017781424, -49.5191703902835, 61.14976316222641, 47.3296696184531, -48.182562779203096, -53.047252350666, 78.16449328819661, -117.6063719985285, -23.3261899819504, -39.240454229344806, 42.5018694796581, -17.92074918286796, 7.25609186088845, -40.174492918404496, 111.7490060077186, -87.7754081388155, 15.817396042868861, 117.04360142751861, -64.63483314597539, 7.19621044058979, -17.68472510851339, -133.94008648737298, -96.62945194380319, -17.257660775855697, 48.108402383659, 60.431036456088904, 17.190816331487042, -8.2312779377005, 30.4225031623148, -88.0116370811487, 6.67739639531134, -106.22787884216959, -64.933880294189, 94.9299555064796, -59.0237847638288, 124.4340262130679, -42.891344715380995, 70.80002237498101, 48.330210623294704, -128.7946261325822, -56.1519512523341, 18.652288080291058, -74.28999442972139, -67.9156482692241, -165.9548963836944, -107.8868907026364, -102.10192973849911, -83.0807179637394, -1.97494244868199, 19.8344654033308, 1.99627421326471, 30.5601158008024, -109.8706991090067, 28.3663536511855, 51.258422749284705, -133.3500371137452, -140.4543233500456, -86.2209298367925, -34.3105943839534, 35.7526095419151, 9.12526764852771, -85.24756309641509, 73.3245177627843, -43.183394240412596, 103.50235347176701, -177.42879014174162, 119.4633254877024, -4.15688676273455, -73.67597994434371, -43.2666499746872, 9.439586846466579, 74.882852283501, -151.270957948806, -24.1681470577046, -43.3273382500651, 102.2755435520487, 172.9508497546003, -192.9895528457563, 188.8144979722482, 93.5972955397306, -145.1032323094278, -73.371460426773, 150.35180049554128, 126.39715890781599, -36.2117255260511, -9.26678112853174, 14.603856010365579, 129.7500750233251, -101.63334983132009, 31.725257682440898, -9.407473835142081, 69.60243642004039, -149.4122815957088, -13.019544628690511, -70.2831346139638, 92.1321473544708, 93.7741165315712, -172.33585746285758, -97.40991406905789, -51.2786491314836, -67.8055872562272, -21.893553476648798, -48.6183489794964, 85.4453728650935, 80.2254397869047, -11.36493656163808, -83.2142342735972, -170.05445225633298, 88.5913369752077, -104.69479523281251, -62.567602584422005, 10.92579588197361, -64.4829932406093, -79.5961861319833, -48.0110281549681, -77.0125062800028, -54.1851997030628, -96.5159862863829, 112.79431195639759, 127.6969638578671, -3.38383851424736, -52.289342606832605, -12.55916465818392, 88.24661170275459, -173.61967090023722, -29.2575008368423, 104.7611939675396, 132.6763697746254, -48.9591733488312, 18.33781692523482, 104.7114144024322, 39.6277440765593, -16.631564226904118, -90.6346816376103, 56.165258508162594, -70.5449240662771, -33.0255356681224, -30.5658492416378, -40.0660522703458, 38.922116106667, 160.0797016709349, 3.7951796345094797, 10.693117574595899, -177.500696708715, -35.174259378044795, -70.5361829997464, 5.56319928102715, -81.8760268731252, 145.9983624371398, 156.9356014934612, 24.783005180839297, -28.2466472087008, 28.7750555472246, 52.137680019162005, -96.39337260537809, -17.44533747479564, 27.5719944335685, 32.947751894464105, 112.7253076963284, 84.4047151700686, -39.612731655148394, 66.25952598887841, -193.6190234747838, -1.115983707477499, 169.5001519451317, 18.2560963757284, 2.82930638656214, 67.1318319280963, -59.6339724756187, 191.8116019365456, -24.0762720253855, 174.0097500535158, 76.04477702011451, -78.5389240169086, 62.9494904525468, -66.714196018718, -143.65694158473678, -13.09556537843898, -108.4873628544686, -109.6222558746615, -13.62968302858037, 59.0230504628999, -10.10307317125523, -71.99157571820581, 22.9257445890727, -147.6075961921556, -20.2297991445156, -165.87335924419318, 97.8118436303318, 4.13643400476904, -96.90164073739601, -46.1571497412718, 42.462989651401, -60.193931089421596, -91.13996737930731, 181.5769432066617, -39.7098693600568, -94.12386719675919, 49.9311101867774, -21.0088975325028, 97.3015604112293, -6.39984925962741, 24.722828632227802, 203.292690727767, -40.1300645867648, -67.7921722416157, -62.0773150890344, -106.8747384687246, -65.0325536275135, 46.121023499325304, 41.2428777070268, 37.413552436859504, 148.4038615445757, 0.392162354731384, 36.127676289937895, -138.3169776439957, 4.03180671096726, -51.809065118158, -62.4138562042962, 12.20615274231606, 65.8972110676156, 76.8130093134935, 4.07787353950245, 17.312149175244578, 62.7015258662242, 80.8818907714111, -47.4316819695307, -30.2143394817868, 2.69751675702559, -43.9667151895492, -20.5043085003384, -46.3489890508455, 152.2888092918845, 132.9307158316339, -33.449225705319705, 28.031362508143303, -5.74698473877642, -42.219376894110695, 60.6411203328979, -20.3621422727821, 75.8027033991968, -114.91927354573019, 41.4465044016372, -28.740120639172503, -112.6201122806743, -58.913797896069795, 61.9467258263916, -171.04935010941898, 85.39654570942801, 95.8766611052086, -15.28053810578243, -10.29484187759874, -8.11695820438285, 40.7554046245439, -65.5863874700149, 83.5723784111309, 52.861413704044, -223.2287215152, -63.4778127614714, 49.7693035204267, -9.30310282770135, 70.4721298053131, -123.38437032010461, -2.9199958031829203, -86.1022022299147, -247.478027675801, 153.06927582535252, -115.7638647517274, -111.5978441749983, 25.2344919516389, 255.973997128551, -4.88090952898828, -42.6260892379971, -5.03783417814737, -9.91595569828502, -173.1975375666276, -131.2763276893304, 160.1218326335861, -13.98595056357999, -82.9128322886606, 110.367694927491, -71.37065501840439, 78.3642893770608, 117.07227006801321, -121.9308191217288, -46.4924962946048, -70.153178581596, -27.3171818560329, -36.328201475156405, -5.33811823114897, 20.5740175977071, -64.1955519794449, 60.7662101895773, 126.1713937079447, -30.835461198531, -36.0606879192122, 25.420929580222598, 111.3967900517786, 95.8279090166642, 5.68080313555085, 1.781309541878402, -5.8534132016198495, -95.74075757957, 74.76804604490471, -44.1011203444086, 30.2557293846154, -37.195587055123795, 62.7851303532226, 31.699101063408598, -154.5080382740908, -60.6007706958046, -154.4222736791068, -53.7529920777972, 9.39010813473119, -27.3413386807987, 57.9974520829257, -63.07575489176399, 7.0336486155179205, 25.7705399623644, 147.8276529861211, 81.5815645934991, -46.9533037052736, -0.410321821803873, 17.840535799601767, 77.79224099708901, -0.891098645900223, 103.0698033081641, 46.2022542900485, 175.3130069046048, 5.949942874977101, 145.1660104108064, -51.4961335453918, -73.8411444294129, 17.77740819702707, 6.07266447153188, 60.1867437511155, -7.9800668317106105, -30.588347260918, 50.9832226862889, -94.3332979911948, -98.0413303303544, 149.4013547858525, -17.11476995805911, -90.8654151530528, -3.79959008944446, -27.9650103280536, 68.9158897767044, 60.754292981492, -43.8885885849688, 1.012447796418463, -55.76448893495839, -66.78762209815389, -55.7621409340952, -187.4290857608362, -9.09298883304794, -139.478086369727, -104.1122166758215, -87.266865745042, 26.6644460432118, -74.87215290770959, 35.131290219862194, -115.7512499842022, 3.41141177104427, -77.2742153533662, 15.714863349384348, 19.68140444887274, 61.2219606669707, -40.783553367117605, -32.1387003600017, 53.8123700578863, 123.83992057477971, 62.5810083548283, 8.27786439544133, -138.2708001516231, -30.930345348870702, -71.6583798666139, -119.94758410904689, 88.1239120017907, -73.6820471487187, 0.08458694345383799, -52.4965804144384, -202.723444730895, 98.0884275235682, -34.9749903425231, 87.5865875607605, -139.9731626486344, 136.1287401302047, 5.860705457387249, -65.8074490496223, 9.2677534068766, -48.8736920067728, -148.5263636485349, 26.688112111724102, 56.2424524863884, 9.83608568235646, -71.1780297992986, -29.473097514436, 29.1049581603701, 50.2609906599104, 129.0661197847826, 58.320045108821, -40.6802994729032, 168.2038674581737, 54.6990314037469, 72.8974854180359, -37.839583185882, 53.3093946028309, 28.0788549223624, -131.1150941288669, -38.2052716983399, -79.80563877544199, -60.6804409276793, -20.3317592722795, -39.247155258829196, -70.76718286418381, -229.173381962571, -59.893256206419906, 28.1547281333222, 14.03823110911871, 14.314996518500429, 100.69732704500751, 33.360111931652796, 65.550270105636, -79.0135531897852, 99.649284953441, -95.79542193161359, -157.4503786871713, 33.0855518413552, -78.6290644399756, -80.0968445971568, -317.641843812525, -29.3423035981575, 156.76272825508352, 99.7408909634233, -28.4264158773802, -22.843092658296, 56.3412099287162, 135.4785749277009, -92.4943348610267, -12.43976524585458, -61.4516469874548, -77.1863499760679, -64.5182909686623, 31.3232558461659, 150.56206913204278, -133.14126530929678, -109.0947283405608, -0.21146630985612588, -12.138786502830001, -25.6467263686639, -185.09893843916882, 114.8284095564897, 61.131802679926395, 13.01794326160549, 92.9365220800712, -62.9025513075795, 56.494083893601, 53.588439792068, 14.36583029501238, -10.07215470282539, 26.354480703497, -27.5643271408645, 87.4101097094521, -83.3855100834887, 75.2997517223982, 19.1130946771978, 22.5011096250279, 53.633456414634196, -179.875489220279, 14.45229065062178, -135.80453270196858, -100.67160862680541, -100.9363289827755, -88.8600157303684, 7.5088156935384, 27.0786200889062, 95.6820447427956, 21.6692471452629, 29.2300364357831, -145.86415262905388, -45.782265002007804, 72.9147363479751, 11.30131978400062, 7.78083441489944, -14.848136234411509, 69.8545269499555, -188.5878554052864, 15.843232924762539, 48.6984764360839, 91.0021023359865, 71.8570380655449, -114.9494023311604, 15.45663248766251, 7.9914979668649195, 7.36018671421009, 2.85252837277095, -42.190160888696, -50.7935170785031, 35.194046409592005, 127.6137561906517, -29.4118522133914, 15.368498912176179, 34.8557382395605, -43.5791410638789, -41.5961075290173, -225.982034614214, -78.615756564638, -95.19351025230941, -18.41275572217517, -127.74371907775759, 154.6272726501725, -58.809635696739, -108.15792204268121, -318.15218912332, 133.6436407979605, 24.2773408833006, -9.19462647127375, -130.5261773652519, 24.5818973180562, -44.3289735253951, -72.029538718406, 20.466062243377003, 68.9232755867296, 19.42544879236801, -33.199987138931505, -10.29881822264478, 5.37612556631298, 46.6178046482923, -124.3530043881317, 140.3332491451846, -85.63810318981879, -61.1693719827984, -76.0062193736043, -191.49334069353182, 20.3628129177781, -91.3243211467564, -49.7323318329919, 73.6557727132742, -42.1168666430196, 11.93103502648474, -19.05877397218524, -54.6259671229714, -1.258705971926236, 112.37067454460279, -109.84197575219869, 177.850001578215, -37.5691759877095, 75.3910768958885, -1.79711457346842, 23.091824095135202, -21.393718582091303, 93.6249823397996, 122.32736545701451, 36.8863828111261, 106.8885208727504, -84.5395995943646, -7.02589474106386, -45.471091905992196, 144.92282080256848, 119.6853945164591, 92.99957088298589, -32.0174365047543, -58.449760442304495, 49.530385061157105, -54.6859418978088, -25.909169983042098, -14.539529512401419, -47.0191847365299, 102.65168301345281, -9.51670286789302, 74.6030330531508, 26.6187015984299, 40.8067287036306, -64.66889736681689, 63.6813678260883, -39.3349819737521, -32.3947983916711, -9.043266277662841, -105.0667018697297, 155.6389991079624, -52.2522377377003, -10.379957399492099, 35.993357587906004, 41.1540496801922, 144.9175374617004, -24.9590388346705, 153.5121301529046, 134.90798543947528, -194.29882990263621, 12.07330707620038, -40.7631400807566, 28.7757917287477, 20.9910996601118, 24.168663082203402, 119.7493630846104, 177.4737519221911, -158.5389793963855, 156.4082748045634, -182.67883850201588, -148.20055252384378, -21.3902100169262, 0.5109216283360061, 131.0205832214748, 89.8021585385828, -35.4843136989101, -194.29182886401998, 143.61745940398282, -94.8165765463459, -1.621682397888986, -15.46554340462219, 245.88999997288403, -56.5082711021102, -215.58554281373, 58.5737506437022, -313.89443324471597, 23.4169240929561, -66.96620152236, -38.0056289060212, -53.8647823811581, -110.1869018681892, 80.48342544932311, -71.7201294046117, -11.66920315924399, -162.3807964500446, -8.980975918526429, -94.99920423297519, -149.7667272451693, -256.497424658649, 30.857796286334, -62.4558522719541, -8.83626475795429, -27.254122062976002, -163.8310725960149, -127.9290824662538, -111.8814691442181, -104.1258391333402, 111.9316034125727, 16.28865804147348, -92.47596674873819, -41.1504618160007, -42.8507256393852, 74.1705723797924, -59.421469190388706, -29.4723895967884, -46.9734626066112, -66.92480077586251, -73.1782527466521, 72.0770066026042, -38.218443313325395, -181.50622360490308, 156.52322369364242, 93.0391340299942, 12.59057067754155, -150.2989666261262, -148.553172165817, 23.0245396392641, 8.68270283977851, -59.7750065335321, -95.5466150242077, 74.77349060734801, -14.20603735782235, 50.8468935372772, 102.3059149858266, 64.1326595716261, 71.0295333956628, 52.701313654352305, -39.6518242002496, -23.7730227281066, -44.180635087289005, -66.69155764213261, -84.8130207981736, -134.1957839921869, -78.33314970348769, -13.79771920847398, -171.532983152739, -7.473774922091881, 68.2932359751585, -131.9910818073086, 46.5506224467661, 44.681955917752504, -133.262598572929, -115.2759226572401, -26.0010803605256, 45.8253868139484, -77.8127698986803, 137.742873530535, 118.9502772394584, -155.9849626792651, 103.4334561643247, 69.5095839289951, 22.6507198138207, 50.142800845992, -85.7234181140582, -21.813991766214997, 10.449442186868279, 34.8750079337176, 91.2558186968304, -102.3361355462703, -3.13559667479909, 36.6016465843728, -8.356067759745152, -47.8285313167247, 47.3238799544311, -55.475095246060704, -46.105124937757196, 11.55603071483857, -121.0509489219514, 3.80661720007025, -60.417908998239895, -17.94282794458266, -2.069399099241293, -114.1932407875424, 112.666053732843, -59.7786249768588, -251.234452555813, -170.6323870523886, 80.7350017227278, -65.7894905977807, -29.0786654270237, -60.538003018594, -35.2601585796652, -195.592407315762, -29.647696050573302, -126.146673842975, -64.53389151753379, 49.0679028011004, 152.61324056716802, 1.679506463822642, -8.158435773528751, 113.1192080969689, -95.2483960381573, 78.7075181963154, 19.33226704987137, -80.9554042738151, -30.1743453777884, 49.282323902112395, -3.1183948738617397, 18.48478525322005, 17.90695494610199, -43.956516583713196, -58.6454580800702, -102.9189308950302, 94.3530723591566, -122.23216571986251, -96.00269058514911, 24.317783736794198, -179.1024088194486, 39.7754008250037, 123.7668569703054, -4.00234383082437, 3.22582031752891, -44.658976282586394, -38.7763837987755, 13.53366860630304, 78.5747230078374, -80.9172135495442, 65.4263554033211, -18.74316886533734, -19.4321501680867, 63.0230523106156, 45.902172349247905, -17.60045814622825, -5.04804730122708, 46.9964168226569, 60.8650233823444, -145.76531672062248, 23.898142752477398, 101.5574145599, -197.791847005124, 59.599235870757596, -243.11214035745098, -14.43780731880787, -33.0050259483668, -26.9919674048469, -19.6765853270851, -44.6674562381569, -8.48461175642051, 24.770138820223302, -52.838951616722596, 27.3470736126581, 170.9401402135147, -130.09234387219578, -54.8136326814138, 70.6853945957393, 54.137445367168695, 81.70988882619051, 31.679326750453498, 60.2181963858842, -34.0278052842446, -91.9632990975638, -89.9440040209187, -27.8874496703903, -1.038997771391387, -82.8072936158558, -32.231579895435, 16.800040038201622, 41.1101864574497, -23.532261792532303, 116.207621992403, -92.9841196764598, -19.346510452983388, -0.263312659928853, 48.471698953986404, -81.75544495735801, -46.475087282081006, 54.8614066040505, 100.3070294386676, 139.4418537009571, 76.34659605264031, 76.4012439900751, -59.9842252697799, 132.6935575610873, 131.280451933347, -14.598454587032752, 78.1095172164153, 75.1006096641801, -44.1147652725437, -0.6316066871529901, 114.8023204684164, -59.800816304997596, -31.1580555447093, -121.5908572373362, 53.5885529775249, -18.12125029998048, 33.4812242657557, 21.2918484826501, -80.6331677939225, 95.6941152707049, 80.5958847285188, -43.7658840208098, 35.638097391785806, -120.4341616066022, -103.86785884955171, 44.5086853381336, -132.76733970957088, -50.249443577710394, 23.166308030097603, 161.74259148891372, -46.721270073659596, -28.33724663965, -23.1241510200335, 231.269044941409, 24.9694831956742, -81.5284488526497, 137.1514033859476, 126.998626211748, 59.0342664250541, 142.4136231598435, 156.7283123708825, -26.895859597781097, -55.2071387240928, -72.7417336056918, 53.4342665704476, 69.5273467722757, -10.36762993309366, -43.629845936326404, -130.39178849648601, -59.630486080415096, -86.6644399960127, 50.1570453284866, 32.64107266243, 124.7982063290701, 4.93732835951714, -53.7996078481718, -10.78464890801687, 80.4319869959021, 33.8541108234014, 95.4907257109507, 118.814173042267, -32.7727098635659, -20.0821117919228, -190.2480355292004, 103.9030517870991, -15.70631115380982, 106.9587807367551, -33.475533061002, -112.9759924033695, 41.0826169500112, 133.4256700855396, -51.1509807674288, 133.4718470551549, -146.6917595866808, -40.255421529140804, -153.0210248818184, 45.9879272377101, 30.842612174516702, -4.19778477654648, -120.67174907786969, 169.00734543619728, 104.52200540635161, 23.6993207165876, -83.0596892899095, 51.5700410687263, -61.626259189380505, -16.56519126736621, -34.053507367651704, 41.8691298884527, -16.77562324313303, -41.1036370736999, 36.4126573359163, 52.671403250806, -160.9710680730891, 42.0756246761742, 133.215399994947, 79.1085962033434, -22.494133985794598, 13.66912509950097, -69.4648129144574, 116.5417220388658, 43.210055737024, -20.1278356630718, -15.55100551350737, 205.33004372825798, 7.36859085679148, 59.549460104015, 141.5756345099216, 194.69373960298321, 121.2532754327593, 90.65449536295151, -124.5878527508352, -86.1563984597395, 60.1815572521323, 4.08417514192638, 60.8942100062035, 42.473024743323606, 118.7545945900884, -150.853118669934, -94.2567697431013, -19.27361671410297, -158.33976439627958, 30.3684702096058, 72.56090848663669, 39.5527702464351, -49.0658078795774, 56.7146368844357, 283.596841848377, 48.4117638600067, 24.5246005153872, -92.8847254855173, -127.5971531661755, -37.815142167164495, 65.906188839479, -8.53507393334419, 37.9314528901409, 67.2001313080942, -117.3468363777976, 44.4544987217145, 116.5182008792511, 110.59670357071161, -8.373697526048591, -2.79577343766553, -19.8650381533823, -96.48580102553021, -134.9196905106258, 157.1086028673816, -10.45600150757387, -117.6135991119344, 3.3541938091482, -41.004643262278, 187.69294141485932, -43.2670698779714, -70.6823945407622, 66.98865189303581, -29.1252946456418, 77.89106330221219, -4.8406377270154195, 202.188975875847, 97.86204784844321, -10.33388881412353, -64.3443612243722, 46.4317745846143, -105.7001114255371, -25.6172036687993, 117.1129240386891, -57.5376137118393, -87.6635324334332, -44.5902869398631, 103.74426084845291, 24.9748063732827, -169.757179900809, 60.7648754329272, 30.4824636476993, 11.50549036050743, -102.6640860834643, -7.55912381891027, 64.6081544029874, 102.6093113416579, 126.4318924034544, 45.7488884748105, 1.509012322585954, -99.52706990231, -101.98750952656249, -149.637151448521, -12.22291973528559, 61.7760422961226, -7.62607599637265, 109.3608144877135, -63.5675798188163, 33.2890986469825, -20.445187426466198, -57.8933977060033, 117.0782031178666, 15.832822460545371, 120.7801201389848, 10.17331720776747, 53.0460102615405, -38.5515998379243, 117.2145071175175, -22.219145585335497, -0.272357015716458, -157.99730940869182, -25.693536750476902, 143.8041885426458, 134.6517401858967, 50.314365854938, -26.0419394723807, 6.82284158821167, -34.6283056138506, -3.97700264886861, 181.4521434246152, 2.4302857151250903, -38.0147434115366, -221.474059046665, -110.6109630157997, -74.9591062460262, -131.7375598928646, -111.0426858052179, -136.5340204893222, -89.400100172199, -82.2236147946737, -90.318538755486, 96.68364727183061, -58.9019717095901, -199.210934379587, 83.7786726348775, -51.9356786830649, -158.12977290259659, 188.7493915312844, -43.919743787569104, 45.6332041448242, 91.0592167281889, -2.81935408290992, 50.8408955276489, 9.37948121463359, 0.823431983365366, -30.0904781874254, -143.06941829781368, 26.658643819544302, -258.779858593415, 124.68140328722231, -88.11886148313661, -32.5179440301838, -31.5780304852181, 14.21194400461814, -45.5590393291306, 59.4477737518353, -104.0564243223601, 73.47293056272039, 74.0932405639169, 33.757779631070505, 20.0870446514587, 39.527700975680304, 12.417138281606789, 62.098999208867596, -16.01682854844923, -118.29325098046479, 15.15189095061244, -30.4680946058134, -3.85105729972879, 101.1357664003652, -165.34847396849062, -3.01508453416427, 1.108098889889603, 19.894851031561, 63.684695569144694, -24.7194349572283, 167.07979398462442, 97.59035883846019, -36.685710661517, -19.18475764088021, 2.1206510902836904, 153.8666254043464, -117.24149275728871, -211.50397066795398, 61.8132363343119, -32.6103103990849, -27.8545050062493, 26.0617057507283, 153.67737519401362, 92.85551778792481, -30.6768128671142, -100.52041999404139, -10.94623065291751, 61.284886483316996, -22.291512451738498, -151.0886334307262, -5.3781001513192095, -177.8540628581515, -95.0461398186065, 153.5700432182195, -96.6477671397847, -127.234485778322, -102.854401613041, -69.8910989615505, 68.1331908697954, 164.23449978229291, -7.10301790565945, 55.297314645514305, -36.697863749121, -138.71575080215308, 92.97828007803341, -88.94132190742809, 64.4008051850698, 75.29770734546011, -13.07585850330973, 78.1377896731708, 87.7050529328298, 201.113342352683, -31.2500258055377, -91.0625398778368, -122.4885178534479, -24.7287567230332, -46.4776130556069, 206.068110717233, -89.7797963111258, 21.0029400474291, 19.47000303829977, -52.9682515358453, -159.6414724475996, -13.990301269947729, 195.86687191149252, 18.6717530085991, 16.19515747338891, -105.2679314307124, -121.0242303988893, -11.18246450667996, 100.0444396560643, -44.3273160077949, 215.907946491371, -87.0190829310357, 29.209711821390897, -44.9015991128375, -143.67936086422782, 3.3300296862211303, -100.2837552021184, -152.05091386235102, 12.25399245661419, 4.700505317079919, 102.7702236831655, 37.3907253565788, -64.6884305237903, 46.0181263614856, -162.023974091017, -104.36134708623419, 180.2897604152343, 28.5253160207203, -37.6509986561821, -70.49540431840481, -5.37617721765554, -11.67883397927624, 165.8927017071621, 83.5131595799585, -33.2435062361291, -24.448927148710297, -85.52859958247251, -40.1985745065235, -133.9893300232303, 91.8855927034595, 10.90907747782035, 28.994609668094498, 31.1577310528738, -1.064210742785847, -33.6369453924498, -6.275550122874231, -200.71397423362203, -46.0304051598198, -15.24157523872286, -18.987120267854067, 109.3271273814403, 124.6886760118316, 32.9227792470243, -194.0536443567446, 129.46156575476, -42.9621369638494, -75.3741887271334, -172.7604185087042, -77.4192993452224, 112.77956421113839, 48.7856458910366, 10.244773441538609, 58.39912033601399, -112.9212605329738, -84.39408010436861, 102.9722046712458, 77.3886623311509, 103.77885736947519, -2.5456188294288697, 13.67133710466922, 113.84640112842911, 192.4959977960446, -60.0797658966035, 64.51790876713909, -23.5314661911072, -82.3883659893472, -62.8214495137112, -59.9326958560589, -26.2597018881942, -104.6763132459503, -43.477793971592504, -282.25411646652503, 73.7741504443245, 41.3097580304444, -7.843728167062141, -75.9860454718499, -40.8808776596264, -105.2807843719263, 30.284166642198997, 163.9471996623316, -50.3915410241336, -32.5690625527831, 47.586816740878604, -97.8003255189454, 176.0737738721122, 30.9167823403089, 45.332015244075905, 98.0093829756202, 6.470902914895911, 108.358539395067, 28.5316949277051, -21.381111265570198, 14.61595705452863, 1.634598740552782, 145.4480041596898, 20.243752077909, 24.020990327691898, -25.9729973056995, 26.445087536843097, -182.1813991862088, -65.1558041215613, -91.3625658573425, 97.05745239463769, -58.147244709318, -131.7199852026498, 107.6334794519799, -24.423063512556702, 88.0152002769783, -179.6896514703119, 46.478001806537904, 17.1806420713312, 11.619780178565371, -16.59868778499863, -18.078293168234, 95.8382421181426, 3.9966377233348602, -94.9154848770289, -35.1793284325728, 55.384863368748, -235.807035281151, -185.93203822770892, 7.94767820453038, 23.4947287714545, -82.5158059285187, -7.83066388304921, 224.184948691616, 61.3616755484537, -114.2728416626511, 18.49246149941439, -19.27134502178621, 21.0979468197839, -67.4571963466104, 39.0037642717787, 56.9102232800581, -5.9428664584866, 216.230847162855, -28.095486512849902, -63.1772394760923, 28.513005275475003, 93.29475714382869, -71.1768094266728, -6.36174598992162, 192.8357090669412, -9.31879745839673, 124.27041403949829, 27.0797583224605, -18.076112433663262, -61.0687002874556, 113.3215255961002, -102.78627261550349, -4.4578615688176395, -33.9638986574343, -81.0447444858855, 36.9896050874317, 47.753738622668, 23.2837682575964, 1.4280047141334271, -76.8138229787796, 43.1039953289608, -13.47000479034269, -49.2988674348326, -42.1346404965197, 40.7084604290731, -11.98033012558196, -69.7702655882242, -213.13810193988002, 20.5499167588002, 49.8340905706829, -77.3477169622047, -42.1306232556532, 161.3243515213212, 12.95769532020448, 62.0704191154802, 7.7703934200703, 64.2666241621804, 12.946692135393182, -74.5541087909505, -4.54531126022348, 17.55741847880411, 54.6984979794971, 156.3936152919161, 101.4475598901918, 0.350764832537875, 33.797046186494796, 122.5716950463347, 47.1325868197051, -150.5563832358248, -54.7183861821848, 30.260295439319698, 11.209752394012021, 51.0140639136498, -109.5393330955002, 18.02429347727236, 77.0974881722774, 99.6016950898731, -86.9586229142982, -13.87804111644007, -4.17169219346118, -26.7089004156618, -73.1579264620258, -43.1133737986769, -3.9389507383754, 15.827064288549629, 84.2335190503496, -61.615022673927996, 165.14411282141612, 65.50239380286911, 43.884063951901595, 66.5337917710866, 64.6817071454804, 69.14444097108151, 107.3802106378071, -86.7246348714853, 123.8695002742701, -224.396301644072, 61.4564783903313, -212.98778850783202, 170.8634303701005, 138.0220662531996, -21.9925109690011, -98.6437253734331, -85.8638293783417, -124.7220093182575, -125.6637090293825, 110.29846991161881, 81.07103922686571, 47.3341411553845, 74.8025904339328, 80.523613814035, -76.37271357009499, -39.5733452949437, 117.2737528046978, -23.1823305172964, 110.29069596934781, 139.7828570566714, -11.04263989626886, -141.170061030875, -1.8612533425975921, -4.92002603787284, -17.64514007101228, -3.5857708370987096, -130.5561759146534, -42.2176743799924, 10.73757359662892, 17.90478270978995, 93.7217941109714, -79.4821913908475, 131.5566553025917, -85.0307761123097, 42.0094945547403, 69.9974934657503]
