name = 'XNO-O-XCXCH2'

composition = {'H':0, 'C':0, 'N':1, 'O':2, 'Pt':1}
IS_SPE =[-379163.0881, 'eV']
IS_ZPE =[0.288, 'eV']
IS_frequencies=[31.35,43.35,60.55,234.48,272.57,520.52,766.17,1249.65,1461.41, 'cm-1']

composition = {'H':2, 'C':2, 'N':0, 'O':0, 'Pt':2}
IS_SPE =[-378166.113479257, 'eV']
IS_ZPE =[0.823, 'eV']
IS_frequencies=[169.6,215.3,417.4,462.7,494.5,695.5,922.7,981.2,1259.6,1440.1,3068.6,3155.6, 'cm-1']

composition = {'H':2, 'C':2, 'N':1, 'O':2, 'Pt':3}
TST_SPE=[-757328.5175, 'eV']
TST_ZPE=[1.094, 'eV']
TST_frequencies=[60.3,140.7,158.1,210.6,233.8,347.2,438.5,439.4,458.8,489.6,718.5,753.4,970.3,1006.2,1008.4,1160.1,1427.5,1476.7,3033.2,3110.8, 'cm-1']
no_reactants=2
bee_IS = [-121.2292726621681, -7.22079429746009, -31.683503024190998, 85.82932119382201, -44.212622402449, -41.1004089248096, -70.360049530404, -172.8456523897886, -93.1167979945793, -94.6294250444115, -73.7986331233212, 4.499113852979169, 8.10791579625388, 15.35717002037891, 5.30302443487574, 94.90548462791449, -41.8170219528899, -46.1900066988496, 38.4894029695882, -224.671121119168, 107.2096243640769, -57.958327628479196, -6.6756488357779595, -22.836491415139, -17.77561856028399, -9.33148716120599, 176.4895363635184, -37.2110159862658, -18.0678516729829, -103.58573481905509, 163.20307901465821, -37.5964321183991, -74.9479207069216, 49.9287685438297, -5.67601079752239, 32.6621893876467, -9.76559506831206, 21.7239638660741, 57.466551204988605, -206.55410507432202, 111.595806688357, 28.444848362166297, -3.28940523559276, -72.3438090745841, 24.5899858890381, -29.2592585807648, 79.56374802829461, 72.96763159584481, -61.687767434334205, -54.9442366459679, -65.6014649334594, -70.3220594034203, 27.0840357371655, -98.17027271775169, 23.064497843018003, 124.5580232097353, 126.8846272268422, 71.1756973405272, 30.859639756724498, 53.9756102584241, 178.13273564374919, 42.6352942317967, -109.7049225030946, -31.4790206064783, -47.1315477316583, 125.93907473964549, -154.7559238858725, -134.3020150435362, -51.7379703801322, -12.770143213876171, -94.25050544378959, 54.0897872425092, 15.99457342715425, 17.296248429525228, -79.3759490227331, -69.3224051130026, -108.2417461803442, 78.1230772167375, -59.1028546476484, 52.9195435840108, -14.229288270844929, -63.6402670094889, -115.3145606640818, -35.3336851523926, -18.08258948368575, -25.0080095029015, 82.4009365494171, 136.3568970082638, -77.0194032631833, -158.91130838580472, -43.9389513417228, 222.99754897638098, -118.3940188449327, 71.2114690770667, -19.1072954204933, -132.6626489435908, 50.8754136985646, 79.6599920901657, -39.7208009805889, 80.0666826304107, -59.245718161584804, -95.4409197885808, 172.9131701773855, 90.7533274826524, 67.3770535636863, 29.2914484545475, 41.0019708649842, 171.24303577575301, -51.3071887574628, 15.75029424628423, -284.73738739837, 36.2741257719246, -143.2128534276564, 30.1706931464398, 40.8652385003207, -66.5139618366463, -111.4161209459784, 13.14044856718693, -60.7710794723411, 61.4646018342808, -105.9357671861309, 3.51633696472505, -71.3380514022419, -8.48297491139601, -2.16285954369675, 36.061340746027696, 2.83082577308971, -13.05695557929608, 117.9055240813527, 181.538932809851, 96.7360015321872, 166.1639933855643, -23.038714276305598, 28.6513710930858, 108.2022695370841, -22.330251711542097, -147.06074226176543, -76.6795584677995, -104.2594310615124, -55.3321086922655, 65.39039753508109, -233.39837245256, -37.4284173769134, 82.71169945346091, -77.1988328174233, -73.0958954990709, 108.6396748997057, 80.0800213558079, -70.74944307483679, 27.297870472565698, -54.613422067189404, 68.60392144518, 8.944694778635949, 42.3132262551882, -176.889742142748, -96.0268568056672, -19.91746669835264, 6.50398344359013, -73.2748231119011, 211.86441865206598, -46.2588397771258, -79.75396741660239, 77.8150341141932, -98.84133177637429, -72.55087534578169, 64.9067893241775, 24.862385464375002, 32.8808797680102, 23.205777521444297, -26.568779662066902, 45.102224416397, 118.01774413528591, -62.406014060344404, 32.4440456213663, 186.8183231948805, 68.0937474193876, -14.612041571432322, -37.6376310361213, 306.47404704527503, -32.6865840787769, 72.5526341287179, 38.7770253852519, 72.4309097026547, 178.3530504903003, 108.57304756386941, -4.81902024595279, 45.4873746129144, 96.8787725737347, 72.6897640814569, -105.0068082510673, 187.06359707382512, -165.0300622786902, -39.714345192683396, 116.56174606794761, 13.342600261914999, 15.764763894134258, 68.2508121751291, 59.843484408515295, 70.7361454808124, -127.4730262185213, 5.75662113089458, -59.493378033677004, -17.47917293781866, -2.8561700780470503, -14.355679799850751, -8.271797280040861, 171.7792041497718, -20.2325210671644, -55.27145396465, -9.95279743439173, 27.950068314675, -112.6923872785348, -81.2309646904524, -76.3888192966471, -125.9513805874779, -33.9115637911007, -89.456324849955, 32.657959733833906, -4.83956182796571, -20.832636739867098, -18.68774023789942, 16.16773765782046, -48.673885630372695, 137.76492789447298, -161.2467184888922, -28.1951251033992, -34.8553853335737, 36.4049361072903, 42.7454978560186, -92.6738195123053, -40.414089835937006, 88.1345376387666, -55.2867975278041, 37.3592138488676, 76.59920153711741, -6.4253822046644, 228.158700237346, -46.1293879392673, -68.1850892920436, 11.62982616898614, -45.5599903422621, 105.4176037361142, -67.2813091281801, 21.221018011079202, 128.1836060048841, -25.278564869752, 240.33235355588, 251.57908504818, -129.85046135939479, 118.0187423440635, 33.1895157583339, -103.4503213043835, 43.2801028585197, 70.58820934140701, 72.4017953439245, 2.7024295337166997, 31.827603995434103, 138.9931612884106, -49.366615189917795, 36.300569069216095, 147.82094753618628, -74.500325655575, -25.8031187941213, 101.55688330505629, 59.4295514467965, 156.00189084391639, 44.4319425763232, 12.396731051878131, 56.0812521820651, 76.5923034846916, -94.1587456438688, 6.55405825706936, 25.757240290320603, 22.7080990729324, 44.0321492037009, -114.8247849828112, 73.22113190339621, -88.7597311442459, -69.40556900390109, 35.494061395251705, -36.3666411899617, 110.851781348262, -51.3379061320534, 53.3005819927277, 73.6185270161978, 165.78941614243752, 114.9070859837692, 92.27524559959559, -21.2766983156233, -7.74720432761888, -66.3816771900274, 149.965203949002, 159.33183662756238, 72.30543486103659, -38.3000595288171, 102.2987031393389, -32.6687261031787, 43.0336216112188, 122.7446065569802, 4.2978007626655, -20.8929719004352, -56.6789749265768, -102.1238168687667, 188.94696413382502, 87.7816225005212, -111.6790407646519, -19.19571130550753, 50.0011725960744, -19.967173364980418, 118.33511554565709, 30.424278033433, 159.7427560833911, 55.761217562752606, -52.846991756631496, 49.859694105551995, -10.01061078639793, -64.7746291562422, 26.649421525555802, 41.193198923014904, 186.3801063279306, 159.406483732184, 110.1029215659334, 146.1274823092379, 15.99124199114718, -54.6988839606733, 32.6192734494215, -73.6091433381619, -95.1283890495331, -112.7041678656218, -53.2110631240041, -219.286817082421, -58.1581576702922, -167.3029182953332, 41.9480033987698, -95.3561536134752, 79.2131893996642, -188.0823588122133, -66.0183915459661, 109.8111615494881, 41.509736007060695, -165.9509488832909, 126.2247850654105, -51.3041425033485, 102.404863529135, -48.5747093690607, -150.17128021338021, 22.379243026970002, -122.1774696876812, -33.7790285312596, -2.9158550560005603, 83.64844812541361, 253.851980360672, -92.3451299884036, -72.48143877834039, -1.922476748734767, -26.114114386866, -164.4039127176651, -119.3417116357514, 103.4204437502544, -57.8815342629653, 33.743543344325204, -97.8299863704064, -26.3435033029319, -87.4125952315987, 113.07873340421301, 30.3054375985672, -46.2863673768738, -25.282822626614397, 13.27292722668324, -12.377497594980639, 88.300536832713, -50.3822030701388, 5.43117472196025, 67.7794669856892, 34.3256404072581, -31.8654472973233, 312.377629467305, 107.4318222923466, 2.28988401753756, 32.3495045333869, -122.8704510123231, 62.912828214196395, -144.2243602726334, -50.3472741772256, -104.45116567004911, -43.9689284272355, 113.73143069573749, -107.31926715322541, 32.0290534637365, -8.13395384891215, 7.78286633639971, -86.7881089981679, -95.6344662301212, -7.9191811293356995, -85.0995843865065, -43.4696475764615, -87.6332666597116, -23.875064332629698, -71.78576965377121, -103.27152610033889, 42.5725720668552, -41.9454816898943, 37.464427475224, 19.530280698353387, -147.46950786503902, -109.6156248762502, -79.45688817537459, 70.9104636547906, 5.47829323211479, -125.3351585144985, 117.0192774909233, -80.2063484205078, 108.8188164419742, -57.8549036545876, -89.1627196428986, 59.7525580592698, -131.4506958722792, -76.00892036946959, 134.5436003226172, 40.772173889719596, -71.8734599286356, 97.8054605751942, -34.7619062972202, -64.4948619867543, -60.345386149683904, -100.06373778669891, 49.7589135893399, -186.5047278817761, -168.03643182760442, -14.65416065962404, -61.3186133021846, -115.00946409517209, 144.2662526083555, 262.877815963351, -72.2941696873188, -5.0639505837205, -127.4126732825622, 130.0182412940224, 34.1031923879571, -36.210784148369, -82.0032865340458, 29.748224807380403, -117.2202017337883, -39.564817619691, -180.90832940890658, 67.340378240286, 33.857354137544, 3.7138913772593, -14.01109938588763, -65.78938791502509, -15.108602797076749, 250.830874328349, -39.784232338941806, -87.3693354171463, -136.6514188710101, 21.8032767147906, -68.33038547544629, 11.73930717199276, 52.2416416894647, 20.397000022854, 55.4947487759118, 23.8863327904659, 125.8651544629886, 63.4229987425805, -65.2349619053512, 70.9103097195576, 75.90252904104449, 24.156655395490198, 97.42698221783189, -44.8310881236023, 153.0929260016391, 34.3631643352919, -54.3646803891613, -14.47923563837895, -37.276264456119804, 52.430319920981006, -46.9232368275044, -0.1365409913114775, -16.95759070355291, 161.8626235737138, 99.9215616854756, -137.46243836492368, -9.4566399100398, -111.0983081226601, -31.942484723736996, -53.64280025191189, 7.48790159144085, 1.155803094694814, -51.4506911935506, 16.16740508627561, -12.017510066699021, -25.756641765809498, 171.7028618521603, 36.4267747456792, -161.227346566587, -91.70615793263599, 188.81533134376718, 55.5298873517908, -21.3367218306952, 208.99912075956502, -39.0278968494944, -24.644647265462602, -10.72899268089316, 21.4481675282111, 54.3535018898504, 15.612419597310069, 61.0377494149203, -37.6336813186467, -60.6085943585247, -83.5017473081345, -95.3420786828476, 92.8219988925701, 25.358019716089302, 77.4829672956123, 26.6841362274539, 170.9904487946423, 31.2388089186336, -169.1262670975163, -66.8708442714435, 26.8396815085784, -60.5482621729095, 125.2273596192642, -17.6957221695111, 29.7406233685096, 99.36936946343249, -141.3502180924532, 299.327173721904, 41.7169328796066, 54.2524928050143, 69.46797336820089, 20.7994253505095, -3.14400967290391, 71.6934941200051, -71.3644209232336, 154.50199824823812, 136.841220387264, -81.17218600440219, 29.9007042976681, 133.9502598338175, -44.8135074554134, 30.8075041626864, 87.1019995698944, 84.4587742109552, -156.9346570072702, -30.5985465779984, -71.32065015197179, -2.9794707578479898, -15.263945677808291, -11.00341495715179, -36.219537922451295, -58.6784417883105, 12.55548831135053, 22.4109122758028, 107.09083839559, -77.9536949842228, 74.7231683753832, 87.599184984054, -37.4406745802695, 174.48185151931932, -139.5014376312713, -206.274852844835, -13.10139596331316, -5.35650256483348, 7.7569268932140805, 157.7744322862028, -21.4553100326847, 83.2510686225437, 88.56160244743151, 77.0284680547183, -19.84486326483841, 125.5482697882355, -26.689053899259, -61.3874622364665, -95.99809607154171, 11.66637726443904, 73.98599193124721, -12.105789771733239, 78.6511727505665, -3.51662151802082, 131.0641680809996, 37.5219357371244, 19.95236924017033, -24.4156654965549, 66.4307446691655, 72.4873042036875, 46.5816329061787, -1.014875526110103, -110.0363256712008, 52.0907874511691, 35.0091774516946, 80.5524193150997, 54.4524707386581, 74.44514851547041, -12.03373445812267, 50.1097782532953, -59.659429422053094, -3.97031880222164, -113.8224642154798, -61.5803811363333, 75.71209036989231, -187.05625070482841, 58.901620058813606, 36.815886615865395, 167.92469980327797, -60.2703140494186, 65.8015062374363, -27.5740853840989, -92.75262983226699, -152.34670416594741, -10.40360666013699, -171.8860270261676, 40.0232782358489, -49.5110017131739, 61.1146741965018, 47.2901863883162, -48.1370856167703, -53.000893494078696, 78.129666021025, -117.52908662169449, -23.3057791414388, -39.225599908618605, 42.4566012257686, -17.96235549245926, 7.2587127799942, -40.1704212855457, 111.7036934055706, -87.67707537652811, 15.82189140385367, 116.9771456264337, -64.5841807595393, 7.1869425412781105, -17.71124514756469, -133.904090441432, -96.638135578631, -17.27079038705422, 48.0702611502162, 60.385373236476, 17.18399991638984, -8.20816967630173, 30.4182176437576, -87.9934688955025, 6.695733473230121, -106.1816732452332, -64.9047144633382, 94.8795015211807, -59.0008479082501, 124.3509978453128, -42.8503257014062, 70.7913671112185, 48.3049707269071, -128.735346025296, -56.1512348436629, 18.63741825472377, -74.2263974791002, -67.8840198987149, -165.861390336557, -107.8481759402739, -102.0588304316157, -83.03534232064419, -1.973727604891081, 19.79397380690335, 1.9583870869105051, 30.5068016814194, -109.8218321557728, 28.3430870841161, 51.2024695487718, -133.2924439874374, -140.4172370287949, -86.17309123693789, -34.2523673578869, 35.7528014177188, 9.14009242450982, -85.2314166641653, 73.32748154831239, -43.146511414479804, 103.4644129417801, -177.34320500979908, 119.3781930050684, -4.11264290625525, -73.63351908662179, -43.2514408111702, 9.43908764753934, 74.8272803030432, -151.2090495583128, -24.1637138638907, -43.307632458472696, 102.2568874343794, 172.8726027917212, -192.8834395295458, 188.7408951737101, 93.58681417306761, -145.03686456217082, -73.3606801171297, 150.2682587979429, 126.3539039729443, -36.1779378566204, -9.26043914068862, 14.57417700680791, 129.6578322405467, -101.5663780122474, 31.7326223904645, -9.38854143852106, 69.6063890549949, -149.3518951575598, -13.02969299591322, -70.2793272196978, 92.0845174693939, 93.7496969558005, -172.2477322412604, -97.37144140980911, -51.2728909980072, -67.7350699633671, -21.891245034190298, -48.6275974545366, 85.4014924254774, 80.1980178256432, -11.389010691616189, -83.1566430374198, -169.96363098479708, 88.5346076609301, -104.6673799129989, -62.510342272783106, 10.921677857893211, -64.43180098529629, -79.5659856748824, -47.970437343205404, -76.9347589045869, -54.1701150020343, -96.4687272905067, 112.7596601380034, 127.6669375035547, -3.36002355841708, -52.2831466087753, -12.57393636022028, 88.19745573951761, -173.5599192573854, -29.2374432726087, 104.7366689367453, 132.5766593024129, -48.9695931205278, 18.33955368373688, 104.650846606535, 39.613570571269904, -16.663304067052138, -90.5862205218564, 56.1596967407166, -70.5205551463892, -33.0559013528459, -30.537368139367302, -40.06233691995671, 38.879353215634396, 160.0143761641863, 3.80924962973617, 10.69524696558017, -177.4161886685006, -35.1552031607097, -70.51425221688311, 5.593672682832731, -81.8051307948806, 145.8812282609094, 156.8667647575158, 24.7740662217793, -28.202308964005, 28.742480898215803, 52.1482262191722, -96.34552712150881, -17.42377049018239, 27.5238044855886, 32.944731625576395, 112.6785092692738, 84.3866717265264, -39.600597569688304, 66.2697783404654, -193.5203932989435, -1.132097825083945, 169.4200942913999, 18.23884834643485, 2.85097926064316, 67.110195589255, -59.6009545755215, 191.7611991407542, -24.0379297530133, 173.9637059202757, 76.0029707195714, -78.4960082181801, 62.9161974741009, -66.6937127283535, -143.5792709764541, -13.09082484553591, -108.4411855272363, -109.5875390469873, -13.628540119004931, 58.9592256415453, -10.06763601515147, -71.99061609939551, 22.9158784568312, -147.5627461119877, -20.2355963105866, -165.7976656669419, 97.7968584516434, 4.13168467760522, -96.85266705311, -46.17706447653, 42.4442854499286, -60.1371962746414, -91.1039959796408, 181.4622484565514, -39.675627733241896, -94.12624819850609, 49.8899625680666, -20.9570597426404, 97.220878734673, -6.37386547344966, 24.7362486720634, 203.16589719029798, -40.1533998134285, -67.7521885434781, -62.005110384109, -106.8530181305706, -64.9949912378802, 46.0956115900902, 41.1851744982627, 37.3927394205119, 148.34510899305877, 0.374602613685226, 36.0897163470924, -138.28446324340888, 4.02015388258338, -51.823684496195, -62.3911985213389, 12.25125581285579, 65.867448524776, 76.77647048298999, 4.08477201967895, 17.27932000048463, 62.691132269563795, 80.8795747056473, -47.3998964906321, -30.2076003930606, 2.70522936912773, -43.9494981120874, -20.5306796641705, -46.2697445729375, 152.1927400604884, 132.8683150602621, -33.4169845612685, 27.9955432593622, -5.73237054757929, -42.1549884079023, 60.5941709101638, -20.3566872048424, 75.7480881794997, -114.8861193080869, 41.4312271697092, -28.7358752915555, -112.5821390295049, -58.9019838464223, 61.9226236536699, -170.956378408397, 85.3499645265656, 95.8408075640341, -15.26207375147759, -10.2819373499878, -8.1085049059995, 40.726410250903996, -65.5500379926352, 83.5485396583405, 52.827589693805905, -223.191248900613, -63.4324620040858, 49.7464640565848, -9.29610392290595, 70.39699638408891, -123.315606886335, -2.88481597374141, -86.0664808145584, -247.340136644407, 153.0011048209472, -115.71798144521131, -111.5277676965064, 25.2294603052907, 255.852901563372, -4.891321433878479, -42.573224524385196, -5.02450702974329, -9.92156095482747, -173.1429569396754, -131.237373257914, 160.041907018898, -13.958300424428561, -82.8910150555279, 110.3483307230279, -71.339954743603, 78.3399743184478, 117.03377380978321, -121.9049419347895, -46.461156821789004, -70.11920547976291, -27.2804187049551, -36.3235238061852, -5.301004785983309, 20.5521900727758, -64.1544742502736, 60.7474432472754, 126.13462322172509, -30.8604421676484, -36.026351782999996, 25.398716948940702, 111.3466283890013, 95.7680656115518, 5.63344729899677, 1.807619954035999, -5.822450964767739, -95.6918916458291, 74.7279487541673, -44.090454146906, 30.2166238124153, -37.1930884851009, 62.779318191295005, 31.675638647738502, -154.43436673830251, -60.590240095194304, -154.3447230624324, -53.7020581546327, 9.39419571119813, -27.3152540422186, 57.9552414834438, -63.043955410787405, 7.01806931525414, 25.7608788569133, 147.79421402992563, 81.5642003314081, -46.9041010519649, -0.396018646064675, 17.82300947184922, 77.75378033795451, -0.887829436724758, 103.009070322413, 46.1969141608881, 175.22877397501207, 5.9623740814034, 145.13097431711532, -51.465178038158, -73.8131609281816, 17.799033515057772, 6.04433234761597, 60.1848176050422, -7.9135213508863, -30.589479553966598, 50.9490312376041, -94.2770554763178, -97.96649791598179, 149.31510581363818, -17.114447217538327, -90.8588149297484, -3.7940664268631803, -27.960665559589, 68.8343579820899, 60.729937232962996, -43.8658379742293, 0.9966075008427431, -55.7493772501757, -66.7483281863573, -55.7523780438145, -187.3421797217846, -9.123313386304261, -139.4453375503976, -104.054685403946, -87.26319344855969, 26.6285166493101, -74.8469958897769, 35.0905261277384, -115.6775648780457, 3.4086290966465, -77.2332303809419, 15.68874984803535, 19.66714499190624, 61.1645784069313, -40.7560449985226, -32.1316801902686, 53.7696265764322, 123.7939842304764, 62.544960970011104, 8.26504578921163, -138.1893716304182, -30.897509612456197, -71.6350143245199, -119.900643890165, 88.0959334017888, -73.6462599843141, 0.0913449528304113, -52.4521098197228, -202.64731926842398, 98.03923919348449, -34.954413058509004, 87.5578171916803, -139.9108453734349, 136.0618076172208, 5.84905846058649, -65.7975662481895, 9.238409077838071, -48.8779370887043, -148.50186635528252, 26.6779466562828, 56.164380206511595, 9.84713699220356, -71.13827996330221, -29.4384423707997, 29.0782800419801, 50.2155389654272, 129.0181315215967, 58.310898454479, -40.656317894443, 168.06624460004798, 54.7025765411615, 72.83161195378639, -37.8126435086474, 53.289822277499695, 28.0366211885017, -131.0644223438845, -38.185088654806805, -79.7590438610003, -60.612530162569, -20.3031821195355, -39.2585044028978, -70.6946169403844, -229.090861247763, -59.8687189845533, 28.1644849105515, 14.02111990393734, 14.269068978220279, 100.6787421718732, 33.3751261218456, 65.5197291444054, -78.9828362265028, 99.6178284721882, -95.7723782901124, -157.4074065730175, 33.046232308757496, -78.56655626953591, -80.0746568145357, -317.502627440447, -29.338974560406598, 156.67687712596558, 99.7237729379691, -28.4216212966722, -22.8231200186138, 56.2551208677015, 135.4210860359813, -92.4588240349804, -12.42819629310361, -61.4100175984021, -77.16686052349101, -64.5066455101232, 31.338073033941498, 150.5210651230114, -133.09102259775182, -109.03565125601921, -0.226592804126597, -12.11862573212921, -25.6468165478608, -185.0320253418607, 114.7373846733237, 61.1253691608054, 12.990872361782621, 92.89660544662479, -62.8581628139917, 56.4682709290318, 53.562172241536, 14.385882124470921, -10.069874569185899, 26.366490947740502, -27.5430455770126, 87.3382265499824, -83.3707392092235, 75.2406505962927, 19.10602039360782, 22.4732697602427, 53.6220364950818, -179.7927345977419, 14.430020364180109, -135.73932763859221, -100.6361713485165, -100.9037753198909, -88.7946828257957, 7.52317501672246, 27.0482829446684, 95.6297730878724, 21.671164395208898, 29.211180688825998, -145.8133190402384, -45.7665813224221, 72.8834591941593, 11.3313470346916, 7.79332443277929, -14.83395227442179, 69.8337931873377, -188.5152798432887, 15.83233777247225, 48.702039648055404, 90.9695743045315, 71.83278511492409, -114.9044180330144, 15.42874682909326, 7.97944193415017, 7.35919111963279, 2.81868536799846, -42.181564841214694, -50.7409779617837, 35.1671346171237, 127.5692723374533, -29.4370385766872, 15.347058285697699, 34.8293388812795, -43.5439097433077, -41.5480852401101, -225.857360876295, -78.5985432113058, -95.1137203580846, -18.41897398746864, -127.6688523058792, 154.5710662711763, -58.775602749072, -108.1046612098814, -318.031181858791, 133.58992334146552, 24.259851750068698, -9.25656567052633, -130.4704230910056, 24.574012944210402, -44.2998310641356, -72.00681977201751, 20.4477432498405, 68.8873252007328, 19.42790726886207, -33.1552940867806, -10.32137621383458, 5.36522708508807, 46.633476079634406, -124.2907693232542, 140.2543591805449, -85.59864728126641, -61.135475630771296, -75.92110432018549, -191.3574288154967, 20.3608310175252, -91.24387490226479, -49.742073100006806, 73.63591984009591, -42.0768224140553, 11.96255757948973, -19.04087226558392, -54.6459076632392, -1.27188649868949, 112.32025076660659, -109.8180420199794, 177.7277437603223, -37.523221114758, 75.3780890083028, -1.744743558585413, 23.093642710203802, -21.3884925429984, 93.59703652752239, 122.2872818542097, 36.8661268712435, 106.89420129165879, -84.5287245965404, -7.00074635353251, -45.4671342478451, 144.8616167882687, 119.6358352916256, 92.9670940139341, -32.0083761983638, -58.4303776517055, 49.506823647145694, -54.6467345036731, -25.9002086083595, -14.54304759568365, -46.9761795837642, 102.62078249704629, -9.495990112270931, 74.5709842001587, 26.5719847839345, 40.8054094151695, -64.6486935582353, 63.6897656166758, -39.321381673281294, -32.3913610207572, -9.04372708021771, -105.0486430225515, 155.5913628393224, -52.244076062085895, -10.36870438873416, 35.960359704698604, 41.1321055894488, 144.8399941877368, -24.943898617324997, 153.4579981452561, 134.8538456134811, -194.2376709388255, 12.08247318304769, -40.7564859805166, 28.7446610208662, 20.9895926811371, 24.124617556747403, 119.6923943868814, 177.3439267998022, -158.49121385029719, 156.35611613171068, -182.56760840347778, -148.0913677529724, -21.3604835552637, 0.5157859137369201, 130.9365267369782, 89.7973597950775, -35.5020014398902, -194.2442440635545, 143.5549866258167, -94.7962400713314, -1.6334900868469049, -15.4507689625431, 245.77678478579202, -56.5025239811977, -215.493261105167, 58.5452400731771, -313.74283786783496, 23.4089498848911, -66.92917434453861, -37.9835186148039, -53.848850603859, -110.1278415253307, 80.4617526391132, -71.66935735364089, -11.64368087586297, -162.3157835983306, -8.98402322089516, -94.9377915448763, -149.6959968760248, -256.451255977437, 30.861594503614498, -62.3974170109146, -8.89182745280073, -27.2231648787212, -163.7531589046535, -127.8601695283624, -111.8330630583159, -104.0486334259686, 111.88527927743189, 16.30889357138772, -92.418595775011, -41.1220345226941, -42.8192911216375, 74.1159846562654, -59.4093156158118, -29.495624450379303, -46.9161222812481, -66.8985066188857, -73.1247423311835, 72.0512024336539, -38.213568954379696, -181.4071691334405, 156.47332478315172, 93.0119622386344, 12.606966331113771, -150.2115366501084, -148.4965372719068, 23.040511194786, 8.6961235358927, -59.738361819222106, -95.52772100858411, 74.77301280690881, -14.210660246671981, 50.816966091884396, 102.2628832915406, 64.1179541564341, 71.0100438159207, 52.6864699228351, -39.6350896664537, -23.7451458858945, -44.1509493575395, -66.6490402960851, -84.7930393545772, -134.154389598584, -78.31057626503039, -13.78315733745865, -171.4971099776505, -7.425843707810261, 68.2299188254355, -131.8679270203202, 46.4962409235673, 44.6261072072041, -133.1786646429403, -115.235216718112, -25.9716556940892, 45.831342393600806, -77.7750146267893, 137.663862254896, 118.88091253243749, -155.91483635409912, 103.4316312439914, 69.4836516235613, 22.640168457704398, 50.1400482710134, -85.6794213094525, -21.7968339157863, 10.421647257734321, 34.8490396802406, 91.2331540185195, -102.2987697863262, -3.11096469400832, 36.602263611864004, -8.41458797463499, -47.7890071309834, 47.304467923070206, -55.4670128890688, -46.083521534288195, 11.573746026462342, -120.9964218146817, 3.8066917287236803, -60.4502130798028, -17.919928715450453, -2.11768069626708, -114.1591925127223, 112.58722414542339, -59.7663284022344, -251.088461192687, -170.5602786795552, 80.7113493381977, -65.7215697102724, -29.0578284190506, -60.536023352937, -35.2319943095509, -195.4911226376787, -29.6739586277355, -126.0937990032255, -64.4762344329057, 49.0802592772053, 152.5181739630682, 1.6614244834744052, -8.16012380273397, 113.0587965381965, -95.153902516223, 78.7006681727801, 19.33780451507105, -80.8835046012767, -30.1107219358707, 49.269712519711604, -3.12544747627342, 18.45713699507458, 17.90907105731278, -43.9340179374383, -58.589360298592695, -102.8740906399412, 94.2945153598209, -122.1646925567833, -95.9524599134438, 24.3120147941929, -179.0391096174171, 39.7303864037386, 123.68626453119529, -3.98103842743665, 3.18320127171338, -44.6033063165967, -38.7483262488342, 13.51704583658, 78.5405198269822, -80.887618375883, 65.4160311914352, -18.733279060406907, -19.48946449745131, 63.0235892374238, 45.9213146922093, -17.562234062868143, -5.0521231174160395, 47.0059355752103, 60.8360145259533, -145.6990802130801, 23.9179213043342, 101.5260683174283, -197.7403461254197, 59.5741870657264, -243.022204681755, -14.4132207012582, -32.9964076751543, -27.0022543752873, -19.64640524076151, -44.6488325157599, -8.446122936069969, 24.7863979819968, -52.789519945702494, 27.338145315179602, 170.8504848494727, -130.05445293235618, -54.7956235367744, 70.6292594254345, 54.1226593011806, 81.6469680405065, 31.628137469425802, 60.2432071180297, -34.0166736065028, -91.91945634324429, -89.8988312403374, -27.819041939993497, -1.062769200974514, -82.76696893070181, -32.2181314312846, 16.79746189059597, 41.0791918931579, -23.5261012793167, 116.1416527504136, -92.8883864250086, -19.3627944080273, -0.2632765658676172, 48.441040268760105, -81.7379517357671, -46.457440480115196, 54.8887869342989, 100.3000359675208, 139.3492298403847, 76.3476163401771, 76.3536150840734, -59.9690019097484, 132.6379545048897, 131.2183575279514, -14.62613482938923, 78.1109506271354, 75.0772991884541, -44.091423803925096, -0.6734915062860409, 114.7488730396788, -59.7955504639942, -31.1805467052654, -121.5468769671572, 53.5873628252283, -18.08757485524211, 33.4536250761412, 21.305889445873902, -80.60082663679731, 95.6627447248236, 80.5664587865027, -43.7241045304777, 35.6128700204099, -120.3625507509632, -103.8194665324714, 44.481695959251, -132.7066439196701, -50.2124625893356, 23.1893694152118, 161.6647768785577, -46.6830538273547, -28.321183662066503, -23.0830366961494, 231.17782348118, 24.9649811521725, -81.4786690545742, 137.0717534873831, 126.94144598840509, 59.0044124375339, 142.3356380272591, 156.61616032105388, -26.917337792457502, -55.1923108338316, -72.74275429533509, 53.3955707059857, 69.48429483551149, -10.35348285744791, -43.6032588329541, -130.34580668001712, -59.63418750185561, -86.6253745803015, 50.1164018020392, 32.616401168657404, 124.7276413015814, 4.90779894382837, -53.7873256849554, -10.77368475760637, 80.4025764612784, 33.8518790877362, 95.4171126062769, 118.7779151575233, -32.781616403855196, -20.0588227379882, -190.12624215749833, 103.8654156637149, -15.72980333023838, 106.8883997944404, -33.4383312252235, -112.9054945132155, 41.0595559355081, 133.343337614496, -51.1282905568454, 133.4303491210589, -146.6302680539456, -40.226262383838005, -152.93127234632868, 45.997585042246996, 30.8600525329535, -4.2284725677814095, -120.6097391112879, 168.8986302034406, 104.4678869770478, 23.6973856936593, -82.96847071884821, 51.5543908307234, -61.6355390990988, -16.53832459297451, -34.0102594471327, 41.86662067127, -16.73089260363474, -41.0861706889976, 36.3865682306038, 52.6455498717633, -160.8840744071959, 42.056530494990696, 133.1518488610888, 79.0748190608745, -22.4970576164401, 13.68825227554725, -69.4348641920848, 116.49662106971431, 43.2197975814632, -20.138415103866798, -15.54038520688107, 205.23753608229498, 7.39712977592898, 59.567593540286396, 141.4911778885731, 194.6237748855971, 121.20112809107971, 90.6390426395566, -124.503573880781, -86.1123779809597, 60.1499228693109, 4.04101962905508, 60.8612073993462, 42.4723366304573, 118.68583988412311, -150.7815877267342, -94.215646709033, -19.254997008649347, -158.2546882810443, 30.3371178400676, 72.48802738258249, 39.5947214240484, -49.0543866606142, 56.7031527799748, 283.497920819606, 48.3664869161595, 24.507275384056797, -92.8584796188899, -127.57099165394959, -37.808574069275, 65.8652191311619, -8.52658014226563, 37.884938757581395, 67.1627015178303, -117.3265127678338, 44.4240173795604, 116.5345061384543, 110.56791763400531, -8.36522973974212, -2.82277411275266, -19.857553583999618, -96.4572956781677, -134.8547397656934, 157.0564351075232, -10.444580254849651, -117.5840250460395, 3.32696962878706, -40.9711888701109, 187.6259746823092, -43.237267982385404, -70.6444950275018, 66.940565736284, -29.0990577942576, 77.84567920188721, -4.87830932566715, 202.12990549824002, 97.7938597503603, -10.3748240364943, -64.3012565735924, 46.396564547054, -105.6559618162463, -25.6223318419106, 117.0597997605395, -57.5112574626678, -87.6334462366278, -44.557607322631895, 103.7144367359856, 24.9771246530422, -169.7002907367909, 60.7330759954539, 30.499263464519, 11.48155152205368, -102.6213002157559, -7.57045398788147, 64.58667107334219, 102.5959852929019, 126.3529570089652, 45.709752684813296, 1.510124830794524, -99.4607608780548, -101.94880420244951, -149.61315437512638, -12.179839153903579, 61.7458005742817, -7.63391827009692, 109.3277526971464, -63.533567787594905, 33.280958510840904, -20.401014030369197, -57.8601707533647, 117.0165610885042, 15.83209210889618, 120.7067586337358, 10.16769937889398, 53.0442534313347, -38.5375865835866, 117.16728115727, -22.175783380905102, -0.28543178702720196, -157.9326028112672, -25.696762569259498, 143.7550397219191, 134.6218269140493, 50.272466954048596, -26.015629345232497, 6.79542947613035, -34.5907628709235, -3.9188632764969498, 181.35474381679, 2.40835501716856, -37.9707549507668, -221.39884454729201, -110.6111384349433, -74.9189742492434, -131.69974417332992, -110.9818123383025, -136.4855117557617, -89.3559632891963, -82.2238902446843, -90.2618602927702, 96.64255487201649, -58.918560552926095, -199.20689012152621, 83.75082028375911, -51.8954257646992, -158.0630101943978, 188.6703404391491, -43.884762484745096, 45.638680804124405, 91.0483049024705, -2.87088674773349, 50.8020844503343, 9.37571909188856, 0.822731680104346, -30.066707018016103, -142.98483202167301, 26.6506368098459, -258.70268952122603, 124.5800775101781, -88.0799376101616, -32.484829029939704, -31.552980903024803, 14.17313376128077, -45.5612420102066, 59.4423305407507, -103.9970937291677, 73.4602295036138, 74.02892157261749, 33.7826277414605, 20.06473867454869, 39.503389835664194, 12.39224451670231, 62.0964484560481, -16.01971506914668, -118.1773869597312, 15.1452272587315, -30.4307006431744, -3.8345050096467697, 101.0548228120823, -165.2922814853615, -3.03153988384224, 1.097801182509329, 19.88355473892852, 63.66454765587, -24.7134578806574, 167.0130268084499, 97.5864271476478, -36.6875746766706, -19.20198581645849, 2.10748252787178, 153.8106777409356, -117.2141407658005, -211.427297996976, 61.7836631424101, -32.5911736916757, -27.8220433154805, 26.0418131433571, 153.6226223210955, 92.8258270775553, -30.6699720954773, -100.46042376329311, -10.92341135456438, 61.2662012613805, -22.264707507942703, -151.02110281974637, -5.35181665258657, -177.7463214841244, -94.9866239029283, 153.4715065244425, -96.5907057193221, -127.159157642897, -102.8153765609083, -69.8472446089628, 68.0863271519217, 164.1517773095229, -7.07466716594894, 55.277101761368, -36.661770182233695, -138.6456367362438, 92.93742905354941, -88.8860957538725, 64.4042414639257, 75.2930567398181, -13.05252691145892, 78.1325752508961, 87.68591833665181, 200.9645616842844, -31.2655751043403, -90.9733974425814, -122.4338803070142, -24.6986211989128, -46.4113751777163, 206.018194581333, -89.7388771378739, 20.986406602076997, 19.48661202015705, -52.9651208333056, -159.5347945424269, -13.98407374952086, 195.77308890693348, 18.62509291790939, 16.19605070145224, -105.18277454360549, -120.9750592292377, -11.14188707416949, 100.0103753434551, -44.2960417763028, 215.83276653722498, -86.9408283641054, 29.1826825977748, -44.9265182154077, -143.6287762870391, 3.31805447314553, -100.231119265922, -151.9869299765611, 12.22051878149432, 4.6982266644369, 102.7177006298985, 37.355473518840896, -64.65127444013419, 46.0085691603492, -161.9067912044471, -104.33909190559001, 180.2144960363545, 28.5449287044958, -37.6711114334796, -70.4857153848904, -5.36302473575154, -11.65545290348086, 165.7761858743026, 83.46841021894281, -33.257698078107, -24.4789132070061, -85.5075069611949, -40.2088209052103, -133.9516685161301, 91.832981052521, 10.89854215858395, 28.9992694646771, 31.1226614482659, -1.0389511440919859, -33.605247139503, -6.325874652397021, -200.5892821865039, -46.0313596067567, -15.21215642704334, -18.985082348629668, 109.31844048426811, 124.6107686051277, 32.9005636389993, -193.9710663170388, 129.4146674749246, -42.9459843394267, -75.3397009353128, -172.6777152147304, -77.4249477683898, 112.6899846060092, 48.7338596885905, 10.229836711471709, 58.353452289319804, -112.863827857394, -84.3324726373823, 102.9081983912665, 77.3539909559649, 103.7506438347468, -2.59212776405724, 13.65180766790241, 113.7997913256761, 192.4131982212171, -60.0898957222023, 64.4610134539996, -23.4411037377821, -82.3449483026366, -62.7748760880216, -59.8733565876458, -26.243180135939, -104.6468452454476, -43.4795013334692, -282.14081685740405, 73.7466324647792, 41.2851119196263, -7.82894957802781, -75.95317092039829, -40.8816326156696, -105.2131958136319, 30.2902469994075, 163.8791643460871, -50.373483023934, -32.5502282005241, 47.560194334240194, -97.7384451438666, 176.0137382225352, 30.9174429509493, 45.347302153204396, 97.9757614931898, 6.501393807706959, 108.3073792490774, 28.498874632451802, -21.4056247657466, 14.61258175421585, 1.668995786952848, 145.42000885354759, 20.2352906035106, 23.982263515219, -25.9564063188543, 26.4277731175025, -182.10201389478812, -65.1304235236615, -91.30396629194331, 97.0369467520066, -58.1091926703765, -131.6910170341788, 107.5702522424679, -24.4234573589336, 87.9923556848179, -179.6151368102707, 46.4913807724388, 17.19031502442303, 11.6021969959778, -16.57320814533728, -18.06746176063655, 95.7890342582946, 3.99943339281623, -94.8480533084151, -35.15358921786, 55.3894833889308, -235.71357045612598, -185.87469806124062, 7.9558041345568995, 23.4679825348966, -82.4483202048701, -7.84175620067162, 224.117529355805, 61.3634913434633, -114.2340128147017, 18.483007514061768, -19.26153614747794, 21.0771438793628, -67.40792030942521, 38.9636141245458, 56.8891890665882, -5.933151613427469, 216.119554967118, -28.1070742718712, -63.1543772981677, 28.4666179766767, 93.2644577688008, -71.1623056128534, -6.364554823897651, 192.74045411644408, -9.32807601706793, 124.2157684620814, 27.0672696816468, -18.08865674071195, -61.0641276764167, 113.2961699829703, -102.72921253251019, -4.46811507150017, -33.942542842905, -81.020967033081, 36.9739068485502, 47.7073651451163, 23.2995472832153, 1.426934715011498, -76.76468254898501, 43.1095175160726, -13.47517791598105, -49.2934054537343, -42.127106424252304, 40.725903455404406, -11.98218988319638, -69.73024902208351, -213.025960215546, 20.5262599026913, 49.8486563980084, -77.2783818008417, -42.099501813355104, 161.2417731186087, 12.924289094322798, 62.0063962552684, 7.74382008917285, 64.2113025834218, 12.942256500869519, -74.5188941757371, -4.4934640496908, 17.562966638370092, 54.6501464968005, 156.3532202840978, 101.4075551312587, 0.339104717739076, 33.765817952808206, 122.5160612114311, 47.099303398376804, -150.5190664397971, -54.6941081341782, 30.2699930865081, 11.19701688401136, 50.9959893242081, -109.5058331762351, 18.03270289624218, 77.0354754127689, 99.565641844173, -86.92592753019599, -13.90667106081344, -4.16632716945554, -26.6878787940967, -73.15848191823369, -43.1172567737243, -3.89399458814409, 15.80998762196231, 84.1923488747245, -61.586239941432794, 165.0732087939417, 65.4776297070305, 43.8415731303758, 66.48739371661699, 64.6825097445617, 69.08664538480261, 107.332397380837, -86.68189108236959, 123.8128613339772, -224.27626743856, 61.4321829405543, -212.895964440017, 170.7945004444841, 137.94215296810881, -21.9887145907386, -98.6144221126867, -85.8209234108889, -124.695466263745, -125.598828727099, 110.2385446438989, 81.0346233160123, 47.31567626254, 74.80797623180581, 80.4568067117714, -76.3353515135121, -39.562815774587, 117.2290107955306, -23.1624058369287, 110.23553664108229, 139.6992373484424, -11.0238301677201, -141.0970902896234, -1.894343945796777, -4.90782411145032, -17.63316855634833, -3.57931374287796, -130.507213156799, -42.2446238039816, 10.71669043689022, 17.86664871586347, 93.66613050611801, -79.42798476891039, 131.55440364967478, -84.9989263321479, 41.963680284937794, 69.9528103237527]
bee_TS = [-121.2333981921727, -7.223083867660931, -31.6834124404761, 85.81756957983521, -44.203453613342205, -41.0974411375182, -70.35959013013789, -172.83803295962122, -93.1063042528141, -94.60694245966761, -73.7987580028058, 4.50517300396937, 8.11970811728356, 15.3448358895257, 5.3046961548611495, 94.8992005304593, -41.8087648989086, -46.1817676263719, 38.4973407499222, -224.65840323621802, 107.2066450043183, -57.947735415726896, -6.66831797566649, -22.826434235853398, -17.77195300936461, -9.33041617338808, 176.4747765349372, -37.217705037132504, -18.06769429248067, -103.59294596678569, 163.182216343694, -37.5887472456908, -74.9455427578592, 49.9223667577634, -5.67032672548892, 32.6708998696922, -9.75553688037349, 21.711904108240702, 57.4774174548502, -206.535710933161, 111.584813976493, 28.4468492506047, -3.2936606045509, -72.3429676987831, 24.5872390344756, -29.253098916682198, 79.56305846335161, 72.9598836542416, -61.6741745735303, -54.947608531178304, -65.6022715157522, -70.3213346323911, 27.0939729818887, -98.1648765919609, 23.0647545255463, 124.5594584924721, 126.88723382182991, 71.1617128730378, 30.855196436108002, 53.979394987400795, 178.1181355616448, 42.6265854083758, -109.6909101717613, -31.4737045424955, -47.1291918448845, 125.9359620214192, -154.738493914336, -134.2918538257895, -51.7387426127842, -12.779338677606031, -94.24488852015071, 54.0862358947508, 15.992723696930948, 17.29855120226679, -79.36774691324021, -69.3188612485349, -108.24126904942949, 78.10807662763301, -59.100136404014805, 52.9193110326145, -14.232205257677961, -63.632066045601405, -115.29834026971051, -35.3319660739989, -18.08575347584178, -25.000763546810802, 82.3927599977105, 136.3574029886232, -77.02242803978851, -158.90093086250369, -43.9374582457545, 222.975821215303, -118.3835375021603, 71.2061862693206, -19.11518807937489, -132.65172195454602, 50.8740525328451, 79.6501237949524, -39.7203907166021, 80.06252526774111, -59.239056035498095, -95.4478046963968, 172.9107513290164, 90.7555193373772, 67.3621277664934, 29.295896007751402, 41.0087554598907, 171.2356330778772, -51.301530610939395, 15.74716547994058, -284.72441367939, 36.2632470862549, -143.20452925768222, 30.1659963122723, 40.8642022553413, -66.5172701427181, -111.40498261845181, 13.13658533542772, -60.769796584916705, 61.4673391138827, -105.9316643528339, 3.5110841292871298, -71.3378406421428, -8.488845148929709, -2.146070579763121, 36.072052715115, 2.82592559645328, -13.05230179915014, 117.90488097823001, 181.5282935346849, 96.7342743085339, 166.1428329272739, -23.033927688218, 28.6464615616687, 108.1896134455877, -22.312385745348102, -147.0442832209464, -76.67515143444811, -104.2501022010037, -55.3244565893371, 65.3906032769369, -233.39299545863702, -37.4166487379904, 82.7141101808088, -77.19602146980651, -73.0769064549813, 108.6496225225937, 80.0751751415095, -70.7367990636527, 27.3116369426841, -54.607348512623204, 68.5973360811446, 8.948236888524349, 42.308740571446805, -176.8683928780107, -96.0204643276072, -19.9118762579267, 6.51281507576506, -73.2744450467321, 211.85755401608202, -46.248570361957704, -79.74311260480661, 77.8091570338901, -98.8351533257577, -72.5581855239377, 64.9139939922112, 24.868938114955398, 32.8864702631953, 23.214137873950698, -26.5700834351957, 45.0898893496429, 118.0137098898916, -62.3973449774827, 32.450770786868404, 186.8027088415733, 68.090545403414, -14.609463314929869, -37.6392446070745, 306.462787063835, -32.6936644067238, 72.5509677243641, 38.780328670532896, 72.4190399450699, 178.345003500215, 108.5688954493674, -4.82463470962454, 45.4923563765674, 96.8760564859432, 72.6825394774862, -105.0020890499951, 187.0556812809594, -165.0095784929102, -39.702201858290195, 116.55611747210921, 13.357438886013071, 15.776224707151009, 68.2398494027185, 59.8337460362082, 70.7257626142284, -127.469182336995, 5.75433421663256, -59.4875365105199, -17.47644190381996, -2.85979204410601, -14.35683671721651, -8.272114708591861, 171.7674802480793, -20.234111070350203, -55.2649308838817, -9.94860621004413, 27.9567275928643, -112.69096768665031, -81.2395175652423, -76.3907655210457, -125.9421790204474, -33.9148766870469, -89.45504219899041, 32.6533524168307, -4.83160417189765, -20.8361088793222, -18.684340707888218, 16.164705416478288, -48.6598100580527, 137.7575133455553, -161.2423061795364, -28.194753925376, -34.8516342439653, 36.4013736686522, 42.754423017018894, -92.675802539814, -40.4091840783866, 88.12961553964621, -55.276985553014796, 37.3573205135136, 76.5875536314413, -6.422845690532791, 228.145717402016, -46.121736622207195, -68.1740967921951, 11.62512038809208, -45.557336850782704, 105.42585438795149, -67.2891754138962, 21.2282702811533, 128.170213031186, -25.2714178276439, 240.31170662429298, 251.56283031266, -129.8365226309737, 118.0112411730165, 33.200170701198104, -103.44678260473239, 43.2774030982923, 70.5894134516054, 72.4066140635847, 2.70166201990612, 31.8343197490099, 138.98647907874982, -49.3681170253068, 36.2938393622366, 147.8042394822186, -74.49764184364301, -25.8084366395877, 101.5550648327518, 59.4285108916568, 155.9981074963476, 44.433284068073, 12.403393329903121, 56.0848788780479, 76.5878068010935, -94.1593089635023, 6.5638894494745195, 25.7637247562561, 22.7081738766398, 44.0349719034532, -114.8185407379959, 73.2160540350832, -88.7534852672481, -69.4019921791348, 35.4969942321859, -36.3586215820183, 110.8544129139226, -51.3169342613945, 53.3001415612038, 73.6218865556566, 165.77722058815078, 114.8932889889177, 92.26627665510989, -21.2609754074059, -7.75250132958964, -66.3737941975657, 149.96163542406862, 159.3271733465695, 72.303675284159, -38.3031543204081, 102.29381907240361, -32.6586966762879, 43.0204547698116, 122.7442084243429, 4.297637623336421, -20.8921666465455, -56.6669019028821, -102.1218282935157, 188.92985186525442, 87.7885928476829, -111.6777612244347, -19.1980920470574, 49.9963824553992, -19.9572088483173, 118.3326540150545, 30.4246834933573, 159.7421322296602, 55.763962587598996, -52.8407470136109, 49.8507941044828, -10.015770647779, -64.7693918084669, 26.6474968386909, 41.1857024881651, 186.37061713107272, 159.3964471291653, 110.1031489013845, 146.1142073595782, 15.98463905224564, -54.6869776769188, 32.6200384872014, -73.60633644543651, -95.1229881693537, -112.69261624008121, -53.2174073827852, -219.273105945949, -58.1626380477529, -167.2943274214201, 41.948646374781504, -95.3487087242389, 79.22163185155961, -188.0797085835216, -66.008693496596, 109.7967890970732, 41.5072675320419, -165.94671400532678, 126.21033977768491, -51.3013282371683, 102.4041965531453, -48.570379685325804, -150.16317960907952, 22.386186186078298, -122.17884942779631, -33.7649890071681, -2.92161303579167, 83.64193387602401, 253.84228112892902, -92.33669422237509, -72.483249263884, -1.9278696110633802, -26.1025678203599, -164.3979214842627, -119.3335578290244, 103.4083639237007, -57.87600663933161, 33.7510321273191, -97.8316197340118, -26.349563302542002, -87.4127124422667, 113.07268863930051, 30.297878956506, -46.2820683765046, -25.292904352584202, 13.271936264042491, -12.377090045854679, 88.2977053336804, -50.3818039159536, 5.43817324331588, 67.7702774412956, 34.3192139913706, -31.86693076014, 312.360869543194, 107.43025055823699, 2.2931243982869702, 32.3562700958063, -122.8601493416015, 62.9152567068631, -144.223024250404, -50.3513076618568, -104.44089857870699, -43.9685583154603, 113.7240190872048, -107.3107019982064, 32.038557148287296, -8.12962898449668, 7.784521987825411, -86.7832561072712, -95.6272899651199, -7.92418820181905, -85.08173828661461, -43.4653313982717, -87.6341336342526, -23.8719189300012, -71.7816201479277, -103.2633226940319, 42.563893495620604, -41.940460271588506, 37.4695190662909, 19.520004353214752, -147.4658722666525, -109.6032182344011, -79.4626154676445, 70.899780074065, 5.4733266465899195, -125.3285773535899, 117.01026020630209, -80.19679961194689, 108.81977594135711, -57.852383408809104, -89.1547072425212, 59.751775705193296, -131.4484929265814, -75.9906742711448, 134.5275727375775, 40.764059242555504, -71.8735173022954, 97.79267139754009, -34.7587515683489, -64.4867240071635, -60.3408906231392, -100.0591723379114, 49.7616930935649, -186.48813015929062, -168.0156587151648, -14.65338325463985, -61.3148684912542, -115.009683660019, 144.2683790530568, 262.86958179839496, -72.2772455126144, -5.069357597265579, -127.39518561829729, 130.0137565759587, 34.1045535856369, -36.214784068223096, -81.9950830770985, 29.7480316605984, -117.20937592937531, -39.5518813252417, -180.89747236955668, 67.3388464175805, 33.8492329939983, 3.70464294422526, -14.017098670138552, -65.7961269784918, -15.10928065150647, 250.81786977241399, -39.784834620165995, -87.3596770114978, -136.65111871157342, 21.7965577309848, -68.3312640748741, 11.74097493129888, 52.2398556625714, 20.395887872307398, 55.4937522112171, 23.8882994102352, 125.8578452294976, 63.4102827694476, -65.2315698296881, 70.91742782473179, 75.8982878342775, 24.1584567667812, 97.4119183110748, -44.8384895516838, 153.090797907018, 34.3760817285432, -54.3647169535114, -14.47129522885451, -37.2663012526507, 52.4202536767238, -46.914387619958205, -0.146238913455581, -16.958600293017902, 161.85311180764728, 99.9177058513432, -137.4519592715926, -9.463967053676999, -111.0905003010871, -31.939880148433, -53.638277971132396, 7.488677611407249, 1.153555529295966, -51.4499629050069, 16.178473283695432, -12.016794813396611, -25.7498016012237, 171.6990581919857, 36.417619552850596, -161.21740084032348, -91.6856105000291, 188.8134873765768, 55.5268149174632, -21.3398086645527, 208.983950681853, -39.024244191694805, -24.6391575587325, -10.72920587150818, 21.445726092216802, 54.355062972823305, 15.61517100077625, 61.037749994786594, -37.628288320849705, -60.611879390057794, -83.4897181073841, -95.3333941374867, 92.80548165583349, 25.3588291166225, 77.4761137660688, 26.6788646034327, 170.98281906431941, 31.246248482610802, -169.1156565625472, -66.86459449085939, 26.833899186790802, -60.5496833274153, 125.2265562427248, -17.69399510502663, 29.7416386934185, 99.37373467896501, -141.34496531513912, 299.316281430396, 41.7156351692432, 54.2563226624337, 69.4653833564278, 20.7953043846863, -3.143718583987, 71.69051302576719, -71.3573911353918, 154.49520499132979, 136.83409216159578, -81.1640067682729, 29.8950667244859, 133.9460257890808, -44.8120667091075, 30.811285614082, 87.0878864664406, 84.44877127498, -156.9199189554759, -30.5876545022481, -71.3087466274321, -2.97232544142354, -15.26627851103579, -11.00074756118394, -36.2058330251405, -58.6773441501479, 12.56270247177782, 22.4000797675785, 107.0828607875505, -77.9511713635222, 74.729354560395, 87.5932424556562, -37.4340381274593, 174.46182189541412, -139.4972246825624, -206.25997623812202, -13.107981193159219, -5.35263809574718, 7.74960009821799, 157.76653635191929, -21.447214840017402, 83.25131824808969, 88.568528902189, 77.0242136978715, -19.8485267124764, 125.53703978902371, -26.6833545247789, -61.3921107606084, -95.9738893045512, 11.68135569475702, 73.9741392418592, -12.098547225491199, 78.6438413797479, -3.51379422424773, 131.0545538294524, 37.514036680001496, 19.9512456284866, -24.4064189823818, 66.42302903219499, 72.4863760573179, 46.5746977305034, -1.020775732539529, -110.03938676272159, 52.085931544935, 35.0075140269373, 80.5473919844926, 54.4438850488919, 74.44966861523511, -12.04802911050184, 50.1116106927729, -59.658616163336205, -3.96731328982445, -113.8149056058547, -61.5824090919914, 75.7136878173736, -187.0429052335821, 58.8904403764599, 36.8111136996158, 167.91151815378151, -60.254729113565304, 65.79855517770321, -27.5682339086808, -92.74705272772411, -152.3377363921242, -10.40654795539221, -171.8721151927994, 40.0108036140412, -49.505078710140495, 61.1150672929532, 47.2905570344947, -48.136857996532896, -53.0007810230626, 78.1290826826787, -117.5274611010527, -23.2997415769588, -39.2191907514154, 42.4643667734551, -17.950795048981902, 7.2514727074142105, -40.1594722155054, 111.6927809782229, -87.68016339335509, 15.80790738699934, 116.96748943540689, -64.5870249271527, 7.1881322809121, -17.7014022184749, -133.8843190300788, -96.6190614119578, -17.26225324004232, 48.0691521528731, 60.3885072102032, 17.18295399530519, -8.21302647169376, 30.406189569211, -87.9847854385845, 6.68985005825123, -106.18058549071199, -64.9072951782151, 94.8746217564673, -58.9977579402493, 124.3474807146768, -42.8499832629215, 70.7844753577863, 48.2982801751854, -128.729819913783, -56.1425903101158, 18.644823090960323, -74.2251313105365, -67.883337422842, -165.8534491648936, -107.83697894347421, -102.0470342575957, -83.03896850355889, -1.978417149824769, 19.803089493926002, 1.96421651793927, 30.5141344265089, -109.81108324966641, 28.3363844607039, 51.207557313657, -133.2918527137048, -140.4074445285003, -86.1685199793769, -34.2565946636195, 35.7402184074557, 9.131484279962589, -85.232291798064, 73.3125888919095, -43.1575829066247, 103.4596782925168, -177.3381552668682, 119.37774797116231, -4.12393878535911, -73.6286950200485, -43.251030919612404, 9.4412061526436, 74.8367852386323, -151.1972629563233, -24.1621836096552, -43.3003820596363, 102.2417386274978, 172.86645523993968, -192.8727795586332, 188.73312643742412, 93.58292687821819, -145.0326185768251, -73.3536355144577, 150.268120808812, 126.34610065536089, -36.1732791870998, -9.26889110940167, 14.58085345747293, 129.6594997799699, -101.5682625274586, 31.720608504502202, -9.38955337073606, 69.5999707359441, -149.3381997779941, -13.022776910345051, -70.26656831580871, 92.08712863127221, 93.7480777414928, -172.2340001364889, -97.3595571886948, -51.2692923048049, -67.74239521475849, -21.881999258008, -48.6252026902159, 85.4013765792253, 80.19949200871869, -11.37634549500555, -83.1548507850888, -169.9557670618364, 88.545001339363, -104.656792074976, -62.5202173468965, 10.92144024399731, -64.42854678195229, -79.55830191657219, -47.9685989462662, -76.93480497309909, -54.1677027078269, -96.4671097130223, 112.7434346548332, 127.6511105491713, -3.37068679602679, -52.2777567202884, -12.56521171894188, 88.1994874149208, -173.5437508259633, -29.2307946781541, 104.7301171807444, 132.5727914110848, -48.9651525013584, 18.33547437161573, 104.6390910257874, 39.6147126843017, -16.65636719610541, -90.58244625032, 56.1500865567594, -70.5114024020141, -33.0342373005451, -30.541303729332398, -40.0571216744254, 38.883028428804195, 160.00581479581342, 3.80887720116013, 10.69385246618373, -177.40191756989168, -35.149233851677494, -70.5051598807467, 5.58565477940493, -81.8161779615395, 145.8906543305782, 156.85666759762557, 24.7688234331291, -28.2059129792714, 28.751837756298897, 52.129610214142005, -96.34262429882381, -17.419742749686478, 27.529044518526902, 32.948059826659005, 112.6659820066168, 84.37211157304961, -39.5997069894802, 66.2631340279856, -193.5027789954915, -1.122240803957867, 169.4162051180479, 18.243439906626328, 2.85041078929234, 67.09565457317359, -59.597852352221494, 191.7438360456519, -24.045510226459598, 173.9391176476985, 76.00596104763221, -78.49177124934701, 62.9170079052806, -66.6940591604758, -143.5794749642069, -13.10069862501368, -108.43245907571179, -109.5708439197077, -13.62961729263615, 58.961953532773705, -10.080907742957521, -71.9811489564143, 22.9201089464936, -147.5464686501735, -20.230239803843197, -165.7905815764858, 97.78702173281269, 4.12898106814448, -96.8370185049526, -46.165790161476096, 42.4466088481596, -60.139964377976895, -91.09756515885721, 181.4537397084037, -39.6772854616393, -94.118734968128, 49.8857167808149, -20.964342160016002, 97.2227840488743, -6.3717707691100305, 24.7431628836653, 203.166530280015, -40.1403944043552, -67.75529929351089, -62.0073050420539, -106.84304836387881, -64.9980582312931, 46.0924928679505, 41.1943603972374, 37.3913800783707, 148.34278258385712, 0.378921738127461, 36.098019464419, -138.27128619721492, 4.02076360553587, -51.8085611795466, -62.3835636025103, 12.24392270510876, 65.8583039255534, 76.77063892969619, 4.08390855449565, 17.28948832952254, 62.6837667365281, 80.87362083600331, -47.402983130555, -30.209978542957998, 2.70666828476049, -43.9464619097144, -20.5179078066793, -46.280325456701306, 152.1921085125758, 132.85943745108688, -33.4166608751077, 27.9976050532983, -5.733927928529329, -42.158045968227896, 60.5926666398593, -20.3617366052829, 75.7482545977219, -114.8795852302541, 41.4301291424178, -28.731122292294998, -112.5839050726346, -58.8996551002071, 61.9226031429171, -170.95397720722292, 85.3481760792049, 95.83154496139099, -15.267027725602041, -10.28591255909646, -8.10989137741762, 40.7266425426599, -65.54558481924951, 83.537290217464, 52.831973029185804, -223.167413965616, -63.436281257948494, 49.746507044492205, -9.29616004484323, 70.39936931964911, -123.3096091118102, -2.89593309960115, -86.06427782438479, -247.330726785355, 153.0039267333867, -115.71114997907219, -111.5281286055224, 25.226217344181002, 255.834891888959, -4.882064240404199, -42.5817841264153, -5.02755634586459, -9.91767534797849, -173.1315413776429, -131.22730867825032, 160.04345202928658, -13.96347675628476, -82.884633434884, 110.34291423891099, -71.33981681810951, 78.3258769015809, 117.0200475026667, -121.8885381696755, -46.4577083946924, -70.12224396248169, -27.2827611511052, -36.3134603675408, -5.30639964761665, 20.5566926999686, -64.1483653841565, 60.735361867255, 126.1235248229589, -30.8481655976209, -36.026755659347, 25.3927662489114, 111.3319253759794, 95.7729371662074, 5.63932408329187, 1.801198412236902, -5.82426763633473, -95.6839558088324, 74.71742250571481, -44.084610085642, 30.2085238522532, -37.186994433428595, 62.7777991147154, 31.674791047582097, -154.427902550943, -60.5836808903025, -154.3337110805935, -53.7047497393238, 9.39186698371995, -27.3140001605618, 57.957055824188004, -63.042943655346406, 7.02243499003562, 25.7627001118999, 147.7783857252953, 81.5573248251959, -46.905246104378904, -0.398340115396561, 17.81593634974589, 77.7455340376401, -0.889689691462757, 103.0071247124134, 46.1944797003336, 175.22572070646498, 5.96001507611701, 145.1113795609868, -51.4700348115026, -73.807115521374, 17.78843470933227, 6.04717044679773, 60.173389130614396, -7.922321532462, -30.5762165923866, 50.941436194072296, -94.26940165021199, -97.9676092697265, 149.3166199746255, -17.11786178318799, -90.8436974580291, -3.80166857590545, -27.9602026394465, 68.8431513336284, 60.721598052074, -43.8635414827113, 0.988870778795622, -55.7465206933593, -66.7468141804375, -55.7498154436756, -187.3359489879004, -9.12370775416855, -139.4419383408206, -104.0519564741171, -87.258936283887, 26.630411378659602, -74.8452128118507, 35.0886535232977, -115.6818619717456, 3.40690318889252, -77.23683252530779, 15.6908847762882, 19.654521167301567, 61.1620227345946, -40.7504416479887, -32.1308351473291, 53.7737835577632, 123.7799810293, 62.5390766579974, 8.26936337194497, -138.192003425773, -30.9015288318828, -71.63521039740709, -119.8924859626506, 88.0929673729585, -73.64338564364499, 0.0935089217689677, -52.4548982230622, -202.631388462474, 98.0405144842173, -34.9487507111298, 87.55217268578289, -139.9105124500384, 136.0523548976187, 5.85041007639249, -65.7882941943321, 9.25335527446562, -48.874233000363, -148.485086310843, 26.6787772098827, 56.1707316987125, 9.843095169944789, -71.1336833560435, -29.4409767034469, 29.073240167387702, 50.2175160818299, 129.007902980153, 58.3062140730223, -40.6525158843576, 168.0677706866629, 54.690314541909004, 72.8267900801562, -37.812607706002396, 53.2937275387674, 28.0383687742655, -131.05116082930078, -38.19331829894681, -79.75396262499629, -60.6193712494166, -20.300932746928503, -39.2487795839131, -70.6930974463065, -229.067818540324, -59.8593321338705, 28.1549497984591, 14.01258523984124, 14.27436570128409, 100.66868433756571, 33.3621513723719, 65.5215485268069, -78.9725978872584, 99.6106429388916, -95.7576261690455, -157.3894869246746, 33.0542010390683, -78.5662315346753, -80.05933123983101, -317.481848978859, -29.329174562945, 156.6702515232194, 99.7097286942674, -28.421145171222797, -22.8288473608762, 56.267917243175305, 135.408173464022, -92.45224497177651, -12.430500143232859, -61.4122974440382, -77.1623934881208, -64.4858086009317, 31.3283765559715, 150.52400613316001, -133.07578586800798, -109.0340152773952, -0.2286753708096449, -12.1303917169421, -25.638609952653, -185.0217178301683, 114.7385910804782, 61.1217247862005, 12.99303971699593, 92.8980923369111, -62.863658183269095, 56.4668646662268, 53.562970827880804, 14.38094872023523, -10.07199422477842, 26.354878807650202, -27.535721051165602, 87.3474474329769, -83.3592358547739, 75.2383700119038, 19.10457033265935, 22.476158507302202, 53.617696993043296, -179.78203720152902, 14.43410366939454, -135.733866431326, -100.624467182236, -100.8993171185189, -88.8047110403585, 7.51961872207779, 27.0542170206805, 95.63143624942751, 21.668068424911098, 29.2092749245246, -145.80826123355308, -45.7655500863562, 72.8777007249014, 11.32641187024213, 7.78906799976867, -14.83091649504215, 69.8301527087331, -188.5034161812735, 15.83687515822475, 48.7012450455035, 90.9576408315676, 71.8239293757585, -114.9007224959975, 15.43309295362152, 7.97631716192844, 7.3560416601282395, 2.82799974900125, -42.1669426355394, -50.7420019769516, 35.175596107648204, 127.5570479782647, -29.423712325844598, 15.34702794626619, 34.8222379986588, -43.542396838357, -41.5520804715556, -225.849012279878, -78.58752273713051, -95.1048482881, -18.414596507710762, -127.6641652015023, 154.56233821871962, -58.7738410839169, -108.1020128293938, -318.007855320007, 133.58341641982838, 24.254933526543198, -9.240523595427671, -130.46730450730092, 24.5591202310097, -44.3016188081975, -72.0057342292075, 20.451584255126, 68.8844097980495, 19.42442478572219, -33.159645460426205, -10.31551991290182, 5.362624017935399, 46.6317730064601, -124.284864868488, 140.24973637802862, -85.6008999542009, -61.1384933286351, -75.9278538345671, -191.35829566878039, 20.3629941496104, -91.252541228183, -49.7337833835766, 73.6309399482544, -42.076079528292595, 11.957164819385149, -19.04191595047559, -54.632603720982, -1.269972207212543, 112.3117823511619, -109.8085944060146, 177.7298515199218, -37.5222250607163, 75.3729061501854, -1.7566435470175001, 23.0831447375981, -21.3933936768633, 93.58796960626549, 122.2812279828616, 36.8585240839021, 106.86437028981351, -84.5201668524844, -7.01183749483676, -45.4653724956686, 144.8523832375433, 119.6208482621271, 92.9584691603812, -32.000938879686004, -58.419640073718995, 49.4974569243003, -54.646947746452696, -25.892012919626197, -14.53908920357025, -46.9798802365894, 102.6123315245942, -9.49663925901004, 74.5635061573957, 26.5866069893692, 40.8069489433437, -64.6444559789528, 63.6742607920074, -39.3220086496443, -32.382122998861604, -9.04326912272211, -105.0339263154329, 155.5802604301822, -52.2382533784749, -10.3700725272146, 35.961534716761605, 41.1363010224403, 144.8415291753132, -24.939769147266603, 153.4463672869646, 134.83195884773892, -194.2071953251602, 12.080816952255208, -40.751341407488, 28.73896157023, 20.978786433859902, 24.1255238504622, 119.6935373576023, 177.3400160998908, -158.4729557374382, 156.3446961389811, -182.5723111943526, -148.0893778437667, -21.361131236709603, 0.51816158656345, 130.9246096971641, 89.7884108206805, -35.4935648426809, -194.2301559504372, 143.5479763592054, -94.78183379517549, -1.627966972361019, -15.45008730456372, 245.76791628298201, -56.491178482372604, -215.48314697416902, 58.5408428627238, -313.722027480824, 23.4079882325766, -66.9277403488066, -37.979248457805596, -53.8502606402144, -110.1218442795777, 80.4557576321721, -71.66942732317429, -11.65230194798989, -162.3054716398334, -8.98047085073789, -94.9477840199461, -149.69047179682178, -256.416615144528, 30.8566138772724, -62.4009101042856, -8.87338212471198, -27.2208718690108, -163.747729270683, -127.8584406538844, -111.8272934358141, -104.0480957236244, 111.8729323869829, 16.303541361086122, -92.4206283743245, -41.1352288642996, -42.8164820225075, 74.117345148651, -59.4045132715905, -29.4856095497646, -46.926805832842405, -66.8958633384667, -73.127749565418, 72.0472433875748, -38.209781746456, -181.4000472042637, 156.47230440340212, 93.0082173699092, 12.60633033840234, -150.21970256349272, -148.48797049049642, 23.0235267300633, 8.69083947772269, -59.732274414588, -95.519302728336, 74.7593915850351, -14.20613141753425, 50.805117424720706, 102.2592240846097, 64.1086809758538, 70.9966455398223, 52.6816567355832, -39.627445426317095, -23.7467451812021, -44.1461848160127, -66.6493117995926, -84.7873480597859, -134.1493074484197, -78.3038088057423, -13.792913942102441, -171.4860325976801, -7.43656008533782, 68.226812088081, -131.8706053198335, 46.504005780937504, 44.6271204806814, -133.17985456870952, -115.2321015418266, -25.9766231378783, 45.8264072331484, -77.7720297675468, 137.6622206109813, 118.8752953344356, -155.9117878717907, 103.41839701574989, 69.4819608226789, 22.639758448304597, 50.1346077121395, -85.6739282333555, -21.789507036445997, 10.42370144441645, 34.852328012907904, 91.22525958666509, -102.2935153785852, -3.1051788101998303, 36.5997588859017, -8.407855926424851, -47.7867571340192, 47.298779308834796, -55.464768611884196, -46.0775711125643, 11.570375091776711, -120.99313544506859, 3.80636885660256, -60.437004628160594, -17.92347315482104, -2.099741487176443, -114.1480438636311, 112.5846905232614, -59.7546163836968, -251.07910296397, -170.55290719095348, 80.7013665460036, -65.72896911694869, -29.0613120783145, -60.526983582396795, -35.233498042061, -195.47791134835262, -29.663279648491702, -126.0868234686217, -64.47187599764729, 49.07402022209, 152.5182546639767, 1.671463314280637, -8.15475903389021, 113.0552725596623, -95.1515654566738, 78.6935725290434, 19.34071987917615, -80.8937723464175, -30.1172119970944, 49.2603112768722, -3.12800172019512, 18.46142408408302, 17.914621419831917, -43.9316450040664, -58.600387980802594, -102.86636443634299, 94.2818673629753, -122.162927574216, -95.947188571717, 24.3235135898726, -179.02446231675322, 39.733983033422305, 123.6819004636033, -3.9774611390975805, 3.19686020420969, -44.6106091267404, -38.754729771402, 13.516267518737621, 78.5343746987775, -80.8827121170687, 65.4060547173158, -18.73340953697641, -19.479713715890448, 63.008713405133, 45.9055191622027, -17.562692459902898, -5.0560184477910095, 46.9929206403517, 60.8310527427485, -145.69683518523829, 23.9133938838075, 101.5186309953654, -197.722168532784, 59.565033880066096, -243.00884780397, -14.41165809489819, -32.998341392758, -26.996210184711998, -19.6513341604289, -44.642421773270996, -8.46293399402343, 24.7853033303094, -52.7887097501371, 27.3275952928988, 170.8425272537792, -130.0420599172412, -54.794866546327, 70.6368006356936, 54.121497934923894, 81.6411661016796, 31.633339441929202, 60.2265956971167, -34.007818425881794, -91.9118733483678, -89.89451928165471, -27.8321718800024, -1.0595388848822092, -82.7681062313203, -32.2164142396891, 16.80232307442924, 41.0806302848165, -23.5263741488565, 116.13992365976989, -92.90034204692199, -19.35522609336867, -0.26369108231092303, 48.439715923901105, -81.7393516627908, -46.4580641429763, 54.868063805121, 100.2866091844443, 139.35126047219302, 76.336849523327, 76.3516647341747, -59.9603169101242, 132.6369226406438, 131.2038360640488, -14.6238769223743, 78.10281303849641, 75.0743649895827, -44.0903055318414, -0.6592662218826411, 114.7456811000815, -59.784227896614794, -31.175717566660403, -121.5391964776825, 53.584655951764404, -18.09761437818633, 33.4511099647806, 21.2958392740529, -80.5902978083353, 95.6533342130553, 80.564995411631, -43.7340986556726, 35.61611739477161, -120.3665429938907, -103.8173671133026, 44.4824335293551, -132.697193150638, -50.2233094905511, 23.180296460893203, 161.6573457229723, -46.6886127975193, -28.317580416069703, -23.0862363862448, 231.15857697399, 24.9642800414129, -81.4723031220938, 137.0656450161975, 126.9347669845068, 59.0037066669911, 142.3371698257215, 156.6212521750962, -26.9075997683352, -55.1908613580768, -72.72739928806891, 53.3952795064369, 69.4876759772902, -10.353461822759911, -43.6062147992028, -130.3345062151768, -59.621811352128304, -86.62411438226209, 50.121662261775, 32.618148303693204, 124.71882032186349, 4.908398519802271, -53.786442229966696, -10.77680862710929, 80.39807395999111, 33.8526440958363, 95.4198919037207, 118.77129741539571, -32.780776668077806, -20.061972535871803, -190.1215757631091, 103.85325794260899, -15.721837850409461, 106.8911806460246, -33.438256616543, -112.907139498337, 41.0679163924879, 133.3419441681298, -51.1309767682972, 133.42196372767228, -146.6259165833307, -40.2262125972601, -152.9336692896244, 45.9938113284268, 30.8513294699678, -4.21971915961944, -120.614281308353, 168.9042923556476, 104.4650846380658, 23.7043699871341, -82.9744510690404, 51.5527551257417, -61.6208709701693, -16.54569722792926, -34.0157924309803, 41.853823608852295, -16.74012346287529, -41.0840512071971, 36.388721415385, 52.640321826988, -160.8744905072973, 42.062739325268296, 133.14789222225738, 79.0689182348023, -22.488169504051697, 13.683174468056379, -69.4279921801286, 116.4855627820171, 43.2147357722977, -20.1349053523608, -15.541290722754901, 205.227885802355, 7.38944088688791, 59.5520030662903, 141.48589347728313, 194.61094956475972, 121.1935906862769, 90.6360081107384, -124.5011305870735, -86.111562928195, 60.1439560208374, 4.04207194076121, 60.8555911160358, 42.4708509193778, 118.6860555448732, -150.7734173126162, -94.2113648110801, -19.26476125643445, -158.2404204006237, 30.3337885581427, 72.4946828955041, 39.586535512890705, -49.0489910573434, 56.7053296614843, 283.476380430826, 48.3690095320391, 24.5076564460204, -92.8518007155306, -127.54880329974029, -37.7993848990488, 65.8606702551526, -8.5252831263979, 37.8760790482116, 67.15328339287771, -117.3222833629764, 44.420408309040894, 116.5141125133527, 110.5616350373359, -8.369777951778289, -2.81380229663139, -19.8578258600948, -96.4421109601057, -134.8549956056092, 157.0386478433706, -10.45018544968855, -117.5672733622023, 3.33731817405359, -40.9734823066084, 187.6102790343401, -43.2318312599806, -70.6448007161827, 66.94231646122111, -29.1001668196538, 77.84433155971689, -4.872028445424769, 202.112999960426, 97.8000491025364, -10.363471792892419, -64.29891146541951, 46.399594940346205, -105.64470204935441, -25.6131032067769, 117.0505306310999, -57.504327964370404, -87.6252352285112, -44.561110153193795, 103.7074294164274, 24.9751888257427, -169.695206154248, 60.7314755493627, 30.4811131840024, 11.48533600161063, -102.6135081976216, -7.56803429161913, 64.5759860690621, 102.5827150520087, 126.3461956294141, 45.7096521170102, 1.5146761129122628, -99.4624943549801, -101.94313689930459, -149.5961862267086, -12.17969831924643, 61.7389891256135, -7.6307661166804195, 109.3160093955122, -63.5292902193432, 33.279677481097096, -20.4057472690561, -57.854886549457305, 117.01207764747011, 15.828590608893391, 120.7011977841988, 10.17224184094152, 53.0329093775184, -38.5370542135754, 117.16111832085511, -22.178335779492, -0.286106785616847, -157.9250156142244, -25.6915516274906, 143.74498071755528, 134.6111404353054, 50.271479996768505, -26.027903326213, 6.79858211120097, -34.595944852922, -3.93861134093065, 181.35196978323262, 2.4152731875291904, -37.972233370840996, -221.382945065113, -110.5945954022569, -74.9174003504736, -131.69157275747278, -110.9752040876303, -136.47853877372688, -89.34545992744751, -82.2052145768105, -90.26695771626811, 96.6376796482257, -58.905792922654996, -199.185346235797, 83.7444947207684, -51.889512415756, -158.0533278651977, 188.66459095551312, -43.8811590088331, 45.6308189112033, 91.03994740980559, -2.85806370515611, 50.8024093428313, 9.385122881946451, 0.827177117811597, -30.061169742793602, -142.9766233467472, 26.6522787640403, -258.67664084626097, 124.5832217414063, -88.0711646522614, -32.4969651442915, -31.558950846576302, 14.17644832672878, -45.553247954337294, 59.4413542858245, -104.0026722335764, 73.4468650927709, 74.0270581779927, 33.7705570868362, 20.0606851107729, 39.505150769280604, 12.398377146102721, 62.0888078141737, -16.011366413163408, -118.1879264808608, 15.13886880766752, -30.4309123068653, -3.8359277976271198, 101.05762803253279, -165.277183820835, -3.03915608382506, 1.1003150949257892, 19.8856900494016, 63.6570141483146, -24.704840617266, 167.0070494093431, 97.577363963619, -36.6893273406596, -19.200389964303213, 2.1148671801431, 153.8037778964877, -117.2060902962518, -211.417322491859, 61.7785603885587, -32.585723493524696, -27.823698133855, 26.03741763661, 153.6112190674114, 92.8168475385817, -30.6618579623809, -100.4583408384934, -10.92978305999992, 61.2597256601085, -22.2696835933659, -151.016314212486, -5.35595831763845, -177.74320417239642, -94.99349797518, 153.4633423514218, -96.5836361286243, -127.1557397939351, -102.8027983431295, -69.8486033629465, 68.0832513475048, 164.14915386331342, -7.07417436385425, 55.2725908695014, -36.6693291410419, -138.6404817319031, 92.9254680057423, -88.8816638119194, 64.3947034315728, 75.2839826548567, -13.0608918758683, 78.1214723445953, 87.6793758605861, 200.964490174632, -31.2531724451782, -90.9800746313604, -122.42601629487231, -24.7024862516344, -46.4235968733473, 205.99058430945, -89.72730587074341, 20.9958078411781, 19.48043354119768, -52.9526432085117, -159.5313747438205, -13.9826420355751, 195.7667289096915, 18.64111387653526, 16.19827473119374, -105.186513390122, -120.96966380888139, -11.152194373997911, 99.9981843570153, -44.2958278602392, 215.814512116072, -86.94146337208551, 29.1895911388902, -44.9138992859825, -143.6156576955945, 3.31960929995042, -100.2286330804294, -151.9823186943232, 12.226339083932949, 4.699232544108019, 102.7149502752191, 37.3618096927012, -64.6411141822435, 46.004343845284396, -161.9081429194671, -104.3251901680303, 180.20315134959782, 28.5398712792806, -37.6589591996465, -70.48184077091011, -5.360920872580611, -11.66236820963211, 165.77089493279692, 83.4596313940124, -33.251444662641305, -24.4718664787493, -85.50642854679961, -40.2024989663625, -133.9420653423426, 91.8213446893479, 10.89338011860443, 28.991332463091602, 31.1279829246303, -1.042563168934445, -33.6100703797039, -6.31130797708015, -200.589260921678, -46.014673741930096, -15.21172501319141, -18.98070127174308, 109.30442216157701, 124.60498494166549, 32.904559075562105, -193.9610073165734, 129.40649097922199, -42.946281757772894, -75.3356611153893, -172.67170093310108, -77.411569584496, 112.6893773051516, 48.7311260528556, 10.22764776209227, 58.3595007900289, -112.8620451691082, -84.3395334713419, 102.9017371261991, 77.3549669520808, 103.7403947475731, -2.5867580474305, 13.64921877647836, 113.7957528065636, 192.4004447754656, -60.0777033713224, 64.45593300587609, -23.458608938154903, -82.3442836284332, -62.7670822138533, -59.8767688881832, -26.2417454416215, -104.6407453385377, -43.4709840411792, -282.118699016013, 73.7382598370265, 41.292119558434095, -7.83293807755619, -75.9428271095428, -40.874762827737996, -105.2125165580952, 30.2794296618352, 163.8673511054388, -50.381471268155494, -32.544898602972104, 47.558362312129404, -97.73284369044279, 176.0015280203927, 30.9104375900839, 45.3412602911325, 97.965892724078, 6.49824102839589, 108.30430854699651, 28.500691810414303, -21.3911082909923, 14.611272692919801, 1.6682222685529169, 145.4056507268166, 20.2288279185955, 23.9842587025581, -25.9568625853348, 26.4303750642253, -182.0948815888854, -65.1206216562268, -91.3087508567658, 97.0256555363274, -58.111372870555, -131.6762706964912, 107.5625564742004, -24.4242052786288, 87.9761258001647, -179.6072325193449, 46.4679564555738, 17.18898980560366, 11.59910811218409, -16.58117875924388, -18.06843576487105, 95.7900804496342, 4.00814138097917, -94.84932254030309, -35.1535337527212, 55.3829567168005, -235.691910524734, -185.8545705906222, 7.95663627739132, 23.472972476261504, -82.4448244736322, -7.834904222792471, 224.097833736535, 61.354051847037894, -114.2208627313748, 18.48579578399102, -19.26904179823899, 21.0748010432823, -67.4035124403313, 38.9674118669844, 56.88272354683539, -5.93718047129476, 216.11112384409302, -28.098875893096498, -63.154005905037, 28.4813765332226, 93.26422153166459, -71.1501442362579, -6.361340754825489, 192.7282132019948, -9.33442809770555, 124.210286483834, 27.0643095029323, -18.082133247676268, -61.0533102909549, 113.2820902751242, -102.7321796862511, -4.46646904620036, -33.9482881068158, -81.0102939449303, 36.9672824544268, 47.703419982454406, 23.2868731739837, 1.4334153682762198, -76.7646202356853, 43.109165155144495, -13.47515021804448, -49.2893058334003, -42.123985769397905, 40.717266971362406, -11.96949023513796, -69.72739715885251, -213.018670153428, 20.5291297923241, 49.8293205786986, -77.2796891638601, -42.096640252292104, 161.2302171937343, 12.9310252310385, 62.0117090303217, 7.749523921381869, 64.2158217644713, 12.94025161732862, -74.5126316457621, -4.505067825501399, 17.55376330093317, 54.6600429380374, 156.33932094507742, 101.40707270170239, 0.341477390952817, 33.756426749249, 122.5043031094543, 47.100995803999496, -150.50583451515962, -54.697645151897, 30.259685588881197, 11.19935937658591, 50.9895981199653, -109.5009194798424, 18.02592157089878, 77.0337254626957, 99.5634128629175, -86.9183499736079, -13.8933563098902, -4.16652413590566, -26.6989555524699, -73.15109142738149, -43.1036699881149, -3.90492117690932, 15.814100299143469, 84.1906389636886, -61.591200457645, 165.06357060096758, 65.4707418131255, 43.838496422587, 66.4830973567162, 64.6725936389067, 69.0853341515247, 107.3286518980795, -86.6793410944916, 123.80425065657761, -224.269990289915, 61.4315521812105, -212.886173650317, 170.7884508553019, 137.93873604200502, -21.9848012705556, -98.60777616910761, -85.8148602366835, -124.68385474004751, -125.5934167767668, 110.2297324537355, 81.0271780052997, 47.3143883588613, 74.8001245324587, 80.4622312496453, -76.3339500864808, -39.5584337515665, 117.2100436530695, -23.1547143645992, 110.2275622341446, 139.6945669247775, -11.0214072556596, -141.09062906954063, -1.896942869285339, -4.91196121330131, -17.63499563048832, -3.5736902500732297, -130.4946909498051, -42.2336351743198, 10.71868030316234, 17.87184283553237, 93.66217092961409, -79.4328177854852, 131.5353514184377, -84.9914779037031, 41.964956314508896, 69.9536895417395]
