name = 'XNO-H-XC'

composition = {'H':1, 'C':0, 'N':1, 'O':1, 'Pt':1}
IS_SPE =[-378602.681, 'eV']
IS_ZPE =[0.473, 'eV']
IS_frequencies=[161.3, 164.61, 177.42, 318.25, 517.41, 520.37, 867.03, 1312.43, 3587.35, 'cm-1']

composition = {'H':0, 'C':1, 'N':0, 'O':0, 'Pt':1}
IS_SPE =[-377873.7835, 'eV']
IS_ZPE =[0.109, 'eV']
IS_frequencies=[533.3, 611.4, 612.4, 'cm-1']

composition = {'H':1, 'C':1, 'N':1, 'O':1, 'Pt':2}
TST_SPE=[-756475.3959, 'eV']
TST_ZPE=[0.439, 'eV']
TST_frequencies=[180.9, 250.1, 315.3, 427.9, 451.2, 510.2, 570.4, 709.0, 985.4, 1119.4, 1563.1, 'cm-1']
no_reactants=2
bee_IS = [-120.2763198361102, -7.1700250007160395, -31.4813170666896, 85.1381212252729, -43.881752879508596, -40.842420955662604, -69.6773112759293, -171.39858036014851, -92.5574739727938, -94.0415049180804, -73.2215414324306, 4.38937881263801, 8.06081815052897, 15.39187173502472, 5.25495351438653, 94.1888842963554, -41.525653565345394, -46.0235198071314, 38.182031527534, -222.97824843512, 106.3343349320001, -57.64240769374, -6.59019642994497, -22.6866500726816, -17.79190419762643, -9.28977428238832, 175.168741819826, -36.852718039343, -17.9567946049084, -102.7627294346689, 162.1604851257366, -37.502822900003196, -74.3564187398963, 49.6288078308093, -5.62575778841875, 32.2565807963662, -9.78018786071163, 21.690345141547198, 56.9138132781504, -205.05944412761897, 110.75748340563001, 28.2498121317528, -3.12852512241113, -71.8739700205829, 24.4184157438149, -28.9484930655537, 78.84142467994269, 72.4330660261305, -61.379139655300506, -54.4911559533627, -65.14499720094, -69.7723244494872, 26.7804289058796, -97.3929435741264, 22.820506107537, 123.6170405672915, 125.7587359500218, 70.65838994398831, 30.627450147047902, 53.4841452102374, 176.76110456656681, 42.3994137396577, -108.86842197422209, -31.325379175993, -46.7097077074049, 125.0081030550821, -153.6579367345691, -133.3758666673874, -51.231694656260004, -12.47921654955758, -93.6683934987135, 53.6857921301537, 15.82767766326265, 17.07864955268304, -78.7729467581146, -68.78387781113369, -107.35903870000851, 77.6437416910725, -58.5864302669141, 52.4444795462406, -14.09897328324236, -63.2146828267991, -114.5297992268195, -35.104334180303695, -17.86746390373969, -24.7983084702962, 81.80272733268521, 135.1654411433256, -76.3387407052222, -157.6967847744874, -43.644997210960994, 221.340524696918, -117.51935532467229, 70.7443614522561, -18.925294623624843, -131.75895411724179, 50.4781899343987, 79.1866051546632, -39.4689852654705, 79.6016067973035, -58.8688510409788, -94.5345879787971, 171.4464407405252, 90.0938927966098, 67.0020900629832, 29.0915899913266, 40.625377046068394, 170.00253648184582, -50.914396239118304, 15.67865897176874, -282.660529584319, 36.027782722798804, -142.20584392488348, 29.9514888133535, 40.5366144352242, -65.9411962019784, -110.64758764341781, 13.09479602116323, -60.299438529424, 60.8535241422008, -105.2127588647644, 3.5962807448632903, -70.77779024789359, -8.42469019266782, -2.21867740613319, 35.7049395277233, 2.84485311590333, -12.9694073196224, 116.89716466569641, 180.1354800064359, 95.9953817932817, 165.1322620754126, -22.841883608330498, 28.5020994700879, 107.3947827172986, -22.3540179386098, -145.8785882575017, -76.0015548315586, -103.4964774448946, -54.8774656890537, 64.9785315971391, -231.57902495313198, -37.2092117505463, 82.01818123536859, -76.6084276974002, -72.6405926811865, 107.7474732619294, 79.3922437830112, -70.2838954794826, 26.8586130620257, -54.213468292245, 68.0454976216828, 8.87491913601662, 42.1335527248214, -175.6121916514871, -95.2956196429322, -19.7636454779182, 6.540728932213449, -72.63371595692979, 210.204539864282, -46.0257050399021, -79.28574627575469, 77.249189267865, -98.1614501605804, -71.9906225806244, 64.40328361406699, 24.6721073942173, 32.6638421459738, 22.967101149589, -26.4082047160487, 44.898818712836004, 117.1510450671127, -61.9899111955792, 32.1416420881819, 185.44591137619892, 67.6027837040887, -14.532794188158729, -37.3158020499395, 304.12397236730203, -32.3540336907045, 71.9636397781469, 38.3507497462339, 71.99919930078971, 176.9916578093446, 107.8522933422645, -4.75752815315374, 45.1049817113237, 96.1204613818485, 72.0986803882539, -104.1096663532983, 185.64051217663808, -163.7366979398392, -39.5291447371731, 115.70827291041161, 13.09791548572774, 15.69306301818847, 67.8271020999511, 59.5500446808401, 70.21901466511011, -126.5338642701049, 5.72222031645277, -59.1105318185151, -17.38277765009261, -2.81143404422937, -14.176364116385521, -8.180090881398659, 170.5185324398546, -20.1352733764566, -54.843532481756796, -9.92122004090513, 27.740073837895, -111.75706196915729, -80.4135136525993, -75.8647126661034, -124.9987766666613, -33.6362624460767, -88.8438424278219, 32.3958988718199, -4.87389227433934, -20.6490795270374, -18.56818285132201, 16.08994237830563, -48.4696117242823, 136.74647129161258, -159.9386171044282, -27.973794143627202, -34.6385326239309, 36.1607198264675, 42.3955414207566, -91.9255277331249, -40.2344380773348, 87.4554846650606, -54.9592277453187, 37.1145932422572, 76.0682668478891, -6.40137504737334, 226.440851059901, -45.9484036315706, -67.6951418766009, 11.59159764615788, -45.155694666691105, 104.5937954776924, -66.6103171389217, 21.0450179399529, 127.38503009596559, -25.0756534994855, 238.523590793937, 249.63817632906802, -128.8118585697624, 117.14707574114999, 32.859051059025205, -102.6069450240227, 43.043541260106394, 69.9537850935935, 71.7244895591309, 2.65502623431942, 31.5768761127199, 137.8387417402664, -49.0155727818049, 36.0960942334279, 146.7534332885479, -73.9441471563204, -25.4495542689635, 100.6863569237572, 58.9658031076417, 154.87614576812518, 43.939519272988406, 12.21292603994612, 55.693898478592004, 75.9560825602248, -93.3328891003508, 6.43953919563466, 25.363233909405, 22.510304849966097, 43.6700081516369, -113.8916791717676, 72.7457548950789, -88.0983284671361, -68.92379207877221, 35.190465907066994, -36.2032328748443, 109.9647345939503, -51.1172689912458, 52.8646553871176, 73.16413417196489, 164.6034954151114, 114.0871006637368, 91.49927337185349, -21.2557495592227, -7.59541958435352, -65.9053635585445, 148.7366625510577, 158.0975546909757, 71.71294700128831, -37.8929222205122, 101.5548438447255, -32.628808906056406, 42.7830438302223, 121.7134414085027, 4.31664252577716, -20.7270942865203, -56.3682685137071, -101.19567594095301, 187.48437944070992, 87.00961772455281, -110.7336435281625, -18.90416145939614, 49.617038477079404, -19.82203842918409, 117.3429743366206, 30.225457240991503, 158.52146997205318, 55.279199410598096, -52.507511652259, 49.5805182976221, -9.93581817278158, -64.382794789428, 26.435152395423998, 40.974141234708895, 184.9780141162612, 158.221573927828, 109.246058945924, 145.1269012142784, 15.88294861644931, -54.313527017109095, 32.401432890683594, -73.1074089915077, -94.2691794189754, -111.8394627764225, -52.7678901326455, -217.649324179956, -57.6295535809991, -165.9722777576667, 41.6203541685305, -94.6608690224356, 78.4902694498584, -186.5625305848008, -65.5465871113528, 109.1922799454663, 41.1846389105945, -164.59079588622131, 125.38558471313871, -50.8716009191303, 101.5839491747791, -48.1994063040764, -148.96923237940882, 22.158199910487703, -121.17695367937091, -33.6746635255181, -2.8816177118295503, 83.0284288699461, 251.93637361712, -91.693326134404, -71.942591390712, -1.8706073564592889, -25.9541165608397, -163.1828702060939, -118.4887536023665, 102.6801221871475, -57.564595562231105, 33.4126970135815, -97.0886250817058, -26.0971079550922, -86.8046403512862, 112.3045056395264, 30.131608180712497, -45.9166525882591, -25.008181426998398, 13.088831754887, -12.26298514210834, 87.66634912219081, -50.0016676729158, 5.2554965953643205, 67.2518034177012, 34.126743898285596, -31.512318268864902, 310.04126055520703, 106.5208268777742, 2.16621586586001, 32.2494760830756, -121.9200299761415, 62.428477739018106, -143.05122322689527, -49.8832387567962, -103.5636532344184, -43.6791262957557, 112.842613750515, -106.4559706391068, 31.660371457738698, -8.06213860212802, 7.76043509471709, -86.27187020717761, -95.0003841996029, -7.82833212515981, -84.5785422707992, -43.1408350292391, -86.9825876462956, -23.7751344507743, -71.26798113775689, -102.5165431141632, 42.257837528891, -41.7311415086826, 37.1347713041582, 19.402197904305602, -146.3378624559977, -108.8417774974057, -78.7330355526564, 70.404827158214, 5.54806975850585, -124.4013589822125, 116.13559722298919, -79.5599476973144, 107.91508438453289, -57.3714703104421, -88.4404198343804, 59.3858395686217, -130.3765143255677, -75.4723874805719, 133.637071684911, 40.4579605703858, -71.19086531759001, 96.9609166684968, -34.5044169353569, -63.921234165668494, -59.8843520083232, -99.29132682113311, 49.3771763623076, -185.1632769469243, -166.82996831691878, -14.53379129502332, -60.88574106122989, -114.1124765834488, 143.12639205099998, 260.81890665636, -71.9061949576386, -5.00681417136707, -126.4745695264435, 129.031374757264, 33.7789649906741, -35.8708504646268, -81.44367267192271, 29.522776083282, -116.3089095659085, -39.3214430946623, -179.59107521130568, 66.7954507063566, 33.6867786297216, 3.77417017368532, -13.84504953861642, -65.156155746846, -14.93207111278867, 248.778693410614, -39.555567861674405, -86.6171116109452, -135.60877890413428, 21.5889620255332, -67.7482629847422, 11.57723092366614, 51.7496797478521, 20.3057001938988, 54.9847888429427, 23.6321223756919, 124.9653066798725, 63.037383208775594, -64.67704493164379, 70.13866963453, 75.37898868536101, 23.982274633156898, 96.79966246198609, -44.366241815264, 151.9889622905987, 34.009861047961195, -53.8649291083109, -14.38006129280841, -36.9981834157315, 52.16360860150181, -46.5673008128666, 0.0075398435044461976, -16.77161653337452, 160.63916544096531, 99.0711753004677, -136.5045776234769, -9.33772979020085, -110.3411272491119, -31.750937700695303, -53.299021211516504, 7.32310302906672, 1.17121022602314, -51.0152891874431, 15.94992778744037, -11.88246701571266, -25.6354660722833, 170.38506032751832, 36.1825470671391, -159.9662456349863, -91.0861962026429, 187.3614575079548, 55.139272186085904, -21.2127815503855, 207.334768321868, -38.789770043705104, -24.5165811463322, -10.575300119436982, 21.217885244395198, 53.8552494578194, 15.56069706926164, 60.6106852269569, -37.452815343996406, -60.0054097643541, -82.85625497587091, -94.6018415723619, 92.1798760626844, 25.157835249189702, 76.8873622783758, 26.4453892873316, 169.6319388119647, 30.9333746353174, -167.9098481447516, -66.3664253137542, 26.7603589563464, -60.121579541809595, 124.2474801937378, -17.46234842678132, 29.4844397323931, 98.5504861374279, -140.1500171776264, 297.081947132029, 41.4282728569467, 53.8839659515806, 68.89518040313439, 20.7062736584638, -3.1493328462883, 71.1928732145557, -70.8066764008296, 153.191529945614, 135.70827830399662, -80.5437413184222, 29.641655918036598, 132.8520265046142, -44.4902558727715, 30.510072062323, 86.5566491983283, 83.83873659730139, -155.7519475102, -30.462434655076, -70.86736338187279, -2.8861607905785203, -15.15989225991415, -11.082148964251019, -36.0270176830124, -58.1864535439028, 12.34421732128398, 22.2930548695713, 106.2675998153671, -77.2529057867875, 74.03478379670159, 86.8558050820984, -37.265179316071595, 173.2556064529492, -138.4652038687176, -204.681923429568, -12.98008729732995, -5.25616325712428, 7.7666343216564, 156.57111945352358, -21.396445005303, 82.6188514421238, 87.6989817627263, 76.4583704828231, -19.72138483963647, 124.6497846047532, -26.458889009260602, -60.8152924346153, -95.394817771315, 11.533282120599331, 73.4449286660214, -12.04362875149332, 78.1229036199118, -3.51330269209268, 130.1885891232571, 37.2770582625656, 19.832308274798258, -24.3978078680025, 65.963936207648, 71.900278733155, 46.3315396834232, -0.988551570080375, -109.1957849388303, 51.632792428623404, 34.6960628257786, 80.0287973093631, 53.9897656736937, 73.898821162937, -11.93879699947442, 49.597307090452205, -59.239613914360206, -3.92204904424489, -113.0112763858096, -61.0894501868381, 75.0738743727796, -185.6942693959624, 58.518125466052496, 36.5706806239861, 166.60699467193632, -60.0275585581759, 65.2907322233647, -27.4164902071293, -92.01551144648829, -151.33144924997862, -10.205685691111391, -170.501119983448, 39.8652759007815, -49.163129869924305, 60.625213216587, 46.9312371838597, -47.695433113702705, -52.539131482273, 77.5260956884798, -116.6144962187291, -23.0842080198788, -38.9487644984386, 42.0439418485122, -18.00766436224768, 7.20038212140147, -39.911030076416296, 110.8663576201687, -86.8219776188259, 15.69758371465298, 116.0302477216209, -64.0193185741641, 7.11732869191994, -17.72456248026038, -132.90603247806672, -96.030093318509, -17.219089193320258, 47.620271914028905, 59.8777470044806, 17.1041428306931, -8.05720164827425, 30.1499925959006, -87.37477433105809, 6.76861520997176, -105.37410074776079, -64.49448627424451, 94.125515750604, -58.5304048045833, 123.3033230487289, -42.4868495850623, 70.2796523500232, 47.9157841959083, -127.8137738983355, -55.7569466363122, 18.49262215117378, -73.5900285740245, -67.3096826348673, -164.5272351634016, -107.0096550804048, -101.2932788787976, -82.3548125396118, -1.978952392616605, 19.50459013417805, 1.82728018673069, 30.1326677067243, -108.94007794805671, 28.109880365476002, 50.7661759462363, -132.25898328839259, -139.4943284705233, -85.5559661556248, -33.7862971228, 35.5182547731836, 9.16277475008576, -84.5869997755099, 72.8608881002547, -42.803207608808805, 102.6843661131103, -175.9927609638608, 118.4108531348378, -3.98168425922443, -72.9944983414653, -42.8624570462639, 9.42320695189487, 74.11677084968679, -150.101655473945, -23.969261339124, -43.0248999590332, 101.5812840644772, 171.6132346363604, -191.3652036138276, 187.3479699520677, 92.97473506252251, -143.8951216629044, -72.8575170795995, 149.0753035519148, 125.47699647926629, -35.849726764058005, -9.17561192572475, 14.3243604302461, 128.5104405822084, -100.6891872577946, 31.515727448021302, -9.27580573080348, 69.1828248637855, -148.2479682568952, -12.95976910725723, -69.840827969029, 91.34415744954501, 93.133275970927, -170.8995985893908, -96.63761295108071, -50.9479201733004, -67.0850015739118, -21.6952249429865, -48.337238715263595, 84.7367473756065, 79.56206631353649, -11.3514010482304, -82.4633363617344, -168.6450494554163, 87.7989363253817, -103.95269363769731, -61.9504810374237, 10.82880311594397, -63.8698623039631, -78.9382886162351, -47.514207052315, -76.1791558680035, -53.799508485285, -95.7092323286097, 111.9143590663738, 126.7348615930198, -3.23044423009197, -51.9347022410753, -12.58527036885823, 87.5296428302526, -172.2423620120973, -28.891119773092, 104.01681235313251, 131.4681700916293, -48.7773353242403, 18.163343296299452, 103.807706163077, 39.3639628224903, -16.670434281017663, -89.93890248366449, 55.862186957099894, -70.0044751611063, -32.8999545183231, -30.2287686416798, -39.8232019806089, 38.537851215568, 158.81155935369088, 3.8623655111763897, 10.670657606995, -176.0048719285253, -34.864605578355494, -69.98048488420551, 5.59461634691724, -81.11133404489, 144.5668197736814, 155.5853724777705, 24.5245191674948, -27.8716578639134, 28.481385903051, 51.825967717218504, -95.6088007861694, -17.277894248610778, 27.2068895534516, 32.7504112511836, 111.8526963336837, 83.7562611865819, -39.2741950126062, 65.91386879125591, -192.0275532047369, -1.109272912474282, 168.0840941744611, 18.01631659074593, 2.90134766040342, 66.6221883028998, -59.2156380134115, 190.40715242486868, -23.7562283816128, 172.7384336462664, 75.42011631789549, -77.8340031934145, 62.4214476043603, -66.2571686085769, -142.52400303454448, -12.99530076498882, -107.6185725528125, -108.77732799647009, -13.5961362077133, 58.3912712946788, -9.89070368835655, -71.529804076695, 22.7812048936391, -146.5194223707377, -20.145071668645897, -164.4940170872383, 97.02722614795209, 4.1614863191418, -96.0707241450165, -45.9267470173027, 42.186528383067596, -59.574946220874196, -90.4125281496211, 180.0348721970896, -39.2840511980337, -93.547612390724, 49.432795831069896, -20.6669815939851, 96.3654113528332, -6.29096113830201, 24.680830208307, 201.535471770348, -39.9719981027915, -67.1647174876526, -61.3055363871085, -106.0849416411904, -64.446414213881, 45.655602666894396, 40.759260059888504, 37.0167011077355, 147.21176624061297, 0.3144845668416, 35.7555775114702, -137.3558534277194, 3.97141570244304, -51.549377711907994, -61.9681669508171, 12.33335858693396, 65.3403132031039, 76.1986304830744, 4.1027034596447, 17.10110292086063, 62.2614867666693, 80.3588409909478, -47.0374660047423, -30.0322049703525, 2.68850632848691, -43.5780962557047, -20.473178127637098, -45.7186818181885, 150.9845664290654, 131.89921727831722, -33.1709768205144, 27.7349530646321, -5.66790992246542, -41.691601491781896, 60.0368637108921, -20.222558324364797, 75.1528753746762, -114.1132204770894, 41.1496414663507, -28.5925473910527, -111.7728713992899, -58.5358256355862, 61.5244980689633, -169.52845354758767, 84.7194588233454, 95.10868189487141, -15.123987850890849, -10.19003938438013, -8.050761988001572, 40.339135023518, -65.0529559271609, 83.0253715613539, 52.356623361924505, -221.74569730411, -62.9115084361151, 49.381417128797494, -9.12554451240198, 69.6814729225096, -122.3406021802365, -2.78590893652109, -85.4675765226751, -245.372316739473, 151.8169090138748, -114.7922211857034, -110.5568687595916, 25.1039124262617, 253.850118120125, -4.94891293336093, -42.1134766338241, -4.98659747457112, -9.84615419200548, -171.839554232122, -130.33722986550498, 158.76037434488, -13.81941555979818, -82.3296987334667, 109.6194343626143, -70.83800579147919, 77.7764925887724, 116.2576837154385, -121.04706124584399, -46.046391658261896, -69.6012133544454, -27.0208694454648, -36.0245209323731, -5.0678461872587395, 20.2983492108643, -63.6148461414886, 60.3107083221327, 125.2684679304209, -30.7163816860954, -35.7156673672861, 25.1696059988606, 110.5080623907151, 94.9564098823612, 5.49431760319481, 1.926546714190574, -5.6753196203135, -94.88816453938611, 74.114567374375, -43.7147954058327, 29.8622898610306, -36.9931045926619, 62.3667863777203, 31.419365870806402, -153.19018310529822, -60.2028070214037, -153.1397213171858, -53.139710045418994, 9.31512515257071, -27.0257526526487, 57.4509198194801, -62.599624357966604, 6.96556467981495, 25.6223017729016, 146.71887725026448, 80.975936108792, -46.41515801295979, -0.387073894878255, 17.60745220334098, 77.1678274866651, -0.8673943273608979, 102.1851079441624, 45.80147438319371, 173.8709665272355, 5.93310902218741, 144.1417255433204, -51.0497508671696, -73.2307145239692, 17.742865405433122, 5.86333479237612, 59.8065590506928, -7.65648016847228, -30.4083989606221, 50.5858615203765, -93.5552869880878, -97.08742033469889, 148.10868857444962, -17.03394880365658, -90.2567911227444, -3.76397311071118, -27.7484534946191, 68.1864539686133, 60.2292422969137, -43.563597672061604, 0.9796196176901899, -55.3484015641735, -66.21935323388661, -55.3639122326432, -185.857483582279, -9.138006755425529, -138.4639458170293, -103.17738333041581, -86.6944169460218, 26.329187870499297, -74.2799004257152, 34.7271295800512, -114.7177456541899, 3.37746829870377, -76.6027012527605, 15.55820241706584, 19.53525606721409, 60.6341689144632, -40.4548962911487, -31.8660973216738, 53.296000235195805, 122.87076651820729, 62.040287717172504, 8.15187237985037, -137.085032079591, -30.6558724273024, -71.1908808432174, -118.9853444322146, 87.4423520940799, -73.1189354792406, 0.1824476448022095, -52.0479674047891, -201.119278486606, 97.2125370060849, -34.6705689023568, 86.945426929706, -138.8111340524652, 135.0410602207011, 5.74060978886871, -65.36841135652071, 9.10948918118015, -48.5811122200183, -147.5240398621512, 26.4394508451307, 55.5932760827384, 9.84703552077621, -70.5870511396035, -29.196327636090203, 28.7702688504452, 49.7110216127466, 128.05700486414, 57.945584773118, -40.3052473335444, 166.5778362100651, 54.3530678208996, 72.1513241843615, -37.5556361459412, 52.8578989674142, 27.6889816653067, -130.1161098771836, -37.8758104014493, -79.13649138674441, -60.0163230630431, -20.10785394517201, -39.0720221933445, -70.01239366060409, -227.362929298958, -59.423255887681, 27.9668472082966, 13.88193823386825, 14.06343915914621, 100.0357333302365, 33.1757320353658, 65.0294851559805, -78.323728570479, 98.9354359828169, -95.1037161198833, -156.328737040985, 32.7150307596894, -77.9207246085408, -79.4562657755717, -315.085339665007, -29.202091414537, 155.4154441251977, 99.0454717967731, -28.2652825520007, -22.637079564788202, 55.6414572127339, 134.3966764903359, -91.8443529071433, -12.262438878795251, -60.868025784089994, -76.65831514351089, -64.0388032281277, 31.145839607581102, 149.4629713396574, -132.0690363261025, -108.2035990669158, -0.276195497403136, -11.92426598496274, -25.413444276041503, -183.6559119564213, 113.79762808147899, 60.8003593422844, 12.82552338053082, 92.14374048949341, -62.362340893662804, 55.9977223173046, 53.1315498325373, 14.3360526345856, -9.962630194967879, 26.2121540247393, -27.288665957363598, 86.5641323598166, -82.7651713262953, 74.55481590841211, 18.95046082232244, 22.2284171430258, 53.310500614299, -178.4881757233085, 14.275918422240519, -134.7131962414239, -99.879142113156, -100.1677820177212, -88.0335803651963, 7.53895896425309, 26.7895795393528, 94.8779124103242, 21.5597939940873, 28.973073813332903, -144.7465145689572, -45.3748923032882, 72.374372632934, 11.36197192735236, 7.81215580179219, -14.68590737095269, 69.29626718330721, -187.1279616080555, 15.66709662468805, 48.3830766698979, 90.3316782115634, 71.25490098175581, -114.0387810769646, 15.21603357191532, 7.89297827143736, 7.2434405810117894, 2.7347128217842798, -41.8839486794983, -50.1554421995097, 34.9016237894276, 126.67147946846211, -29.3895230781699, 15.16164680855394, 34.5916886797606, -43.0956438203077, -41.0870474878435, -224.01273196748298, -78.009974811679, -94.2276565623504, -18.33321032701747, -126.6454894421898, 153.4318768528611, -58.297258197362396, -107.26316077464881, -315.651987217615, 132.5713902730035, 24.0309508372034, -9.350546119929419, -129.5300641064194, 24.4466892939025, -44.017028848735706, -71.5073346095161, 20.2996771975266, 68.3923632883775, 19.33516754268172, -32.8347445207806, -10.356650497327792, 5.33903602984935, 46.4419502809388, -123.2943297075312, 139.12161196082712, -84.9636431277859, -60.7228766979385, -75.1674441976549, -189.7162968005297, 20.271319198182802, -90.41398006669911, -49.4488913799496, 73.151269249358, -41.6655940963092, 12.067602232282859, -18.84501573891381, -54.3143879583233, -1.308645727705617, 111.5030529517352, -109.0474926919738, 176.193058824243, -37.156721348037806, 74.8888322113892, -1.533032152615647, 22.8874916606542, -21.2211155019396, 92.9044790060857, 121.33691185206621, 36.5808445585556, 106.1552164036021, -84.024133467152, -6.898563012809101, -45.1292323543623, 143.8562454783928, 118.7906873424653, 92.3327068988298, -31.7815329349049, -58.007571016375195, 49.122085448509296, -54.2095575578185, -25.6895404716223, -14.450652241159979, -46.4797786645697, 101.87758918901909, -9.36571372840049, 74.0126289601175, 26.264593467473702, 40.5722962024203, -64.1429647244149, 63.288198420586994, -39.1035619357855, -32.232902296972796, -9.01784393142623, -104.3141997609568, 154.425150389729, -51.845411668057, -10.33401874079811, 35.5869455562028, 40.815549901643905, 143.6828965691165, -24.642275542965102, 152.3062535057283, 133.80854182695901, -192.7977389432144, 11.96443169743418, -40.477654742274694, 28.547455531243102, 20.883471704419797, 23.8150342000195, 118.7504742447487, 175.8328568895291, -157.34811677517058, 155.21412183531828, -181.0607152659529, -146.801546705928, -21.1355027926777, 0.507774988115614, 129.7610664091014, 89.28719687037051, -35.2864582532655, -192.9052356820713, 142.4977851352659, -94.11445550579589, -1.674623859077201, -15.36893657891249, 243.811384758299, -56.1316016257084, -213.886978083401, 58.0772440286531, -311.25905353466396, 23.2214297245663, -66.3642613542784, -37.702674206117806, -53.4650605095171, -109.2322570804659, 79.89062453334441, -71.10946347005441, -11.435046269287, -161.15109398285608, -8.89918970734999, -94.1253956159734, -148.5442941734089, -254.732030192175, 30.719881113817202, -61.8445765492308, -9.007316421358261, -26.9978659367277, -162.4990618102804, -126.857145852912, -110.9785888831521, -103.17659547280451, 111.0571472908541, 16.21148761013481, -91.678304213118, -40.787567462876, -42.4346684319489, 73.49357125374951, -58.9498614179111, -29.3977242383856, -46.4814671866852, -66.3312618336576, -72.5045326720909, 71.4521242964272, -37.990922571323395, -179.9880963098345, 155.3153198084093, 92.3157378352746, 12.556063356952851, -149.0187289443988, -147.35985437047339, 22.913549476441098, 8.69983779713346, -59.2171516198341, -94.8403660744383, 74.2965927335043, -14.11402335150887, 50.3859098173398, 101.5315722747018, 63.593748685071205, 70.5759586833453, 52.3246935434492, -39.319048320879, -23.530361573973, -43.829297735621196, -66.09951949499549, -84.09360967850961, -133.2034598124007, -77.75396669083261, -13.635792693649801, -170.3598601848821, -7.20325260262007, 67.6723274064763, -130.6099762231263, 46.006045477422, 44.2095318131299, -132.0913019050737, -114.3877014350428, -25.6466914920968, 45.592073842547194, -77.1729031958078, 136.5397756058375, 117.8952053277164, -154.75615250704578, 102.7851926674978, 68.94231782851969, 22.4913827265177, 49.8364768978576, -85.0156151285085, -21.5601833250912, 10.30565596773124, 34.54230924577659, 90.58215842218209, -101.5000370415417, -2.9524414527934404, 36.3524110824722, -8.50805357793576, -47.3023847203495, 47.023210611820105, -55.0940131630936, -45.7753388078878, 11.5769507435819, -120.0739804090799, 3.8121857813590703, -60.256641089952396, -17.69813444669763, -2.30373474471417, -113.3365474670873, 111.67646172130449, -59.3966091183555, -249.05133110214598, -169.2691528708161, 80.1502065651409, -65.1015819082773, -28.748429203781903, -60.1468181966039, -34.9348902372435, -193.90209402949688, -29.61391764728, -125.1396076823516, -63.9257100967773, 48.761191988045596, 151.3092634265617, 1.6085366748791259, -8.17041264142966, 112.1401147702314, -94.2835320701155, 78.2326682452456, 19.246731106450973, -80.1259256727709, -29.7080640023718, 48.9267655679787, -3.17521383317822, 18.226198594452768, 17.732925896331118, -43.569089779228804, -58.102040951754304, -102.0940466127575, 93.50292641408231, -121.13897265166199, -95.1936016337967, 24.117155370431, -177.7225323098839, 39.3784599969852, 122.7293196590048, -3.8434005517745202, 2.95986556002688, -44.1333013631112, -38.4289023116479, 13.36347268635962, 77.9662041002614, -80.303353762478, 65.0192882003075, -18.55225568215996, -19.56232981305709, 62.6813855541057, 45.7350710476812, -17.38761741918787, -5.036730523539569, 46.749397921383405, 60.4056518829194, -144.607115155402, 23.920814026800798, 100.7297353380595, -196.3629447336744, 59.0682889733031, -241.245598879284, -14.244147537976051, -32.773502223282804, -26.940782144409198, -19.459613170466532, -44.2535503346749, -8.2946389511651, 24.6112750352401, -52.3668507972233, 27.151855078569902, 169.4876042597861, -129.14341247212428, -54.4073064725518, 70.02760855834981, 53.784659538271896, 80.9927477176288, 31.3191020628113, 59.9418706645325, -33.7846614812853, -91.19256120667919, -89.2223515298017, -27.350310768431, -1.142659958557886, -82.1267877360514, -32.0084216304684, 16.70601936687709, 40.7053500831366, -23.4060072223858, 115.2566087828274, -91.9424806955029, -19.33508960410444, -0.19489167419427372, 47.9725936938533, -81.1176537235032, -46.0625177091062, 54.6120872357072, 99.6104056114748, 138.21029420966278, 75.8675102537396, 75.67308911833919, -59.5711275618856, 131.6763420764322, 130.1996470700895, -14.605301166756359, 77.6273413704308, 74.5197234931818, -43.7592704292933, -0.824634387303263, 113.7970682042167, -59.439195658197605, -31.0630633913265, -120.6066563238738, 53.232175249764296, -17.89871045250982, 33.1342089181353, 21.2418755156247, -79.9834126079702, 94.9738660746862, 79.9639093921066, -43.297738212629, 35.3295907350049, -119.4624336301866, -103.0268257824562, 44.108349171855096, -131.6615598058163, -49.740987085962104, 23.1080213742772, 160.3818068574956, -46.3295387113321, -28.1563688422057, -22.7880290104672, 229.456247300142, 24.7020216325809, -80.8190025291344, 135.9968547984644, 125.97222932187509, 58.5103808477395, 141.15552253280532, 155.3020063997442, -26.833244340749097, -54.763466290219995, -72.3222943023192, 52.9724377812746, 68.9125301321233, -10.25684015978814, -43.2355499313026, -129.4401594848974, -59.274404389275006, -85.95230311313, 49.6316542721427, 32.3624101888676, 123.76041492113009, 4.74247577173912, -53.4366608521862, -10.66674816484032, 79.7922195197859, 33.689732862498005, 94.5457610038941, 117.9311257768055, -32.6274700661003, -19.89568443877176, -188.558998751172, 103.0922741870169, -15.70983934194726, 106.04067901103241, -33.097044194549895, -111.927819980604, 40.7570602752509, 132.25196297036672, -50.7423732408244, 132.4294657632579, -145.5281107260537, -39.8590619390666, -151.6921278282481, 45.7397713881018, 30.7676086307653, -4.322961711280239, -119.6873929017029, 167.5229210555729, 103.6602429979958, 23.6047213780179, -82.1755122953077, 51.2124691071625, -61.3184590849475, -16.34627879838785, -33.6307063395616, 41.5941942475337, -16.49926625730387, -40.78018420986, 36.048910612350795, 52.2633727675675, -159.5398861195743, 41.7678986453235, 132.1453495405085, 78.4379830253215, -22.304100267867803, 13.68399942464415, -68.870840357834, 115.6215228716656, 43.0384711431, -20.0626236756685, -15.453243916700671, 203.594255215728, 7.48723628478428, 59.183074072551, 140.3665778801608, 193.1422490154427, 120.27368526992191, 90.0314227207501, -123.512227800381, -85.42297204780971, 59.6246683034019, 3.97036865607874, 60.3913299374679, 42.2303474317015, 117.7178853293654, -149.5675636988692, -93.4919377306843, -19.098306419978428, -156.9464759498483, 30.0342059521251, 71.79682865143701, 39.5238025411968, -48.7302563620461, 56.350668943568394, 281.425082352723, 47.9154816519612, 24.248997166802802, -92.1548943971828, -126.65932049636271, -37.579638700812595, 65.3830289861948, -8.435622604567481, 37.4905713122933, 66.63011759207541, -116.4337083106053, 44.0170916504848, 115.9461343723672, 109.7320697234089, -8.25994401541516, -2.88831071456389, -19.74719567296085, -95.76617078529219, -133.7937892419904, 155.8874128702053, -10.311925773686799, -116.7336977592592, 3.23288763241848, -40.5450433520777, 186.289416432996, -42.8793040128179, -70.0831854281904, 66.3932084982615, -28.850088381927897, 77.1633823885002, -4.88915946236387, 200.6893367529996, 96.99199092820649, -10.499030817487231, -63.7223030225622, 45.9637407069902, -104.82151851566451, -25.5209209766793, 116.1115738016475, -57.1056937993218, -86.9773314802153, -44.2226874815057, 102.9439707360246, 24.794503756005398, -168.46091791312938, 60.233681532888, 30.3394577652816, 11.327346249812141, -101.8819939067007, -7.67120988921254, 64.0689899904353, 101.8746226585381, 125.33837942532949, 45.224311199085705, 1.439672804597763, -98.6397979975887, -101.2657172784465, -148.5946905772987, -11.98105204596959, 61.2302008783222, -7.61878064605534, 108.5338064696037, -63.0374586164164, 33.0411832747794, -20.09329833922304, -57.4155077488847, 116.1061531928993, 15.74354377914875, 119.7350840606801, 10.06743075715508, 52.7315759564282, -38.269598468377, 116.2421672924893, -21.9204101539989, -0.29834502320443, -156.73965088785252, -25.5790491957964, 142.68085127700022, 133.6490062160331, 49.86761253864741, -25.781045619687397, 6.71140050117912, -34.2559720386437, -3.6873793887739597, 179.97107300572281, 2.32923169665923, -37.5481016481541, -219.77594784522, -109.922117105795, -74.3299199994028, -130.7365780812062, -110.0910807083829, -135.420469011394, -88.6543534240997, -81.7469096205873, -89.5399994580673, 95.95058389015699, -58.6281677156839, -197.8992847952083, 83.1052062026764, -51.4149708428967, -156.8602138168608, 187.1737947008508, -43.513603796307095, 45.3867894230565, 90.45478904516901, -3.0100726551528902, 50.397652610563796, 9.34822564974656, 0.824657634836216, -29.8461014593526, -141.85109966819869, 26.4668333104949, -256.838023232982, 123.5114068355171, -87.4395468250232, -32.2269064060534, -31.266128647560897, 13.885037955044961, -45.3068169149558, 59.0172319724106, -103.1369689948807, 72.9077451167914, 73.37988022162429, 33.6362398261014, 19.90733133641544, 39.1856566558655, 12.23648024740561, 61.6560996267051, -15.92107474036271, -117.08135961120979, 14.996746861558279, -29.977812751067802, -3.76799924538863, 100.2112801244932, -164.0758824020686, -3.0769330906201198, 1.0449521272723241, 19.7394826237483, 63.196302064667904, -24.531565482010002, 165.7643653952996, 97.0037622668019, -36.4469280737493, -19.0904680357055, 2.018857889755651, 152.64143447668408, -116.4455908654559, -209.87884826713997, 61.3363552178174, -32.398832000667, -27.5922987635334, 25.7706735747492, 152.4557475353522, 92.1504429330817, -30.420933500374602, -99.6649034070071, -10.764070341370761, 60.832743982010896, -22.011024113508, -149.8666600619133, -5.22331735702568, -176.2898099987639, -94.2199056659534, 152.1699829278785, -95.79779254978021, -126.0810670122465, -102.01183274663049, -69.2647815155203, 67.54572393202281, 162.85008664632278, -6.92526736097239, 54.874262413771, -36.3488838239613, -137.6001860511471, 92.17767833331669, -88.1433363981142, 64.0132560456072, 74.8041049923713, -12.826367132696369, 77.57435793394029, 87.0782945750307, 199.1929614040002, -31.1049925719586, -90.1525762930844, -121.4524140737025, -24.427457565835, -45.8365090624696, 204.56225230208, -89.0514625595401, 20.839196604049, 19.44039752396879, -52.6345817909234, -158.21210331327092, -13.878777039739251, 194.2516932725691, 18.344684993334468, 16.086448874837522, -104.2978294146036, -120.1163689483385, -10.918399185436911, 99.31429191841971, -43.9098314380055, 214.268415619319, -86.2062447103178, 28.9005292373687, -44.6994863657491, -142.632101799124, 3.237035707845, -99.4072721481845, -150.8570193346016, 12.04748310491312, 4.69223160147687, 101.95370495981359, 36.9735596244089, -64.1154532342437, 45.6714170298462, -160.5607416885596, -103.5988652469507, 178.8103014362531, 28.4445460644615, -37.568209536770595, -70.0636433112022, -5.324911679064369, -11.49703189337948, 164.362461194677, 82.8184171097376, -33.1174953768262, -24.4691891930189, -84.91500111873259, -39.9679160465311, -132.9883762825235, 91.05631219974791, 10.7925374724216, 28.866978181921503, 30.8346749317446, -0.8841698066637591, -33.2850155258942, -6.43364278440956, -198.9234538611908, -45.8008740784401, -15.061599536046629, -18.8793475241637, 108.5714520568077, 123.62071846181121, 32.6464656687103, -192.53384407885432, 128.45678228300181, -42.6189501667082, -74.7676858187142, -171.3449745508642, -76.9847419107149, 111.7225806124641, 48.231424370826, 10.01550167302201, 57.8413931465255, -112.018691787755, -83.5972431253865, 101.99775209686601, 76.74482678759361, 103.0171704335028, -2.70621369552538, 13.49642612340284, 112.9835371833056, 190.89191579408129, -59.7878432772568, 63.841302682721306, -23.0261551699464, -81.6847234729945, -62.2326208202006, -59.3617834532607, -26.0326546172296, -103.89036981904229, -43.1844919898107, -280.107963116297, 73.2538112952346, 40.8993276722498, -7.77180950600656, -75.36103841943711, -40.571328837121, -104.37455590322469, 30.1543954165712, 162.6555784582512, -50.092779840984306, -32.2665863242908, 47.2342345095355, -96.9623013818938, 174.6964139370703, 30.6778961138753, 45.194549970010996, 97.20445816189519, 6.57149206534649, 107.44549082649141, 28.2205659788345, -21.3398847027223, 14.44287406286051, 1.809668670605277, 144.4095964833775, 20.083281700808833, 23.6770650536739, -25.8040844144796, 26.2453215768062, -180.6761661647222, -64.58397336836231, -90.5797119677178, 96.27984281837601, -57.6096859271472, -130.8010394664965, 106.6433983433389, -24.2272734138421, 87.3470062614899, -178.2370586521424, 46.1811576070694, 17.109280064748873, 11.49870998863139, -16.405284025293952, -17.949041391077, 95.0221525548436, 3.97250068509919, -94.0375459970151, -34.8442359650778, 55.0637079901082, -233.931448464482, -184.5217910968313, 7.95722660342028, 23.2259103061469, -81.6984205333617, -7.81994699572459, 222.53323535545502, 60.9068493828657, -113.4015426796433, 18.35926504562596, -19.10102860434261, 20.8714781039149, -66.84818762658031, 38.6196192442678, 56.506416425136806, -5.84004749962713, 214.403542505739, -28.0204486508597, -62.6659661230662, 28.0427079467011, 92.61176232727121, -70.6536386713386, -6.33349227412769, 191.243023751476, -9.31148498602465, 123.3689627824782, 26.8153245238253, -17.99108159854255, -60.7707989103253, 112.5245933787862, -101.8359503105048, -4.43715042733459, -33.656008766679506, -80.39311266570479, 36.742939361168, 47.3171492420085, 23.248460692802603, 1.4568478638560691, -76.1373796848804, 42.872904288189105, -13.45305093928261, -48.9560845327435, -41.8166938471606, 40.470025748769, -11.93579294165693, -69.1534631605843, -211.354812489351, 20.406868856642703, 49.580981990869, -76.54629763838409, -41.7418437893584, 159.96728979116762, 12.737435827731812, 61.3732040396551, 7.59661663805238, 63.6290572408239, 12.87767612808176, -73.9211244166288, -4.33374432837698, 17.454760251481957, 54.182668157547894, 155.1871419784474, 100.65576386332381, 0.274110221393016, 33.5324921210909, 121.5784362444746, 46.6774652633978, -149.4573329757704, -54.2626014974694, 30.0866833338591, 11.06248168330307, 50.6077304013106, -108.7203498033916, 17.92320772313218, 76.38845918118889, 98.8137732842109, -86.26680861363519, -13.93350898812384, -4.11445440422591, -26.4092413232702, -72.73810572990669, -42.8836405159, -3.72728299436472, 15.63909680950877, 83.5425038461142, -61.097365499388204, 163.8423475450897, 64.9398103757645, 43.4333711831294, 65.9232626828892, 64.2827800913643, 68.531707582742, 106.5013980734076, -85.9700052710551, 122.8470331144459, -222.528929790911, 60.965484794264896, -211.285127228385, 169.55011351582078, 136.774550940421, -21.8457909419433, -97.8868634438524, -85.1575022764984, -123.8367530166893, -124.6074938768817, 109.3600121422835, 80.3989473515193, 46.9451074897503, 74.4050506990033, 79.7787305247077, -75.7207117281781, -39.315982745461895, 116.3872575435787, -22.9729358335776, 109.45642186845589, 138.5440919218198, -10.95934882029718, -139.95881273464101, -1.97610725412062, -4.9086265559796995, -17.479182795780048, -3.60968174902314, -129.52402381721322, -42.0906118202017, 10.533327249995839, 17.65569114610946, 92.9064481085732, -78.8064568386477, 130.7352194852771, -84.4053802000326, 41.5604038163478, 69.32678173582781]
bee_TS = [-120.2590790322266, -7.17334690924252, -31.474254226854, 85.1377512220912, -43.880751452075, -40.837664540111206, -69.65925895137289, -171.37146122756639, -92.54083094201849, -94.03230567928381, -73.2272326663976, 4.39550840289894, 8.05754253603946, 15.39541221832682, 5.24930699459347, 94.1824370385932, -41.5135574004656, -46.0110169614027, 38.1781477917627, -222.953949360097, 106.32738057083739, -57.6493001181328, -6.587947896695599, -22.6851903446292, -17.7933679865169, -9.270155083106701, 175.14181077617138, -36.8683095051951, -17.94039181904015, -102.74716185941949, 162.13443257326009, -37.4941553947145, -74.3410329645371, 49.6198287349593, -5.62926862128446, 32.256415394853, -9.78026444250185, 21.691489650650098, 56.9195737965608, -205.02085304613303, 110.7473728295665, 28.2493331943826, -3.13107987260981, -71.8594631439314, 24.4168151703406, -28.9612912239485, 78.82787802590579, 72.42376540378521, -61.3739352136875, -54.479839542456205, -65.14742757859341, -69.7646553107065, 26.7821222446987, -97.37046752771701, 22.8172195528983, 123.6027918463882, 125.7486520642804, 70.6567502986222, 30.6084133073041, 53.4818894658168, 176.74607658064042, 42.3821122879663, -108.8538326891053, -31.319056158705898, -46.7007094373391, 124.9875237780323, -153.6248946703954, -133.37723964104532, -51.237364525245695, -12.48507004221496, -93.6418559860421, 53.6788628439842, 15.819848665170511, 17.07187491598288, -78.7755370283039, -68.7740677647088, -107.35099947645, 77.6334053726867, -58.586782250249996, 52.4473472604154, -14.10761990620237, -63.2028460419543, -114.5110520158873, -35.102700414580596, -17.85674264785495, -24.7818433131901, 81.7966783173275, 135.16399949293032, -76.3265045272727, -157.6710255054959, -43.6413348650663, 221.309401161834, -117.5231485947131, 70.7401326094568, -18.921843916296318, -131.73567278846622, 50.4588228112816, 79.1721525230398, -39.479472959045694, 79.6039102268394, -58.861057408868604, -94.5233545627124, 171.4248325632166, 90.0765862662321, 66.9987874848578, 29.0886656545097, 40.6351501908404, 169.9799951579394, -50.9045958319793, 15.68677397132854, -282.61683498815205, 36.0093560059488, -142.1912895584845, 29.9562143224041, 40.5322947570901, -65.9366705554883, -110.6366981517542, 13.09509198824102, -60.3007253444822, 60.8359709050374, -105.21218546111501, 3.5987850793552303, -70.7633800484799, -8.4197607256642, -2.22056446773726, 35.7143118945871, 2.85013678029937, -12.96040137382902, 116.8889406725696, 180.1188019692437, 95.98905194954071, 165.1126140598258, -22.8318423376818, 28.5050976146455, 107.3816064448585, -22.3552110725892, -145.8698697438999, -76.0027162947703, -103.4960397744137, -54.872663965362, 64.9825516247512, -231.54851327293602, -37.220602904180694, 82.00773493523931, -76.5926670189378, -72.6454210080926, 107.7471211460689, 79.3688093789476, -70.28861271181711, 26.8556229475555, -54.216457372244, 68.0316750381215, 8.85517283946151, 42.123621567037, -175.60003561061308, -95.2799459054946, -19.76310591886675, 6.5327370959026805, -72.61984301649301, 210.186092417133, -46.0294126429678, -79.2931390554493, 77.2245092216267, -98.1461514480498, -71.9845271800639, 64.40049177602731, 24.6761327603758, 32.6725778741505, 22.9710419233947, -26.4065148886957, 44.903038746404604, 117.12600712936529, -61.9763599834273, 32.1279144820503, 185.43268297264171, 67.6046636145298, -14.52981197096521, -37.3226645629986, 304.08923448980204, -32.3475255552759, 71.9612822985722, 38.3405670226733, 71.98511477570071, 176.95567033712769, 107.8456216795226, -4.7445320852306, 45.1047287384198, 96.1120806056163, 72.0877198114988, -104.08807930354459, 185.6228563792565, -163.7161911166954, -39.5247963548114, 115.690507968703, 13.10590088650854, 15.69339062649118, 67.8107622783351, 59.5613369807226, 70.2124464997174, -126.5181982095035, 5.71884867147394, -59.1123329925638, -17.376874575095172, -2.81999103878057, -14.179925192589199, -8.17909200690264, 170.498075226676, -20.136264047363902, -54.8323373228054, -9.92211834438707, 27.7368617071434, -111.73752586968399, -80.4123843661328, -75.8578819926593, -124.9914757747206, -33.63012319655, -88.8356375310446, 32.3825271682628, -4.87160608770861, -20.6424710552943, -18.56327922949569, 16.08835132063706, -48.453419711939006, 136.74597718359468, -159.9213617014939, -27.9770623460154, -34.6303678732869, 36.1558068719958, 42.4100461889202, -91.9113228238284, -40.229120939209, 87.4440401854998, -54.9555125473873, 37.1257310705565, 76.0582134283203, -6.4089804976268, 226.408122275459, -45.938707967546904, -67.6780698174053, 11.59232595588579, -45.1514628016736, 104.5796040068183, -66.5976382094336, 21.042514759950798, 127.3706978563044, -25.067176793990903, 238.50908786149301, 249.613225422234, -128.7953541819446, 117.1424223045882, 32.8565075125628, -102.59554068462259, 43.0249715898769, 69.954167054165, 71.7113625396679, 2.64595604909975, 31.5813173437101, 137.83358486255008, -49.013382991191705, 36.109392016668096, 146.7360637141353, -73.9321147998698, -25.450197173076, 100.677256510934, 58.9602034311295, 154.8462850419485, 43.934491168330595, 12.21088529458195, 55.6845833155227, 75.94897941115599, -93.3428185429548, 6.44231405200157, 25.3713419322781, 22.5194068350795, 43.6690809960851, -113.8845918817801, 72.73681798357259, -88.090831996703, -68.92510152489359, 35.2006683376743, -36.200987224573296, 109.9601315692541, -51.1064834282211, 52.860755076647095, 73.15934704015069, 164.5891390759005, 114.081438567379, 91.4873904338175, -21.2335454729655, -7.5971986737064, -65.90447049179281, 148.72481042213542, 158.0750508485517, 71.70603437664519, -37.886389582418204, 101.5437687736525, -32.6257443052418, 42.7678864574081, 121.69795667206941, 4.323450237927521, -20.7223752153258, -56.3572765866508, -101.19755332027259, 187.4716123835685, 87.00876042837271, -110.719962950605, -18.89664594364558, 49.6052981997885, -19.8095989188209, 117.3310675100013, 30.212129199651002, 158.5042423401098, 55.2886448199075, -52.491509699574195, 49.5719036141469, -9.926137800427291, -64.3718062220624, 26.4217915830897, 40.960576403839596, 184.97805711522238, 158.2114173938219, 109.2363287444168, 145.10623625544451, 15.88773246323073, -54.312624954712206, 32.4054900176479, -73.0900527805779, -94.2636844844894, -111.820832825071, -52.7518829115573, -217.626159632759, -57.624287179849404, -165.95879471014769, 41.626928389451, -94.65041744279901, 78.4765394116358, -186.5552425792667, -65.5496963476043, 109.1754960578094, 41.180150095183, -164.5784432837806, 125.37647818242681, -50.865380002230395, 101.56473536496449, -48.1695288930607, -148.9530899923345, 22.1361197487903, -121.15707529120331, -33.6704495791803, -2.89012009212786, 83.007589373052, 251.915086658574, -91.6805367033372, -71.9252763077769, -1.863669286257727, -25.9532607488235, -163.1691102169091, -118.46864732326401, 102.6636285567461, -57.5580861845887, 33.418469021929994, -97.073763806192, -26.0962963344721, -86.7875383375947, 112.304782858272, 30.1156197290075, -45.915052532964, -25.0109735986496, 13.08699180384226, -12.25275533243865, 87.6554262998805, -49.9898870308326, 5.265259324054, 67.25724154064869, 34.1187260425727, -31.5126437776575, 310.006275858033, 106.5206289148922, 2.15863794138212, 32.2473795793224, -121.9151732677889, 62.4230752118521, -143.0372241079686, -49.8676367623543, -103.55251553715439, -43.6835175521183, 112.8379915767117, -106.4422599658198, 31.655717013827697, -8.07077069021434, 7.75668416061783, -86.2681887319619, -94.99493446235519, -7.83913460669117, -84.5608110883974, -43.1248892153277, -86.9841499191291, -23.7746238552548, -71.2673050618128, -102.50507133197911, 42.239613779738406, -41.7196521355877, 37.1312267155006, 19.39505346284619, -146.3230709119691, -108.8259416919197, -78.7274132999056, 70.38571699019951, 5.5482986148575595, -124.3759684108887, 116.136189958644, -79.5512271459817, 107.91544671151621, -57.3710215914812, -88.42154820539801, 59.3680380111315, -130.3524923781343, -75.4732051723973, 133.62101518904478, 40.460889916881, -71.1998249834148, 96.9524694372164, -34.5011369700795, -63.9206126725432, -59.873670224955504, -99.2787380094708, 49.3799032475969, -185.1552452583614, -166.816616101524, -14.535748704154361, -60.8827069458128, -114.0976255259126, 143.1072177270679, 260.78833065167703, -71.9030882863254, -5.0132444211002305, -126.4582889269615, 129.02181600883438, 33.7703522096592, -35.8767931175903, -81.4361853731705, 29.5165983455866, -116.2906153285031, -39.335393981426, -179.5612129509583, 66.7921369217908, 33.6745245484164, 3.78327179328492, -13.853635575160041, -65.1518633700215, -14.93511919057578, 248.753935468693, -39.553447725819, -86.6187945061764, -135.5976709292901, 21.5913802162408, -67.7486536473265, 11.58319661173937, 51.7396577087805, 20.3130930688881, 54.9740599412857, 23.629431428831303, 124.957357225209, 63.0259514857413, -64.67793889060499, 70.1332460799101, 75.3689491894922, 23.973644852345302, 96.802477078491, -44.369583005119395, 151.9748180684875, 34.0030546014874, -53.8523766476557, -14.38128675167051, -37.004551996899096, 52.1633051953928, -46.54609604769, 0.006552133745013011, -16.762691472127507, 160.6248056110661, 99.0515286493949, -136.4691040697282, -9.340106024389051, -110.3217200383439, -31.7424700773167, -53.2966990412891, 7.3206996236688795, 1.1853146588389318, -51.0140564882912, 15.94722580111351, -11.8792426931177, -25.626583930219198, 170.3661216672736, 36.1761873252034, -159.9623444881131, -91.0871574600117, 187.3508959339849, 55.141206049094905, -21.2125161064853, 207.309065474853, -38.7704788717364, -24.516638444551198, -10.57354378930031, 21.2122855764855, 53.8588749762704, 15.56142339200959, 60.6017706010193, -37.450065765887004, -60.0076757243531, -82.86787136332171, -94.5853351079029, 92.1768234780076, 25.1467884622109, 76.8828384993828, 26.4425778605223, 169.6154652933185, 30.9306078142923, -167.9120358478492, -66.3619753828724, 26.7538853654176, -60.113374693021896, 124.2387902185805, -17.449121460813238, 29.4752401561245, 98.534999047686, -140.12916861432922, 297.047223847135, 41.423875774074205, 53.8816640538082, 68.8886392051727, 20.7021357127039, -3.13788790059911, 71.1816665416182, -70.8091566220368, 153.1829370356483, 135.69795267293398, -80.5454181529908, 29.631787839631798, 132.8333901155761, -44.478885625292904, 30.513412843706497, 86.5477604695037, 83.82093286941381, -155.7414799018665, -30.4654511478658, -70.85673802102761, -2.87933482856078, -15.15968311815837, -11.07632379516414, -36.0128738791432, -58.1895929751237, 12.342461742003369, 22.2915216574751, 106.25686556866941, -77.2483948072499, 74.0373346764932, 86.8455163005753, -37.2530308804774, 173.2459441770379, -138.4550103128056, -204.666653124058, -12.989053234635609, -5.25363453032884, 7.7601799725833605, 156.5688186496373, -21.396484408763, 82.6099739199687, 87.6828320253868, 76.4477706868674, -19.73697019224505, 124.6261749875953, -26.452882223829697, -60.8029005438795, -95.382699947431, 11.53121693926805, 73.4217621301385, -12.04399094480701, 78.10934093829951, -3.5194628003043, 130.17501183078969, 37.2611709342512, 19.8356159775008, -24.4007659732933, 65.9573035709271, 71.8850008759355, 46.325434601468004, -0.9805752003987851, -109.1892494667796, 51.630084287528604, 34.691519758210305, 80.0144079255333, 53.9788441153692, 73.8930648595416, -11.92599220793444, 49.5996687800856, -59.236538464172, -3.92178679272467, -112.999042271327, -61.0717034236698, 75.05914115502159, -185.6771125356761, 58.508806208899, 36.5756731223736, 166.5980428213761, -60.0118605031777, 65.2924285445358, -27.4110746823884, -92.0057449683391, -151.3076369760729, -10.20737286191552, -170.48445527021198, 39.861797814458, -49.1608100334353, 60.62028201890401, 46.940380507249, -47.696068043637695, -52.5383089973255, 77.5053967821092, -116.6234636984897, -23.0900932777244, -38.9512788427836, 42.045017300258806, -17.999826012470763, 7.20132530084122, -39.9085222575078, 110.86330554710949, -86.82404584091529, 15.691260574372581, 116.0292451465067, -64.01827734532961, 7.12244894133195, -17.72026261726583, -132.88202927921208, -96.0102693977737, -17.21643032522062, 47.6180328539324, 59.8773846682289, 17.10383660797754, -8.05788471529457, 30.1412144893554, -87.3584823940671, 6.76579637860413, -105.3634527807906, -64.4971831194656, 94.11474025788, -58.5263001057563, 123.29343160343899, -42.4913277496644, 70.2594744630952, 47.9124658982687, -127.8046175906339, -55.7414994572495, 18.49828139084024, -73.59900219280689, -67.2859702804683, -164.5205169112753, -106.9904337398626, -101.2814496518896, -82.3416833962432, -1.982133670715886, 19.4911232524056, 1.831503621353081, 30.1308825932216, -108.9280052600864, 28.1161152477963, 50.7776043404844, -132.2377144485533, -139.4879475912664, -85.5633472391155, -33.785720227663305, 35.5088341699862, 9.1677756651926, -84.5631972766831, 72.8516347854789, -42.8031851681377, 102.66888465854191, -175.9821080847255, 118.410687162872, -3.9862464164214604, -72.98003667686811, -42.8451404312908, 9.42844897252867, 74.09941818492919, -150.0942381710906, -23.964880184259798, -43.0295832103117, 101.57698641505, 171.610350121742, -191.3544860516213, 187.32415634334922, 92.95709944894631, -143.8742106719748, -72.84799827047, 149.06189626566828, 125.4686402056815, -35.849162635062896, -9.16488153297346, 14.31877322681173, 128.4949444182138, -100.67401813769101, 31.5104134791613, -9.279522006281201, 69.1686593026811, -148.2402815657621, -12.961712068128989, -69.8302186331652, 91.3335140933931, 93.1262792774292, -170.8908573096015, -96.63105389042019, -50.9410610741606, -67.08527599843029, -21.690183120573202, -48.3214724166462, 84.72329854938391, 79.5405293826395, -11.34052932849832, -82.4695549465172, -168.6419708236954, 87.7890778325713, -103.9401817129748, -61.9477073213024, 10.82422031070784, -63.8712106172779, -78.93379851207601, -47.507522584307196, -76.17335030928169, -53.7916221668107, -95.69406366575359, 111.89644888309499, 126.7160210320601, -3.22928694371409, -51.9287974533187, -12.590572364981181, 87.5199054282204, -172.2198177084164, -28.879081868383203, 103.9944914645467, 131.4751097274607, -48.7726951740539, 18.15139629183235, 103.8102695745261, 39.3625515712956, -16.6632596504793, -89.9425666151567, 55.8691743233685, -69.99558741237641, -32.8864959863747, -30.2284852457662, -39.8189429866035, 38.5405398023519, 158.7919988538368, 3.87111215613814, 10.6681437364029, -175.9891487004297, -34.8585822071669, -69.9666642280676, 5.58324863160208, -81.1124843503483, 144.55058910771442, 155.55891636259668, 24.512732012881997, -27.8725977138259, 28.4835262082724, 51.8155481575364, -95.61045471954219, -17.291072644115808, 27.2176147003033, 32.7415028948831, 111.8502366987272, 83.7446477579547, -39.2626258912894, 65.8962488438217, -192.01218548191991, -1.097462702603268, 168.0584612525597, 18.003248458602428, 2.89139657947666, 66.6289204372367, -59.221544080011995, 190.3799621550441, -23.7562680232121, 172.72502829512808, 75.4156918224424, -77.82596354120369, 62.4151827046501, -66.2523942971608, -142.5149152551675, -12.98531792621888, -107.6031967740801, -108.769682374615, -13.59701426735823, 58.393405409860904, -9.892737052587371, -71.51344331253571, 22.782657781615598, -146.51281285495628, -20.1469334975092, -164.4773539811329, 96.9916860044977, 4.17470955364849, -96.0704044032194, -45.9040427845371, 42.1822304698444, -59.5759793826019, -90.4060639975028, 180.0402083388184, -39.2741447814077, -93.5235191146788, 49.4330963799323, -20.669632069239, 96.3665107066355, -6.31100165750691, 24.6735169556694, 201.522211290712, -39.9645688097354, -67.15609149407649, -61.2970660690881, -106.0621068540161, -64.4383775465023, 45.6425793771389, 40.7593641817961, 36.9971622291717, 147.19632602458438, 0.319916954344693, 35.7542164611058, -137.3411056451008, 3.9784289624333202, -51.5373256750212, -61.9706361519015, 12.32394053127215, 65.3346852353933, 76.19400321617721, 4.1043793566882805, 17.10889279201477, 62.2506278079969, 80.3382767922115, -47.0425854646015, -30.0358265999703, 2.68456054341084, -43.5687454751194, -20.4607666477598, -45.71766185082, 150.98535806493692, 131.90090101500851, -33.1770674821809, 27.743664850052703, -5.667017888359769, -41.6970082251364, 60.0314796207781, -20.2186558226244, 75.16151030562, -114.10609680776611, 41.1523947189048, -28.5999804914652, -111.7584040676449, -58.5377633521275, 61.5280680342805, -169.4992947847103, 84.7214359430074, 95.1007549437298, -15.12215336907331, -10.18937112551157, -8.05899136457657, 40.328178523450305, -65.0521298324751, 83.02823422807799, 52.3421447879883, -221.71903470985, -62.901549240604396, 49.3773877147674, -9.11418400453412, 69.6817002932599, -122.33718702236561, -2.79561784077565, -85.4576130159043, -245.353848161727, 151.7952842823331, -114.77300785727991, -110.5399290749003, 25.1074277046324, 253.83103003258, -4.95488729944777, -42.1085913633416, -4.99383157004514, -9.84458559819233, -171.8064843805625, -130.3254839129465, 158.7387017777329, -13.81626511296827, -82.3206735326086, 109.5954416860189, -70.8288778550658, 77.7738703645895, 116.2568735433118, -121.0326892588186, -46.034469866601796, -69.59562206135, -27.029236301439298, -36.015126053036695, -5.0699109191738, 20.2920414396799, -63.6121827578593, 60.3087546279652, 125.2528927585688, -30.7079000321881, -35.7193311797848, 25.1750740559999, 110.5035921993894, 94.94085580522349, 5.509936419584919, 1.930151965874261, -5.67894308635594, -94.8753148861784, 74.1110570079594, -43.701919078535795, 29.869038084437, -36.991988980280894, 62.3574329207172, 31.4149301174413, -153.1692834558111, -60.1949843103983, -153.1295346433938, -53.124616381817305, 9.3061618612667, -27.0252833689624, 57.445863732176804, -62.6008754381594, 6.9720896832079, 25.6240496443959, 146.69130923232018, 80.96593811886899, -46.4167775879593, -0.390277121571099, 17.603470755081858, 77.1689699245261, -0.8754739070421289, 102.1730694433153, 45.7806251006791, 173.8525054019018, 5.92114302881709, 144.1284155746908, -51.047924286413206, -73.21642817303649, 17.73629149488228, 5.8667182753625795, 59.7968791173779, -7.66584237089207, -30.4062150531013, 50.5911945266016, -93.5499559704084, -97.0840672876066, 148.0981514591451, -17.03114913369255, -90.244983682005, -3.7518156312785003, -27.7456559014497, 68.1931452947431, 60.2142044152624, -43.5655859940139, 0.993625355564838, -55.3363512440719, -66.21537344500379, -55.3486011991154, -185.8366837194018, -9.123851956503358, -138.43406082738642, -103.1671987122118, -86.6740401664418, 26.327458523281003, -74.2651029328013, 34.7290772438363, -114.7093790121621, 3.38189175163668, -76.5878620621078, 15.571021856246759, 19.540955187348118, 60.639000520047, -40.456407766192896, -31.8493055628722, 53.2958226138454, 122.85836459794271, 62.0390410240898, 8.14662540328863, -137.072249857828, -30.664074470978598, -71.19203467779829, -118.963963926653, 87.4352961762396, -73.11537600029101, 0.1864510007137267, -52.0469424026626, -201.0982537023, 97.1898776053363, -34.673613293014995, 86.9407088220832, -138.7853496236562, 135.0373215481593, 5.74455760575055, -65.360049184211, 9.11336576070126, -48.5669424971276, -147.50096453608398, 26.4257386662422, 55.6030836901709, 9.844933274211439, -70.5838567389925, -29.202805566288802, 28.7683011095105, 49.700928981495395, 128.04219426114201, 57.9445325811933, -40.2993988434329, 166.5763180484098, 54.3413682147136, 72.15010552032851, -37.5631693559711, 52.839762175828994, 27.6953545787052, -130.10566823517598, -37.8637100567106, -79.13658103810741, -60.0191670530414, -20.1171343711358, -39.0728334397477, -70.0192383483176, -227.340142503652, -59.4237600598795, 27.9534929340832, 13.89276059599051, 14.068603697127301, 100.0220656286912, 33.165587427015794, 65.0248971759124, -78.3068895021635, 98.93097150869431, -95.09931651227899, -156.3231879866097, 32.717859765780204, -77.92446358832521, -79.4471013453136, -315.05216569128, -29.2045619321927, 155.40379273187222, 99.0398416234082, -28.2664537124936, -22.6392781003179, 55.647903191446204, 134.39277614606272, -91.84028249446331, -12.2482101166188, -60.8645614678975, -76.65032873446151, -64.0294040488367, 31.135917595326, 149.434505526189, -132.0566725794722, -108.1916958517354, -0.272573497046897, -11.91799886005306, -25.3950493581197, -183.63674490723218, 113.8003762504439, 60.797544091267696, 12.83892846788993, 92.11826688111469, -62.3617077953445, 55.9801051194126, 53.1212334255661, 14.32379283777978, -9.95372910958432, 26.2092274365175, -27.2914950021414, 86.5601499460734, -82.7476072354314, 74.5524328553975, 18.94715376211785, 22.2295261732028, 53.3119524726796, -178.4883747104774, 14.28590595040312, -134.7048418903843, -99.86955421291981, -100.1521065877931, -88.0231967548974, 7.53191357537401, 26.787420456094303, 94.8694312867209, 21.553064444935103, 28.9771938441572, -144.73076602243168, -45.358350493068, 72.36935090284899, 11.352052912137939, 7.8144536070335295, -14.6819420476131, 69.28406167945019, -187.1070507453456, 15.65493293990739, 48.3661634525768, 90.3284644795144, 71.2444614924519, -114.0252825871489, 15.21206970181035, 7.89295414334938, 7.23749328214835, 2.7437484770757, -41.878597758912, -50.1390128855177, 34.8961530470407, 126.6634799242088, -29.3894076060575, 15.15459734506711, 34.6056917371531, -43.087732432380804, -41.0852542099516, -223.985728276974, -77.99473780719231, -94.2298277162129, -18.32443207200145, -126.6356782681201, 153.4113497365047, -58.2865139094831, -107.2592869463524, -315.617858329442, 132.5495503579474, 24.0336435112266, -9.33612724744319, -129.5211733243853, 24.4592531083529, -44.029501897755, -71.5021207975479, 20.3060852061808, 68.391342161921, 19.33152396498094, -32.8395392845827, -10.35457603086313, 5.34302486891035, 46.4353911749389, -123.2759905400923, 139.1171672984732, -84.9560550796674, -60.721413033675006, -75.1646563852126, -189.7062388490967, 20.2664999346359, -90.407652159908, -49.437233669807696, 73.1456484207647, -41.6640873457317, 12.0749470574477, -18.8431839415199, -54.29926628833, -1.307288744402374, 111.4997140890555, -109.0262116471889, 176.1713418612244, -37.1609138283569, 74.873112889305, -1.5295626505613722, 22.8859684123091, -21.2145953206956, 92.89225490152299, 121.31214091143491, 36.5802698932947, 106.1353184730592, -84.0192956548751, -6.90305732338071, -45.1101320527442, 143.8580720778259, 118.7873407696418, 92.3322264997165, -31.7760642926671, -58.0061006876143, 49.123400636803396, -54.213743461897096, -25.6894133515328, -14.44388602517014, -46.4686267364981, 101.8593403825478, -9.36264436883868, 74.0082431659219, 26.266874368959698, 40.560494573831704, -64.13072244127869, 63.274633082913, -39.1042276469999, -32.2429587564263, -9.01798658709663, -104.297342649021, 154.4030325088372, -51.8270698279746, -10.34560456938473, 35.5864717820157, 40.815496677238, 143.6675810994837, -24.6237427667768, 152.2881651214779, 133.799017007742, -192.7769755291754, 11.95905022202545, -40.4739416830708, 28.5606651487972, 20.8973349854344, 23.815857955515497, 118.72861272193501, 175.83070424018888, -157.33043925350592, 155.19392992276562, -181.04293861982939, -146.7964107849911, -21.1381662135124, 0.499264531456105, 129.7467829168644, 89.2762133646131, -35.2762567098995, -192.88527808479068, 142.4886783366681, -94.1068172123178, -1.6767266967191121, -15.37609713043565, 243.77363359921702, -56.1236441217659, -213.86875409235, 58.0671387405263, -311.227552583911, 23.2148439316257, -66.3518778951127, -37.7084062529949, -53.4509916985472, -109.221578781803, 79.8820515451527, -71.1119817202207, -11.43350330975529, -161.1362596355726, -8.8980778800643, -94.1119117342606, -148.5322467828122, -254.70961826051501, 30.719034189326997, -61.8463969462328, -8.99684952178157, -27.0104456341937, -162.4857639699326, -126.8521872768139, -110.96883170541571, -103.1764553285167, 111.05449293079249, 16.19713650401575, -91.6702289387741, -40.7782713974041, -42.4290534932555, 73.4938605800819, -58.931153749433804, -29.389983654553, -46.4830977886998, -66.3110919421718, -72.5030896131324, 71.4354476005979, -37.9957526431848, -179.9872688709146, 155.28284440859198, 92.30115505521769, 12.54898684809858, -149.0029051810695, -147.3385066301508, 22.9094847613849, 8.69377747303575, -59.2081970554995, -94.82062949895331, 74.2819580344581, -14.11047439419382, 50.3874251861394, 101.5291469524872, 63.578068486134, 70.5792728307449, 52.3228833455085, -39.3104652276256, -23.5296056992689, -43.840344861832904, -66.08910144224589, -84.07239703185701, -133.1863604404202, -77.7455067059197, -13.62827947296281, -170.33674495409622, -7.20117612472114, 67.6864099072622, -130.6065963168557, 45.9976521490436, 44.2146713189137, -132.0866892857089, -114.37140618070049, -25.644811479856102, 45.5890223528886, -77.1641423779248, 136.5245860983054, 117.8793780790218, -154.73979323324602, 102.7634196474596, 68.9333740435264, 22.4919920685734, 49.8323388804334, -85.01407828332239, -21.5569011783059, 10.31158062529425, 34.5407645288047, 90.5703508154252, -101.4772244508964, -2.95734790155824, 36.3440708798819, -8.48912458650083, -47.29105811948, 47.021206978813495, -55.0813779457116, -45.783808421726505, 11.57293511470333, -120.05873180830861, 3.8106826533763902, -60.2483282406198, -17.69307676464794, -2.30481372857143, -113.32566455154259, 111.67986721729159, -59.3998748425558, -249.027833969474, -169.2436783750872, 80.14601288588881, -65.1009949384785, -28.7350152820692, -60.134473161690096, -34.9377620575506, -193.8840846569573, -29.6122036077129, -125.13003038044539, -63.9402028180235, 48.744415179284005, 151.30438891444112, 1.610901516109771, -8.181511801814779, 112.12895267784401, -94.2920113071687, 78.22612532700231, 19.23892724267951, -80.1211239083135, -29.7082939790341, 48.927642162393, -3.1695589304661898, 18.22594968427361, 17.71538341429158, -43.561060671764096, -58.1108786608721, -102.0954083429004, 93.5042725800077, -121.1249833719652, -95.1875231520142, 24.0993621462287, -177.70185303603802, 39.385046094249105, 122.7369479000208, -3.84046844421456, 2.9537651910208096, -44.1332628407618, -38.4225089867026, 13.35658295578078, 77.96182242917, -80.2982932537026, 65.02314983660139, -18.54573438469435, -19.54790024066022, 62.6821336437526, 45.7279945766928, -17.39691988690207, -5.0374439819108705, 46.744114776498705, 60.407298898311495, -144.5974324577386, 23.924245841590498, 100.7071705108005, -196.3393627872012, 59.063063386012004, -241.222648052267, -14.24760021457131, -32.768012368418, -26.9459139547386, -19.46518992293791, -44.2394759005722, -8.29718069056985, 24.5869015593669, -52.3825507306908, 27.153970185937, 169.4721979013369, -129.1336038151193, -54.3951706019825, 70.022580833297, 53.7857914001126, 80.997081555569, 31.330159247119497, 59.9282653653692, -33.7872890604457, -91.1759791627067, -89.2181757091326, -27.3480976858187, -1.141115685959783, -82.1220325485878, -32.0140334277133, 16.699508789062918, 40.7008561274355, -23.4057756489306, 115.2479497975872, -91.9329161091191, -19.33185980406374, -0.18059408520413398, 47.9637948633675, -81.0914484266039, -46.0471004586984, 54.605099857027696, 99.58676087783971, 138.2014793962594, 75.8531756608518, 75.6647754812891, -59.5650443857554, 131.6681835615353, 130.1966464690193, -14.59320651869463, 77.61048206770809, 74.5007074101794, -43.7576518529575, -0.824320476157519, 113.77676808578249, -59.437901547615695, -31.0531441704455, -120.5838792342057, 53.2205788579736, -17.89983090416225, 33.1280262352313, 21.2397748911622, -79.9762669011601, 94.9602981213537, 79.9523203251502, -43.2886466185831, 35.334818946015005, -119.4585604837552, -103.00678113711339, 44.098173405884395, -131.6447508842266, -49.7236786881538, 23.1055826870653, 160.3606678122241, -46.33022331804, -28.1602803619521, -22.7894156053075, 229.433709816944, 24.686015974242302, -80.8196206843715, 135.9905029293719, 125.96484809009999, 58.498227605446104, 141.1356055039647, 155.2949553156489, -26.8266500073556, -54.7495220589787, -72.3155219515763, 52.9740759046005, 68.9063708575478, -10.25779790161015, -43.231445686242196, -129.4342713456193, -59.2655506182292, -85.9366298308208, 49.6234298993641, 32.3636990540527, 123.7621821059166, 4.74527275969562, -53.427928421218596, -10.65932536204563, 79.778646949275, 33.6845334748679, 94.5313502575102, 117.9155898467799, -32.6191499312864, -19.9067293440527, -188.5529860632403, 103.08552232275909, -15.706472822591, 106.03717936907401, -33.091162762415095, -111.91107442655621, 40.7547131700887, 132.2371991484593, -50.732197154424696, 132.4086147481037, -145.513995828873, -39.8518904870593, -151.6700082428835, 45.7227773276031, 30.759189143996, -4.32367317692307, -119.6722867764924, 167.51134705012362, 103.650570009357, 23.6021088752918, -82.1777242000118, 51.2155293059795, -61.311015533134096, -16.34415459876753, -33.6304091713327, 41.5896519094843, -16.50701685035617, -40.7797370574101, 36.0432424287677, 52.2626125123507, -159.51803796570738, 41.763718179578, 132.13367234377858, 78.4286213263958, -22.2953977251879, 13.68058365139568, -68.8640478836949, 115.60633589145391, 43.0328826057151, -20.0643153147496, -15.45742246884178, 203.563455963998, 7.48534251695108, 59.163521824597, 140.35830426222662, 193.1143489881901, 120.2651332648027, 90.0134551821874, -123.5162549889825, -85.411563947302, 59.6127842304567, 3.9864904674394, 60.3873488367609, 42.2342432953416, 117.7095350175546, -149.5513184498999, -93.4750572782524, -19.09413387478567, -156.9303209256739, 30.0393495096473, 71.7959534339431, 39.5151424841899, -48.727309828011, 56.3496845454072, 281.399069016334, 47.9050880305716, 24.2400462426438, -92.13343577825799, -126.6448378210452, -37.582641839023296, 65.3914735624203, -8.43285190730378, 37.4993842430826, 66.6319461720525, -116.39456953718391, 44.008164595862, 115.93558507060709, 109.70330565452471, -8.24929549724924, -2.88372572486653, -19.74638298476545, -95.75519266289871, -133.767047863181, 155.8636428467229, -10.30217544398699, -116.7196259050272, 3.2357828105357997, -40.5355414670306, 186.2760241260831, -42.888989230130406, -70.0771160744771, 66.3925953609808, -28.8507717452933, 77.146133216082, -4.87661234369178, 200.666381286382, 96.9916778670667, -10.494958857827829, -63.715460349803095, 45.956794971458905, -104.8102423511416, -25.5248026558287, 116.0932048249706, -57.106366577543696, -86.96565596783961, -44.2225200836491, 102.9283726800284, 24.786118668398302, -168.4329847856192, 60.2184414457569, 30.3380257147178, 11.32572018777146, -101.8773530724329, -7.6805236588999595, 64.0598411644131, 101.8539588546829, 125.3428212770009, 45.2123480449883, 1.4238805543733628, -98.6337396600023, -101.26827518129119, -148.57157678732972, -11.98810610714725, 61.225016878392395, -7.61367223782203, 108.5268443697403, -63.0325421131914, 33.034573565454, -20.0940452544585, -57.4210196392173, 116.1005757252935, 15.7447325447782, 119.7334310258286, 10.062607812529901, 52.723799175114095, -38.2774116103554, 116.2285764478481, -21.9303451072834, -0.287248975862893, -156.7257289784558, -25.5746415656045, 142.6659146234453, 133.61977987959438, 49.879793514324, -25.7794291539951, 6.72628140915361, -34.2574257360326, -3.68843956074211, 179.9654847563175, 2.33495003079538, -37.5440432852745, -219.745139394435, -109.9020423970097, -74.3292459377291, -130.7175459754497, -110.07796747624181, -135.39573773593412, -88.6523114077854, -81.7478477769015, -89.5337968256964, 95.9450928782055, -58.618804940920995, -197.8497145327927, 83.0916519707978, -51.4064481550297, -156.8444128660523, 187.14105670204611, -43.510473039640104, 45.3827584453647, 90.4387528602487, -3.00954986279028, 50.406152191159904, 9.34805049003706, 0.8201627083988849, -29.855397894259198, -141.8444961320592, 26.4634484281936, -256.811262016172, 123.5085232534411, -87.4388580518586, -32.2277093910384, -31.2646855793586, 13.87991593768802, -45.3022306417614, 58.998477899239, -103.1213931158149, 72.89253296823, 73.378307346698, 33.622633450739, 19.915321782509302, 39.1789890423446, 12.24051048691624, 61.6371494162863, -15.917648492999799, -117.08013187085331, 14.99252978991883, -29.9604846492399, -3.77171580708831, 100.2132232419628, -164.0537604293466, -3.0679881522398897, 1.050572893389059, 19.74131429303352, 63.1871022060854, -24.5259958605777, 165.7421404909922, 96.9820425697861, -36.437831845104995, -19.07105662444428, 2.01809132482548, 152.614873470601, -116.436187887112, -209.854840962569, 61.333873478300404, -32.4191902848194, -27.5920155797597, 25.7640976207616, 152.432999309525, 92.1445659423303, -30.4147253234842, -99.65481801825479, -10.76173860145332, 60.8264748589773, -22.0063629312502, -149.8566997546264, -5.22891457356985, -176.2743248078541, -94.2130956606298, 152.1607076239562, -95.7922505110698, -126.0646944362588, -101.9963222487, -69.2573099651257, 67.5486186106508, 162.8342139602247, -6.9363104804955995, 54.8684984685895, -36.352341171786, -137.5939107750503, 92.1610117299421, -88.1377602415377, 63.9979654206036, 74.7973179265464, -12.82143953490314, 77.5463379868992, 87.065969315608, 199.174509371063, -31.0939719956482, -90.1541242549215, -121.4340597496509, -24.4279037168088, -45.8263399567295, 204.53821680121501, -89.04376038233539, 20.838029421212802, 19.43540243670692, -52.634605390515404, -158.2078383330711, -13.87645242599716, 194.23145434404432, 18.33893782711437, 16.07842171386357, -104.2999277169678, -120.1180200968476, -10.915960297750381, 99.3110853305992, -43.9001099279551, 214.25053356803102, -86.213406143104, 28.894839417934598, -44.689357473866906, -142.63608964094362, 3.23225385521342, -99.3926233880284, -150.8448762040412, 12.053278694864, 4.6904338747532694, 101.9506239365398, 36.9642937304279, -64.1144730731031, 45.656804888176, -160.5586478518382, -103.5895437296194, 178.785313786617, 28.4414362352562, -37.5662522251977, -70.05935790899571, -5.3340523147994094, -11.4993139836012, 164.358403455187, 82.81767464855119, -33.1102484012565, -24.4573028238986, -84.9021755593908, -39.961143607405404, -132.9747369698536, 91.0461344728477, 10.79387319140002, 28.8669635581469, 30.841766708613797, -0.8775817876264409, -33.2790717500031, -6.417805631361761, -198.904803630512, -45.809155783626395, -15.07073423865914, -18.88088202729211, 108.5488541442719, 123.61765297493119, 32.6456435051445, -192.5188197703098, 128.4404283908946, -42.601536777101, -74.7610261084756, -171.32570235474827, -76.9694463070347, 111.72754883345391, 48.2279717190133, 10.00032349317787, 57.830696602741995, -112.01137968410299, -83.5883086471593, 101.98060450689411, 76.7287987503624, 103.005913927682, -2.68688260393348, 13.49631450712095, 112.97489873802621, 190.8684916781462, -59.7824482457559, 63.838617858260804, -23.041935433586502, -81.6699762862667, -62.2333497168684, -59.3669134665685, -26.0352645389453, -103.88347336125969, -43.1732947000492, -280.090475944446, 73.2514718078609, 40.884764935305796, -7.77773751458496, -75.3561126861985, -40.562695920729794, -104.3681583929085, 30.1552421030373, 162.6409836517317, -50.0907634360192, -32.2640682791654, 47.242317641507796, -96.9611341227627, 174.6703521412034, 30.6681351346867, 45.1993938671866, 97.1844069117328, 6.5675155321358005, 107.42715886824911, 28.2180774936024, -21.339172292312398, 14.4334320200039, 1.806765921146031, 144.3808821624443, 20.088318033230898, 23.6772597471236, -25.807025997600498, 26.246053924822597, -180.6536826651004, -64.5685149280273, -90.5713585007496, 96.25577355884249, -57.597529743092295, -130.78782151738568, 106.6354464510222, -24.2140582626014, 87.339100667579, -178.2114053992575, 46.1732299260864, 17.10610264192153, 11.51186564035364, -16.404635581377377, -17.95196851701845, 95.0106224230376, 3.9617776018757302, -94.040396923206, -34.8398857895331, 55.055530428145104, -233.90826537420799, -184.4997303550058, 7.95018090454474, 23.227383575134503, -81.69653282674321, -7.8200704696395, 222.508168621505, 60.8853486994379, -113.39350022389269, 18.35747570684612, -19.09776229110908, 20.8746336967554, -66.85493369476771, 38.6222032440161, 56.507151111446504, -5.83163872157626, 214.386418118204, -28.0185260893999, -62.653735447902804, 28.0264104654721, 92.5996509494762, -70.6399643093967, -6.33648201732432, 191.2285327019684, -9.303327516161978, 123.3736095635133, 26.8099622090992, -17.98106329375499, -60.780735758484596, 112.5142827184515, -101.8167474612707, -4.42918441379544, -33.6477737223516, -80.3809490234557, 36.7566940650131, 47.32566561291971, 23.2561130531038, 1.458343686675468, -76.1363081997105, 42.862787368841, -13.45233912890847, -48.9477476888848, -41.8084771467702, 40.4510143731134, -11.93838238618125, -69.145540342627, -211.342464700134, 20.4193756060342, 49.571444586450795, -76.5446758951298, -41.741000462908104, 159.9591316092242, 12.74304962369909, 61.362439286328595, 7.59844667007003, 63.621047282325605, 12.880883788540089, -73.9102112560357, -4.3447109411391, 17.4584137949126, 54.179134592073694, 155.1623432235844, 100.64536133823549, 0.278733771732034, 33.5512718824184, 121.5712028660378, 46.672462144029794, -149.43250355317718, -54.255545487362696, 30.0754566765707, 11.05914998188331, 50.603657579915605, -108.7030924039294, 17.92613793903558, 76.3925901780957, 98.802180127537, -86.2603030693747, -13.92992810701386, -4.11562730525923, -26.392595717113, -72.73157953322729, -42.8883479209655, -3.73782746395378, 15.639627844389139, 83.53716067551511, -61.0897365478208, 163.82667886073432, 64.9319956272071, 43.4334860038862, 65.9207276167881, 64.27090941074749, 68.54267060308379, 106.4867794189559, -85.9555089723958, 122.8380959724427, -222.51221706689302, 60.9524129272927, -211.262695698939, 169.5377098668877, 136.751909484411, -21.847344417143397, -97.8731789882458, -85.1552358498017, -123.8239830445345, -124.59689084744019, 109.3625285218405, 80.3868229913227, 46.939183525503495, 74.388377702922, 79.78309656147701, -75.71256256148399, -39.319172128219094, 116.38443007993939, -22.9760701769476, 109.45764794226051, 138.5317094501103, -10.97000093561969, -139.94560582954932, -1.963812450945965, -4.9207404552499, -17.474574831119853, -3.61803922639437, -129.508381411436, -42.0811068118554, 10.528448277905621, 17.66191972329751, 92.9005657275429, -78.80001360511599, 130.7107885274132, -84.3982220491792, 41.558505974902, 69.31190292982279]
