name = 'XNO-H-XCHXCH2'

composition = {'H':1, 'C':0, 'N':1, 'O':1, 'Pt':1}
IS_SPE =[-378602.681, 'eV']
IS_ZPE =[0.473, 'eV']
IS_frequencies=[161.3, 164.61, 177.42, 318.25, 517.41, 520.37, 867.03, 1312.43, 3587.35, 'cm-1']

composition = {'H':3, 'C':2, 'N':0, 'O':0, 'Pt':1}
IS_SPE =[-378182.768279271, 'eV']
IS_ZPE =[1.126, 'eV']
IS_frequencies=[238.1, 296.5, 469.9, 530.6, 589.7, 669.6, 739.8, 955.7, 1009.7, 1068.2, 1119.5, 1410.4, 2992.4, 3018, 3056.5, 'cm-1']

composition = {'H':4, 'C':2, 'N':1, 'O':1, 'Pt':2}
TST_SPE=[-756784.2, 'eV']
TST_ZPE=[1.450, 'eV']
TST_frequencies=[138.1, 161.5, 186.7, 250.4, 328.4, 376.3, 483.8, 486.7, 516.2, 589.5, 679.2, 809.9, 973.7, 984.9, 1014.4, 1092.1, 1153.6, 1223.5, 1427.2, 1446.1, 2989.9, 3020.7, 3059.5, 'cm-1']
no_reactants=2
bee_IS = [-120.8269518937393, -7.1970688265246, -31.589275961799302, 85.51309793217129, -44.0543118721174, -40.9645493831125, -70.0706642456924, -172.2123051758702, -92.8011663004098, -94.2955355022917, -73.5415903636104, 4.46277851100656, 8.1066662457359, 15.33265450563206, 5.28573215840646, 94.57660181079379, -41.6631606445038, -46.0592334467311, 38.3960994646662, -223.88211624482602, 106.8030997863279, -57.78759164849, -6.6403592663292095, -22.7446273121138, -17.74511347028363, -9.2840271812752, 175.87193783491261, -37.0923117699631, -18.00121792548487, -103.2339633426341, 162.6611602025646, -37.498142900598296, -74.6878923958995, 49.7507214588933, -5.64838796861693, 32.537848661470406, -9.73750546386191, 21.664178053330502, 57.29189648180321, -205.831028142151, 111.21182670026951, 28.3567705542814, -3.2559532406030502, -72.1047120454291, 24.5166604453808, -29.132275879454298, 79.267322391875, 72.70258515493671, -61.4957082037415, -54.7532633635717, -65.4216924103618, -70.0866459360611, 27.0114279197817, -97.81274316121099, 22.9662642772362, 124.1298966019204, 126.413237573245, 70.9175691630058, 30.7313341287782, 53.781889094021196, 177.5059749554581, 42.486362699937, -109.3093605833057, -31.3814599557455, -46.9628861778413, 125.5145933322809, -154.2046783324232, -133.8732814725775, -51.554085590858705, -12.69262245029267, -93.9394495957118, 53.906929230232706, 15.926689862777721, 17.20741631402001, -79.10192703374099, -69.0811129761457, -107.8586845419313, 77.86846293807321, -58.886121273779096, 52.7359442633166, -14.18825553197307, -63.4286628845539, -114.9000865022462, -35.2212003234479, -18.00601286082326, -24.8850194619233, 82.1193622759785, 135.8602832174277, -76.721455178188, -158.3377789643307, -43.7919846693775, 222.20696841161202, -118.0006206077122, 70.9930402231453, -19.03701431895127, -132.2150866488455, 50.6892000501162, 79.387168102147, -39.616510369651294, 79.8309991178417, -59.054725747260605, -95.0844487475373, 172.304539502019, 90.453735240313, 67.1486778130939, 29.199409693752898, 40.8507287849455, 170.6648799381823, -51.119984230442796, 15.70934959038425, -283.765565971364, 36.1309429496603, -142.7399301699262, 30.0652974910316, 40.717176228770796, -66.27016930880819, -111.0443951520045, 13.102049122016979, -60.5717315204392, 61.2256534319689, -105.5908684061594, 3.51988958351615, -71.08795811144199, -8.45937874115305, -2.1377020798720103, 35.9570763470374, 2.83818774955182, -13.002213692999359, 117.4806895423092, 180.8994601940692, 96.4143182873262, 165.611580899638, -22.938698456385097, 28.5697360731928, 107.8059254992547, -22.262651717336198, -146.51273912308568, -76.41119412632699, -103.9113171672906, -55.1174196659027, 65.2034044699726, -232.580881211958, -37.3056625141632, 82.418940878207, -76.9345004141966, -72.8566875673574, 108.2730019404313, 79.7660732834036, -70.5130905898813, 27.1743041745968, -54.439821571067995, 68.35323872630329, 8.90933812153901, 42.194806076704495, -176.2704719067718, -95.6735791266064, -19.845499299692392, 6.506479192293449, -72.991378988174, 211.127825357077, -46.0992180619596, -79.516340578665, 77.5442267559302, -98.5056607653664, -72.3344315854534, 64.6945279221821, 24.7945516523341, 32.7832663915188, 23.1350024154588, -26.4989229035559, 44.956547220019104, 117.5990185184425, -62.1868191863677, 32.3199587112597, 186.1741132731918, 67.873209945277, -14.5497143176616, -37.519770861592704, 305.404494584297, -32.5806350055322, 72.3090114881464, 38.622794552787, 72.1813921228249, 177.72978444819768, 108.2325975876675, -4.79339449297612, 45.3416988763819, 96.56869715945379, 72.41527471705419, -104.611410824225, 186.4164751298157, -164.4292410257583, -39.5896076713502, 116.1524500313909, 13.30231880036592, 15.74688621580936, 68.0149983361034, 59.6795130318345, 70.4755329114353, -127.0351661707725, 5.72661433531835, -59.3036348215234, -17.406863268190243, -2.85220418816743, -14.30714397324676, -8.23796541960576, 171.19781934432729, -20.173999206345897, -55.072998656536896, -9.93005953860202, 27.8750534364435, -112.2901941664136, -80.9263854543223, -76.13929658833169, -125.5284794369237, -33.805265357582, -89.1751176607406, 32.521051117627806, -4.83268929244052, -20.758856572472297, -18.62669959236726, 16.120687811264638, -48.5191409024835, 137.2999070018951, -160.6771343208704, -28.088712280669803, -34.7325223677964, 36.275741279907905, 42.6383525159095, -92.35590820557559, -40.3079152739573, 87.83053120679011, -55.1140492513416, 37.2571325705189, 76.3230361275746, -6.4103645497047, 227.37791884548602, -45.991268212601696, -67.9542926942341, 11.58062726559905, -45.4009653177193, 105.06077707839191, -67.03509893419431, 21.171214440929397, 127.7528437657288, -25.1644511104489, 239.49994461639, 250.68672700869502, -129.3853340946144, 117.626822687938, 33.0842886414987, -103.0767071905384, 43.157198635643795, 70.346189032837, 72.13540760201161, 2.6809641632762604, 31.757161906293902, 138.4857521738874, -49.2130241612142, 36.1799280754727, 147.2704332215958, -74.2302583489991, -25.6954658224385, 101.19839155390599, 59.2385010636725, 155.4803213924123, 44.2398338316619, 12.35193282631235, 55.894898970619096, 76.31676431847319, -93.82687819909361, 6.53576376723009, 25.6418402549235, 22.6339623278297, 43.8866096977094, -114.417002050328, 72.9950987442417, -88.45028427299789, -69.1958369459065, 35.386374904661494, -36.252015564425, 110.4938464613342, -51.167786005448, 53.107907290004206, 73.40875424993101, 165.23378928208922, 114.5139069208998, 91.92403779128139, -21.1985552405199, -7.71154119282141, -66.15080031817479, 149.433322572608, 158.7811260609162, 72.0517235910829, -38.140794226691796, 101.95505359457411, -32.5971517635134, 42.8728456509258, 122.3042513682112, 4.30569824088798, -20.817336899363802, -56.501091373482296, -101.7553515203913, 188.2803717392622, 87.4809318527506, -111.2958193561451, -19.093083938348798, 49.7952999803556, -19.87488135547875, 117.9004846078129, 30.3425057773009, 159.19739841468862, 55.5613202454009, -52.6559370457918, 49.697096819734995, -9.98746517474155, -64.5619876716204, 26.5414264300069, 41.0664458987585, 185.7590588201843, 158.8492387901697, 109.73875624334079, 145.64537738807758, 15.938106824045999, -54.514327266677995, 32.5223047941493, -73.3651668509871, -94.76533691042911, -112.285467579993, -53.0277899978882, -218.531278604206, -57.9583149962695, -166.70707274692052, 41.8160164854543, -95.02610319492999, 78.9340027418207, -187.42050320292782, -65.7984415711639, 109.4623812833023, 41.360866479082404, -165.3643779015812, 125.79510375430101, -51.1235777989642, 102.035025083612, -48.3767790751547, -149.62330738281292, 22.2824654075816, -121.72594369543981, -33.664267397555, -2.92181815658018, 83.3418541683589, 252.988472146198, -92.0294812513781, -72.2471448840084, -1.922377805097938, -25.998153957689, -163.8524107717332, -118.9408298121849, 103.07063957026631, -57.6979966193482, 33.6444886178856, -97.491242260289, -26.2415849495472, -87.1386586284101, 112.71464102121399, 30.1958047269979, -46.1294318032546, -25.194473396705398, 13.20300923698088, -12.305608843523029, 87.9959553750416, -50.205119568137704, 5.39220071395118, 67.5512370719631, 34.1997809676095, -31.7388826979789, 311.31087999195404, 107.0523442563024, 2.26188050370459, 32.2964197870784, -122.4285238731828, 62.7086202449719, -143.7143598058995, -50.1741411570616, -104.0633807793603, -43.847371851511, 113.35170185786001, -106.92513151950129, 31.9125501727031, -8.119183483577899, 7.76103687778454, -86.52968197551371, -95.33695207140559, -7.92180309751404, -84.789349439167, -43.309149640921106, -87.3457680810562, -23.8077576324037, -71.53489110970159, -102.91237697739001, 42.396577351501406, -41.806278263714404, 37.3343835414107, 19.44868741615219, -146.972605642616, -109.2323891856199, -79.1895520338237, 70.6360806650882, 5.47830637942082, -124.88035902819391, 116.62148611475911, -79.91721776525111, 108.4516181518414, -57.6423195563999, -88.8164403173961, 59.5690294252268, -130.97853734912678, -75.7229275944391, 134.0852107544195, 40.6416713028277, -71.59354629507669, 97.4199038881562, -34.6392443522453, -64.23321051492971, -60.122063077372, -99.7275532321492, 49.608821752009, -185.8819922319204, -167.43857714069242, -14.598458451846, -61.1220816043313, -114.6245289722172, 143.7708565396009, 261.96735151179803, -72.05488109690009, -5.05519654203011, -126.95001200011541, 129.5824919902184, 33.9624317390552, -36.0712110797929, -81.73409841789771, 29.6331165886444, -116.7819439291734, -39.420737133843204, -180.2772391783211, 67.0894235655562, 33.749829330223605, 3.71620016492499, -13.97826988453289, -65.5454487345225, -15.05459579362492, 249.936123782321, -39.675128579322404, -87.04218857554409, -136.1946190099909, 21.7099151358909, -68.0909424185341, 11.679044900268671, 52.030583871485, 20.3579582820433, 55.2947848178437, 23.802828422327, 125.4591045839658, 63.2077482060755, -65.00111084967139, 70.6334503365288, 75.65585033778581, 24.0784870242929, 97.1012981539714, -44.671738134412095, 152.5857859715147, 34.2465322625759, -54.1531527384115, -14.42361268371099, -37.1419812249287, 52.2713138163434, -46.7364457898724, -0.1228487057433654, -16.87391822238953, 161.3068108938619, 99.5441055075671, -136.97951442217402, -9.42775320643577, -110.7182744287062, -31.830811178255203, -53.4748728893806, 7.42543374649449, 1.1674218121553381, -51.2664133180092, 16.100349738647992, -11.962857077888291, -25.668269685550598, 171.1089071015484, 36.2923359600791, -160.6869590598021, -91.3877975520669, 188.1925481472083, 55.3455468176927, -21.2861045931928, 208.246716581015, -38.892889582765605, -24.569750430194603, -10.685047524489281, 21.3435498914884, 54.1664952913744, 15.58509390606531, 60.8480887870176, -37.5322555112186, -60.3859725624254, -83.20709534496271, -94.9917746127103, 92.50523558918681, 25.2669734075713, 77.20712985964869, 26.5778714251799, 170.38085290233448, 31.1169557066803, -168.57289834939468, -66.62934332244299, 26.7635970038365, -60.3516588802962, 124.7943111849068, -17.58940352095442, 29.6146618018892, 99.02285908240509, -140.8339166649959, 298.29674180097504, 41.5862334719727, 54.093193320286204, 69.2206935549378, 20.7235421777317, -3.1480542765816, 71.4405682266227, -71.11188545849899, 153.9388724272913, 136.3527365521095, -80.8768791265164, 29.770708522542698, 133.457174056086, -44.658183613732504, 30.7053217726478, 86.7966221112219, 84.15479142037199, -156.37037670269711, -30.4988874759189, -71.0615753515022, -2.93294357307451, -15.22448847434596, -10.986847564244389, -36.0945391743343, -58.467220406789906, 12.50346471583006, 22.3306428116216, 106.7067734928811, -77.6571753719999, 74.4649540197932, 87.27967526357179, -37.3104950256232, 173.8616481058294, -139.03568200605378, -205.545159206594, -13.07824673770082, -5.29926934190371, 7.74550366004155, 157.24364267920828, -21.3948500423698, 82.97866253179649, 88.2207949394642, 76.7758097735467, -19.79355931209216, 125.10219683420249, -26.581881298850902, -61.1580590048954, -95.64243185497591, 11.64093175105246, 73.6872664719064, -12.063438246239599, 78.3788656478985, -3.5180514461638097, 130.6295233538551, 37.3804708726994, 19.90395989854295, -24.372765885850697, 66.1937572631072, 72.2338077335157, 46.442427724565, -1.013236194549932, -109.66730089613091, 51.887334517689894, 34.8721103183057, 80.2869928398232, 54.2252241748006, 74.2145941077391, -12.00970103982277, 49.915990550107296, -59.4999564540708, -3.9433328768119598, -113.4401559937127, -61.3731225931497, 75.4334227544753, -186.4256606356323, 58.693405529647805, 36.6931688071753, 167.3492100484361, -60.077017461198494, 65.5875809038775, -27.4997578764083, -92.4253893864771, -151.8511876741871, -10.35223481248425, -171.2599301455359, 39.9075398816253, -49.351615968835404, 60.911523587886904, 47.1679441128094, -47.957852454789304, -52.8182908822228, 77.8665365011035, -117.12381259289461, -23.2173461150498, -39.082903350722304, 42.2921452606101, -17.91991341031632, 7.22611696540741, -40.014722410688094, 111.31713205096679, -87.3604505509762, 15.734747254319021, 116.5576386975471, -64.3496836622685, 7.17304685175341, -17.68264856290751, -133.4108917125385, -96.3007847704462, -17.2114270076519, 47.8921558335212, 60.1831492537523, 17.14566356689125, -8.16979451526424, 30.2564413108778, -87.6743336078803, 6.70823183980087, -105.8225852778167, -64.736576750913, 94.5566999165732, -58.792417803656704, 123.90895889139739, -42.7003722128212, 70.53165688064661, 48.1239128239973, -128.31349806385072, -55.9407017468309, 18.59433202529809, -73.97260918973069, -67.63371920586971, -165.2822049691842, -107.4500077268197, -101.696942818696, -82.74235354073, -1.990304764615842, 19.71739716996626, 1.954829965959277, 30.3799682855416, -109.42285591638881, 28.2361495297246, 51.0630334665112, -132.8260211721153, -139.9715396248925, -85.9034707959979, -34.093192703666006, 35.6080112529163, 9.135013961334721, -84.9152173837429, 73.07039188995739, -43.020583767114005, 103.11229269384191, -176.7454437905621, 118.97990386381531, -4.11124659192536, -73.3609484499242, -43.0725466547215, 9.4270728307, 74.5366025917838, -150.6841166504422, -24.0715114061827, -43.1677331767404, 101.9119433883092, 172.3024346040935, -192.2197542366014, 188.09948910772562, 93.26967426979391, -144.5216869061665, -73.1122386893965, 149.7446785711276, 125.9403630025705, -36.0356199819444, -9.23160375493785, 14.49380177539563, 129.1687325382652, -101.19889844125291, 31.6060658743368, -9.34835980843496, 69.3835400453168, -148.8403117641016, -12.97342058441426, -70.0366014485959, 91.7580226012686, 93.4571903108974, -171.6608826253857, -97.0306418726641, -51.1134945637252, -67.4781102091822, -21.7812810502221, -48.4555401454633, 85.1082561876553, 79.9080724036276, -11.331167570914769, -82.8517281783641, -169.3908206580989, 88.2441658580495, -104.31481288194439, -62.2984732560508, 10.8889922029805, -64.2009962811689, -79.27918454951251, -47.7811591673839, -76.6330578094243, -53.9934473875831, -96.1139321754835, 112.3463292183266, 127.19492856013551, -3.34061039390497, -52.1065726072749, -12.552071004357341, 87.8931011238522, -172.92888046416, -29.0758538246803, 104.3976769303262, 132.1188783485896, -48.8372605805188, 18.23592939324226, 104.260863143627, 39.5015686409201, -16.624970466447962, -90.283274974693, 55.9893924672911, -70.26148526090509, -32.910651384813, -30.413481625979102, -39.9317516040411, 38.7608648279119, 159.4560220302257, 3.80223652636082, 10.67394285164772, -176.77102163255017, -35.0119997220226, -70.2538857167912, 5.54799626800258, -81.5378721338152, 145.3515924787785, 156.3002701198424, 24.6652889191996, -28.0949300212093, 28.658289558461803, 51.9607134619879, -96.0146971572826, -17.38228680329041, 27.4209676143944, 32.8514438531844, 112.280316420432, 84.0597001867732, -39.443769585116, 66.0587030596962, -192.8400559948775, -1.0858681138026611, 168.8324961777663, 18.1761821153408, 2.8502432966688502, 66.85206787213781, -59.4217450898641, 191.10503770708328, -23.9575711094196, 173.36012220160382, 75.7462636278544, -78.2162149217354, 62.7083276267125, -66.4880114977389, -143.10726827962048, -13.064610079104849, -108.0471777247364, -109.2036697482675, -13.60530375493832, 58.736262371616704, -10.041804586483721, -71.74919465199281, 22.861262571866497, -147.05686204457191, -20.1682565541978, -165.2245978720684, 97.4190202596168, 4.14786797657934, -96.48293357422381, -46.0180028274001, 42.3402057515314, -59.9196755134581, -90.77854709860671, 180.83952220167862, -39.519065024180804, -93.8140958707752, 49.720623899251805, -20.8826467342955, 96.8795608782997, -6.35872174290444, 24.687896582716398, 202.4799049931, -40.0099064347492, -67.49818627794829, -61.7292254181352, -106.4753035009775, -64.7683410097145, 45.8914106886414, 41.0531313905745, 37.238802087084096, 147.83558984840778, 0.381675362095905, 35.9749302346152, -137.8115805949445, 4.00783584684939, -51.643351757651104, -62.2110651747485, 12.23323535741644, 65.61006935135461, 76.5171088286603, 4.087500078751351, 17.23866952373089, 62.4744310535191, 80.61625714869871, -47.2564993705537, -30.1197948359799, 2.68457779231665, -43.787442268577294, -20.46086861122, -46.0890158031998, 151.6782394682018, 132.4224318862094, -33.3442561747767, 27.9111361116872, -5.72272769034911, -41.983677889564504, 60.3588468695448, -20.298462221614997, 75.49306379558129, -114.50945475585121, 41.3129125976679, -28.6666975097139, -112.2184212154325, -58.744244207196104, 61.744118887933595, -170.3468096693935, 85.0566910000446, 95.4985354810302, -15.215936258842738, -10.25901775390301, -8.103071481222631, 40.5592243468709, -65.3384328009234, 83.2873204240127, 52.6258902440399, -222.450695673056, -63.2223388642323, 49.5896415182931, -9.22143332482557, 70.1292613414908, -122.87450363910699, -2.90800316397281, -85.7913406505472, -246.479731661034, 152.47911546595628, -115.2888572853073, -111.1277056487173, 25.161383570830402, 254.94044092845002, -4.88031394758442, -42.4124688387436, -5.01244584177084, -9.86768717089112, -172.5187938294277, -130.7900391262761, 159.4908414585531, -13.92651278329612, -82.6257198684115, 110.00015368152, -71.1004611497049, 78.0487738533632, 116.65710007412869, -121.46087907103089, -46.2680490414482, -69.8810179147158, -27.1829592681545, -36.1692742715668, -5.24879119861135, 20.4707415273713, -63.9200233664228, 60.5402494359992, 125.71512101791049, -30.742045196101, -35.9072199502667, 25.3009503685935, 110.9580763749629, 95.4322213928654, 5.621209729687161, 1.826377965098061, -5.78419493493488, -95.3266167674149, 74.4592100535935, -43.9095117851585, 30.0765910765062, -37.0929512897117, 62.576580526318196, 31.557906897711298, -153.8676323269118, -60.3962308866862, -153.796388556217, -53.4745985057916, 9.33345519462746, -27.199442319567098, 57.7574577051991, -62.8543014522506, 7.01583270082406, 25.6920037818919, 147.26590062939022, 81.28557146637209, -46.7117783964044, -0.41277241751981797, 17.73153156644446, 77.4798317366525, -0.890223923355392, 102.65982752546759, 46.013670457216605, 174.616070018435, 5.9378935221998805, 144.639629335204, -51.299236679821206, -73.5460852938552, 17.72783505439713, 5.97977725814985, 59.9644713569409, -7.87631443214627, -30.4777975420689, 50.781584259906, -93.9518740801411, -97.616993603874, 148.7902928223088, -17.089859513471758, -90.5414610578853, -3.79383141969038, -27.8590100957629, 68.5989689221555, 60.5061424831188, -43.7438658201305, 0.9975668801295681, -55.5485095663251, -66.52435936845211, -55.5477183374249, -186.67431988047042, -9.09405143791367, -138.98324284081872, -103.67527199761639, -86.9840164791722, 26.518754966997797, -74.59063584874269, 34.9395050107028, -115.2860132433394, 3.38379694438964, -76.9541263028442, 15.65865783544888, 19.5899590006544, 60.9589876992321, -40.6266486207647, -32.0113250665174, 53.5885123950666, 123.3583953345651, 62.3191308092556, 8.22769206113071, -137.7243920035472, -30.807939026883197, -71.4324897411847, -119.475891006321, 87.80653652392971, -73.4048379281771, 0.1230390226810982, -52.293848246230795, -201.936876951268, 97.67622790643901, -34.8309383066577, 87.26839359166749, -139.42444756936658, 135.599110533171, 5.81722986435409, -65.56979236721651, 9.22127682482284, -48.7177432892632, -148.0145671661478, 26.573298723817402, 55.971471655162404, 9.822667600750261, -70.8832328280914, -29.3565833356247, 28.9507261518151, 50.023670124289, 128.5622924065235, 58.134332928309, -40.4883706570293, 167.46221066456621, 54.499713039962, 72.5628887389324, -37.712728200201695, 53.099295315370696, 27.919004987913198, -130.627382241958, -38.0599298540491, -79.4911930675831, -60.3996476827572, -20.2336762016679, -39.1284593434914, -70.43508740334721, -228.27698742324498, -59.6506461686793, 28.047899341374503, 13.945440787665571, 14.21852061508153, 100.3442767317204, 33.2292309208124, 65.3050494069894, -78.6659383509204, 99.2909192231889, -95.4187822757043, -156.87695850803271, 32.908529742841, -78.2967746352436, -79.7703990352702, -316.406495299266, -29.2523575975935, 156.13059902483718, 99.3879441706312, -28.3568087490025, -22.7368284468022, 56.072031822368004, 134.9351676407842, -92.1789438905657, -12.35728251500802, -61.190196742537296, -76.92227564613461, -64.25424428438879, 31.2099000448885, 150.0235042502759, -132.60495364657442, -108.6625661474026, -0.244591585321472, -12.05845706386299, -25.5284361292674, -184.3891147527009, 114.35055282942619, 60.9619323102008, 12.93724855574582, 92.56233931081499, -62.6585958161263, 56.258634303566694, 53.3762229084692, 14.324784633563869, -10.02430452779501, 26.267570207798798, -27.4223844594121, 87.0303558854264, -83.0622665547388, 74.9591881603107, 19.02483203754224, 22.3851972328263, 53.4701182960265, -179.1903958606694, 14.391547739085691, -135.2854489170003, -100.2708453826763, -100.5520976194893, -88.4892119931301, 7.51489663229996, 26.9619596896835, 95.30213032096961, 21.6064261195749, 29.115657006562202, -145.3163023493027, -45.5881614073958, 72.6487480922837, 11.31292617872133, 7.77798145100593, -14.767804811528428, 69.5806214310024, -187.8803431703114, 15.76247757559782, 48.5307408437139, 90.6469907408439, 71.550301255467, -114.5090901940255, 15.36866880896719, 7.94418518736527, 7.30310471330313, 2.8136922988131197, -42.0264197102921, -50.5171588533923, 35.061198484522, 127.1465847304604, -29.375235830270398, 15.27918826570129, 34.712341346224, -43.3635593958644, -41.3836835813865, -225.04598034860499, -78.3117650868943, -94.7473183133929, -18.35991541088885, -127.2234560755805, 154.0471646878488, -58.5724267859445, -107.74513999356071, -316.944004868457, 133.1257989606644, 24.1632852931967, -9.21356778998799, -130.0533654771423, 24.4863571262038, -44.1866197802843, -71.7753090044411, 20.382352577434702, 68.670185161861, 19.36580879470688, -33.036714019980906, -10.302175419697281, 5.36095369255338, 46.5135404755249, -123.853182104264, 139.76071657079092, -85.31687277649979, -60.9528979074554, -75.6268666673699, -190.6792567534706, 20.3000949754169, -90.9299716390685, -49.580098018746, 73.4011626144273, -41.9072580758512, 11.95787534091005, -18.969682012735568, -54.444755262441305, -1.278570272500523, 111.9404996194659, -109.4448381900979, 177.0826899870642, -37.3889307745654, 75.1407164438852, -1.6972275187781638, 22.9731948561285, -21.3139214014204, 93.2681463119025, 121.8395275301922, 36.728717339613894, 106.4705135416675, -84.2580309932721, -6.98417920690099, -45.298631845226396, 144.3979632745504, 119.2382026115781, 92.6625940031071, -31.8786854489286, -58.2206003426878, 49.319603595851504, -54.4794631919296, -25.8098255292278, -14.486314306760029, -46.787387209245296, 102.2644052571157, -9.45827396821169, 74.3079050027127, 26.480691734043702, 40.6825894004438, -64.4087018162116, 63.452937009330995, -39.2114966931686, -32.294229047788605, -9.02705157067442, -104.6860290950496, 155.0570976719286, -52.0382823320961, -10.354343205130249, 35.810253720060004, 41.0134838435523, 144.3485334872615, -24.8053658034202, 152.91565813771462, 134.35009875007012, -193.5396890890271, 12.01656988641213, -40.6259492210666, 28.6604020004689, 20.9328045152865, 24.007831779977003, 119.27681819449509, 176.70539477986802, -157.93441169304572, 155.83117905242761, -181.9268314695346, -147.5639812036057, -21.2732023299326, 0.512623401344968, 130.42541409637658, 89.53700591028749, -35.3724531852948, -193.58331553878378, 143.06710497641632, -94.4555604088149, -1.642468683996981, -15.421974099732111, 244.896441255116, -56.2988808272666, -214.765228825823, 58.3204422034098, -312.60911929644396, 23.3286743961107, -66.6809222196203, -37.866815096976396, -53.669316226096, -109.7253701902898, 80.17966110493731, -71.4308346587384, -11.57530890369071, -161.7718757904936, -8.929444326341471, -94.59949295318421, -149.2011203007306, -255.57976029040202, 30.788117591585802, -62.1838821357948, -8.87036680051812, -27.143544712222102, -163.208952909288, -127.42026520124881, -111.4633377664145, -103.6934712754607, 111.5023394963557, 16.23146108798803, -92.1011546301952, -41.0060660019071, -42.6660815446081, 73.86528280943989, -59.172881706339, -29.408615416672298, -46.7810822567872, -66.6447104092719, -72.87445161781099, 71.7839330348169, -38.1020713013087, -180.7893342452812, 155.9349314061607, 92.6878558692957, 12.564806978410619, -149.71958799369162, -147.9631505203015, 22.934251884980903, 8.68715113264205, -59.505553772315096, -95.17328215895441, 74.5163170884857, -14.151404873201269, 50.6216975324865, 101.9393679056835, 63.8673158860681, 70.7727129550907, 52.509003852119704, -39.4952078634371, -23.6646256473624, -43.999050492882404, -66.4153185248864, -84.4666434219128, -133.6970461461524, -78.04452392462869, -13.74605344699956, -170.95441528157272, -7.36294134704474, 68.0125574955841, -131.3640594773832, 46.3344595448828, 44.4805351987552, -132.7089582861369, -114.8430090828206, -25.8619255277251, 45.6819264756932, -77.5145257743994, 137.1788891416627, 118.45118748764139, -155.39577575291707, 103.07700311270631, 69.2379451185241, 22.589079653513, 49.9770253075716, -85.3829286278582, -21.6851251972922, 10.38361450337686, 34.729135754865794, 90.9130426006009, -101.93331615011729, -3.07063659925313, 36.4793679346531, -8.3786768103108, -47.5884381232922, 47.1677518844523, -55.2843328695302, -45.9391171561807, 11.54908754497165, -120.58512664094741, 3.78925975830338, -60.289297606921, -17.83128253985195, -2.12358473369408, -113.7637389877996, 112.2027274270499, -59.5733552105513, -250.188264338534, -169.9734836600387, 80.4400135795543, -65.482534178164, -28.928091723321003, -60.3220496975614, -35.1191139895833, -194.7778510890272, -29.5955183906364, -125.65434152412189, -64.2545302805877, 48.889453581397504, 152.0027839187343, 1.67390847811658, -8.14649407204171, 112.6479883165358, -94.8142655088048, 78.45665645068931, 19.28278160913518, -80.60363475112919, -29.9943051023043, 49.0910938628563, -3.1414395421335497, 18.38747320107123, 17.82702489855216, -43.759130408604705, -58.4185777702437, -102.5262837096068, 93.9404058953771, -121.7158792249234, -95.6290409463549, 24.235668827719998, -178.4068741678636, 39.604818694447204, 123.2606943147128, -3.93943190570135, 3.15105553249899, -44.4377664858198, -38.618223574804, 13.44625794794013, 78.2758058568503, -80.6098209060555, 65.2080266563307, -18.66584922830196, -19.45481446364233, 62.8279565031007, 45.7719925446074, -17.5126733724125, -5.05274431973351, 46.8199444734953, 60.6503765606424, -145.2106759853929, 23.8905603659225, 101.148769218981, -197.0667688507728, 59.341195672027695, -242.193403177606, -14.35362674839416, -32.892693243412396, -26.9578706771685, -19.59580083233152, -44.4622953423263, -8.42480329390753, 24.670835408550303, -52.6260869177539, 27.2386264069931, 170.2516835978492, -129.6090833052865, -54.6070784891257, 70.3943124466371, 53.9579610114587, 81.364942540725, 31.5240540651454, 60.0342477054251, -33.8957118608506, -91.5822178686894, -89.60149764135409, -27.6778894997803, -1.0844469991949381, -82.4883331965259, -32.1214413529465, 16.75553730469059, 40.917233590602, -23.4615466842629, 115.75829721114229, -92.533013082115, -19.32316955750548, -0.23967373742372883, 48.2412465666939, -81.4576496110976, -46.2852250440346, 54.6794539996321, 99.9445700972991, 138.8698754138807, 76.0911531545902, 76.0684256189032, -59.7640523502459, 132.21632666806892, 130.7374702345378, -14.58037257840328, 77.8478523112762, 74.81422741952261, -43.9283673029611, -0.674926760922518, 114.33788937958471, -59.6067184470964, -31.0864355089334, -121.1101689273699, 53.4003007592237, -18.04971541703091, 33.3173795558005, 21.2334866502563, -80.30696463663989, 95.3346984532048, 80.2863651718288, -43.5787524587955, 35.491931420948404, -119.98592146365479, -103.4657649866391, 44.319586531843896, -132.2238423519463, -50.0290647974561, 23.1076245409301, 161.09810959469542, -46.5317227144815, -28.2553434307828, -22.979625364478, 230.380351219994, 24.846634985059502, -81.1861119465895, 136.6036272029252, 126.50070381944289, 58.780017739947496, 141.8317558797421, 156.0708685737561, -26.833916893216397, -54.9920015692891, -72.502066668323, 53.215234403375, 69.24533824892549, -10.32505320530504, -43.4529297038313, -129.9224339326219, -59.4184230111688, -86.3305126489423, 49.9261615652014, 32.5217112212545, 124.2831340431938, 4.8782288840861305, -53.618887245833506, -10.72908606222813, 80.11903573828761, 33.771848091502, 95.0742524591287, 118.3827580471553, -32.678470166873694, -19.99933558738854, -189.4580554690462, 103.4969839026586, -15.693740589024511, 106.56170065723799, -33.313482489654504, -112.4927566411803, 40.9299544967095, 132.8636797984914, -50.953064105944904, 132.9580480957748, -146.129623886186, -40.080554935956, -152.41858040822552, 45.8420125989902, 30.7848387043828, -4.2316461523948306, -120.2075167565097, 168.32132071987422, 104.1064427254139, 23.6550058419827, -82.6722462991508, 51.402673052100795, -61.4418159686387, -16.483839132947992, -33.8777739957975, 41.7130061437536, -16.6739883973994, -40.9332314425903, 36.2552476841756, 52.4611429686243, -160.29056800192552, 41.9417998062891, 132.6982941984881, 78.7879882135496, -22.4003661913918, 13.65077203170658, -69.1807027597569, 116.0726331879454, 43.0948159239693, -20.0869851443544, -15.506775614982299, 204.482296571049, 7.39493402733553, 59.3263959839107, 141.0026779594502, 193.9347831134288, 120.76177999692331, 90.33837202965711, -124.08100375253011, -85.8093544635144, 59.9178557339915, 4.04373729990027, 60.641167212128195, 42.3470966992455, 118.28651391774389, -150.2363101549669, -93.8843580954968, -19.20669826549681, -157.6608521390612, 30.206722579812798, 72.2218954841324, 39.5016113119826, -48.895786791262, 56.537056376089794, 282.53233564568495, 48.1816073873703, 24.3931947811716, -92.5199067118897, -127.1118707875396, -37.690824862134704, 65.6429733072815, -8.48315761835045, 37.7339109781704, 66.9290657014223, -116.9090884059901, 44.240958982263, 116.17686321176839, 110.163847312174, -8.33732739983134, -2.8242927495312, -19.79659598719516, -96.10439019965199, -134.3981837993084, 156.47979233043839, -10.40051240318678, -117.1615799908484, 3.33146476111267, -40.804835740619794, 186.9932393635455, -43.084576388820096, -70.41226014142771, 66.7273723974266, -29.0000114725891, 77.5445935467812, -4.8243904652851, 201.435230634653, 97.4657011157114, -10.35119758065106, -64.0577843234874, 46.2160930221534, -105.2678094745608, -25.549233510807298, 116.6378078524304, -57.3231984926924, -87.3168456732909, -44.424187852634404, 103.35912157561239, 24.8731564169546, -169.117744708231, 60.509000654226696, 30.369917710889602, 11.4312052390724, -102.2811873169259, -7.5948227170284195, 64.3407887403277, 102.2192490275534, 125.9178254861528, 45.5242022678036, 1.4902868736443509, -99.1189228330141, -101.624659584632, -149.0880499867737, -12.12971555156218, 61.5164958534168, -7.59512901789543, 108.961007255148, -63.310971772089005, 33.1727475385899, -20.3132707703265, -57.6514186968867, 116.6069602411948, 15.780046406278359, 120.2844844922918, 10.12575939689271, 52.8735320602358, -38.4130091220579, 116.7329265239081, -22.0893775246535, -0.28134734334990497, -157.3935547489657, -25.623561035814703, 143.2431567329631, 134.1486625991741, 50.1099854930258, -25.928672962045397, 6.78576773114409, -34.479607758116, -3.89644752572428, 180.7485590611219, 2.4103999814302597, -37.8085449507106, -220.636816463865, -110.2259085661984, -74.6598785185918, -131.22891174586658, -110.59121798486831, -135.9846474899627, -89.032748150184, -81.9587129641883, -89.9489536604243, 96.3160183229432, -58.7413291732121, -198.51009637051612, 83.44811578771291, -51.6963667270161, -157.51108823874893, 187.9943757490425, -43.7247938968473, 45.4982437137594, 90.7488763783829, -2.86523425997228, 50.6381714269462, 9.36739461397395, 0.837740716156125, -29.9683658044708, -142.48353302421418, 26.559717611999098, -257.79306875003897, 124.1468289278763, -87.7785139388772, -32.4149852646212, -31.4524944305592, 14.094452449861471, -45.426852338782595, 59.233677280024196, -103.6378173802149, 73.18034333906769, 73.75629045115281, 33.6682663994313, 19.992784123210598, 39.3698317788275, 12.34902788906839, 61.8784243722331, -15.93628046838975, -117.7616039477264, 15.06455388968999, -30.2604397588996, -3.80145185821396, 100.7193696330099, -164.7214569422602, -3.04651837532032, 1.093895161405385, 19.82592661016155, 63.4394865115532, -24.6184621359582, 166.4480438139507, 97.25141054983891, -36.557597474346196, -19.12465114334941, 2.08602856165746, 153.271636983864, -116.84122042589959, -210.706683186804, 61.578508902627, -32.508395852853, -27.7328237052297, 25.9286193639111, 153.0668497709621, 92.48895258982759, -30.5474027210409, -100.1253553913088, -10.887263618620722, 61.058467133124594, -22.1725684634699, -150.5163395348566, -5.33407841564375, -177.1210929603641, -94.6697291110533, 152.9288452881832, -96.2373714688537, -126.6937084341601, -102.4389526610448, -69.6138366349548, 67.84361849371311, 163.5747598729933, -7.03889411083572, 55.093376593758094, -36.5468135826393, -138.1822187189822, 92.5976646527011, -88.56560749887021, 64.19239834490031, 75.03108931947591, -12.98462436049897, 77.8312894507657, 87.3767685216108, 200.233318228751, -31.1521386501941, -90.6813062642369, -121.9989553233608, -24.6075895131607, -46.2270024024945, 205.29983788828298, -89.4224226363122, 20.933786541707597, 19.43707531587006, -52.7839172947285, -158.9742162459813, -13.93190578946821, 195.09885319955652, 18.55734693338389, 16.13737975344589, -104.83363133184841, -120.58363092919879, -11.08696681018758, 99.6922989195166, -44.134565667587694, 215.096223184905, -86.64026728439029, 29.0702873619671, -44.7770537638572, -143.1594965350063, 3.29729542499104, -99.8805659661468, -151.48182004340669, 12.16908530220894, 4.702840821399921, 102.3698228655847, 37.2133316434884, -64.41203696407979, 45.836111837347204, -161.34796625550808, -103.9726061235035, 179.5775769933012, 28.4551028182429, -37.574485145199105, -70.263251043224, -5.336706032277339, -11.61394456144172, 165.1723167298627, 83.1731342865661, -33.1606408884818, -24.4255700622133, -85.221526749568, -40.051975715213004, -133.4908546906491, 91.4900291823258, 10.84335233000445, 28.9112611046538, 31.0270122589533, -1.004451855770039, -33.4835180785873, -6.29902381925728, -199.8726434501163, -45.8892849280559, -15.16297295508917, -18.92717504640905, 108.9388809489374, 124.18001602639, 32.803207800130195, -193.311834230611, 128.981223291806, -42.8097538820536, -75.0802801822625, -172.0798435123891, -77.18055079227551, 112.29241023634779, 48.5276052850177, 10.15028884003522, 58.1465645523556, -112.47711237115169, -84.0303746491227, 102.521918279697, 77.09241997671151, 103.3940544408868, -2.5745668985672996, 13.600759841639789, 113.4242402481615, 191.7143494003805, -59.9166950468744, 64.1932005574738, -23.3442181994768, -82.0479863556279, -62.5332998706117, -59.672747149021404, -26.154485876101297, -104.2952727323244, -43.3116915421395, -281.180449391279, 73.5073794259701, 41.1511370090392, -7.81461897693098, -75.6657060712506, -40.7124102166558, -104.8626854368401, 30.1915128863443, 163.3115327294925, -50.2504270702612, -32.433185759310405, 47.4252448699773, -97.4005033038683, 175.3954789113934, 30.7902726064825, 45.2255758668809, 97.6209359746088, 6.492236297418231, 107.928704676704, 28.399097351002, -21.332540019233598, 14.55377273416141, 1.697697521400244, 144.9284372927136, 20.1522689745496, 23.877440357826202, -25.893501233593298, 26.3345914409844, -181.456716935851, -64.85696463299121, -91.0029989322811, 96.6661598375005, -57.909040155847705, -131.23513556624988, 107.15787836841659, -24.3271979928318, 87.6809611558601, -178.97097843686902, 46.2939633316438, 17.1354189220396, 11.57940641467382, -16.52954256049577, -18.0238087105887, 95.4370373757931, 3.9950454943157703, -94.5223004766459, -35.036935503076904, 55.200144039499406, -234.88598705009, -185.2252312871031, 7.94793727356574, 23.390526315846003, -82.15149139176859, -7.79892185265265, 223.363565328738, 61.1193797640846, -113.84370742625211, 18.42523438846959, -19.202393056208273, 20.9929948331512, -67.17655849632379, 38.8384256117924, 56.7028510145681, -5.90581229078504, 215.353848298113, -28.0275368186745, -62.9163955454188, 28.330332387448898, 92.9695833617578, -70.8964335897473, -6.34676839085765, 192.0709550737676, -9.30900788913379, 123.8236295244399, 26.9566407530567, -18.02155650422616, -60.897935145619996, 112.90205187045, -102.3387064289384, -4.43698660992277, -33.8360378891659, -80.7129900999208, 36.8575816636437, 47.5516948340387, 23.2267875117276, 1.44798877434107, -76.5145999136832, 42.9884051035736, -13.462502291016339, -49.1211876620781, -41.9745677093491, 40.5694993695346, -11.932243455825411, -69.4789239376523, -212.283343880109, 20.4866876577959, 49.6612250636223, -76.9660899406372, -41.9550186672961, 160.66859696675482, 12.87817375683218, 61.770364707361, 7.71549958834637, 63.972343793330396, 12.896416757972471, -74.2460882543536, -4.480205145815351, 17.49865828495996, 54.466949300534495, 155.7811458238009, 101.0702705701728, 0.31586119454812, 33.6468096397171, 122.0914734778296, 46.925643214999596, -150.0075068542587, -54.498834530816694, 30.1525879167014, 11.1465371992889, 50.8195182956415, -109.13553984011, 17.9480442899561, 76.7643722256609, 99.22115596924809, -86.61684256852419, -13.8719609662237, -4.14596113045326, -26.59090991874, -72.93537280134029, -42.974728474880806, -3.8830782675152102, 15.750773990453979, 83.90459110749731, -61.387147146736496, 164.5229304923815, 65.2255148382632, 43.6682761790723, 66.24864637113541, 64.460077952492, 68.8656051854877, 106.96077787176179, -86.3660651651658, 123.37478086538579, -223.504655650825, 61.2148557022924, -212.149548120293, 170.2247275823527, 137.43415465052368, -21.911795514148302, -98.26120032304689, -85.5242276514777, -124.2799131611621, -125.1698246503921, 109.8371119394277, 80.7450808618899, 47.1513290476028, 74.5856390470277, 80.1986396431526, -76.0675773261782, -39.4291208284723, 116.82802987194171, -23.0767916246559, 109.87973459905311, 139.20682617734172, -11.004696300911121, -140.59964413336752, -1.902408159782112, -4.90994518230946, -17.56857829729393, -3.58940916759138, -130.0398061405494, -42.117452178715794, 10.66360933115049, 17.809244724758003, 93.3371128628325, -79.1737877607888, 131.1097099935829, -84.7227005858933, 41.8102607734439, 69.6882805412973]
bee_TS = [-120.8283471082083, -7.19460111759903, -31.5843148448464, 85.4997565570261, -44.0510665964378, -40.9632666319949, -70.0739103177735, -172.1989882958709, -92.7998835140328, -94.28106363532589, -73.53992471173859, 4.476417308633231, 8.11171528305816, 15.32263420797507, 5.28151524505836, 94.5755618650011, -41.654960854296604, -46.053671439665706, 38.3943275029147, -223.880871229975, 106.8013435810936, -57.780577683845294, -6.629076889819951, -22.7398045685497, -17.744338999817103, -9.281105221604872, 175.86553441259, -37.100127919972806, -17.99974933618961, -103.2384142743199, 162.64799760210792, -37.4895572357781, -74.6777626972441, 49.748069830583404, -5.6430832677168805, 32.5377422710717, -9.73796186018911, 21.6633164354119, 57.297360124433496, -205.818568963231, 111.20514822497941, 28.3649503448745, -3.2608662780587, -72.1018454196533, 24.515473084039797, -29.129367645726703, 79.257099475042, 72.7019396491213, -61.4889896160273, -54.7474038272626, -65.4163871278863, -70.0900528843825, 27.0194344938754, -97.8062508184765, 22.965406571529698, 124.13933730395601, 126.41407910378399, 70.91416184314909, 30.7294960158044, 53.786198012766604, 177.50416508662948, 42.475659410607804, -109.3015448115387, -31.3836516982098, -46.9583076999249, 125.5069140808357, -154.1943206472338, -133.8687594197159, -51.5550814174811, -12.70998300042643, -93.9357758408873, 53.9064497855485, 15.92375188402546, 17.20861018066941, -79.1017342605902, -69.07301526186859, -107.8613623125096, 77.851169597965, -58.8809425895028, 52.743019506638106, -14.196531663996751, -63.421843223554305, -114.883787572709, -35.2172282795976, -18.000688161732448, -24.8757988299021, 82.121402733006, 135.86722499550018, -76.7250400395709, -158.3286876676033, -43.7972838237758, 222.193269859742, -117.99825010301771, 70.9888628494617, -19.04142765880965, -132.2100768102198, 50.6902713473316, 79.3882847843274, -39.6142819460927, 79.8323348338316, -59.0512519436224, -95.0844666940686, 172.2962332587457, 90.4476287424718, 67.1408057563667, 29.200339676401498, 40.8591183266318, 170.6625195484271, -51.1248516873858, 15.7118193465329, -283.759513390525, 36.1217852860747, -142.73358825939852, 30.063054746145397, 40.715200568392206, -66.2772578681219, -111.0342569429488, 13.09462811411034, -60.5718977682099, 61.222166162626195, -105.593176414227, 3.51753736680164, -71.08733952302771, -8.458055344520101, -2.125356370985119, 35.962288351950306, 2.8314477695987197, -12.999863523669479, 117.4821254844914, 180.8932933017765, 96.41191156619479, 165.6010879629029, -22.93825716257, 28.5569945140085, 107.8000039577813, -22.253457991692002, -146.5061210448972, -76.4052814241481, -103.9059838792831, -55.1149593561164, 65.2063651319169, -232.574856494656, -37.301384519431195, 82.4150001319174, -76.9320337447856, -72.83985229616991, 108.2872727662097, 79.7631397987667, -70.5088087380433, 27.186847740521998, -54.438092461936904, 68.34549780721821, 8.90555824287983, 42.1965554816027, -176.2630917920619, -95.6733562401032, -19.845985707948003, 6.5075146005421995, -72.99446702122981, 211.128401854803, -46.09961437605, -79.5158765206949, 77.5370228108756, -98.5022285176698, -72.3367705991423, 64.7034565093735, 24.8010236704495, 32.7971358320182, 23.1418181320253, -26.4994569611461, 44.958387298042, 117.6058401897615, -62.1820927780447, 32.3269328701337, 186.1737285898757, 67.8705532290835, -14.55352880427522, -37.514266529033, 305.40024091908197, -32.5787397480159, 72.3063554343279, 38.623530508782196, 72.17776304936831, 177.7227401973758, 108.2292907747095, -4.792833937208529, 45.34219138697431, 96.5591976754571, 72.401652269788, -104.610050364268, 186.415271177693, -164.4223443594396, -39.5782387145629, 116.15033308413601, 13.30877980110362, 15.75184196129549, 68.01141146526001, 59.6782312313436, 70.4744103915604, -127.0330606116973, 5.72670137107769, -59.3049542440543, -17.40252490264598, -2.85176901651469, -14.30188964539888, -8.23501655267007, 171.1949992867739, -20.179609110908103, -55.061847568514494, -9.929176049921349, 27.8769843005092, -112.2813537050045, -80.9329678657745, -76.14436769109031, -125.513655177613, -33.7988765334623, -89.1747321188959, 32.5142096125343, -4.82556458664579, -20.760430331537002, -18.623920529480948, 16.12016231574427, -48.510959718730305, 137.3027013677543, -160.6774161929149, -28.088858057966803, -34.7327477050744, 36.2794430655953, 42.6410146003232, -92.3514266259599, -40.3011273748634, 87.83072338547831, -55.1109982629414, 37.2545294323544, 76.3200207976943, -6.406740826772451, 227.35820867915902, -45.984062792769905, -67.9436752288313, 11.57831919631504, -45.396576540023204, 105.0606592511383, -67.0418698834907, 21.1768927710082, 127.7442249977666, -25.165213420502, 239.48474245444498, 250.673351367267, -129.3732033373924, 117.62240669119339, 33.0924770800629, -103.07809963821981, 43.154059377067796, 70.3478470486053, 72.13753079676661, 2.67654771451493, 31.767502562394, 138.48875169241842, -49.2153433924693, 36.187293787068995, 147.2687886475921, -74.23200319623609, -25.6966681356784, 101.19636715295701, 59.2352213965105, 155.47422178470998, 44.2491958280841, 12.355061775626389, 55.9032474913605, 76.3163942944732, -93.8341623396188, 6.54264032434669, 25.648372083115298, 22.626470632661302, 43.888289126454694, -114.4148330600034, 72.9855478578697, -88.4441181040801, -69.1940558913191, 35.3930161040422, -36.256155465295905, 110.4890205517316, -51.1489908645903, 53.109896882435095, 73.412294498156, 165.2260562884569, 114.5096349714035, 91.9235157382483, -21.1892080764327, -7.71096921135571, -66.1523134804761, 149.435252439874, 158.77531237886342, 72.0492318960857, -38.141224976429996, 101.94906140764951, -32.593459339363, 42.866152099954505, 122.3059337079934, 4.29950656743791, -20.8197522957934, -56.4935924399817, -101.7556133112697, 188.2658027732263, 87.4877551496698, -111.2893707845545, -19.08771097840804, 49.7987361179657, -19.875066402361902, 117.8980988113067, 30.3362799536599, 159.1958259002005, 55.572179436058505, -52.6424476670991, 49.6865326521829, -9.99053639830056, -64.5527241002622, 26.5412095800599, 41.0578952174079, 185.7612695375871, 158.8474956235995, 109.7411009542055, 145.63290431849498, 15.943597905950078, -54.5026209761572, 32.520372200906394, -73.3683599122098, -94.76516627108509, -112.27607918668829, -53.033471854195, -218.528989156846, -57.9588891862081, -166.6999857400853, 41.8172130377607, -95.0254925141613, 78.94042502055211, -187.4246131511183, -65.7921652037779, 109.452658143646, 41.353737755405206, -165.3600874424976, 125.78412958237939, -51.1209119051639, 102.03770557388, -48.3705517640226, -149.61419535173872, 22.290933658523002, -121.72997203519671, -33.661015839482005, -2.9299928259173003, 83.3376892577309, 252.98364978486103, -92.0230387560745, -72.2403875582189, -1.93134348002706, -25.9983112458578, -163.84271093211612, -118.93910762382501, 103.0567440178711, -57.6967521261065, 33.6436784946259, -97.4931428249817, -26.2528086104505, -87.1395592413071, 112.7111837660268, 30.1807878690963, -46.123021216629795, -25.201198163526698, 13.2043710832119, -12.31010846932304, 87.9953464479316, -50.2075395784976, 5.405089946755091, 67.5446771017168, 34.196710376626896, -31.744285119664, 311.295821589385, 107.056622277826, 2.25677952540866, 32.3016978642584, -122.4296763591865, 62.7119234174386, -143.71110884258889, -50.173059141085304, -104.0532525468794, -43.8461939405545, 113.3446992594622, -106.9213534373261, 31.9163119798692, -8.1149225010811, 7.762316559742461, -86.52881967817859, -95.3335168000562, -7.93026478212909, -84.77864014202731, -43.2983711351296, -87.3464584735913, -23.807876096377, -71.53747735349819, -102.90649760289361, 42.3928297605939, -41.8083136551324, 37.342088795468996, 19.444991295430917, -146.9692575354973, -109.22760821978059, -79.19084280289971, 70.63483501957501, 5.47861008237475, -124.8817707276722, 116.61782867305331, -79.9086275768229, 108.44600471357501, -57.6468799208301, -88.81742664761981, 59.561447734210105, -130.97029465543199, -75.71302896198421, 134.0871425949582, 40.635512899663496, -71.6020861821931, 97.4233139325132, -34.6406823366127, -64.2321025461096, -60.1212137086778, -99.72394326448699, 49.6150965712808, -185.87510607612631, -167.4318163205528, -14.60067273829829, -61.120397289320906, -114.6296627177542, 143.7691098910671, 261.96292321016904, -72.0477779831093, -5.05696671536144, -126.9457155130458, 129.57486702928782, 33.9671683922344, -36.0843138582558, -81.72890322824381, 29.633534022092498, -116.7770188159147, -39.419994501810606, -180.27299049944781, 67.09516916363, 33.7480731650021, 3.71256462884069, -13.98091261174531, -65.5552913561659, -15.05549255629284, 249.928688160783, -39.6729212903702, -87.0412631857317, -136.1948419968635, 21.7085837114765, -68.0909496902137, 11.68461489251489, 52.0291520846016, 20.3598340381567, 55.2911100845684, 23.801042816069803, 125.4499825634817, 63.1986032702558, -64.9982723783857, 70.63208666227709, 75.6580756855891, 24.0805685708169, 97.10380441493359, -44.6744858227053, 152.5905389496537, 34.258179430041, -54.152854523036694, -14.42436919343991, -37.1387225714411, 52.2672503258876, -46.7242775675736, -0.128585412932343, -16.879312808872697, 161.29337218004258, 99.5442321699201, -136.97597253665168, -9.43873981740577, -110.7209654958542, -31.8280734924729, -53.4809688891539, 7.42724020411283, 1.169176132882592, -51.271952242649, 16.1116340585398, -11.962538515751369, -25.6700884580463, 171.1041767261172, 36.2840261107959, -160.6746489649791, -91.3766899340122, 188.1917053302805, 55.3457836279323, -21.2877637735251, 208.23698261333698, -38.886345295023304, -24.5679771008744, -10.686768325074599, 21.348995899798, 54.1634403853759, 15.58956744205752, 60.8509498156977, -37.523752338046805, -60.3879495269821, -83.1975204479582, -94.9892500752032, 92.4942487302128, 25.2677568851076, 77.207739846254, 26.5757968654813, 170.3787688773503, 31.1222861740355, -168.5658415119772, -66.63391912888699, 26.7602853510301, -60.3582431969431, 124.7978335513597, -17.58839412201601, 29.6129277790035, 99.0291789485974, -140.8239490024746, 298.29661431203704, 41.591389383529304, 54.095799756955, 69.2203613196464, 20.7306366960473, -3.13922064025891, 71.4449612631802, -71.1154949034541, 153.9308698193771, 136.3510848399445, -80.881160496466, 29.7765957323833, 133.4549307770144, -44.6583718142407, 30.705301823422097, 86.79259829149689, 84.1476120679051, -156.3694956178815, -30.494414915150003, -71.05979375441049, -2.92841150570159, -15.237506101465769, -10.98860386976716, -36.082022030482705, -58.473797695311006, 12.510625810473819, 22.3224332570645, 106.7075169984571, -77.6563649913074, 74.4690647448535, 87.277574947695, -37.3065300543378, 173.8502882382873, -139.0309910064862, -205.53323512020802, -13.07707548216577, -5.298573059793339, 7.74011394854457, 157.23938862426752, -21.3911792693502, 82.9799218681944, 88.2273387179174, 76.7668403903035, -19.80095412100252, 125.0965706748425, -26.5770738566082, -61.1595774824372, -95.6423494632187, 11.654154469839579, 73.6885885220626, -12.05235097858284, 78.37371308015821, -3.5012886499464697, 130.62518647552218, 37.3706807623242, 19.901109831828897, -24.3746644359518, 66.1911067586629, 72.22690346571349, 46.434999736120005, -1.015823409476123, -109.6734085155575, 51.879729404841996, 34.8682554146518, 80.2848156676977, 54.2185446055048, 74.21506901798071, -12.017652309995341, 49.9214949927379, -59.4959273236765, -3.9439773794106197, -113.4337103445994, -61.3656900522564, 75.43391572805791, -186.4183190723365, 58.6862443276676, 36.6937185787029, 167.3361019959487, -60.0733818937064, 65.5890233138752, -27.492263213957997, -92.4212201289229, -151.83979170397038, -10.35246462099959, -171.2553440575728, 39.8995153660897, -49.345436085001, 60.9101723729448, 47.1659220620284, -47.9604600380691, -52.8249432334639, 77.8640437296174, -117.13079865592181, -23.2113856290357, -39.0805067695751, 42.3069557733807, -17.91314213614215, 7.21271010323595, -40.013319356032994, 111.3045117090424, -87.3670836117027, 15.728140419980509, 116.5483887483496, -64.3532443956019, 7.17276952861988, -17.67524957127253, -133.39908886561471, -96.2877840197409, -17.2062485097155, 47.8883093515352, 60.1812668715216, 17.149749791510942, -8.16534743711464, 30.2495153176156, -87.6727487126314, 6.69859812471043, -105.82930370363769, -64.7332698361354, 94.5500662142741, -58.7875594296843, 123.9076157471647, -42.7079523389085, 70.52879531682751, 48.1198278605819, -128.3125042607136, -55.935538680762306, 18.59733066145164, -73.96832973519909, -67.63566088343711, -165.27615125542798, -107.4442213312467, -101.6877473920607, -82.7397661898471, -1.99670795043165, 19.7156260566774, 1.95862562958763, 30.381595974807603, -109.4158055747061, 28.2375642999449, 51.0681918663137, -132.8284861107772, -139.96969167429057, -85.9021399591364, -34.091736681569, 35.6016631234192, 9.12620705782592, -84.91548217487869, 73.0578633598536, -43.031158593942294, 103.1111082769612, -176.736805239246, 118.9765427816063, -4.11541539845373, -73.36376458384629, -43.064584851518106, 9.425685990455289, 74.5389249621135, -150.6802035294039, -24.064716068381202, -43.1662669640867, 101.9032218250311, 172.3004647637848, -192.21253543701408, 188.094851801785, 93.2667834927093, -144.51988531328908, -73.1037801153786, 149.7505144609003, 125.9387289554762, -36.043656902255, -9.23991072324438, 14.49885136349417, 129.1730205925817, -101.20008888017779, 31.595365242419298, -9.34541451975341, 69.3784529194779, -148.8309325905841, -12.96714121717746, -70.03283804174191, 91.76062762833811, 93.4584410869666, -171.6489919695143, -97.01571521692131, -51.1125685799765, -67.4850382493106, -21.7744603402802, -48.456700118936496, 85.1108465889413, 79.9069321349149, -11.32284100698283, -82.8487792688411, -169.38730783541138, 88.2525616549205, -104.3112178397043, -62.3089277234682, 10.88609267531237, -64.1970253464101, -79.26659752635871, -47.7856316822324, -76.639020492255, -53.9884722144277, -96.1182110157205, 112.3342528419925, 127.1919776184347, -3.34725815565024, -52.1034424034113, -12.55474840496764, 87.904789669952, -172.9218038601894, -29.068943916397, 104.392637267581, 132.1178953493976, -48.8450736249265, 18.23725130456407, 104.2620982198239, 39.505815988993504, -16.61391776111566, -90.285786934584, 55.9927948242876, -70.26135009921501, -32.9013586734196, -30.413739774477698, -39.9289914735309, 38.7612490355897, 159.4650623352885, 3.80797722986751, 10.67352132460056, -176.7662414981981, -35.0171405987957, -70.2446105373405, 5.54136228372493, -81.5478646621837, 145.3548325586077, 156.2849883099566, 24.6553722440927, -28.100206180443003, 28.6628611542291, 51.94404683148851, -96.0146875762854, -17.374986910034828, 27.430426117217, 32.8502964459691, 112.2781411822332, 84.04953396022239, -39.4458706955062, 66.06172997227321, -192.8356788566667, -1.079830106918352, 168.8273196959147, 18.16909243272804, 2.85312858520351, 66.8554245022577, -59.421235556723104, 191.0969533837799, -23.958920740916298, 173.3479540833323, 75.756089250089, -78.21623911159989, 62.7065561752461, -66.49029522164679, -143.1157950955929, -13.07219964478921, -108.04486943344389, -109.195954865356, -13.60479277656783, 58.739901814747896, -10.04586512004261, -71.7447717978617, 22.8673466180899, -147.046893269767, -20.1677315096803, -165.216208380996, 97.4036122019588, 4.14795123758988, -96.4781178151834, -46.0154173150219, 42.3378799244728, -59.922112322873204, -90.7734103557955, 180.84316111673388, -39.5190120475734, -93.80717215040781, 49.7115266415532, -20.8879106069154, 96.8789100930277, -6.3598567769795, 24.694162610205602, 202.480673988739, -40.007032526994294, -67.5051955497307, -61.7321990421525, -106.4690978739792, -64.7698960279254, 45.8852892080003, 41.056452235544995, 37.232085580778104, 147.8281014942377, 0.372180699432293, 35.9823297117497, -137.81052626032482, 4.00549931438206, -51.636955367987, -62.202625365177695, 12.22964719090047, 65.6078550381227, 76.5106187359765, 4.082637676279671, 17.24331094562522, 62.4731062619514, 80.6100850410872, -47.252440434263804, -30.1253437579756, 2.68873696357357, -43.7809468065258, -20.4547027261789, -46.0988953002985, 151.6796033304324, 132.4236313450746, -33.342917606601105, 27.9141926159897, -5.723110193734559, -41.996620191836996, 60.3585590715985, -20.3064204242797, 75.4906485472847, -114.50952908220191, 41.304908924973304, -28.6634795078859, -112.2141819823905, -58.7367115146307, 61.7434338594246, -170.3453970939365, 85.06188230573511, 95.48706399483041, -15.2204782934927, -10.25707251815777, -8.0964942218726, 40.555274795033, -65.3300874476054, 83.28975346775451, 52.6288103858093, -222.44359447064699, -63.2199546432241, 49.5908173931779, -9.21768483705373, 70.12972288773881, -122.8808570982898, -2.9088317385987796, -85.7906526112661, -246.476499934798, 152.4826101802619, -115.2817867403015, -111.12495293783999, 25.164057931560002, 254.934420114567, -4.88422324125251, -42.4254664480201, -5.01902423225079, -9.8664596365984, -172.5103222984833, -130.793576627157, 159.49336188821792, -13.93680939651523, -82.6156881126683, 109.9937611696806, -71.10762156356091, 78.041990393552, 116.65426699954679, -121.4543156993836, -46.2742820505203, -69.8837853831879, -27.1906801992483, -36.1631895481551, -5.2482716958094, 20.461072700983102, -63.915038466846994, 60.526972990504504, 125.7079652197024, -30.7295242269156, -35.9118792756715, 25.3017357404564, 110.9445060691529, 95.432082249561, 5.62922333920876, 1.818983708625256, -5.785016465509511, -95.3229162729847, 74.451580266121, -43.902020223627105, 30.066797786019798, -37.0866613159899, 62.5747893059028, 31.5587693438084, -153.86750675236732, -60.3925008794447, -153.7885855946412, -53.475018415049405, 9.33241990886779, -27.192540911966802, 57.7528314037763, -62.8518909986161, 7.01606714338821, 25.694747948964597, 147.2511773704157, 81.2801286258061, -46.713265685768, -0.41978961256637304, 17.72779528978488, 77.4756909564568, -0.8874677440501779, 102.6594117348441, 46.0067619578518, 174.61707376027368, 5.93614930020477, 144.63329588946522, -51.294525412785106, -73.5354096274877, 17.72319837135014, 5.98314880971486, 59.962405804281104, -7.88111677968882, -30.4691256041774, 50.777854535693095, -93.9541755249865, -97.609512437566, 148.7919999269084, -17.08495679360293, -90.53427964974699, -3.80272127187747, -27.8617149062928, 68.61213275456299, 60.4943685115871, -43.7382391723525, 0.9914171183882909, -55.5522436065761, -66.5222874868346, -55.546086505781005, -186.67061775836612, -9.09297973374552, -138.9832368126894, -103.6684111671407, -86.9781134488115, 26.516687211914, -74.5821470207524, 34.9403830446619, -115.2898491795854, 3.39340536567257, -76.954492663584, 15.65251368482619, 19.58258948522931, 60.962346994624, -40.6237246618888, -32.0133769571177, 53.5926402139658, 123.3553844329679, 62.314301473334, 8.22653266395873, -137.72258929872538, -30.816850890626903, -71.43372360390589, -119.4697229896218, 87.79993316473599, -73.4140222286608, 0.131084972115242, -52.3022555461827, -201.922732619924, 97.6799324796053, -34.8305806982593, 87.2681885500038, -139.4237020177357, 135.6002917917422, 5.81233090315281, -65.5681168475919, 9.23269853904374, -48.714486632482, -148.00601457853742, 26.5708898703413, 55.9831293494646, 9.82173845230359, -70.8825104382702, -29.3583188772341, 28.9511998603417, 50.0178699592624, 128.5584566764987, 58.131242038273, -40.488777066743, 167.465866226895, 54.4887646675959, 72.5578558017086, -37.710083170681, 53.0982344904817, 27.917266864858398, -130.6226388208147, -38.0649830326573, -79.4853127258919, -60.4069572394181, -20.2328937186562, -39.1282504056786, -70.4371918774068, -228.263856872297, -59.6478333115617, 28.0392884811485, 13.942741257066281, 14.22159320089974, 100.3374754891872, 33.2238485253466, 65.3016312544224, -78.6607925257951, 99.2927995947487, -95.4119125622324, -156.8649420708391, 32.9206498495233, -78.299295899197, -79.759731825367, -316.39140235315, -29.2529075718024, 156.1198469932444, 99.375962511225, -28.3548780230761, -22.747867364435, 56.072003953408796, 134.93249184284, -92.1763594908377, -12.35791883253558, -61.191320832323896, -76.92164744425409, -64.2431837028429, 31.204592624359798, 150.0259103641605, -132.604057793217, -108.6675185337612, -0.24247526361938798, -12.06686362057276, -25.5217460503639, -184.37850719433828, 114.3635370636342, 60.957838585443, 12.937273399054689, 92.559015799332, -62.660170966428495, 56.259048734118, 53.371123926542495, 14.327434744080978, -10.02896087662513, 26.2603005726825, -27.4220403031044, 87.0352880068546, -83.0532849743216, 74.9499208736336, 19.03100464845749, 22.3938712907695, 53.467112698018596, -179.19368442043668, 14.393218867882709, -135.2866999246142, -100.2676200506599, -100.5543699854143, -88.49839412310959, 7.513285595518379, 26.9685198186061, 95.3029990921642, 21.6040479572146, 29.1119713604013, -145.3154983824076, -45.585505634514604, 72.6478068533977, 11.30748980784518, 7.77720223846749, -14.766523946222929, 69.5759578323323, -187.8725326853961, 15.762780138781249, 48.5297834458174, 90.6465937303347, 71.5455700244268, -114.5055875371634, 15.37148598785822, 7.94705690354953, 7.305176725882619, 2.8261825617008602, -42.0246709566657, -50.5155504311412, 35.070349811590404, 127.134690886959, -29.3656489726783, 15.27612508620475, 34.7106587084207, -43.3577538345145, -41.379691638350394, -225.042109222175, -78.3020373637913, -94.7449271289981, -18.35985529350375, -127.22478957792671, 154.04086482657152, -58.5720145281363, -107.7390120847155, -316.922192323285, 133.1211955755765, 24.1569525684885, -9.20599738220332, -130.0475674085811, 24.4861413120056, -44.1930034687067, -71.77824376696401, 20.3856882852435, 68.6686159885798, 19.36848016932598, -33.0436023532684, -10.29793190256718, 5.35881468910726, 46.5083682003544, -123.850400805125, 139.76292672958942, -85.31642913463679, -60.9607601097428, -75.63921525694201, -190.680888241883, 20.3040032986759, -90.9290310221415, -49.5712293751721, 73.3974415843241, -41.906642686945204, 11.961920079604479, -18.96970040468819, -54.4366626738355, -1.27654147778836, 111.94439740533511, -109.4390988496249, 177.0866325317949, -37.3878172802999, 75.1361159135876, -1.70786646796723, 22.9660806874449, -21.314936216308602, 93.2574375147871, 121.836777576982, 36.7234741047608, 106.4551944468889, -84.2554643717342, -6.99629563996461, -45.2980694625504, 144.395900557583, 119.2336035058169, 92.662622355677, -31.883503427598, -58.2100562785862, 49.3143333724528, -54.476766143656405, -25.798115123160102, -14.48405396732409, -46.7895424293922, 102.2559078279181, -9.460453914557199, 74.29868803736031, 26.496229471534697, 40.689138814104, -64.4060799276436, 63.4431445126654, -39.2155554049197, -32.297323960044096, -9.02563659170664, -104.67489817337659, 155.0440951738018, -52.0355619678837, -10.35592618591695, 35.8162215749979, 41.0144832167821, 144.3486176326815, -24.8019446734326, 152.9108999915353, 134.339928226242, -193.5231643606518, 12.008456184544471, -40.6159664917126, 28.660420815693797, 20.9236762097369, 24.007858982806, 119.2771058828462, 176.7090008798184, -157.9240212482551, 155.8178930501369, -181.93214336048618, -147.55800686809562, -21.2758782748034, 0.515357792164649, 130.4194726736782, 89.5294058408384, -35.359536938162805, -193.5808327094931, 143.0647684722303, -94.4492883235807, -1.6329545271624788, -15.427556157393031, 244.88915492976002, -56.2920129403186, -214.76044372425702, 58.321754263105504, -312.598540096391, 23.324319735929002, -66.6784657703625, -37.8589762632309, -53.6653405962359, -109.71950266727839, 80.1753140677487, -71.4324775280169, -11.58230031357057, -161.76992240483412, -8.925860522054549, -94.6116949828628, -149.18580339347892, -255.55651072156797, 30.7838690136401, -62.187578686716094, -8.857203403718731, -27.1363208027836, -163.20017940125211, -127.4220469777862, -111.4562823235749, -103.6921158878013, 111.4932173849988, 16.22416577738726, -92.10142317928879, -41.0140180778024, -42.6626290171336, 73.864524092372, -59.168394087403996, -29.3992332157704, -46.7845808375468, -66.6375469967052, -72.8746522996843, 71.77297211907299, -38.099052046993094, -180.78178675498248, 155.9339965103891, 92.67755034944551, 12.56041283831745, -149.72725056461582, -147.9609066980259, 22.927779626392102, 8.680368486771481, -59.5075413596984, -95.17295307537819, 74.5051277790177, -14.14518210484595, 50.6100186882731, 101.9320640219465, 63.8608053893723, 70.7654587130483, 52.5062478545191, -39.4838634882094, -23.6672053976993, -44.0034722951069, -66.4170166979375, -84.45360439357239, -133.6977540133428, -78.0361338613193, -13.7445156995789, -170.9407604075834, -7.37853670780197, 68.0164035611069, -131.3714473822329, 46.3343942927679, 44.4865919664996, -132.7090803888483, -114.8415239998458, -25.859030049973597, 45.6817119341752, -77.5057766547533, 137.17612709698642, 118.4435894266305, -155.4026170413116, 103.07077083261959, 69.236523826355, 22.5835447424933, 49.9692244447143, -85.37976544337809, -21.681838462928, 10.39026365765221, 34.7297174119189, 90.90868595415509, -101.9303133989489, -3.06385617344334, 36.4727374068205, -8.37577358898043, -47.5901152471268, 47.1740924644957, -55.281142638933105, -45.9419332227379, 11.54882388056426, -120.5842436671193, 3.79292407121084, -60.2821466632811, -17.8333725978558, -2.112291241743874, -113.75713588250949, 112.20376041953, -59.5697506319542, -250.189135915109, -169.96838135112188, 80.4316290659861, -65.49266345740449, -28.930202237853003, -60.3156910636789, -35.1212035594169, -194.7725477465054, -29.5911744286881, -125.6505902749486, -64.2484726127534, 48.886409197953, 152.013825624712, 1.67783923636592, -8.14467607656202, 112.6501094894558, -94.8142666569708, 78.45107546923131, 19.28300197703006, -80.6074631317943, -29.9993359298862, 49.0850083787478, -3.14339157747405, 18.38749862970273, 17.828325261630262, -43.7655159393448, -58.4279191476393, -102.5142610679251, 93.9323934176567, -121.7168925626483, -95.62426818420661, 24.246427803312002, -178.4023511150536, 39.6083855256606, 123.26638578630761, -3.9373874443189303, 3.14967144399558, -44.4452701038092, -38.623924310778, 13.44513426897363, 78.2752562939436, -80.6073558093419, 65.2001146432256, -18.657518407183602, -19.444985007047187, 62.820575542354405, 45.7706933384416, -17.51491684605583, -5.05421120990211, 46.8188123300892, 60.648121137657995, -145.2097612510411, 23.8867355217341, 101.1387142213024, -197.0556204512953, 59.3327513926983, -242.186766966204, -14.350993866397399, -32.8946859936316, -26.9505667817706, -19.5959476919813, -44.456803898680704, -8.439790989695371, 24.663735592111998, -52.630322503124006, 27.2314214964262, 170.2472335095406, -129.5996664440938, -54.6107474824657, 70.3994238333194, 53.9596486601007, 81.3677704029939, 31.5327902661504, 60.0237895362991, -33.887666861684295, -91.57849842915789, -89.60479905434289, -27.684801616522, -1.06879091968812, -82.4884189923618, -32.115813307469, 16.75690532449423, 40.9176018420387, -23.465501886904903, 115.7611333886059, -92.5445851601327, -19.32399218906879, -0.235966809107537, 48.237248984506905, -81.4481240559485, -46.277819212719, 54.669799285253404, 99.9334278763787, 138.8765767722055, 76.08653740017911, 76.06280715801151, -59.758359038208596, 132.2136731860817, 130.7339170010325, -14.57922213854944, 77.83593806071269, 74.81121902063799, -43.9261858276432, -0.665869263147252, 114.3224947287502, -59.5944532579943, -31.088837940968602, -121.1094388780018, 53.3981994947228, -18.055194441021882, 33.3221657576674, 21.2287895169072, -80.2990207369375, 95.3355252669101, 80.2855091586414, -43.5778927510561, 35.496401942256, -119.9893378819562, -103.4670017262726, 44.318662353510305, -132.2184413559968, -50.0365108943852, 23.1020059553262, 161.0959346855115, -46.53797369777, -28.2542885621452, -22.983692001664, 230.369262248501, 24.8446523160614, -81.1807466450143, 136.6036713340995, 126.5007766430481, 58.785553314264405, 141.8311098725232, 156.0742648859391, -26.8317352828973, -54.982500579124704, -72.5008657532839, 53.220477328977296, 69.2398380509884, -10.32470114642233, -43.456799801668296, -129.9170096608774, -59.4122043807443, -86.32554181796, 49.9204625640636, 32.5219837043099, 124.2922311864514, 4.87006011140424, -53.6179672616927, -10.72861801463897, 80.11603857014231, 33.771040051601, 95.0700990517681, 118.37675638577639, -32.6843365569475, -20.0039282574104, -189.4571235546957, 103.48759313758251, -15.6831681963113, 106.55445056935571, -33.313448928789896, -112.4956500672891, 40.9392081995367, 132.86870821473389, -50.9579141014124, 132.9500073643872, -146.1305873933461, -40.0740183092791, -152.411404500213, 45.8384448903773, 30.774049347117, -4.2252954515149, -120.21363802596329, 168.3244788727232, 104.10702454469211, 23.6599835562305, -82.6767651527934, 51.402825280623404, -61.4344710384198, -16.49077001598321, -33.8755547072346, 41.7105307523276, -16.68105059052986, -40.943131905918804, 36.2566452169261, 52.4625965043883, -160.2808896798766, 41.939442592903106, 132.69784218750232, 78.7795927314856, -22.3866406857321, 13.65367082413102, -69.1741666037174, 116.0745760312187, 43.0999604850759, -20.0860553858356, -15.50815261980691, 204.47430033338497, 7.39098443106067, 59.316547348099, 141.0010807853018, 193.9261269040995, 120.76046789287389, 90.3418171883163, -124.0824161477849, -85.8126705687008, 59.9067776155089, 4.0504289951057295, 60.6396177437491, 42.345752997406905, 118.2816927429854, -150.23058911129021, -93.880195973181, -19.2235705032186, -157.651225343435, 30.2048428757432, 72.227614316954, 39.4892644858777, -48.896640893150305, 56.5416605300996, 282.512388122587, 48.191452850482904, 24.3959653914928, -92.5123847037419, -127.0929030936471, -37.6886274490968, 65.6526872704092, -8.48319337113335, 37.7318249487227, 66.9209642625288, -116.89584928843311, 44.2401817292561, 116.1666632948342, 110.1556803832826, -8.33454661356858, -2.81434814065895, -19.802746066241973, -96.1013740359744, -134.3949333031397, 156.4684865915054, -10.40044952090924, -117.1506411518152, 3.33147989094536, -40.806036852306605, 186.99149927540708, -43.0792614490276, -70.4103660748817, 66.7313493404193, -29.0010477125327, 77.5434198081564, -4.81998702177005, 201.425743360335, 97.46817738301641, -10.35651055121322, -64.0516479716355, 46.221666622499995, -105.25948484154691, -25.5433608608075, 116.6308981088612, -57.319343684782595, -87.3091410247348, -44.4252069904773, 103.3516163309079, 24.8708469978872, -169.1195977187295, 60.515301900999006, 30.3595826654541, 11.435560124899421, -102.2775992147451, -7.59166585677035, 64.33132221061919, 102.2178641174235, 125.913672909735, 45.5207193409908, 1.480739635327631, -99.123304749727, -101.62665680090919, -149.0817614932991, -12.12612980397114, 61.5143889833401, -7.60952186556709, 108.9484496148808, -63.309365863189, 33.1624782257645, -20.3189245167687, -57.654614163406805, 116.61156832493191, 15.779484909042221, 120.2814798372593, 10.133567670486851, 52.8657247202109, -38.4140230804407, 116.7286221299326, -22.0999884352754, -0.277961480344786, -157.3895282127507, -25.6229023290072, 143.2426621341266, 134.1410304519245, 50.1052835571098, -25.9346943771841, 6.78836600209206, -34.4797058726597, -3.9069399962486, 180.7482424149951, 2.41373643302365, -37.8051470015521, -220.62302073290698, -110.2175060194028, -74.659861063552, -131.222588154662, -110.58572948907181, -135.9836814844144, -89.02696870836661, -81.9468785945603, -89.9534983925879, 96.317991532994, -58.732144278753495, -198.498959121139, 83.449156144029, -51.688504578781505, -157.5013581645736, 187.9931599492163, -43.7280961905383, 45.4921980718729, 90.75154265629669, -2.85607882928646, 50.6407200067941, 9.38060126912291, 0.839646157227064, -29.971185982775502, -142.4840521709064, 26.572021369884602, -257.781674338489, 124.1521761060821, -87.77705908189711, -32.4173226402976, -31.447974973276402, 14.09263130922821, -45.4210200557478, 59.231634697094194, -103.6351451901476, 73.1749247036461, 73.7635448347816, 33.6569195083793, 19.999733375455, 39.3696838451062, 12.351230473619271, 61.8695554254872, -15.939320844542461, -117.77111488132721, 15.06492756646646, -30.254478620691, -3.8082607209428403, 100.7263323502861, -164.7147750201137, -3.04927441362709, 1.0908931423448252, 19.8290697367814, 63.4298784319072, -24.6110538999851, 166.43982599642152, 97.25219041240439, -36.560974726575395, -19.12151476529618, 2.09588551499305, 153.26590976725328, -116.8351059394452, -210.70553600702198, 61.5840307278462, -32.5069178392338, -27.744162876775803, 25.919046659775198, 153.0610438934502, 92.4869486126261, -30.5376103457207, -100.1214439674627, -10.88901297414563, 61.0552107978143, -22.1775733104847, -150.511324975363, -5.33484891182587, -177.1163056304332, -94.67256878311551, 152.9158693615187, -96.2371812038118, -126.6904563563169, -102.4351147820025, -69.6083585826559, 67.8559490930148, 163.5785501592002, -7.04047943597431, 55.0848980689531, -36.5542897338891, -138.1754060813962, 92.5898450092444, -88.5639785604954, 64.1902209198287, 75.0272133141424, -12.990440870356199, 77.82517587698891, 87.3784506450231, 200.232888436583, -31.146577450697897, -90.6787301500778, -121.9859343586305, -24.605758485244003, -46.234700818553705, 205.284103273826, -89.41952806829471, 20.938371988848402, 19.432625447544368, -52.775438042807295, -158.9757445192098, -13.93516011289897, 195.0935538812684, 18.5698395779672, 16.14444691403053, -104.8361146633346, -120.5716841393331, -11.09409116273073, 99.6747388816789, -44.1368997464184, 215.086512289295, -86.6539461301173, 29.072848143050997, -44.760466811403305, -143.15407287643632, 3.29490750266236, -99.8777918005345, -151.4762025951586, 12.17390243151278, 4.6936725796375995, 102.3712467659299, 37.21346699213019, -64.4079874330598, 45.836724735977, -161.3521111275041, -103.9617203334627, 179.5701815009029, 28.4490661591775, -37.5712764306623, -70.2621264161681, -5.3377811205933305, -11.615724080013528, 165.17912128185822, 83.1760911158038, -33.154582801605, -24.4252966104369, -85.2254519395126, -40.051475759034304, -133.4799448670162, 91.48528554533169, 10.842364396579, 28.904011145957398, 31.030098375528297, -1.001610851030816, -33.4873563678727, -6.29255245052039, -199.871690750622, -45.8824487644876, -15.16508423113236, -18.924625879765557, 108.92005469167529, 124.1820844578539, 32.804990836942196, -193.3108323847227, 128.96915693110242, -42.8051965323361, -75.0738228124993, -172.0732337044485, -77.17506107830849, 112.2964342392375, 48.533489982243196, 10.14985393199124, 58.1516881216457, -112.4807136984414, -84.03693827781501, 102.5132221743232, 77.08811840840269, 103.3849949318296, -2.57475141132733, 13.5953319224192, 113.4242319244965, 191.70707511255063, -59.9054793525048, 64.19267508857669, -23.3598589475863, -82.0530411821527, -62.5329844930108, -59.6783464172239, -26.1509361241223, -104.2858767089543, -43.3058939345522, -281.172478591565, 73.5113256061621, 41.148702491577, -7.81728774084963, -75.6558077397577, -40.7056516925487, -104.85782424310091, 30.192176842259897, 163.30409243656868, -50.2580827052225, -32.4257559623194, 47.415309766822, -97.4052277976404, 175.3913121008688, 30.786206700786202, 45.229304562223504, 97.60482361534281, 6.48876008831148, 107.92220391151801, 28.3960928914124, -21.3232858710521, 14.53980886666473, 1.694557265233506, 144.91991655251928, 20.1570938364032, 23.8772977379001, -25.8971707110791, 26.344459502958898, -181.456705169921, -64.8498039048267, -91.003963404834, 96.6545128002257, -57.908323865065796, -131.2344635516672, 107.14962062312341, -24.3311794670202, 87.6681949988681, -178.9690413346473, 46.2781643472891, 17.132744377439032, 11.572096682234779, -16.53425990520516, -18.02414428952905, 95.44837881513061, 4.00193078557641, -94.5153170054312, -35.038515264195794, 55.2004511280144, -234.879422510008, -185.2083290763124, 7.95080065349189, 23.3955176359408, -82.1458847740531, -7.79975452735305, 223.35457376661, 61.107569653837, -113.83360513203769, 18.426254818666052, -19.20481333025311, 20.9965392648352, -67.1717878606549, 38.8437326078364, 56.6971140350108, -5.89643334368935, 215.345108370815, -28.0287685525238, -62.9207513270032, 28.3355195325386, 92.9774840917521, -70.8938769005111, -6.34065934217325, 192.0662086568611, -9.320109897864668, 123.8231077860633, 26.9539805184119, -18.0133128534191, -60.8881936154044, 112.8906268195492, -102.34100470879599, -4.440838647930891, -33.8414367912138, -80.7069111541362, 36.856697387010996, 47.5500008157603, 23.2229698912001, 1.454615921256296, -76.50370285101761, 42.9821581187129, -13.46330973862592, -49.1155041286328, -41.970221931229105, 40.564491054625, -11.92941145898166, -69.47498964746481, -212.28247110492902, 20.4883831758711, 49.6594160077868, -76.96704761824441, -41.951771414181096, 160.6614913747414, 12.88377514527876, 61.768032225345294, 7.71149287630045, 63.970643010038, 12.90546421168473, -74.23879676602769, -4.4939671736763, 17.4906791314042, 54.476398625486894, 155.7703476825363, 101.0713169885178, 0.321063032684363, 33.649826682595304, 122.0856506572792, 46.9215166495908, -149.99692568221332, -54.506069014512, 30.150200580961, 11.14312731682981, 50.8101484394977, -109.1345425455081, 17.94049292457722, 76.7648329423979, 99.2211742337411, -86.6096173441127, -13.86015967300218, -4.14564054111434, -26.5945844461652, -72.9255884068465, -42.9671332286132, -3.88890894277276, 15.754786273516089, 83.9051444778726, -61.3787656507266, 164.5146371982398, 65.2149928891192, 43.664897667267, 66.2484398570801, 64.45602432848679, 68.8704338250387, 106.95651323839081, -86.36508503339, 123.3684421118452, -223.504989756721, 61.2177367170885, -212.145426869345, 170.2194696865743, 137.4281131890726, -21.9091266232289, -98.2632535206416, -85.525857955068, -124.2744191186937, -125.1649609829052, 109.8323327682602, 80.73634592082641, 47.145094940490395, 74.57946069771481, 80.1991821605052, -76.0671613488878, -39.4294059682246, 116.8159422324575, -23.072572139962702, 109.8778904273436, 139.19853252761038, -11.00401171073526, -140.5936833561945, -1.901538153027785, -4.92039911228367, -17.568595163984803, -3.58781018718064, -130.03457816754678, -42.1062355075804, 10.664467310252629, 17.815308601692358, 93.33302268556639, -79.1745700596627, 131.1030002506041, -84.7155841209497, 41.813831430015796, 69.6843780603305]
