averaged_values
6.141033387306379
11.461405697264128
7.084966951457318
1.6676882970059523
-10.149195598773076
10.675751167582348
8.020135059021413
-7.860685043706326
-16.63391358096851
-49.98823369308958
25.532288657908797
-38.38738835000551
-22.39959973872466
22.201560006928048
4.495131780960946
12.664726699265884
-17.16753076572786
-11.026754869526483
6.306290764478035
-10.437697177068912
-13.137429424270522
-36.073132605874
-11.643480807892049
-20.70236583644875
-4.314480577813811
-41.77132906415501
33.21896365619614
16.334838746435707
7.90843238303205
15.210785280898564
48.142016063968185
-26.05298700986897
-22.23588733255748
2.299598744168179
-12.284924644423882
-24.121319627156492
-23.45261698038668
-0.2370114432414993
-39.49228544339714
-32.53131518988813
24.39319874822104
-20.653555909346338
-1.2965393118502109
7.126018788156216
19.005122623377247
21.522059787501348
13.689774292055516
15.56469141272828
-46.708425174278105
-23.17941195533787
9.348075750254791
-17.749099011853104
-4.074797678011237
13.025763975107113
-11.279526485392124
-25.288960555059035
-25.802324082251303
1.7414438473642804
23.17219116729393
-11.01710484328214
42.45083618626813
37.49595249295817
2.917060432795552
-10.46541984997748
3.307336097714142
-2.2504648226313293
-27.404826788028014
-9.314379437535536
14.835301578234066
45.37103052966995
-21.47521463240265
22.67131990251073
26.57035139972868
3.52027819986688
-10.121525469789049
-2.071591337386053
6.789391968151904
44.20091311780561
0.4820324257016182
-8.3222253555723
2.048456703050761
-15.112650046881754
-42.51663304418618
-4.975935774040408
4.591208996687783
-13.028020676225424
12.596121288035649
-43.762130194067154
3.832156480755657
8.025441614590818
9.36521781331976
15.008302619011374
-0.2633960285020293
7.518802686681738
30.121409455896355
-31.22888871902252
11.941937002862687
41.27494537075109
17.89413607341703
7.304038772752392
-12.087498703840538
29.064624775157423
14.236817861776217
9.094274276503713
24.71529896260472
-23.699978809614564
-30.66785333672307
8.592583953184658
-20.281844777273363
-4.638846649220795
-24.849295818785336
47.319734451550175
-17.66734392773651
-0.9510582417424304
12.638197834559833
45.17660245030129
-35.65928955571145
7.241312079611816
5.373195910971845
-6.20119673969748
12.212753174389944
-9.605853752334951
-13.33853961477871
22.128482803920637
-45.97639222655563
-32.500429828287466
28.740963074495085
-18.3399969869206
-13.418988880643155
4.063069510826608
3.954054977701162
45.1583132322412
-9.467142094144949
-7.842125977535034
6.477939467251417
-30.469140497749336
-5.344928430466098
12.948907626938308
-20.743845515651643
2.185841696744319
8.390016857869341
-14.833694789849687
-12.616765738363029
-13.348467044706922
-24.46281368195197
-47.1955949914118
-36.45088506705362
40.57458291236253
-32.71946648434097
-11.056310099244
17.651954610279063
4.65040540357586
20.08026929981133
5.943253156976425
-36.341478008762365
-7.547820851075812
11.22017311747186
-21.124326813951495
15.807359277489011
11.596640371761168
-1.3683718598476844
6.38709285670484
-7.774849415029166
-17.432837708794978
16.62637959496351
-30.348314356757346
-32.51849677742577
-33.80355906441402
-29.333783821246485
7.071561336619197
13.91045778853004
7.488490250194445
8.487503047042992
-9.134371220090545
-0.9284971195593243
-2.990706507582217
6.4693813008925645
19.80715608510945
7.298836358997505
-11.826576876817851
6.3271605244081
-10.374846524719032
10.83313277401612
10.80030564966728
-8.857779355719686
13.399903026176617
-41.64956605315093
-9.816931331792148
-14.400776975089684
-0.0322948628454469
25.570225507733998
-33.494851817071336
-11.888603041967144
-2.3416340222611325
-38.92387477574813
-16.08238557682489
9.678284377790987
14.67214874601632
-14.319786535881576
-3.86730252574489
22.175016692854115
-2.1660004900040803
11.054839955773788
-0.6274865614977898
-10.009114779357333
-5.084752912734984
19.20362429972738
7.175737764162477
-12.373463249517954
-0.7003884453442879
-15.081158839922864
2.097616454193485
36.098245013083215
2.131508083883091
-8.9986698134162
18.87715812590613
-2.6868211023684125
30.34512265324884
-27.616208800624023
-10.59136370512715
-5.242661835058243
14.065959196566835
-64.16695205998259
-6.9448740434309
-6.9838215015188325
10.601750445232028
-7.228536664377316
11.687877700780518
-31.472935107667595
2.109408836244256
-20.795631862711176
-12.324628576112444
-1.2875947166030528
-21.863855988631272
19.811307029463933
-4.968489116770797
24.10893678951834
-23.184074958102443
-36.51306204503637
-8.489554131112527
-13.484370133752236
-23.22626391833184
5.515250995900715
15.679029354680097
8.95373391333851
-10.434249962418107
11.33677768902271
15.751701723813312
-50.84160040749704
9.5096642733115
-25.65036402526313
6.314149424419156
24.0794481071498
1.6565202152560232
-15.714064417479676
14.52835255736136
0.2398070015915436
-11.82777154770156
10.69304887902399
-28.059471773071
5.830221339827403
1.601960577609134
25.808153805643087
3.989880795474164
-9.98621862627624
23.505484283727128
-16.184413717041025
-2.056738338578725
-23.63846806403309
-5.708853614021791
32.88286237169814
-28.3315534223657
-22.333933707326665
-38.307345518318485
2.629702148376964
-26.994747328062672
19.58183481406013
3.0308445534901693
-8.047165732146823
-16.920776376282447
-2.047086405043956
-7.82969856269483
-66.59206686219842
-12.822156854745115
-1.7650661656371085
4.479079612792702
5.61737757071387
9.733638543373672
-50.07262167420414
17.414161488442915
-11.569669180782512
-7.325653333013179
2.4017656946816714
-21.839955527917496
2.1955048286472447
24.2691327669163
-23.886010149712103
42.59428230382037
1.840119500484434
-16.488803597414517
15.87972528868704
-29.40750273231244
18.987814590727798
18.944145608256804
-35.0218978746416
19.73723058051837
12.219612590255563
-0.3950528856366873
-24.04624856259035
-27.52470020623879
13.823476340665366
-12.318567912676372
-16.209238439725596
-33.427330360791544
7.954230663133785
-7.481605700944783
-21.120165716100036
19.292363866974483
37.19769373263989
-10.566211690122143
-3.674041107733501
-11.623952160472982
55.89811645797454
8.821117068218882
-48.29372303490528
-11.009818568374612
3.683671165810665
25.259843652223932
-12.53059196761751
-21.79590514954181
-25.8100532244862
2.2800792237976566
-7.544321435969323
-22.457324476461523
-21.15160380683666
-8.538855650404003
34.02584834473964
20.829059188065003
33.14329501496104
9.256140158613562
14.81249529311026
27.00561243463017
11.1055369360256
10.188076539328904
-27.820004880399225
9.292728179570986
5.238182324130321
21.941251490672585
-10.706802081840578
12.649670070662978
23.21636121821939
3.880967980876449
-15.586721259198384
-7.613684017022024
-3.9796695010736585
-9.41188924544258
-10.389831959910223
-12.704988469209638
41.34511851108982
10.937058708019322
-36.26855962064293
-2.2613590483233565
36.92289240346872
-12.113510755385503
-9.841709108193754
24.7017885397363
-5.282233135716524
25.07639393741556
9.118875296291662
-26.589453703461928
-17.50068707081664
-18.795887878499343
-38.41409911801749
3.503811171030975
11.117499507105094
26.35120004962664
33.58549522700196
-11.561953193275258
-15.404436808661558
-4.903384643504978
-4.888022361556068
7.270632223575376
23.15810204255104
16.10365230870957
-7.21940784790786
3.797954348730855
-3.9708255277219
-22.232860439791708
-12.905945887876442
6.337545644186321
-0.4734769007627619
-3.2959828593157
-6.9018967179290485
10.960792407669942
-45.18280597747072
-0.2666785398614593
34.32704179032589
-6.995171079004649
13.806892373570008
-7.421044077083934
46.79016509919893
8.381240626084036
10.695929311972575
21.68461038639361
-6.4329985868535005
-23.627305737885777
11.234565663777175
-1.2431181747815572
10.815183904967853
-7.3059715748386225
18.97798935379251
9.044006088006428
-35.407483143411824
14.7792818263988
-15.924047026695916
6.177952357538743
2.050614465479157
-18.586653483114787
46.39720483359997
3.6886395569890738
35.03272600220225
9.325584538673866
-9.45279766668682
4.797426253891899
-12.23369361643563
-7.641975912338239
13.907201019188506
-36.375582332941136
-30.388151709325044
8.164290210188483
-9.111399978603004
-6.843959242920391
-12.345827053897665
-3.961029077763669
-12.994665913822246
12.859808709734352
-29.54721903457541
8.23266636817425
-6.180179582792334
9.318347061009264
-14.053559783351377
-16.29856753423519
-4.207620363929891
8.376595315421582
-22.536698942072704
-27.97661685952336
28.943682639612238
27.501895878420328
11.329731012243428
40.28399492001336
-0.5618218632735079
-0.075325750382035
-15.643781735299854
5.698864754536771
-8.600216374223237
4.495160580510856
12.14308672901825
-16.656016084889416
-9.188877640131976
9.167545164717012
5.75335642315622
9.426439606701024
13.046662542925333
21.605762585852062
15.76025422255043
-30.634421378301354
0.450625418277923
11.791266876811278
5.869390966006904
43.30860436332296
-9.902478314877952
-25.841755735833445
2.4163134175760206
-9.746667829022044
16.301258339182823
12.119838769795024
-34.889946562412675
20.848712000093656
4.647329837680445
10.529751344714896
14.86844106875651
-39.8643213658943
19.856401704222662
-32.52291545577465
-14.891087816402433
-10.101576824337826
-23.010591514670537
-11.61786782737181
11.576546081676495
-7.620251211919822
-3.822777874171152
-24.5822773622058
-0.2469343182310694
-2.883247466990724
-6.413540246328921
-33.0289645708108
-23.97427903268546
-9.60324674929143
-10.09914627512626
3.8139914313796903
-23.07267481410237
3.364113911797176
-0.7329297147807665
2.3985998172865948
-7.636255199773586
9.013978552058688
4.0768513344664825
-14.928490365142352
31.94322124957398
3.5686969477537787
-12.21832965865906
25.398368111724267
15.896700151468394
-2.8700573082023766
5.708594280527905
11.5166371538362
-25.520882628130508
12.617287228960777
-2.5797042807971597
11.688866827040329
3.547614216498914
-19.812796915037325
7.005470025353134
2.944724052475067
-34.38456401127043
9.257234996039188
20.69169072039949
2.906880312948488
-9.903128331352493
-9.046519259558409
-4.622241220800788
-34.67587766205544
10.144495727217873
3.974757574644173
-15.470461963530395
-11.769687975320268
29.08772916920134
12.29366105738154
-9.411433190281969
10.325897477261606
-17.74443228605378
18.28422730251623
28.38515859170002
20.99108217655157
-8.734825222825748
8.274887072126148
-4.942582693620352
-9.23029102991859
-18.52911916798621
-43.67993408681652
27.69919291860424
-7.139185267791618
7.9479413441004
0.2198308232036652
11.685137690292322
-40.61681739249617
25.6554599023948
-4.61137833185785
1.1866214176116046
2.868798889918253
-2.720313087833347
15.427244104168494
-10.865333698369795
36.91535930459213
-11.354356152718536
-23.31740707952123
2.660831523418892
-16.867613999944297
19.548225062302663
17.61291732736572
31.410750451905187
-30.83429313488888
17.136643746940535
-37.02792020236667
-24.7472175567964
28.542525634373305
-9.572283906702069
20.464955797506263
-7.010131453018403
11.990132793507655
25.203059145453157
-3.740028622225509
-26.692359907232472
16.635898522930802
-0.9413670774374624
20.53435931300919
6.270949214187567
23.16933714576589
0.5609233277791645
-2.9637862659583334
22.63325616682414
6.405963964891271
-16.057144743666868
-1.6691480805020549
-39.86255752014405
-6.464148412182112
9.3074389136018
-25.27051221419244
10.7568895627046
-2.435948627316975
-23.28074802047924
36.87365902835154
-0.6123390411084983
7.943582313077059
-32.91762350060164
-1.658794125978602
-13.284349139750702
12.06285089312587
-44.23544914109517
-3.289509127047495
-18.250687637773808
38.59130434977124
10.136690926447043
-16.711705629481003
-6.633672108146129
15.313942572582164
26.839864284556825
28.43814175989246
16.864238515903708
10.555312149517704
5.491842655828805
-39.90547427361891
-42.8337679829565
14.73574943903077
-11.357254965027096
16.13886031100992
9.877644355801747
8.8155343397666
0.5922426867036847
34.10483783089148
-26.046746497231663
-41.4811106236739
-39.098692797531854
-30.611814781703305
-26.29471968438885
3.5791867901862133
-9.617945945370591
14.704101082257694
1.01715082640294
26.10848782210087
-40.72857251821553
34.82663356067496
13.976031107100424
-1.6859328514692606
-16.714441326170345
1.5383543851494323
-13.156346808114904
2.860304658606765
-4.1518817553296685
26.821832865971373
-18.169876004074467
-10.281171941838693
-37.11510824167637
15.77944074383413
-14.656320016365498
10.562770110496784
-24.824620615268955
-10.97330029773002
1.8767735345172696
28.479345608342555
4.1028830383729655
-14.202780599196558
1.1635531737847489
-9.027214258516324
-24.074919463833808
-23.10300063832257
-8.235020590553177
7.859174483834067
-7.683271566056646
16.793526310677407
20.19765048394038
21.865820685736253
14.955660553838245
22.411437131187995
24.225324885788723
8.068863282504026
12.806582005112432
-14.92955383734079
17.317205812141765
-8.627965482490254
-20.57807844228229
-19.09121686546132
-24.84168119648531
-12.557467228383755
0.3254295926599297
-10.60917551755847
19.35572278547625
-6.049141120223794
-18.69123963310267
18.427762779771
16.688477869014605
-0.4515809856238775
-3.325682489055908
-4.587215544466744
32.64872310755891
9.196590479987208
4.653595612588106
-15.720295801234895
-0.4160783289553365
4.235680640442297
20.549467040866148
-4.1749045824835775
22.673867496545427
-3.394761824165471
6.057061147133936
-20.45534333189425
-17.197905538167106
-11.849677306658124
-5.790639379818458
-26.144335513134152
-0.6517207042343216
17.803480291797314
-10.636266452696873
-21.23876824496257
31.323735028941883
5.891719836930861
-22.50544740294573
4.259272139111999
-1.146992017471348
-27.6041199048632
-16.963063295115717
47.46104527881835
10.207136840326712
14.04683382033545
-5.128153657497023
4.202991686426685
9.704502653781674
10.04448656430759
2.408087844552938
41.83766422055487
19.163646946573863
26.03909151443804
7.974446661755792
-8.234948245619307
-20.913505290882327
-25.425280348616084
-8.108189692226006
39.835062605387066
-35.020307292477824
-24.937421544091208
-11.077549729074237
-11.140508029668126
0.3412193965777987
-14.244199818960624
13.10166518924234
-13.290918646001955
-1.3676052874798188
-63.28710284984847
5.869611782152788
-16.5698711827863
-8.404665952693904
8.025559484696714
-11.639691308591864
13.194159998747637
-6.537957326363539
-2.416434034705162
-26.52068622213848
28.638755004678387
34.03733072079194
-16.963484757827246
20.277648591581965
32.00079962075688
17.078662060463103
-26.404101665233625
46.98072969805799
10.677838725838228
4.334992359683383
-50.45171516845586
-3.1723313959810184
-12.657285486900946
19.849599100038176
18.640473533771
13.661246411735192
-35.80316457987648
-37.68299303852838
7.926452089377562
1.7517590127681617
22.054832132693264
-17.996258768136613
4.313365733978571
21.11664578250202
13.607269611835363
32.33232536997821
-8.356124313606415
-0.1324029002862516
5.008233219850808
-1.851847552912659
6.184044934780104
21.028995762273556
-26.11141043825775
-12.20929727665498
-8.857313066750066
-12.311569837256684
28.30808034579968
-38.24768551725721
-23.83292485948188
-21.601404559813105
2.5260944912442937
-13.72239343491674
37.34409505286021
-8.17887809406966
6.66265334522177
-24.875375018033097
-1.7647452568489823
23.520896249101497
-0.5184596617764328
-24.971092180727297
6.814759159242385
-65.90050892787987
0.8352142631920287
15.292418244775035
-38.68513935085504
32.20590648101643
-2.041481841908535
-11.655195903091226
-24.087540435604765
32.760127293120604
24.00382321784855
-46.07510497827026
22.0338655225205
-5.683617986156605
-6.9327482621592935
8.552498239310808
-13.895671815931564
-5.596935828842106
-26.749425534566413
-45.51784411090195
-20.731353149458315
-37.76656162246947
-14.637124900575143
40.12655047800217
2.3412998394778697
21.61811583895178
-8.673278100148309
-24.39543622480416
9.355877656300436
19.957268864643996
28.28144165519916
13.332746295331162
-10.521588686664472
-17.576044970730436
-37.28310977027287
22.008899808919523
-14.527727167253031
-1.619375556037994
-9.044946286128834
-20.679075950523853
-0.9322038070386044
13.832567454097443
-6.7150569045043085
17.091274480553693
-17.230136176702217
-1.0918970973871185
-10.38533973081212
0.1156026340322569
3.866778624811559
-5.797841069143033
-23.44338035518014
-12.12276179024775
-21.125871162294075
-0.7312284243962495
-0.1355391403631074
5.829826204106212
16.373913416391588
-3.7959847822785378
-23.17344321815473
4.6465042992495
-10.311499893534346
-61.34457758342616
9.61042631136661
-6.688092261189013
7.639073156911763
-24.730315228909618
21.842153083489396
17.366001347647398
-1.3407693712069886
-15.009430824706214
-14.994416136833024
9.05297572944255
13.873913517745676
7.630069925435237
-2.817297297049663
-16.887432306670235
29.648401076701703
12.46999905782286
0.0193769927718676
-23.12334730765725
-3.956028325759689
-17.04269497205678
6.977955145979649
-0.8022995278297458
30.144434024346992
-14.603061899004388
20.743253581080356
14.045272954870596
-22.88780665940432
-5.363793327604071
21.48949396367243
2.243853386127739
-28.583151314829607
7.875769759528339
-5.055912055671797
2.441255633966648
24.32114776088565
16.853300112488796
-7.284759748596116
27.93725755631749
0.1164458086132071
21.45009611366549
-24.410783518906115
-16.681763775268337
21.44115099107148
-12.847691103219404
-5.121499656685046
3.268287216575118
-10.14521522630821
-22.55910095306173
-28.5553410779976
-7.710515142287477
10.799269137409285
-18.28526577510638
-43.60646160130274
-19.78204723718227
6.02680017327657
11.572478562622564
2.8739682738814736
-1.0391494458745
10.681654092710232
-5.383959804166807
-1.1124940397858154
41.739900782718905
-21.44460095104297
14.6365881699312
-3.5858778493857244
7.289076955799828
2.387669984193053
23.16084757776116
24.648812570012524
-0.6675778312055627
15.451432506306446
13.41996749023383
24.657661064789863
14.97750971338246
-20.59133800258861
47.10181625011319
-33.03667440776191
20.02302737206628
16.560217505742912
-33.30352714748007
27.368778328760527
-24.78554143775547
15.94540054751269
-21.62914357791307
-7.683452582685277
-23.5561803050514
-7.147290790759143
1.8226269945298557
-29.521107084423434
27.91826742673584
-7.8051090087828925
-8.177885028882883
-8.853919599816436
-24.371263924680548
2.2401065481390106
15.150205695827026
-21.93165454223346
3.5195233964186627
0.1820963887585094
-11.272356989895345
14.658911799560885
-16.34199128198088
-8.010553043452092
26.038148400504724
-23.95794766317705
2.914309111904004
-20.23054059513379
42.83710521402827
-10.80118217614654
-30.498162801493905
8.328703676146688
-25.92135583375058
8.587501906542457
-6.131205766956555
33.27284436862101
-6.366986902314238
-1.9355550677864808
-6.531577045461745
-34.32877764286242
15.696411301280024
7.360883403685875
-0.0674413315427955
-16.21921166635002
-24.645122718007784
-17.901770103082526
-11.45295452643768
3.9729468930891016
5.844041352058412
0.9227101223368664
-38.6181140367262
-1.3380787430360217
-28.76409849255289
-20.4770643212687
-30.519919564205352
14.036299950414104
-36.25677730892495
16.54328234269633
4.102299095407943
9.056179644423535
-15.4359854721406
1.8142083304846888
12.687765082984695
8.583609909241204
-4.625336429293384
-27.938432996175848
14.110095694166375
7.0700292739784345
1.7447246881492902
0.9282853070035344
-28.84094747163182
-16.453146893385565
8.678767399294884
1.987350594237796
31.37517926860892
24.163740531163057
-6.020625443648896
17.356840803971863
-16.326331645570463
9.81232502986677
34.438884693110595
-13.18454573964118
-5.71990209975047
32.233142731536645
23.554457492602523
-15.63546117648366
-32.00319155940089
17.48710775564541
-16.570812296311487
-31.20820369954164
-33.73739291686799
14.334075715014478
-19.772971189566302
-24.46778892261501
-15.644033407632378
18.560867988300743
-13.140786740143083
-4.422436315915547
10.310581791651202
-36.128151806377005
-4.12911053627613
-12.540087896210023
12.870116371588663
33.007374439941486
-19.75824041341548
-24.62007214663028
15.048864794152903
3.801658742362633
-6.071531894893269
-4.040566346200649
-3.5228450298891403
33.01664967184479
-28.51180731780188
-17.314410317412694
-23.761740634596222
21.538347646492184
-42.583943911973634
-5.999936143300147
9.384469880504184
11.224068820869434
0.7631977877608733
7.104346861699014
-0.979095653296099
-0.8089302289299667
9.61696855215996
-36.7978239516233
-27.298591922561187
-2.3097885446914006
-3.208564889719128
-15.796933024786997
23.09417938106344
27.93244777651853
-21.69547865368078
4.732969350225176
-6.097072976583149
-8.864750324457418
10.79727203742368
35.38342915655812
-22.22488828464704
-7.797205078677507
10.366221416101324
-4.456621911216644
-6.723771487260819
-16.395311601329013
10.723292817172478
6.053403369907755
7.541700209956616
-1.5662740650586784
-4.237510137347272
-10.63672923653212
21.604420219067837
5.74502018163912
10.273079663631506
2.518272917281138
-3.3735684699495323
-24.655110916093705
16.385867989694816
-15.141806992833152
-35.25680275874039
-30.766330789294457
12.194761643942911
-10.26951282293885
28.848058033152483
-40.95593060154353
0.0611204207525588
1.812143095143256
4.474409481539624
14.985353420343015
11.399811148890876
-28.73196921261844
2.300006864752504
-40.70966490490538
-11.49857093481114
28.97791222950036
-14.435652222513454
22.41477395653783
-38.142790168698426
1.223164776849444
4.781805682767299
-37.094396683256505
1.2535220423160354
9.051361512407311
11.950455701502506
22.901076413254486
-20.778679632188883
19.859041046598577
10.518733612800132
21.42076762409124
-26.795227952694415
12.056076844208292
10.049420828872826
-20.168617249233648
-27.83425987766533
1.818902418075595
-8.344862076657591
13.465212632960174
24.601391100586625
13.07291498061386
40.23814643883088
-22.64098549638585
26.84958866989473
21.586990166979376
14.538311768032145
27.63521637256781
-17.260107546375366
0.7071282383694779
10.265005779481726
-25.36781915026951
2.581021901743952
-2.450927538229734
19.6175970567856
2.822930244728923
12.397061455019866
-3.2832786979706725
-3.736135734754498
2.0411785242613405
8.204777993407333
38.57659743101976
-6.328546034405008
27.613553654620773
-29.747157029283716
18.116623482113937
41.79546384172863
15.74541859420424
-10.00005870280438
-6.672275208955398
4.885265492775943
22.274200130981622
-15.535842291807056
-5.149286164945806
15.261453950239227
26.84896691970061
-0.4942638921493199
13.515022594918264
-37.394450558887925
0.6459850822284352
-2.051402270211838
43.1646883720241
-10.29185910304659
-10.097329922413335
0.6289913540676935
-37.111794592536185
1.2182911891286494
-12.94331863708794
32.324234630927094
-32.40364919645073
-18.62483226247423
-18.15771365931141
-14.089796323198245
16.648048906965414
30.269113955117064
-54.78770443833493
-13.654434015028528
1.746458305438864
12.332910928540514
4.875650667119771
-12.298562748241238
5.934931926181889
-37.62320655348596
-40.34070537819936
30.29325011909532
14.173224482001388
20.59010361925175
-0.8997891103936126
-5.393108037300408
8.332417811674532
26.773576533203595
-1.5929727139155148
-9.033826996732389
-13.9429157259583
4.87235402521037
-31.408870665385635
7.4412484305066755
-8.431498226258554
-10.580924894224154
-12.45928228420962
4.273119795572711
-0.4257442340312991
6.839990611493704
-8.180717029463267
0.352803116897121
-4.398069609655067
-6.530004651664058
9.908522360230563
7.136618426913628
54.33575150207616
-31.44122287652864
5.887866104952991
44.65127536385262
-2.663030268580769
-60.68517270138547
13.51826153039292
28.748669562934083
-53.16866797000695
5.840732875512913
-14.615662555821473
28.010771116867545
-13.109753587123125
10.66511199164961
1.3482182194275083
10.68221041970537
10.72860072410549
16.188382237160113
-17.77934260381153
-4.1270336203306215
-18.505834016541485
-17.87392049963819
13.007841850587283
-8.988118572262465
7.817637080835993
-4.4991322435380425
15.805439297677369
9.678373078859297
24.94248680320743
-5.091963943734299
7.817393363278825
24.1818417434406
-14.314874177391175
22.45582257972273
34.223522321815835
6.504532124992693
-25.905704578632157
40.58976809194428
12.18501903799188
3.575927602010779
6.795420581678627
8.926405670601525
26.305684652747004
-13.344022824298008
-42.44500803059783
-3.3587718834605766
11.301408389103017
3.2350197290506912
-11.605770130161543
-3.050147720743553
-6.858180142226047
6.376619137037778
-46.91630201396767
28.47348991192121
-20.96574249924744
31.944425887370016
-20.160021898598643
5.668987018594635
-5.512882106602774
5.2819136540347245
18.40251268367865
-5.723321268422296
-19.910438202146903
1.4800122491578804
4.301750777347479
-0.958472779719159
44.82868169018184
4.724323143644142
19.851346247814945
11.270253012684408
-0.4492701635463163
-3.6985760266543366
-19.242809034811216
-9.600988421181682
4.767605158034712
-27.951780164265088
25.99399635841837
-12.336745918451925
-5.569356694846647
-20.300587395759067
17.544211869171704
-17.911055227479665
1.2281961264816346
7.514172226830851
-3.244601457990939
18.724501275180955
-42.11036509298721
13.521033016295403
-51.97733386137408
-10.162522602840909
-21.546311081838223
-22.241003983130227
4.1902277161862
-21.395476285775672
9.712691913751769
39.263760674075456
11.479531917662824
-23.74522116412119
34.167091825947864
-7.381231667124666
-25.082107232883587
-9.675887596255052
26.07352016038203
22.446685240996885
-22.88377445850348
-19.97229111471097
-16.395513189941994
-10.84524311980931
27.776573108349112
1.1815395536832511
2.420191758530564
12.261487387731904
15.508169349603122
4.765823859925149
-17.915454325644532
-12.124330895865567
-6.216740881180158
25.30944402434397
20.834009530663025
14.465496310047456
-18.025616404789616
8.47275958924729
9.218555816129085
-22.61794330555132
-28.24847194014002
-10.278731991464156
-21.60223403509009
-17.209175874799257
-18.73654792214802
10.817074222533847
13.293853035385837
2.548761980680865
-13.366425602143863
6.493836252091569
1.845835720712785
-14.774980384929222
-32.562086731195464
21.07728947182477
57.61167896051484
-15.297293298033765
22.279788188505336
13.513070019384031
-10.101903765433237
16.47604820248671
29.22353513057169
7.404389388015261
-37.188459809971405
0.2635236616770271
-1.5896370563132225
1.170539698403445
8.81011696108908
-27.624373311613468
13.126393385609845
-30.1075397001696
51.08257741482521
11.512848749523982
37.04614395785029
12.281736752192955
6.632485176218324
-13.262774122413248
0.2523247617209563
-10.191147422156064
18.36900578295172
9.676070370725938
-21.27653466931953
45.64045487038675
-24.14365669729888
-27.902212351400536
-22.620662028479288
30.84264157312282
-14.336295326647814
9.904087592236465
-1.1898894611367723
4.160480800055666
-2.7289429134543752
7.90856150300533
16.35926951323927
56.34510937161394
-12.37815264245728
-8.670813513803296
-14.942812911074723
0.3585802672605496
-8.393221814694698
17.646911987758358
38.72599319598521
-24.6415692131268
24.67693021244486
-8.426026439425186
-20.343404257146176
4.954092730622506
-6.208812882556231
-21.947570195596214
19.574372561401105
10.772575882161618
-4.040358942438616
-19.48733409048873
22.32806998951128
-39.80576876683337
-11.633019952831091
-11.032157028617805
-6.240371815656545
6.724198454583529
-17.179352406965336
23.702046955455444
-7.893595300047309
23.12411986537336
1.751447494723834
23.096746378796524
-19.525724623264978
0.4723255281423917
-9.347508154940442
-10.273482379503548
-6.675636267653317
15.948543377773603
-18.48909728172293
-0.5866728007531492
19.9705461194244
-22.73364364699229
15.079965947312305
14.478381360095227
-8.433584583341144
12.116988331574248
1.1475964142155135
-9.84037017803348
4.256365136534441
-7.176429729501251
-24.239590630837498
-20.35552992485464
-13.08495723636588
-42.67940094658117
-11.918574332987191
-6.123974908070522
-1.8312728837772736
18.54652456002077
-6.363657264504582
-15.46613760261971
-16.23031834932044
-12.10519229824422
5.438887942029396
-32.04364370486293
-17.87939068826381
-6.748984386678785
-7.278461351481383
1.4318667306943098
9.661641523503931
1.8644457595073616
16.51408349936537
-6.525830718572252
10.71960685333761
45.51295779523207
10.609765144763514
-16.211099549633218
-17.032403445977252
-13.242620828765212
6.233410906454083
-25.30124548102323
10.457554098407854
-10.903466507501436
27.6534048665344
-0.2564847016619751
1.883196635681088
7.229812338584452
25.422435536340345
26.206656034162734
-15.603690670410288
-3.731828187010251
-15.242315339346533
36.50229559068976
0.8155160292371875
29.74838763159641
-19.66370700049447
-32.445649588626125
18.73309771373169
14.415865290444344
3.4901092838845216
12.251526055901197
22.56018393610429
-20.1831717032328
-4.639945831397199
0.408889129088493
-5.089140017880709
-4.447565214839415
-0.9814555811753962
-7.534335204312811
10.302529542110278
-2.5192789036227623
2.3075491392810363
-0.1670818247657735
1.733295556725352
-6.168442827984109
15.920108778751455
34.893612956875586
28.17190864689473
-0.8771855234081158
8.22072413796559
19.282827058574185
3.607267326340661
20.15244024634012
-6.525922538217856
12.295582691411257
4.115106205368647
15.678609674680049
-26.165244460673435
-5.460900899706758
-5.010147458771826
-9.936891643999845
33.390488721066504
-16.312576956799603
-18.021608964481857
-42.103350507139126
20.90368000883609
5.5806689605960855
-12.575361206909292
33.59312736251741
8.091280420019757
-22.174289518123278
-27.050755050891908
-31.696976876264685
-16.564204787719063
-16.399123903087457
-8.602601253282046
-5.416366084406036
12.354781264817577
-6.791409983474296
10.017564890542417
45.71148678974714
32.94058420594956
-6.4913528063189005
-25.191335798284868
-17.81296124457731
-34.63777002661665
-24.687768231786336
42.426867605012376
22.728789859393142
-1.604429472659831
-18.542611233817297
-1.3531531515181996
8.51213425588503
-2.628114779567113
14.47743490972789
-11.30194269558706
24.954448387186854
-1.527344754882506
-18.160470900169457
21.93443633339484
-43.58326103066794
-21.54606831636921
0.7068158851325279
-25.31824644314476
1.4371330503345234
-3.1289584081678186
15.164230017515363
5.245908841025084
-26.84952502536181
0.3891369619668694
5.03376007451152
9.043126325312189
-19.107410129596246
6.349378675571643
29.827557622891614
-4.62315175702679
-24.559041435029958
-11.900801584255532
19.819678288098658
21.83070488003432
-15.960474089573836
-4.767698078299873
12.728437489902715
7.5711649386939825
-4.738104684089194
-28.01346228939657
9.471446878800634
9.840393587233848
-10.570954542039544
22.3424625624466
2.424869158916408
14.1899571310787
13.043453911901452
6.8688680075720185
-6.768519739300245
24.717909206592594
-19.721190037875203
-17.630747736082412
19.801028889225563
25.453460799210006
2.309913948804024
24.30684102838859
-7.490902003177325
2.993651870827307
-14.649143458082108
15.386947915045312
38.01995736768004
-20.878084506373867
33.77252496127039
-13.848190224030986
10.185761514410842
36.989221623472986
-6.649387505502091
-2.146162375458516
15.944219310826156
-32.78635688981741
-38.12542233560818
-2.3710585242370144
1.917996122239856
-20.66685254662299
-8.14280162837531
-3.139058485699934
-31.348248751412044
12.056528323722889
11.41982677706983
-33.1721632944391
-65.84940135684157
4.9309791007690364
-27.06662826031972
-6.744929748238064
-3.0557212893181718
14.223479805717943
22.80077273749339
7.693452799299848
-0.6987331688724225
-24.891333877996672
-8.106789562414633
-10.260308024880942
-4.236599228141131
5.997025827426114
-27.905045813124172
-49.69445589691169
-1.820611486560665
7.602918187985779
26.45828244033328
8.707903652539244
-16.30876977398293
-27.182660572972978
3.0700378837500466
24.50098654140311
22.63907522831869
-2.197108558495529
31.749361133290225
0.2326546617405256
5.211151650801185
-42.93171421496665
22.892478008943726
-15.34383998233534
55.26221903898113
5.570920396174188
-7.323011393862544
14.77718945662491
-24.718949843634636
-29.551706432001097
7.647517794583109
-2.820601274317596
-2.049958115065237
14.309522868541537
-29.751764825923612
31.90112041482644
47.79639410119853
12.855004024531809
-10.557857359119224
-36.91701453532734
31.32828048880037
-16.600353538728086
-12.82686476514209
8.218590409043827
32.566487197211245
1.547670606727479
14.10938375374826
14.57605584274279
-2.8139881304377923
-32.86300614799258
-9.93058978008048
16.98994207724172
-3.010426566033857
25.007810210590836
5.842873155808775
25.781417589707416
-3.058526203909423
22.05195372768503
-0.7799742882343708
-2.6832839622657048
21.86008540022885
-20.06831639031589
0.4068487592303427
-1.6226586710836273
-15.126294369634708
28.616515154964876
15.01202671365172
22.741704373591347
0.1254196997906547
27.320116165894436
10.94498599403596
13.133246588229667
-14.239585579620323
38.756792547239456
33.41147521691164
-1.8201668042020172
-2.9421885898482287
-33.58614057990782
25.52896784398763
-27.95256985552261
28.115057328512197
42.68184708659828
39.16132022402599
-25.812277935838225
-10.200035299232695
20.892631210866966
-7.176449972772389
32.99643516310607
1.7822602836386068
13.80562090408057
-37.28542921831833
-9.927977176077547
33.07494181416405
-14.739390695496695
22.54736371645413
27.138070300832624
-6.795685371267609
13.400418403049116
27.51286619657185
-5.910346256947378
-38.121930705921855
7.529245298457681
-0.089766721255728
2.751035784443957
-10.092335832319804
-25.47539424725984
19.49870887635916
1.8458716969762463
-11.528415764754754
-3.225069335792796
5.8318882291641785
19.26911085024767
-18.086241647280985
16.719624859906617
1.987108771078056
-45.544574262763504
-8.584878978814231
-2.322371713395114
2.734704097456415
-13.353798608397485
-10.647354862303471
-29.14767559681788
-32.5330668850511
-6.429785536180134
3.770062452793354
-22.562246531102588
8.121659488111618
18.89445005528978
42.282220032575424
-30.715715367579847
-10.682966403430328
5.077220838735229
-48.47503973668792
9.395756112149684
4.956825511093484
0.3918031989451265
2.473825590364868
26.0456551387324
-19.119983300799504
-0.6273513248888776
1.3523360416293144
17.898381740276818
-21.69309384135705
1.448078394809272
-0.5419025960145518
-39.51681614843257
-31.258385745779396
-7.784481521099224
11.307070405528066
-20.9506262078212
-18.91127334223711
41.37180527557212
22.85533961118199
8.198126391478581
13.369419702663436
-28.863501445273883
2.1754797485045856
8.56645523372572
-8.016587812569924
-35.864905732334606
-23.059107870154563
48.88126517937053
4.962854901852552
11.78052204893902
7.598904199126991
2.386550535185961
14.279157108670915
-27.291424501236197
-21.171259914961425
19.60740665635967
-16.715620173854404
3.644694145375979
-4.415805872209603
8.924631467918516
4.850450171128614
13.281608545439669
19.56776223544148
-20.362803185053053
-4.24337419513904
-22.770647204306457
-2.0182616583042545
13.864916022386751
3.312075879017357
7.376955225045094
27.938357652004925
20.54225845068868
11.75974923656031
7.605461245184415
-20.17717667752004
11.173383928937255
13.165788887199597
38.65849637813517
-19.23492150657694
0.2832787597144488
-7.359118909196695
4.422451994862058
13.235172150307337
-22.49973863756169
-20.40602244043839
29.301690055493964
-12.28408876415051
-17.025178378957207
-23.64022017376557
3.9617531505500665
19.21566878486192
-0.1285835440212395
33.38671944774978
-8.590547236322891
-9.88478926983953
8.225911951274611
32.49844567234686
1.4803322541265516
-9.63352099621261
26.538031167307054
-2.312431190148345
-8.073475332406815
-15.183077352980035
-38.057974690673305
8.50738374030334
-47.018071759361206
-18.82555268194119
-0.0840323637821711
35.669198487259564
-0.6269445471698418
-34.553501157715814
-2.5812196014449
23.72400636639213
4.308232504394255
3.762265199184185
-11.501816286574469
6.525427759974264
-24.9586687981937
3.9870614672545344
-37.70851133357793
1.376244025450433
-45.46829446865014
-4.557223873256589
-29.769026016554577
10.700899703631876
26.543571183778116
1.905453307743301
-8.167330454976764
-4.449620993997087
-14.48134192560974
-27.880032065062565
20.71256576979067
25.764599351212382
0.1937184588168747
14.935062167947764
-16.761935417627683
-18.347169959830357
13.716302167085814
0.4737734964292031
-5.472484075187822
7.726781894307351
-4.11066142495838
-27.84294874670742
-17.090049545658985
-8.013079698372167
28.26773067143222
-8.806854006033973
-19.07855505272164
11.708449655619916
-19.89720989542548
21.473910745160538
0.074285001901444
-18.75010108243441
2.166975653846748
-24.74129683557841
-37.29102862416768
-26.3719352038752
6.926170712496969
-15.443188464880222
-14.016810992790852
37.01329513273959
-2.117562063722289
-27.038546498559317
13.208677364484174
-6.204617430863436
-27.37049447455503
3.036187322155456
10.981266110917204
-7.375431112013757
-41.72284491249594
2.1693726735393284
22.32487830071477
10.410280128169688
-16.751461875377572
-11.692267278209329
6.66778756811982
-5.768806924679666
-25.290880911168657
-1.5326497084461153
-45.5935723874136
24.186620246851817
7.931111716054147
2.0010982493986376
10.970360141815036
28.88296177063603
-13.99899762342102
-8.429969440665445
17.12821172621625
28.17614262306597
-26.187391801009667
7.395629143138649
18.216991406225134
15.687501337131836
-20.025102065410465
12.234758544596843
-4.351038641936611
12.991118664853277
2.369282393337926
5.855245124315843
-13.314906045474345
8.834258764618426
14.31937928829575
5.066827628019382
-6.006853988088551
-0.1826470079104183
2.9305739439005265
-2.2382516272045905
-1.9828590172546685
13.073005385682336
2.6348132070270367
39.28425180914928
-35.21926380772494
-2.158385427625035
-10.20182471816952
34.460538263068884
-17.532266167530906
22.1944977203093
-1.2573401091358392
-11.84632668060658
-5.183592796893208
4.025536532135448
12.017953853544896
13.05311358081235
-18.163456146838143
-35.898770464045825
-47.41753839589366
-3.5880565841071075
-17.661338976453408
-8.801529444433982
16.41418459978013
48.404348910204135
-17.764574728455045
-20.225678375558346
19.03418010930181
