averaged_values
1.3379984924249584
0.0334633966413093
-7.96679804577434
11.201321189830196
-2.658999662657152
6.207861428978504
2.6096754325262737
-31.338463106847485
-23.849746913270792
-51.07682168172323
25.218761373049347
-51.066975890047615
-12.670801905187544
19.49771800567396
19.7727771877544
6.477589339134283
-27.574616549361963
-21.323279895674204
0.951394729403546
-8.436490031992435
-8.606768937126617
-24.862104219879257
-25.668662608542945
-18.87144350848393
-0.2416594196984078
-56.69513858169376
30.933762012966326
27.126534601906314
-13.995485190607724
11.620370181568433
49.52515632663562
-38.96567870178842
-36.94424978268216
11.597811971470946
-13.546035783627303
-23.907051294736448
-8.11751752521377
-6.463531234971015
-54.22538090504531
-49.96815221881843
25.62713003095996
-25.13143278635107
4.4992057305935305
-13.223434350133177
12.796397951096878
20.497841145508573
27.54602429641818
7.845898311672499
-40.27637262491044
-33.79160738622886
12.193767362114158
-9.61711309387465
-23.854480377733125
-5.721922185199219
-2.43521832874103
-30.46885672894132
-21.561209713690918
-7.248943432219676
34.46727008552989
-11.92658252432011
24.038981513876934
49.18023937664111
-1.1387923371657962
-0.5813871010614093
0.9063795662805204
13.956424595991848
-43.44941201964684
9.267452324638723
26.511912425528863
64.68379670554714
-38.520562649981
17.495189807392308
18.55821965637733
7.635422224790091
10.999602342315484
-18.28143286264094
7.635769623724627
56.66703364628484
-3.0400990969792474
-33.84345518077316
24.146036475649453
-16.444929363322444
-65.52722885776893
-6.551420669202344
-4.451592329292907
-35.51996812231664
-0.1526130524434847
-60.94092026648286
-1.9109373409301045
-14.23373090745008
20.6157937830867
24.310453441547
16.23125578527106
3.987709020919283
16.987562343929312
-35.73431405246083
14.80866863686242
37.74903354037088
22.664083678202587
-10.112754634013982
-1.408660483153653
14.190011836661142
21.55510505652637
28.58847403989057
28.676397853982053
-12.087671347617288
-33.13371255686798
10.633791576721704
-5.478414940895164
-14.4546318675566
-26.91541689436417
58.897539843514096
-17.69379014300648
-1.7078669504408026
19.979168609745106
46.86048277984082
-39.18153835715202
7.748168363483273
16.629312363424106
8.706477345258463
17.693731527237105
-3.8308224853972206
-14.737399686375284
1.2904982429317895
-49.05617780446482
-35.04830169082561
23.726714755626745
-19.96707000384049
-16.206613260539598
5.826696613163222
1.200980384775903
50.55214969084773
-8.767678342628642
12.84781775494048
19.10239704432024
-30.8142100932746
-4.392407952153008
14.748537035658956
-11.884918674782966
8.054722199143725
-6.430611796909943
-22.978994784789396
0.9435302359197522
2.29847103478096
-21.74494458499248
-36.79388180731621
-49.39073328404629
38.83299443610304
-22.370464887309936
-26.73983151295397
26.27791418539709
14.190095529556856
39.60296756806201
3.601141032166197
-28.366831380000804
-7.29586391527846
14.394571403157896
1.9971309626707807
6.904379001876805
-9.883599643813795
2.523876738792751
23.57333707160433
12.730320601302084
-25.62366303698218
15.628977287677117
-43.51685222308152
-40.3445660922298
-47.29200485278852
-37.21502171563043
8.631845328185591
-2.952057517381036
1.4121446807839677
0.2325570236280327
-11.053158346723649
-15.672478549997322
-8.208422617666656
0.8439855462638661
12.836622686168994
17.99212416948285
-16.960052984548383
-1.390160495240707
-7.012258566028322
10.320254371195915
21.973578589473615
-7.784903357809526
-6.908150079005281
-35.21908212181006
-3.5305229678342585
16.126406906332704
-12.048240529882603
12.067560046416476
-24.677352627841174
-21.126695932471197
0.0110237162880366
-40.71306236860983
-16.245551961139427
16.046123361971695
-4.033727262431057
-10.0333765122341
-5.50490475546394
16.257411832761136
8.049829132593004
-3.1224702674371656
1.8718706214276608
-11.9772580005083
-10.551265103247715
15.668624564335914
11.577294455099036
-26.83787193770695
3.655820520434645
-12.826262211237918
-15.239595820734394
46.76527247100603
5.897628649443504
-21.132873612994445
3.3106862087297486
-2.918538820944377
51.917631054646336
-28.334899984896765
-16.84224525334139
-11.022369193306076
7.8420104795950465
-60.31005927026854
-26.55458349884429
-6.071345705262502
7.419752997302567
-4.999758803009172
-1.525372110394528
-40.76053234534629
-1.5814604025072183
-28.74951933052216
-15.406070832104888
7.738733988124295
-23.09704609749315
13.236763693086688
-4.859576737086172
50.00427560665412
-32.21028041008685
-39.73783883343276
3.551179141155444
-7.6770578972355
2.492451976606389
19.50145074793545
-2.3450754126242828
33.059615128921
-10.804759960170486
12.772968129371291
36.94217325786303
-43.615984253934585
4.296781937839114
-32.2501208360045
7.613730880038929
28.95269228158577
-4.898374409880489
-7.961058741260786
23.356023415690288
-35.71106635668548
-24.03373399695556
17.96162848234235
-54.83693152599153
12.26936489615764
-1.544947067523026
25.17802327535173
-1.667099717189558
-7.953611174511025
36.12602600679384
-38.9778907840664
-2.1387678304308797
-21.360623521803063
-15.320945279439911
54.00266472097428
-28.112759538707905
-39.43260036755237
-19.27416486573929
-4.756035786791472
-15.855623956638738
23.36276854139578
0.4665141420264262
-3.01759898517048
-33.92335801119043
15.392712895394652
-7.027946725764195
-78.60902969224844
-10.834379409934629
-10.597248586287606
3.838783739702194
-3.2426712244632654
1.0573682740941877
-61.69623584236251
17.787781653838465
-0.9941159304144094
-21.24426783256058
8.888887258828618
-10.268138783445464
-0.2763261487561976
28.969558339056675
-23.2613237350306
46.81842493254226
-4.197275517537491
-7.854124915756984
20.88236290877103
-19.36589426742285
31.112691995716887
21.27057434179005
-41.09895776449412
11.242317226351588
-2.79225909957313
1.5544104296859589
-18.45409838923661
-20.2338475217839
26.014322199858725
-13.109347880046698
-34.20075956347864
-58.06442913199135
25.50834957922052
-11.119601522252196
-38.92226394567115
17.630297639843775
39.8594428308279
-35.26526319497498
-7.750459685499663
-22.102573509910144
52.230705749912886
-16.61993931993493
-44.56931667240861
-12.122373614038224
3.0362762118602404
29.74769849194854
-31.39107261737809
-25.29295416722016
-11.33908864723344
3.864242467927397
-18.785736789548537
-23.38261023384985
-16.465535975556122
-15.621767516408
43.150533467895
28.31081248486589
41.96827534741897
19.025560713605955
11.619513266879949
30.68948415965133
5.89366910418903
10.60466207387799
-49.69383641167951
-15.708426673329086
7.744984847435262
8.029525151840062
-7.745461035199696
28.31935195074766
35.480969302137964
0.4455743498692754
-19.111388565739617
-26.514282758551417
15.11803795110609
-6.057082481667749
-24.11090776963101
-8.490600840828847
48.94034821915557
5.213791782822227
-34.264160746490234
-5.511582776598516
45.076925146437134
-11.657337183249185
-13.033763038169129
44.909911507566
-2.406376765589812
27.051994896275573
2.7549704758712323
-28.832404189088265
-0.6973796213133028
-12.035077092135907
-57.88766358612338
-1.4563624947331846
12.664304260833887
37.80565927085991
40.69394357551937
-27.27213051260333
0.8246220598521177
-11.358619345541229
6.683955278553185
1.1256182423530845
14.152654489022098
8.466009783835034
-4.757044357058476
9.608588312519714
-10.294452867601647
-19.131170432039653
-6.361333318287507
14.379096270960872
2.525966922810767
-0.3036890138901071
-2.531915897576255
42.543932724162005
-54.49437761843728
-28.58350988900929
32.37361097555549
-9.777079406543637
18.098202609893637
-19.662432101657032
54.44224647984083
3.628076953435084
-2.4984938684356166
20.505547918844968
-11.837461030416309
-25.495050826022634
15.588704353867795
10.272116236912552
9.303747426034532
-13.91171896868036
8.93394021167478
5.245425570887164
-27.00054705615912
24.216269220560207
-12.757975355678354
23.458367806699243
-17.855666306975763
-18.66100006425404
22.603846651880303
-6.092070540849818
52.51870146612055
-15.102606408850988
-12.064821937587112
5.415724241742282
-16.317865733930375
-4.000384280181606
-0.8277626789204078
-19.34086074777588
-22.26338463940192
4.738512166135479
-4.328738767915638
6.034144101242418
-6.5728310420090565
-7.734282208082732
-15.529824564509909
16.988966616991092
-20.07259955329937
9.390175307082243
-5.12755275159725
21.91383097365906
-10.36628671908693
-8.12732840058743
-10.69619205709023
17.072414384791045
-34.35400347708492
-22.76591040242056
21.46263842115877
13.670175472463598
23.686722181373625
44.2953001314454
14.12877065865905
-5.579765450951527
-17.786730057152454
18.03154285052733
-5.326923454340431
-1.3369945989834378
14.856441505995464
-21.751073894178266
-2.7779912245605374
-4.628160189909977
8.623594775199308
8.658712366202963
11.472679211525248
29.71982183145883
18.481524989314494
-19.70964416577772
-8.142150093699456
12.646050286202808
-20.254389533773065
44.23051567253424
-18.717351685801987
-33.18130960375129
-2.9216895068238955
5.485253708407981
22.56050411589968
8.184152865156648
-59.76541964417265
24.87103928619763
0.1817497183947125
24.39251843430975
14.387703957632766
-51.24270183344197
33.126316745663644
-23.92351398072788
-18.36668274391559
8.189344263926614
-19.53760953976598
-26.287377268774435
24.094698132685156
-14.141644588686177
-5.148900858242996
-18.74928768267273
6.0203105684922775
7.149348739039851
-6.888522781111533
-16.01063953913399
-27.629822186587266
-6.953361659427173
-5.877528545956011
13.16371443605749
-41.38312958012102
9.785004902587389
14.347889113909332
-3.68889615869557
-9.69701361983607
-2.3198686724936124
-0.514682786524645
-20.743991975541576
40.4723401634983
6.485266632735147
-17.411415540773305
14.291338530834764
17.044530589759233
-10.77262011510902
-2.028393546512234
5.256930918927537
-23.45860079188424
21.90360611779033
15.074820274370722
19.647883998899488
13.465568909814465
-29.01946349120408
-16.08972162833379
18.37949428355205
-35.69392302118649
-5.035347228185856
17.231426811908023
-10.479409753868822
-19.2196198774036
-12.843674141229712
-7.236233209798229
-50.38446942524752
5.555944909763639
19.90863939773408
-12.913552831014384
-18.83861426533258
40.55160276587412
1.4920872455550125
2.006445541002904
7.235513231629739
-27.521811735874508
16.88526014747913
34.08819405658869
26.405358175907168
-8.830230437670252
0.2960536388709442
-10.465107935029664
18.980690349111683
-17.302102051849943
-51.422756890169694
35.035156386264134
-15.273945049135364
12.272569075066713
-7.580440243749763
14.0133122116531
-41.27654084350797
13.10739173379261
-21.296610884790425
16.586402028726297
-1.333208649419248
-7.885549584127148
10.539935391716426
-19.756347810820444
30.25176746712532
-16.08872694229649
-23.636052239089626
1.3092341729498005
-16.79133721011749
23.12062595313182
32.80580995393393
32.159957359705004
-32.03468205699755
6.077313203946687
-15.649826207081787
-25.68633661781496
25.230134337572963
-14.615320936602076
23.281696996549726
-29.012269429993463
18.94376316825219
49.11722050126991
-4.624640331589035
-0.974306364558288
19.85744893604715
13.88251806232438
28.16224272020918
0.6753643279807875
30.36107251928479
13.477141494557143
3.190550893123145
27.740132778082625
18.012379289692035
-13.58812381941243
-10.436030046621454
-49.4465522498067
6.621491542537115
12.284204968615086
-25.91997195222939
-9.543001872254536
1.4733727790153353
-21.92920948358369
43.51744800628512
-15.278581369304447
2.816991492625675
-31.96975220322201
-14.48998551776458
-10.711192223709077
9.230247639978188
-56.16828433264163
0.1509011858579469
-8.183562228339724
34.24338846610044
6.765310169765144
-15.45489683073538
-26.066178185210447
17.233964751460007
38.93728765504784
35.4516643085808
36.85719844626146
13.490137774075263
5.175140344173997
-55.11645819904516
-41.20751751177886
27.55849813122768
-9.353921051661018
23.148680130383585
36.28003447384981
14.378188493763446
5.861414990795311
29.39874722540844
-26.11080982827116
-35.04233392603055
-48.95369285697234
-39.02126137542655
-30.964319282764336
1.531949902055203
-11.662650149140973
1.2457681779778795
-10.122036233282415
35.8104463564523
-37.31732487329282
45.07722292649851
31.830371890479
2.3703693483548705
-3.915041545988061
0.7684583435475361
-12.839824145339662
24.67720665088564
8.089528607670218
23.02858418232063
-17.286586670204997
-17.913453957546153
-44.59612297057174
20.250638280194835
-15.049107158745755
19.85268511758477
-27.783510893583298
-26.305640856880927
-16.26838010328356
42.14644946780754
17.558003299796837
-25.609392911443138
3.381896600665641
-7.290004056238104
-29.23648420230893
-46.6525568319048
-6.24716135080962
14.700395921172458
8.74639468670648
12.085619124016375
30.03605734599114
17.83130702994822
-8.185793187571107
31.966778046407853
32.81537600541196
-0.8298059121734696
2.736112482103636
-14.569063717543033
18.17214006840368
6.039259454744752
-45.4270920784038
-7.486753840377787
-4.809176600683713
-9.675072444049874
-12.394216892833356
-3.37536206227378
15.606027383051696
-16.410495789066772
-8.411106242609094
20.93268537281256
29.330575533022056
-2.8812149461446097
-13.27273865736788
-15.989823823256302
16.680700313008856
29.02661180422001
4.721544930594973
-14.206833621050464
-3.2205744422244607
-2.924618497097981
27.427551580694853
-13.177149604758595
24.74414027297462
-5.967122096102685
2.792076095356606
-19.84105799070676
-13.577667414516329
-9.969725428905804
0.1414970278274268
-41.11543176710256
4.021463109937031
22.89277076399594
-16.667280806941562
-28.053474875880056
19.535907739584214
21.85752230063372
-31.601078802079428
4.432460518859443
19.68455691053532
-40.793020600962336
-15.51179800434329
50.04111317305069
13.010131794770132
14.61896159875323
-16.81379045234644
14.628590905398596
18.673198592674453
-8.610317909056903
-4.563930645716027
54.43122866828344
19.95851102717279
31.364210177926
1.1265463202871615
15.44303434160247
-23.488926378733595
-29.839335208554985
-24.98867533201701
35.20630841815728
-47.12251868705789
-3.201297631036141
0.7811087673762813
-28.49337117983669
-8.670851374787162
-32.6181794739241
14.839096270108712
-30.277299969500746
-1.3759599732293282
-63.58190920043853
6.259080088377232
-17.495123521628557
-14.439587751723591
-23.042664870168664
-23.880830817579408
13.288892173572094
-1.3237689097732073
4.765125837904634
-40.61771248903824
39.46873894873716
48.5148730147921
-9.460476935855697
36.11804711808509
42.19514726148918
28.739758855619584
-31.943867863490595
54.13400925132737
18.61758005771844
12.509513730328765
-63.05146997713018
12.460325643987744
-15.12731482439267
33.51960421944386
7.087351327616489
13.402150343143148
-23.830387778856675
-45.54336431401316
16.232918974128552
17.548668075032765
16.01057198389026
-40.80926924331288
7.656660729073337
26.82129020676075
13.197151962929638
23.103170740199857
-27.034133012377424
15.73540264715848
6.409470300903195
2.9918179443193367
14.846159118504149
19.742052090135985
-27.80726094650163
-1.5945555725629674
-13.042506657642662
-16.55988069176965
29.1029982149048
-31.876892555927043
-29.381773626242648
-18.283460622114944
3.2531250755419023
-8.231349956753547
73.79226706834743
-20.41313549433835
14.211033449726528
-27.310640122756013
5.373947579821106
30.93636290456925
-7.491594808685477
-48.30367385632417
1.6173386913287686
-72.9328137011762
-2.4839290071249707
25.015105254933587
-38.32471850105503
39.5858651742019
0.0751162878295872
-19.316036376723787
-17.424481521753478
35.476621072157286
11.195002075939556
-45.95501297703595
25.068312727788
18.931405046590957
-12.176060306170257
25.7551736098103
-1.486420469445875
11.710736839013409
-33.20662338330294
-35.66276628631749
-13.272606981176068
-36.61389552698529
0.3350567557208705
34.40058237925405
2.374501781872823
20.98044266596844
3.149116530563333
-31.770336615096312
3.080533700340311
28.59416471682198
19.241088922368363
24.38367798150284
-11.58632779099571
-20.8581192411948
-37.94342880879413
28.34730887881597
-28.09909488147241
-26.49056943139294
12.028538132086396
-31.09977329186222
0.2130072854924947
40.52564117402653
-2.630531530434382
26.28529877777328
-9.244567650574028
2.27380659004848
-2.718690674824757
12.230230616478366
-6.348147000433528
0.7254429378081113
-25.9098869060399
-12.618976864323486
-23.660612287465483
15.055054445852877
1.8542359428683997
0.4874236210453091
11.72086719107756
16.34933709759207
-19.082776246141293
-18.093272524274653
2.74056295012997
-48.68149663320219
-4.659654304501601
-11.755339399445802
-10.841460985408048
-29.69564944160811
37.170444919363945
29.25704386911821
-4.411103443257161
-4.3707724260602845
-17.053034829339595
-12.198691104844327
7.875563783352845
-5.196765572269214
-4.472888128482737
-0.8227881110069575
47.021853129626834
22.044342482171487
-3.4369475706334924
-42.32787694961007
0.4748646217631176
-17.509012178430567
26.97496780498477
-17.412801475875312
38.9126392690232
-6.147460553620476
24.98894947458757
-3.1407216753141256
-29.045117790199583
-2.4773033602832584
8.536773445943254
24.780140888440656
-27.403626046085265
14.902949888492005
15.959373801961192
0.5958174787956523
32.44252392926137
26.51092104960117
-26.804500895668752
40.21895413898165
-19.082099839972216
26.950952107581543
-7.938594500577892
-39.48762629785051
29.34395132403006
-7.675880257753306
-4.5238488472678
-1.5558638723305194
-24.32648564176634
-13.2335322623112
-19.87351251950895
-3.888117546273861
13.632678372072403
-17.920717189321294
-35.8833548665134
-19.70271168455656
-9.045393587934086
24.662333976913946
-9.233326459579985
8.08461467527377
9.76959586875455
-6.320589635201031
-0.2271222800627583
61.90357018397481
-10.6887416090467
16.41418237434118
19.76569612455205
7.201764560420997
-3.0672591755428584
24.246471299193217
17.274165126043954
16.265216299478197
9.133315196682815
15.18230778061843
13.172079873722396
-0.5988540624384768
-39.7431199108396
42.39793498037034
-23.15879326997674
18.368095423138584
27.81718887122406
-34.962806619980256
17.20293087545724
-7.442310590427951
7.339273345467518
-19.98899606183113
-15.232173305441393
-22.43820218439214
-1.3609063009935198
14.950013137597123
-53.34559005024494
38.76342959415342
-5.150886690767948
-12.194829259053222
-5.937393270301982
-20.61596184289374
-20.21401729572972
8.780253135220846
-31.527679371953127
-5.536851729630143
-6.825497756362893
-19.88196020321629
12.553030086492072
-30.618352655059425
-11.604086437495424
35.23026369951549
-43.12084288157348
-10.511273890107988
-12.403783493602532
39.74403287160385
-31.947846899623983
-17.90730930888094
2.655058474454563
-33.18542421817256
-4.814759475120809
-1.192189657347626
29.394991304870928
-5.932966990614659
23.83796594667365
3.118799304807908
-38.84680007204588
8.970629075862234
33.04772688713274
-14.609137776424175
5.154396003679722
-35.722797345748404
-14.275578648768716
8.397836930496851
-5.260032637990662
-3.119147205434274
-17.959269266255433
-24.623674121365184
-2.944166054163361
-41.04649298118602
-23.08518650756741
-30.77355710779375
24.262272828593268
-66.11694532698311
17.060110445410828
-0.743584833064233
14.384863468789264
-23.719398925997663
14.367499028259772
13.34651351433422
-2.2436099222832127
-6.159160422903369
-44.07672898325836
32.760864053387195
-1.996345302584814
6.03105659528228
21.929897880152566
-32.05140758417838
-3.042837020388106
5.201955898795859
-1.1676961552147986
50.35572804910771
27.19303576994571
4.24969523420441
38.8060500251886
-17.243257921436452
11.632768662224407
40.68904814356938
-11.56710605203989
-9.049797453233625
43.20454606284329
31.938462299323877
1.109256327195908
-37.202901693381136
-2.886608399276156
-24.403540732251717
-24.245746540866094
-35.728282917058095
22.42388659573044
-20.796898535321816
-28.85290654747223
-1.7364361309882952
22.770740362248038
-2.7660488553956384
6.180765739467461
17.15561639952648
-32.236426807779935
-13.643438705257722
-5.78005006123567
-6.629889930074569
32.46338697447209
-8.518755862445687
-27.98242446973745
24.654392600350548
12.545163655726356
8.690931302160607
-0.7733449204388307
-10.549762391878176
35.45416862732964
-36.666823823339655
-27.288914475298952
-58.39753755470156
19.06645097026194
-42.31931567452557
13.34161510206468
9.066596805801964
12.935909380074008
20.29223371083208
10.991643849236423
3.5353289876366034
0.5956453001854243
16.748574637444108
-33.617094126471784
-36.87076976863318
9.12457197594631
-12.359862066878122
-36.21279762854101
11.679837305186084
46.7720966940542
-34.267531719990075
16.21822992785019
-2.513986433055834
-6.90242112345004
19.652774121801485
28.14743340862333
-31.53075188967341
-4.435144780101837
15.477099333089429
-4.897479170016595
-0.8326602639135672
-26.015395026639453
8.498758924441063
20.876058447145624
5.495911941907252
-8.331481786983204
4.962839630010421
-12.275170340173643
30.383399709375222
13.664711418925435
-0.7175622500799363
10.013635175622769
-7.93563309192541
-24.815653428129732
1.4059572227561148
-15.585805831986365
-50.20804544871498
-7.483847553303349
3.929865531492396
-11.255606324222754
29.562780510328597
-31.94700832554372
14.771283903057338
-5.612302804947831
-5.006634324847255
7.930732808439643
1.8070564898807788
-38.67165500669216
18.11051712950575
-31.22959914212697
-0.9198080493224552
28.49006303178612
-9.264450153321375
19.440449196641566
-42.56429246540938
14.913566882765735
4.081018054814194
-46.37948027187667
-6.523864240254625
-10.936230734863784
34.598990670085186
26.49212083061866
-19.55208726732235
13.069588510174071
3.7162650088284863
25.605527271298342
-29.019147858591168
12.889709878203575
22.40369042266684
-16.96536336191639
-42.16561315199942
-4.228845088116941
2.582605782619794
28.96564288297668
32.57792098313803
19.094871467154007
26.83415096050885
-32.634533214601106
22.703615935897687
12.279372799865088
-5.363740364642581
20.494515232538102
-20.471612860113964
-0.9910224900086178
-13.229862834588856
-29.387930578974192
2.5602119488903554
5.385655293925083
26.857983758396585
6.3111770546092885
15.164189997987704
-4.941841111402027
13.317224787577288
11.910430935546174
11.999542110570474
44.327102026261855
-8.862902663953719
41.68312782330031
-32.046838449678035
-2.294853014594992
17.675165689957794
-2.984367720404407
-4.600743421717198
-20.006995214585917
1.720675184231368
25.47027688912931
-16.183986260177335
-10.516886213052205
16.48413576532039
40.81368050092715
7.244776630905108
26.381057755832444
-55.98234986624448
-0.9831732576421928
-6.299308058441966
43.28281323253759
-1.5138782371941488
16.74637690646341
-5.000674863505992
-38.6360559421737
10.655704245698873
-26.04185804098961
33.59277601714712
-41.986135710089
-23.02521480838186
-17.325592730907374
-29.142304909561062
13.322086971180395
25.425880050912383
-45.89040657867736
6.550297380366828
-10.07899845004431
-5.914205598164699
-8.887026297772536
-4.430967427746509
10.83196919853799
-53.0044861031929
-40.12461268424522
36.32145830633817
16.42941986308142
17.383283755523735
4.107211910435581
1.0715815775329247
4.423433936637593
24.336112373232027
-17.95457481192716
-8.797601478683646
-7.350347976462217
4.041511318049743
-27.17633639984706
26.110396073330776
13.06628715719853
-21.02588777578785
-6.638268549038912
9.0562150926271
-15.463999090716245
17.389411491094506
-15.155689383638672
-4.854990779218497
-27.66942172026029
-13.718287122785114
13.157814091959152
13.836652798083378
45.20878483499109
-23.406949621872627
-5.158320524089504
45.51042189593136
-15.50471275394375
-68.45276810972427
8.264400299056433
35.89073179553088
-59.40995442580606
3.8277668139635352
-14.745758000048228
29.611349525890542
-9.52587179314287
18.356265452021034
0.6887890820071334
31.044014775950927
4.904822179611074
22.16991320157831
-12.642692668596284
-9.21619732954423
-36.49598020972917
-30.85294098548184
20.80418206525792
-27.791161124638165
8.681575009788503
20.0233236165368
18.737191776555846
16.177939018365578
35.701010876800865
17.932449302767054
15.205507303384366
36.0005419421359
-15.782245878959657
20.707118563368567
34.76821352328989
10.487231339691787
-29.171704329855856
48.84947520621063
-4.427217119795387
12.099880022389698
5.519654940610053
13.02660384970659
28.85375411750283
-8.27612361087813
-52.07906140341947
0.4835169559373753
32.187174495193176
5.795406435165205
-35.83888976552407
-8.237820032518357
-18.892045172207872
-9.198907060534111
-54.69545208265481
38.12612581545545
-48.41582275184919
44.6830044403323
-15.964686664767214
-24.36607313631976
2.8392431069660238
-0.4536298319289926
14.607686779563664
-1.4349956566584297
-24.63830821213196
4.633091065523331
17.69689745067444
22.46094437003194
45.98910852971312
1.1713162694359198
20.281449583155336
20.80236094987777
4.170763313857606
-2.444957475890988
-22.918141008587558
-8.373763872150448
8.427332790888613
-30.16986377320427
23.438650693002277
0.5679298543109326
-31.434093764532008
-13.625295082805678
-5.028553176962305
-24.13209045691474
23.85268867782725
2.6344927153695608
-0.5682501720584696
16.748575601435732
-40.60150883812457
5.270093045910471
-52.688984178515966
-10.420761262299491
-30.268473610223737
-8.090636342414655
6.883308706572279
-29.241108214555425
16.561738169781165
47.901457208019565
-1.811885046074167
-39.29112095123856
37.614834726497065
-3.764496135554509
-19.223936924739974
-4.077538246070617
24.977822339875274
30.432865790789947
-55.424589929461945
-20.284273715384188
-3.716732721673907
-13.49107759341132
41.05020591149514
7.468681638099952
10.625564702306292
18.247251295353635
24.951783896511188
11.140465434873477
-22.59652019839268
-15.3186551159597
5.573652494480484
27.613856570998905
43.88033456513949
9.654585286480142
-15.175258306771866
12.530741656271855
11.826405205458286
-18.040458728733935
-28.20658240414923
-22.626919603484566
-40.61224955908256
-10.520155390098807
-3.501716562881484
31.37141903223528
13.255074254135252
17.161510667778202
-13.192651410019607
1.7520417813939275
5.005624070414342
-24.671145233602147
-46.84142744140991
15.527337363062545
38.48484498262405
-0.3087845846021082
26.1291318271542
22.909735112654744
-18.317983663917403
17.386204424474272
17.828513344866224
34.0713906315068
-42.218745907754055
4.093833458318841
-8.804445463509182
-0.3553451219777344
6.221565717452904
-14.533071398793254
10.573957075423095
-36.22201430353744
51.87271899227926
47.5577089763683
56.88205900993489
11.152778889998444
-2.457925805094419
-24.51158697152277
-1.025868479613564
-18.035175220793462
6.1300893083098345
-11.32882927347964
-35.7951271107886
52.52486433189188
-22.750977523828624
-32.36327266434091
-0.0273130328714614
31.82462541143468
-40.76820726132428
13.842550079658396
-8.716733033696073
13.870682714987195
5.924227078881813
9.040046138121395
5.583270787377842
63.00647233858763
0.6011621584329987
-22.032287751397234
-4.776233458571369
-32.887686751186266
-29.455918323321384
24.121203346803668
48.54216769093182
-32.64652885992837
21.788657961500576
-3.232436519334442
-28.42124804634659
-3.803109335320187
-8.30130647351325
-21.99702142928436
47.88678238833381
24.933289538501413
-14.467265571045573
-31.35094127332559
45.265270199015504
-44.17385578995163
-1.4759895549941575
-9.717588199404418
3.838034735061228
15.887377460603602
-22.842323980134097
27.446282658202108
-16.7202509141498
5.981387062332942
7.744955081143416
10.254506689496338
-24.47002416709438
11.240909146872582
-7.788450537103927
7.764182418599375
-17.073302651173435
10.226119362880128
-1.839649220899446
-7.291629132028902
17.647753323079087
-7.80721180124965
19.23500525340205
11.899811094655888
2.835793597114389
8.627026820977335
-10.949668647182987
-20.92214103313745
-2.1052698771236464
-5.899019204414799
-23.34862510497624
-19.030461573813227
-35.91841109149391
-19.05785031606501
-24.69257308541273
7.177605877281167
0.7916466693277471
19.621547085116617
-2.0971619487536373
-26.21493503781676
-26.129803026968148
9.169219033967238
-2.189787969327881
-57.292122487240704
-10.317732367882854
-8.550055185100064
-19.275665822802694
10.474344198490144
11.83876341082214
4.907182003749767
17.505344614110072
-1.5368363596062409
22.532885188935325
45.374370121600805
15.42356720029784
-22.323327708843863
-12.281306447606768
-6.076047137947171
5.319737803496537
-27.77126248754212
6.801893335665227
-11.599982715197257
35.5802285491809
5.993394198972965
-11.446620572562097
-8.390442890828126
42.90277866060205
43.53261043937528
-15.183274653172704
4.494557174388319
-25.09565962123452
24.86213947369833
-1.1837656655698083
38.23076916747959
-29.030030634545252
-31.910399663087446
27.369508860763744
7.852404001765535
-5.615660590308835
27.98701067015645
40.21664455505379
-22.59863669674087
-7.920248930109665
-12.86434346830356
4.448478103353409
-5.974874137958977
7.604571025178302
-27.170281266982784
3.8252661762817297
-5.477781866822625
-1.3412528833432589
-5.020655701766373
12.474420984799508
4.188946792171919
32.138190734549426
31.78833189827856
45.935906828875886
-6.47609857864154
23.284641242891663
14.773938203419675
-1.8429266816092424
29.32512655007304
1.3915733972680755
32.515257789738826
-19.102313614916056
12.118098871738766
-24.07301919462043
-5.904235414491268
-9.65051539427077
-18.91316221538
52.3367541510961
-19.907034879593997
-16.93999691204226
-42.38189402050921
43.08072612216347
14.528307791115369
-21.164010784515995
42.41592455616046
-3.4593177817732794
-16.366549745071097
-43.74417825277487
-44.70986178908788
1.0206057172181318
-41.89618175047508
-13.091316741527407
-25.35118291561957
3.7465847360290354
-43.849016429056064
16.488006508923718
46.95427765393106
56.11889388955024
-16.234573029752937
-33.08425357933447
-4.765797655185452
-25.95907373368391
-31.808064093100256
59.5533814822993
5.544698431433062
-16.560928306294954
-12.932279496322735
0.8944855690351687
-6.160065394928097
7.468225397300557
15.080184694510535
-31.991125637170622
18.432486537334626
10.177466634791926
-30.27190951767261
30.414953468862223
-39.674294009048026
-9.538515938605997
-9.481711081083631
-21.724000673289996
-7.340949815305066
-4.370387345305062
14.327297724361417
3.445412480359664
-33.48324228601996
1.7138893029623432
7.061735614595818
20.433353116590297
-18.860778207978
-0.9374989304924384
34.179947434793576
-8.617535896220943
-8.455026875322801
-17.175155327058746
28.061558619650896
20.56813131774834
-24.397981277579674
-1.5819080486398889
46.02136059658369
21.789259094090085
13.95117574321921
-31.33886885998072
4.625847525705467
-4.226022849194123
17.961646918745828
18.219559130971906
-1.7002404768427368
30.80659706420556
30.790163040714106
19.946565427002497
-19.56008873412793
16.2799881795072
-18.99373899004422
-17.607194786789478
24.927713091121404
37.495735605436494
11.244140804585186
46.679151911550434
-25.566730228281813
8.353094353544293
-10.788292471625027
5.190031362086302
48.55513027627603
-19.022341999036144
22.04671305906959
-30.691479625485957
14.78112429000612
38.200135350838536
-13.30532357301854
-16.879986615109374
-2.123999109302531
-51.96672729794227
-46.961204209175776
5.560397347537219
-22.36374703860201
-22.730936550695333
-7.924861094550579
-1.6330317373067371
-21.08919263102871
11.218963865554542
0.4537590572435874
-32.442817721515894
-85.81239900739456
-0.2190721775550628
-31.95634410882485
-19.83881597153959
-3.1911243941285647
20.816654664376983
22.684290650417097
-1.136994696498732
-11.17233470431529
-42.09088549573789
-21.51377187362232
-8.058120488538407
18.037632814768585
12.897665630065603
-43.450092709448654
-42.20529316809552
-19.466518521032413
15.295476889790734
22.08481334344833
1.6191858855017929
-12.57279773063783
-22.00960726560152
16.30568747362122
8.441743014889653
20.527150053792862
-19.01203316790634
47.86687556045945
-24.23658151771815
13.162967326396029
-36.75411606747366
33.30867693966138
-11.767550723408933
66.33641150599578
4.575375621308922
-17.362102960672928
15.362743354897248
-44.03475281270221
-26.06277068548661
-2.3258450536814053
-2.360844695867854
-13.79439668613486
29.985471777094062
-30.373991408618167
34.85594338187366
54.7270191085845
8.067892246574047
-25.268576111004226
-45.97805268441152
37.00079504212772
-17.135722018647357
-4.480525837265304
-13.404518173862016
43.75883010226244
23.41562875872478
30.175550769476104
28.0126350823557
-1.7336673505196811
-39.06287612648157
-11.035084697490674
18.398525372162112
0.2183090532780625
26.001640962524107
14.43516145274043
30.552926879536244
-6.8562505172303645
20.56252588382631
5.684631769370753
7.373254114645533
9.070232280515484
-13.099236599809956
-4.18470651631651
-33.6817049447418
-20.552316937144496
47.66181468697323
22.710675293637905
29.92963052289269
-6.598578872930375
22.25042563304305
8.769761114992434
13.815066569848568
-5.149561817423091
35.623628854882554
56.31916667538462
-3.413933907038881
-8.434611630858853
-33.812581771751866
27.41675158325233
-40.81133855659573
19.93889328809746
45.67989756532188
38.14943965263956
-8.003594276335207
-4.971398951529409
23.853617898130324
-7.523463788922527
37.0148988958972
9.857251101508156
13.81129539788526
-41.32602898387995
-13.81645138564636
40.56014192115981
-22.319278858049078
25.009364838915644
37.245520645185024
-7.981839620275423
10.693306810237118
61.858144645695575
5.533052324113669
-54.02387029679085
25.65821716068604
10.213901541937958
9.29901815156336
-10.118417536534253
-23.921250626051915
38.83105854646419
-1.6704093869338976
0.5037063592171762
7.637272040476091
13.3740285391832
30.9775411888113
-20.178838035295485
17.294168773965794
20.887101402215198
-30.304879350107512
-13.854707248785417
-2.6266595853085164
8.01108746859245
-39.29208588783513
-29.25022761449509
-35.07975330518093
-28.641262653080048
-1.335075136332307
-5.072608462083736
-31.68562447752629
3.6740209760027938
11.167656520483431
38.88130903276033
-37.90929079968191
-14.386186980817
8.792736261122627
-58.57735482786666
7.787504153078771
10.76699131987698
11.706238586935797
3.751505157313659
54.86476651634439
-31.128929365993827
-8.149440837616567
8.621646038416657
27.65032304379565
-34.711005948716775
-10.83194636045664
-16.677864002456772
-39.534892237206805
-47.71610828800476
-21.3780728129932
15.472397540244856
-14.339608718335512
-5.969328761086217
38.57712262525456
26.326324323861627
20.942823666337063
21.99826261242561
-45.32625567767536
8.01993466015847
1.3969748422096018
4.029311673439224
-39.79061918008665
-18.636586238993917
68.52391174703371
3.330160034747678
17.4540846368036
15.973216930768103
2.6514744448504644
3.156625316347345
-31.64296059588378
-19.983207700322964
-6.918377183159464
-6.457368790070177
6.784861421809183
-24.18460274275276
-9.219816253782485
1.264585891069146
1.5204285174113463
22.85362036144943
-4.564241017927998
-9.792454097943846
-5.344621967960848
21.321821566365543
14.07007980873459
8.173130590395886
-11.19866591056052
53.261885901301866
26.564839587546885
20.56785108600161
14.29236869457236
-18.005903940138523
31.113239298560075
20.209306167642357
39.153651129759965
-34.08439245360205
0.6133153716800734
0.7790828556462657
-7.881421064885217
18.022408139848267
-43.6667894358252
-17.206647253697156
48.14312219621206
-13.018205175860205
-8.217741583590396
-4.602847837624722
5.342527164335479
20.65905539900996
-15.945621283608489
40.79271856111882
1.8825283601909175
-15.254915031735436
16.850151760474546
27.45350581931416
-14.842006527425838
-5.441928846295923
19.734683661095914
9.522776152996812
-1.7924302342289593
-2.219321996162762
-51.58663475030335
3.424484424569528
-51.8106702989171
-10.05386302252009
2.1262882273003925
26.36626978070126
33.34267006650043
-26.799946260769502
5.491751834182651
17.101723399187904
-12.03704301416292
10.711791890003951
-22.636806682203314
9.164911526604556
-52.125964226113865
9.35111358021095
-20.968182162599987
-3.6682688349392265
-24.29342321542208
-24.09224164402985
-30.18022243483574
1.127581494380138
15.017639661906289
12.741378250488196
-14.01771117588214
-1.0111144646361936
-28.6588349340891
-26.106994123852928
38.29630402983457
12.258810920189717
5.309934675533441
17.884689400656498
-18.48820627416717
-30.4137004090735
4.301738331574597
-2.021253277169308
-14.70661670534173
-7.012807336694095
14.76706103007018
-20.244332708753063
-26.329445024312008
-15.62807376703131
37.33124829486769
-7.061541253555333
-22.9553304866422
13.982113613485126
-23.817323281080466
13.14781254135596
-0.9066785660543246
-8.891189757414395
2.148463316625566
-32.10775224056852
-16.100034816059633
-12.13098494312726
24.871793525802783
-29.898066388166622
-27.290557761283708
57.13456838624552
-1.275355323436088
-27.847394416618044
35.29574992583366
-12.274810894756229
-29.198983936585137
-18.20419938523264
3.4579193355166358
3.808404092036653
-47.16309999859368
10.625618525620666
19.899774834368145
16.957796956587117
-3.068779618435656
-12.580978372992831
15.934982975799358
-9.499350354410126
-24.34914313448826
-10.102986283789503
-48.51602723870019
16.80543927839608
-6.666936543464544
-13.190278722642688
8.322918114732602
42.16730544634629
-20.061657828322492
-11.186583704838997
-7.3584303495590575
24.25946234825824
1.2117869099456584
15.421070146432612
4.265395491413074
20.90775056999701
-44.84427334011707
18.08333693249733
-8.741595075567602
8.582799440380768
10.47588505380554
6.945229104690952
-15.023986844709723
11.237276093612309
33.89530594460666
6.13106540768058
-0.4746566901012556
21.69596276011725
3.718823862043792
1.1534161567105912
-4.024616624534247
24.393945414572958
15.323777036217509
44.46360340206593
-36.35030543872563
4.389736245488166
-1.9614722214028009
25.67389498159173
-13.098949139908656
5.823132387406076
4.5139645577583
-1.5532266599620923
-2.725826368900016
-9.966219715832269
32.05831526708789
3.148047120863339
-10.164055919914972
-28.84916118221008
-59.0869298553589
-7.313172764057526
-30.54997798858676
-6.356602594241849
8.2073910045292
46.33612833214284
-23.851506309161778
-22.74042306163756
27.63239103200613
