averaged_values
7.548733545074356
11.776861456230108
4.098206403985387
13.582821594631243
-13.827069599508832
9.151418075045513
6.904867045370338
-23.181567284060293
-23.31271223192016
-71.38724182838632
25.88528368900006
-52.67434431317088
-30.878449670111877
31.423792922541907
7.059419274984975
16.554181239356694
-29.167166569146502
-21.203249133221107
7.037747593072709
-17.97632363455341
-8.710068105712708
-43.93782911817834
-21.557475933885144
-27.312937248687376
-7.775768875675567
-52.38294948632392
46.52091070561437
30.041462233719358
4.361848109794664
16.973659273680823
71.45234597071249
-35.978967990973615
-34.84250414212147
8.768346269760514
-17.083154560903495
-27.33720471234119
-27.698193625059503
2.7808072776169865
-51.566313062976405
-55.40814394642075
31.363846635525988
-29.114045749112847
4.9403489535616245
4.005661418988893
20.590778202466026
24.454018208998605
25.291601876982895
22.141958520667686
-58.09261314375908
-29.673618609253026
8.245631864432653
-15.731027967725822
-16.629693113602112
2.1513936978808488
-11.526007917804236
-32.068767208409554
-26.531508648411545
6.628598031020374
30.838750331771735
-17.774816455726977
50.28139905313583
54.877884100227675
-9.142941575235454
-12.458630766748684
-1.152993228766718
7.884384521530592
-45.94184840853268
-13.740984644893615
19.742320900397317
65.88074619046529
-32.839604758584755
25.299182474824192
33.34823590900487
5.100394123983278
-11.04408879669063
-8.454356289817952
7.69530903845589
64.7421173875191
-3.3843419356635422
-15.787893970562436
11.284693260255152
-25.094537785429566
-64.48522543836589
-10.692018019399256
-2.6216828772085137
-27.746888431523985
12.908186675689649
-51.52110661110055
4.967537466742215
-5.335058327938896
12.193274461569672
36.78721529759059
-1.3107041516923346
12.305647754546953
36.262362332192424
-42.13613220109983
14.811114060030377
48.35457432093972
20.580434452836926
7.048491652531084
-19.905784700742515
32.71119462248316
22.72482134499296
16.962784094415838
34.01109685654956
-25.081500349129783
-41.76159735352849
14.291347060563567
-20.62352875959914
-9.15686516239657
-41.6160548758271
63.24467741466651
-27.826280272594886
-1.1712702081204043
14.138436029861623
51.58784604220273
-47.304134119433
16.11164156335144
5.99092166256014
-0.2463301989628235
14.931885826867074
-9.242209255047783
-17.53612764635909
24.190306747317663
-62.71724852028274
-46.79209256296599
34.47815716222976
-22.950530498157605
-16.16801730709267
12.591440656447958
6.977205981689623
62.87830589494115
-12.614964659420366
1.5863363831158495
14.497699646715773
-43.06667324432783
-14.34129458888492
13.120083118403272
-24.0161732221095
-2.9951398050034186
2.8310822728453786
-26.522499171478557
-16.918138124310644
-11.083863223211665
-30.16939629070839
-66.68050690405653
-52.752267614712764
52.8255295890267
-36.38239617613726
-23.477397877803014
19.097226966754533
14.100800375061228
26.704387081648747
6.989692355062289
-48.58103734647739
-12.924689891864546
13.197543617861811
-24.04172516646213
16.583924357990327
18.425542220677016
-3.58362868684344
8.433789876580704
4.667509994185821
-25.157364477214287
23.120578968264454
-40.11894654077332
-40.17029559329967
-51.61724019131361
-39.53554890210944
7.970056383754127
15.40917612305202
10.704183222929714
-0.5158191907248693
-11.94757343231322
4.277420136073488
-1.8376440473803086
7.3274101251372485
20.215736032907444
16.976153136718494
-11.952247929111763
7.383658315433421
-10.195025226523285
22.198726392140088
26.363414664047014
-5.740597350777534
11.688763683574507
-46.02275495608046
-2.2756169055210194
-1.7767607065543416
-5.498061351972865
31.70034952196147
-47.257932718712254
-24.95474546796322
5.402265832613921
-53.36414213357784
-22.412386085045
19.212157635236508
14.321705098678649
-10.358570024967776
-11.040581740169728
27.77056051094405
-0.9462620902413619
3.7310137842141557
1.2715024684803211
-11.964326356348465
-6.675030172889819
25.176811410790833
12.700127828778932
-23.606969459659013
-1.0238925872254185
-19.130907793158258
-8.254904700399493
45.36914945657918
4.727144500691793
-21.462859700761328
15.025800118113695
-3.7587021827712306
39.40060138456465
-36.80118285727804
-8.392380041688739
-8.510975105171383
15.808623802171496
-80.71560225806024
-9.058553129718348
-9.182354608215974
11.243415400051163
-10.435428042372223
11.13498265061935
-44.0786746997037
-3.2901930931111574
-29.38601040708454
-11.389248569619667
-5.289501591738372
-25.869241295644315
27.697596347024955
-6.867215788974136
46.05174971043016
-35.231334723845066
-51.84434669819166
-5.987126508924121
-17.595113238807244
-25.74710830350523
9.582072256918764
11.217733461438911
21.160375436440518
-13.711276512207405
28.252874180019717
32.46234124356124
-67.32520579078846
14.923554817927652
-34.91752374894713
4.915389927475189
31.630365326411265
-2.9975603997154394
-18.236874351190636
20.719486763962777
-10.995027220829797
-13.894221327973355
12.71094229935261
-34.96303539144719
16.217361315706512
-0.2147462434368208
31.476278412126703
6.76276678909926
-8.753409440840187
36.70401592768758
-21.443828885108815
-7.725747223608778
-29.129949257840053
-3.032612214286928
45.14060469335527
-39.13733575465449
-31.918183590685658
-38.28201669922419
-0.31095116967480857
-30.818970578526205
30.614057478574978
-5.322509026329499
-6.997810188840958
-26.294830979015387
-2.7221913385219523
-5.976086233400565
-92.11545995569759
-12.409931154106744
-3.803299456987588
14.816847583133494
11.77031523786718
13.844036843911454
-70.13823875947128
18.576992219379463
-11.111337581649423
-5.805898125938256
11.327541002647195
-20.632472626763047
1.55290686533408
32.18572605500958
-28.678064542487846
56.77214079119585
2.6740973447449505
-14.679718814964872
17.951418636883318
-43.78056902089884
22.369859550373803
36.67036641057348
-46.32719650055515
14.706082059186883
6.1949733494766415
3.4250767554840422
-31.092260532554064
-22.941706018224068
21.01761059538694
-7.077254896183149
-28.070651812544384
-51.70770970216108
22.0997786773587
-6.016902218441828
-32.63132339679578
27.479617347795283
51.49214653464878
-14.379014889971586
1.8440754392795498
-13.83385723340325
74.88581236971368
6.085507884003164
-60.47155027301051
-10.662406568517326
2.87574303906149
24.791783890825172
-26.50410766864661
-19.666192332741048
-35.307014068050194
3.583141751594667
-13.200929124221148
-27.37634734169842
-23.92091551111662
-13.158304381016933
38.903110239807575
14.180033155491401
48.497517870913725
16.945052699353255
9.619403220822278
42.83824139529315
9.928886243076704
11.91387000692339
-43.01012100777007
0.21936584712238982
4.1995404150220565
22.620676796788757
-18.23475333610986
24.182034006749745
33.03472875637817
11.436813434607757
-25.493332821039075
-15.189138223482587
0.31093829348537827
-12.431325162637222
-19.420419901893183
-19.02627744446363
58.55134897802054
8.611779103026493
-41.52721534676675
-3.646073836287542
46.2271971289083
-14.177643911694759
-7.659690416432568
44.23387528321473
-10.403179795161122
35.80506527538091
9.361701993650058
-26.298900912544923
-17.03290641458443
-21.43118331279402
-53.45629641482083
6.191680253396044
19.426499976085324
33.270896692854876
54.69857516330376
-17.593193835964485
-11.987880115186272
-10.05235080338025
-5.673278425289027
5.849096705009288
18.655609207082307
13.397950938990107
-19.83763412434928
6.133382815809455
2.3010974324133713
-30.638800757289573
-19.975218964158557
6.473868262146425
0.47958201875007944
-2.925549914158182
-11.816758478242264
22.785274458743515
-65.46215987294272
-12.469088397439918
40.70802765517874
-7.266192360111745
15.022862508812977
-13.976776518800762
56.48431018581323
6.36287070238177
5.792740235978272
29.301041683698713
-9.605155029195885
-34.69631760803895
15.639668653529952
6.618563058676955
10.831512359807675
-14.079185786904418
21.280090863641817
-0.16462071899150033
-36.65521189723222
18.714243047812488
-23.67392880296393
15.44690581192117
-8.350582137572928
-29.494332797141396
53.948842339843395
7.978853745225933
45.125298014500004
12.583097596427251
-7.559916679107119
2.182983401165984
-15.45476071221492
-13.089364419945923
6.732006369318697
-46.14355168491602
-44.022639936505584
9.994244270819763
-12.76064384705387
-3.8547363376565045
-9.052275251502579
6.364697233890183
-22.608498315348697
16.78445107877633
-40.328600893350085
17.614082890468126
-8.865240539729712
24.165941649138404
-21.447175007822807
-14.798941403299978
-16.65519277237763
9.296052322853939
-33.65849064989743
-33.7861023376754
36.13682904832967
31.596762415669218
18.306500870319724
53.04360473607812
0.24511283107858617
9.725870542395569
-18.626319713162957
5.282739666770794
-8.963656933454331
6.861315048125107
14.398507318859629
-23.584503614452842
-6.251530646462925
5.009890969951812
9.793535097342101
8.542398141391459
21.259369361963763
35.73655503846385
14.149141711677657
-32.65608067341236
2.0355791633483022
11.703641460473591
5.8721455809354675
50.48786228616518
-11.723004680607119
-36.154336500731006
-0.37684641160740284
-10.137600054957147
13.29472108995833
18.58165073778946
-53.652407077737735
28.554048779136792
8.227174066414591
26.42939158816444
20.734372997387254
-55.24569996315404
32.00782329811773
-39.22609406205447
-22.84676400446915
-5.575288951469702
-23.95713871078624
-17.825602355907904
16.620221353747183
-16.660405936469033
-4.515378112831968
-27.38584859848197
8.26490107151767
7.183428040807484
-15.41776719155314
-48.1212027901056
-25.518096371619322
-12.329323153287987
-7.600456464104354
17.261784061214712
-34.95379275125015
-0.013555632969655562
0.28743351229059044
1.2123044450127054
-9.497050085250521
4.392170400395116
2.3511661628072034
-23.50846847974026
38.3502192496162
-2.000547283932974
-18.069882433701423
39.0613129269841
18.936457480158424
-2.21940801236633
9.216058655925735
18.546284648647998
-30.052202774713805
7.933160786007648
-3.8965080787820625
16.07638308533933
6.987184898091073
-22.41597090043797
4.878604519573855
7.342590786043729
-38.78092831103277
-1.7542252514685979
29.415449783620716
0.2219191172698627
-12.091972275862645
-7.989306594376103
-9.699276737017499
-44.535482666840835
11.794205300029716
7.508494729154335
-7.8269599443883635
-8.170412256862619
31.7088451141899
11.696362361995853
-4.058174139572657
7.117381196432689
-19.12342418996559
28.2754014468519
41.81016517463286
17.10510902198439
-13.769259966960817
1.7834001691880985
-10.375927612192754
1.8353869474376552
-21.941707714708173
-61.29322488841717
37.427008081562235
-15.15577719949215
17.446239762000914
3.415383736421063
10.689262576488545
-50.039264311832085
30.698404447386565
-12.282103868827107
14.760235701818601
-1.295541344974481
-16.546970838098787
20.455643115994462
-13.944921158887155
45.34967487373069
-9.360526425902208
-27.36103958589956
1.5158477668373962
-22.881020388718753
29.92952655488625
27.694919241024763
47.12569090514444
-39.06995539853233
20.08846942551463
-48.832462744736404
-39.31647377087211
39.4808062383745
-19.326874459919054
30.850156956817955
-17.780807648763584
20.240329864733212
38.482312406631536
-2.7596691209982964
-27.491266772201925
22.34517517223867
8.425338087312412
28.299655725611956
7.508829312806483
29.06708029677975
7.901685709039156
0.7759346896418722
27.849613083591976
17.146409499197034
-17.085732498846482
4.363371858133178
-46.99924899436883
-8.562996404551086
10.281685957335867
-33.368542543030344
1.6401853502757149
0.5994252169984975
-32.488206948008155
47.77276861578139
-1.239607653056737
19.105296354922757
-45.636224931928155
-5.378620966352173
-22.172056513256393
5.529377256374573
-60.02726670796983
-1.3502092273411108
-27.922115312532696
49.84595765436097
7.078734420952969
-16.049033382056223
-10.436598637199495
20.57324604319001
35.67553166983271
35.02211750296556
25.784911213202577
8.359949688005145
2.60555439779273
-54.30114113743912
-55.47322478341812
27.12345415964228
-17.531458218654734
27.907098214833248
17.47907791731268
18.440775727067376
5.438145716871077
40.45738710826117
-30.382487824528653
-51.58178049376147
-58.98823531726521
-51.68770333259454
-33.620827742917754
7.116927365779702
-9.14627762897726
10.246832372184144
-0.8540866712864956
40.17846543298219
-50.42289375390101
43.82169353818608
17.861973982609925
0.46051290426112246
-11.90187588828121
-3.3645917448884575
-12.457977578247664
10.955063729692482
4.002733403627644
32.32374622315547
-19.941822739732743
-20.89893786659377
-41.93997595884866
16.055620428807742
-19.41366067602212
1.2715126647381112
-36.57280445770448
-20.602437947076396
0.5479312794632278
35.702212050004164
5.5571237187614315
-21.25844415751635
-1.1073886701196898
-20.14302764099557
-28.29930985849205
-37.279730667723925
-10.738364585413365
5.3473459030501544
-5.7108662315731635
18.40412268663931
31.0977047467386
28.28406586076744
9.61485694750445
37.90569012895867
36.89543237625185
13.857312327287218
6.698283438483486
-16.639791225541558
26.730809694112395
-10.102256896607287
-32.22505648306833
-21.996143897842558
-26.10287878944655
-17.606603841377364
-6.364204097786569
-10.692942310815852
29.930844844180683
-5.365417960041668
-26.040283080576046
27.250835816965264
24.199005197478982
-7.656411079253303
-11.568501110654324
-7.287985887007381
38.77673135109944
16.47097653453966
10.148016150669719
-20.690545028315682
-0.184088234535011
4.5135967912574415
33.381586527590116
-5.055621289975534
30.109938078298
-12.337562660919502
-0.7710646398700192
-29.076132550828333
-18.619614341660053
-13.181825762643712
-16.747020522670937
-39.856659010154544
-2.881225081779121
25.422002813727886
-21.294956325269595
-26.147702295194904
32.79572117711359
11.561595226441568
-35.352332760019635
3.5118759208053234
-4.366324130460271
-35.04746740293922
-25.52411226694676
60.28202648596198
13.537129445467144
12.80649664017983
-17.029792812929372
6.5484653172970875
16.15734009433072
5.64428659954865
2.82078166725114
58.66920697916066
30.845698201286723
32.923315777952666
4.4636917841635295
-6.618657580802392
-31.91288513479958
-39.562747667427175
-18.033484979758214
52.486950795559096
-40.3995355939478
-22.211180913851422
-8.67066805245122
-11.666244587766414
-5.62841721418954
-27.66628760016465
18.914846802290413
-17.22090815672709
-5.607603331161954
-81.54070432391745
5.159319915052038
-20.287230778958474
-11.889481292419077
9.63802061657043
-16.96505683696887
15.42824066367757
-14.667561837297399
0.35411422124889214
-39.789210701062984
41.60659850858792
45.295024181461486
-21.196127579474705
39.53880209703493
44.509992256513215
24.506610245160118
-33.66501310267631
68.07019825868338
12.085312939292635
2.919226384961803
-65.88040496972098
-3.4935771200907766
-9.664929066660989
34.965595111774746
18.32437873184972
17.216039783008455
-42.76794699441234
-50.55346817203098
16.532252154735033
7.451282779737085
25.031993163873267
-19.617410952945647
5.755075403561932
36.99632085337362
20.348240645849728
50.90297831882344
-15.133416135628067
-1.8669772485955036
6.114221645671932
-1.4568387877152418
15.146808382414749
27.655198285785445
-34.82767454945861
-23.616074591336655
-8.12505247075751
-19.052339462257805
37.45621629066591
-50.11808360374562
-33.187164170332835
-34.69250983696111
1.4958582115068566
-25.928785742100445
60.8949928316506
-13.079954514571
0.14283363178401476
-34.5403707295045
-3.03905262578337
28.05669100459636
-7.398666206347116
-32.10764663475857
5.184438323267386
-80.29522845679458
6.402363791494281
24.232667680698796
-42.245563006312295
42.88935324465274
-5.609329163649818
-13.333705284989264
-33.707547193385835
37.70179579727119
28.005195148056373
-61.16299832610821
22.667397939047078
2.4354038800811395
-15.585101579177717
18.121918836295663
-4.714939902463811
-2.5569550313375657
-37.017618108518946
-53.44275311644742
-23.46666065217869
-51.03126616740337
-19.653216739097843
50.78507586826163
6.589722581396927
27.878723070381966
-7.292041778790008
-32.88974734223302
14.996169772210123
31.363926203470324
29.10980982342153
19.426103244732076
-11.75099939271604
-26.591145009006144
-49.38417624853173
34.905995610009995
-18.58402335782739
-0.47101380605454346
-7.108958910124784
-29.452751202203217
0.6879486939578783
26.837005009350833
-6.073917236615671
21.80779598690424
-20.879182494958513
-2.6244569494447205
-6.655498904859996
-0.8591859136722633
-2.187358739276533
-12.160085639348836
-26.744718206085963
-19.181009012994764
-27.09610780268122
10.452859327910119
5.4493993520591175
5.70313162682578
14.636970924097113
1.008889208555047
-31.581027820939198
3.1414598023766303
-11.569179859034193
-80.24288935852383
8.045216016020277
-8.154335827639443
1.2552031564555364
-29.178506506534177
26.52736537005694
24.247579702787334
-4.344564394123154
-20.000218628527364
-14.235406084342685
0.47686187941872027
8.89623220726935
4.227511622404563
5.899516605553799
-14.578040618383966
42.57608059559425
20.33510645469505
-3.625701499026036
-41.16864442217047
-3.344116877677153
-17.347286281081324
15.587767211975006
-10.321826642626547
40.69428841910849
-11.514053739090741
28.5180286603063
19.543977265326248
-36.85069552596542
-4.738724041366368
26.31346754851984
9.972894877711951
-39.16889129854826
9.170748472126434
2.9448238775439677
-1.6370529233900017
36.652894667997316
25.844038230563456
-23.435678133515466
33.865445583622204
0.7168701809205231
35.85110462850571
-25.748977945913794
-29.71730232173286
27.94596424409974
-9.82806886266917
-12.92914781417494
10.990630687192606
-19.82360255378444
-17.29175779518846
-35.867538384023646
-3.810177722501976
11.152611181343673
-23.66274913642701
-51.191666958868154
-30.04238362439355
3.8445756569490186
15.209643022055388
-2.4687490436335793
2.0489766789760324
11.60617302681203
-9.80752016952465
-6.098668344820908
64.42892928171932
-16.536949235400243
18.53328572314058
3.3761907316584256
12.854931315072463
7.974953124416061
23.857982201996492
27.076421289537393
10.281135538447415
20.170737479973468
20.22768116307998
36.93537686629861
14.3265470287879
-33.08756504148914
58.00160522038641
-39.543252854309685
28.499952261598082
28.18828211793152
-45.63903933351685
30.44920543297485
-24.446774799769628
12.326848106844409
-22.462919725650863
-10.40497815488925
-35.747638347507745
-2.421531894695363
1.0938771912115044
-46.679539306409424
44.870164645733894
-11.20676729666593
-6.733167804108234
-10.532870559603907
-25.79508505117701
-1.7460224714377546
7.164248039443919
-28.77030445978744
-2.3544700964994263
-8.534696354305197
-21.804354269486794
17.0866423631378
-26.747781432852207
-9.428246575742378
30.727275416313205
-31.862048456066987
1.8284614432850506
-22.646721014047216
50.470561927650124
-17.306194011849584
-34.18334340702859
6.760684836714063
-31.67462407207495
16.54819891047373
-2.493482773526921
38.53030033544928
-7.699798115194426
8.0988727907461
-4.045081974356435
-46.60300455379911
23.2390071282789
12.05741626976669
-9.182087295623205
-6.5527352110657375
-42.47168960160343
-17.019884594657924
-11.572602968924912
6.3781314351872425
0.7265641054400476
1.294470317356172
-39.118272635932954
-5.968135537645139
-41.9781515219438
-29.993041263413033
-45.96858224411699
19.028283581646974
-52.76275055376027
19.20124552393827
3.814797399449162
16.1088152752709
-14.647929212005693
7.898475873895222
20.335465809381276
11.699536238593282
-7.805114995047916
-33.736132500649546
29.661952203940018
11.452149860146164
3.3010436766489875
2.9732094583450817
-30.666111378159258
-24.016182138839213
11.55690966120892
-0.5492039371965802
41.30991524022829
27.63163648709451
-9.468010005555698
21.98673632471764
-35.40239150635898
5.975018496559642
48.89644807353761
-13.552577541951905
-12.189483901347558
43.23560421592265
35.27595867875789
-14.378668131495942
-42.65507597857504
18.975883899453038
-26.40830236448528
-46.041471585245745
-47.041757557824894
19.481284400622826
-35.06715820951649
-45.38265199962916
-17.299537712526217
29.371816542145098
-2.5116464991442626
-4.727826470123545
21.18474354982027
-46.13048810799228
-0.03546133395138895
-13.168766592447355
10.75279376344406
35.27077029130305
-24.37741303209623
-41.91986895863374
25.19224401680549
7.44512861516705
-12.754921509462292
-0.34441772814898286
-3.960068607098947
40.27548026569275
-41.07235225367185
-32.69280145081575
-36.28626163674198
24.036441389507672
-48.3419207834304
1.9956024817511204
14.256801431074564
16.97884370105021
4.445669972381438
9.005760130974522
0.345519285663613
9.958474587110686
8.731096856441582
-42.771703997743316
-43.297742556547746
4.277384495508159
-6.578570000499894
-23.32692486063752
27.505929536593612
31.854227645009814
-27.5609340532028
6.1973595043236855
-13.73939567898924
-11.576140403616591
18.595565103649278
41.46400725147396
-29.140184443203907
-7.672916407253069
14.483865858783247
-4.103413582444773
-12.830821981784538
-24.549520377149747
10.929178214166313
12.719424825547321
8.385866831013118
-2.4946880398056237
4.432667218534334
-20.93687828997645
25.0320415123133
12.949807063749176
14.186413598778017
11.38637105817179
-8.90768455567013
-29.485950930516996
16.01409488023637
-15.703753543821218
-50.84665876919462
-38.84895764905377
7.1649414785497365
-20.65446147177863
42.70169812770473
-52.06451983561419
1.648847537835536
0.34037736508616945
-0.5762971806398125
13.439558193887933
4.241776057693642
-40.78283650211961
1.7480698315775953
-45.921677250618814
-11.910902136274672
40.392029689210176
-17.84545206533221
18.97329997523775
-66.22264372955397
8.63325445476221
9.444067213233211
-53.0612155912022
-1.9691744807423675
8.869023624101828
22.930529979821586
25.560075493340264
-26.435299307973764
20.585319162892123
9.91778214093938
32.276227299713355
-33.56527034400642
10.232270491680538
16.59193117498944
-25.092739796404203
-29.565442785482446
1.852415510416904
-0.49076101010723505
25.28610748930805
29.71561710738024
10.200370094826212
43.383291583108075
-34.56651784751011
31.62162606352649
23.229559834871907
12.690553303327762
30.34189498149499
-32.656581260271196
-1.1452569097964442
7.938830424762273
-36.06642992684647
-0.043705199612304346
-0.9035876192137948
27.07663571694866
12.692888733989093
23.0784981843899
-5.20855311541527
8.81308464606991
11.507769181887852
13.490964743446966
64.31532460742892
-10.740117641020333
40.615078176619136
-36.57802060476388
20.0538890282769
49.98825489324372
18.579064490651945
-8.551269373565447
-15.610315510100918
12.048521536627959
23.277906928793527
-26.775557115353877
-9.477722909308795
16.501008024148177
39.19056068111968
0.315621385925624
23.05034759514092
-53.47483230767102
-1.2017285131223614
-10.38820939791185
61.5048949081538
-8.234894065935805
-7.979759745408955
1.0216164229714195
-54.73277928751486
19.511086060432717
-22.49267249130935
38.243859288297244
-37.9687943687386
-22.677200625868863
-18.036147988357698
-21.6873470698265
28.206468957410834
45.45034637642675
-80.00258734958334
-4.204832541174254
-7.6920245416113175
10.204532662624842
11.230448355279805
-14.061870176788943
9.645830829838815
-42.71115335362265
-56.66483538675675
47.07337814007769
19.004865053015237
19.1701533121377
3.4517170968392747
-7.448248334650998
17.510201121811406
36.70740519709216
-18.94229775115673
-17.01938231501117
-12.78689996162575
-2.9838521969795697
-43.186401044542436
13.077037345792633
2.4780135236505885
-20.127628055910463
-20.567234525020467
6.180086416425183
-17.628862351244607
11.0842293183523
-12.858753092230472
-3.104005917950417
-9.763927431842603
-15.834735755386646
18.560847102140542
10.75212632327748
63.320293327153195
-37.36075418168912
0.9706180375433178
56.09041809414339
-15.622526523504348
-90.28671313618543
16.28268861152901
35.649899048687075
-72.51201744993159
6.023461123673769
-21.908384306443622
31.504792142353836
-19.71456352050882
11.578073659708025
8.89517038132908
22.941491644531197
10.909672429785132
23.493050925062562
-22.698151735901774
-5.945731734522269
-29.485567569179693
-30.383763921599893
21.592512936302228
-20.08155404352874
9.807444562691671
8.230548241321229
13.782328262888768
5.577090577025956
34.158845627673145
6.302186293323757
14.840214885523892
29.918081786876428
-23.12214110953937
32.933011492517835
42.479566401976626
7.150439835357247
-34.68705028710974
56.858719819436374
6.708093094013747
12.90883091584692
12.222619037129334
21.09785194817232
33.56383503747929
-11.062755913379078
-53.89767640174978
-0.712262208093307
16.218999940436333
1.8412242568447257
-28.88476385069953
-6.546736946656893
-16.314999873982742
5.774571793263021
-64.36252410545421
42.10691301601764
-29.90393670643971
41.324050565111975
-21.944052460530656
-1.8338464215485146
-6.8066876479642815
0.24923874916566968
17.81094565424428
-3.0774167450872483
-29.37941162235802
6.044896404382598
13.427796304502408
-0.9858331047289539
62.262150525413745
9.970586162169639
21.605011163686868
21.21348760544788
-3.161716600501677
-9.26925722782471
-29.894549209428078
-12.031200732606521
12.889662221168692
-36.00777234155976
23.041214704309823
-4.593495191373222
-15.173426301706058
-21.947300651641854
14.885952364311379
-24.80832650171942
5.066841039333667
11.555731215506967
-8.358077016884636
19.025324409478344
-54.04818611304654
15.4311410629889
-69.37643061185372
-20.598351839056704
-27.276549834299658
-26.7782022169049
1.8122914330087951
-31.662952419203066
17.399575428156822
51.042558866145555
12.237471134132647
-32.0549780516958
38.594924398115836
-15.254937538375088
-33.250837176710775
-16.648873643272964
28.556538256278145
33.14304043301672
-33.70345596223341
-28.041754151534406
-18.342666678130627
-10.231774782660068
32.25499953531835
7.92792973541509
3.9399091395607684
18.54587801743037
23.110108951492293
9.561299078472075
-15.013974838257127
-13.994575452408753
-1.8581082113669254
27.8188886754142
33.35317754515563
4.394577806131566
-12.783112198245362
6.252623494954605
5.192027492412308
-31.061182383542473
-38.537939481204376
-18.094548374428996
-29.915719804550463
-21.171589145400503
-20.38457725518674
17.53556445283175
17.568388369560125
4.309400573300081
-13.929666441494192
3.3254955599768437
8.735202571129776
-24.114926721071242
-47.328680604943656
28.77968781223899
66.8882718891764
-10.000146850696183
24.42032861469488
19.780219318949094
-8.510168285458349
15.3269345447261
34.128924160293536
22.250855601792864
-55.449470940562605
11.125426826016337
-11.76746106625069
1.3936120542057324
10.192904687013652
-33.763406652717094
18.962289943825454
-40.429025701014325
71.37834565233061
25.400190785570885
48.009791122953175
18.88593220507755
14.310281180565653
-25.150276628461143
0.8926083242913591
-15.31196986001305
18.399999787667184
6.011037607888284
-34.4695468398495
63.35291937454895
-33.10471827547008
-37.41331523691042
-21.75264622654504
39.8822592544675
-27.126168292568764
8.981112926325295
-1.9128091423845035
2.066155180647911
-3.0665900102976593
11.828957060606626
14.770336801739177
68.65834934254235
-16.144924992760934
-16.31602903210296
-10.453626706803334
-11.54983916261699
-17.191657660427154
35.27571929563419
58.99708117207774
-32.20268740756728
35.002352370393055
-2.4805540493689477
-27.642422789460397
7.225113300031808
-1.9141115154707222
-29.789422761830792
35.81456781744782
18.105697632054216
-6.704483256442472
-30.83414935507608
39.81019571922661
-51.039277161202335
-15.622284080294776
-18.81378063217562
-0.5856731718158699
15.751716962629871
-20.280478448570648
30.05671261086536
-16.446550207576365
29.102209534794383
4.774402316332271
24.722832826446393
-25.933366504134028
6.499823853810085
-13.625749189399357
-10.521210380211414
-15.684563941824308
19.34904792895395
-13.395739962550579
6.107494471099926
27.917518634065345
-21.92574082914507
21.078986359367264
30.5509578287747
-3.2194110937198275
7.930165066150948
1.5567575427121483
-7.8981038283673115
2.5490436636900995
-3.788560710621823
-30.947919514306705
-27.214543116315326
-24.143681670393562
-50.091018314931716
-17.027719405901735
-1.2631272833386902
-0.6286055187301827
23.613406201380712
-11.169735070805473
-26.272411953257688
-23.997732652300325
-8.334022295595787
3.634056886432518
-39.312826536843204
-13.81912075755099
-10.25280458341149
-9.970403774153965
6.383087035450444
9.589028654860158
5.8447366268519545
25.287205883243587
-5.556689163837291
20.009458437729336
49.31976328041492
22.27564067817002
-27.935726995427103
-17.323160829066182
-15.243704554712167
7.224182416706753
-34.53393835519091
8.817126164278307
-7.017963317957764
42.219270359571965
-2.5634818817779887
-4.019506155411363
-0.06695899418264162
34.11762785122846
37.217319093957485
-23.796873771403625
-1.0383969938993687
-16.51934276130487
39.03029039474495
-4.305058227291738
38.13600031367969
-23.04654520893382
-43.64283611906285
25.635852975909074
13.912743079607026
10.965069800251513
22.091134690832405
28.599846684301156
-21.618802995777514
-5.90531430106057
-12.174223915266339
-5.361704195602215
-1.6111793923992082
9.399705450501642
-22.269745263605728
10.430534225837619
-9.511883689207025
5.741158647280827
-1.9012943188790814
1.096245350985555
-4.390608055306075
31.78797700881114
43.395100223664485
45.21473174546554
0.9386511856282596
21.052266101251007
25.59888004782988
5.779860723232559
25.000651285117783
-6.795353458779573
25.057653428637423
-8.114527954763616
20.09274092263513
-27.18777234218578
-3.357817426978727
-13.408476795259048
-18.016078369801107
48.54908415982209
-32.29263903339597
-16.716331776027797
-51.90993905958021
33.35028808184143
3.9531638892221963
-18.517910447291797
58.20833307578141
1.8056788911635522
-21.99664025623497
-40.74792255981447
-55.78432090360002
-19.668867544045497
-26.830737114527437
-8.901144405121158
-5.564525702575338
20.88605887398444
-26.215147231421724
12.051855969286407
63.07229104419093
48.439579717611196
-10.716799688903848
-35.77442564303783
-14.257090050465195
-45.48912287726125
-31.46371235541301
62.07288091284863
23.391008027203497
-14.42177065395663
-24.028238925726328
-2.104178440524265
14.47847408457892
-6.405962764918512
13.181804481013387
-16.87174631020025
30.089651010057423
2.9094680803245865
-31.02635754381481
37.74828792403423
-49.83461979407002
-23.998580790648703
-5.71596570147085
-30.51424135158595
-9.22334554210829
-8.983147882849153
27.40997300377785
2.7658448719666926
-38.794934921723325
2.667241274175467
16.84541186223214
14.843681916951027
-24.096965826720407
5.389162603802105
42.23370369098848
-9.465166462556226
-30.74216765164601
-9.070911393217102
32.89991527543316
32.501664508119575
-15.547933756046405
-0.37093916413141415
22.319990540199797
10.980561043965281
-2.7417511853855103
-43.860457394279365
11.651475987848244
14.613829953617824
-5.052901091046806
36.918714053565054
1.6344033071072774
25.156091306896997
18.76891448792594
9.63416216168116
-9.453182299308537
27.05665283426788
-20.150208674851456
-26.856886788111296
30.013565345550887
26.135160546939005
10.854686495280475
37.234414040991396
-13.013392383756582
-3.7788517415319802
-17.212140262847242
22.847474433627212
53.18090581957222
-22.29055141606659
41.668267901201034
-20.56424717704067
13.670228006754767
52.146697179967305
-8.817522274803196
-5.7360990175948245
14.85848928062478
-51.15138496681175
-55.730621183240146
-1.8436089201495633
-7.265380535638542
-26.81242285810731
-18.341934744923492
-9.693918160708563
-45.83277990122588
15.67956192651036
11.847322136920411
-46.234937947047
-94.17122000278323
6.874876285393839
-34.61660388550081
-19.448818893251882
7.791123532777419
14.351975866098655
30.015333374394686
10.20004925631656
-12.728545846075576
-28.609487137495307
-21.767499153123936
-12.37133082710352
0.1351637850384575
7.181798403449647
-37.368788866719115
-72.7478645851952
-7.9781432769595995
4.814170279816608
34.10983990096429
6.00205363130226
-16.958184725765022
-34.71566644716222
8.976133530537481
22.214203111019742
34.597623185341945
-9.369533491844777
48.32618077711959
-5.760395939971204
4.604019770005834
-49.63089306402253
36.00120002969197
-16.22013434048131
69.25764848227846
8.901385935336293
-17.64198654388747
21.916152992977004
-35.11969496473466
-41.66489649582218
8.86657934775576
-3.4162333880813094
-4.975480086526659
23.903032703317876
-39.55163188232109
45.67044244102726
57.15167574014049
13.485660354686843
-20.021154053596547
-45.25620816134324
44.01193366251391
-24.58198048693157
-20.382686224438658
5.62331213120342
39.320226875868684
12.023377960496873
23.124538858799497
24.891362356072932
2.390929990709992
-44.52505954980006
-13.68666489097086
19.41774561010243
0.5877142041645129
29.10144219441281
0.5763071943365503
30.435950929262617
-9.043277226453938
24.984891917032655
8.382106474840839
-5.641052122045949
19.173743819686933
-29.619353293681343
-2.582678318140097
-11.326791059909738
-16.596726345756906
33.06143987239193
23.079996964806924
33.166840025449346
-4.635184204198595
39.51803044672124
9.85776641927805
20.802353360762936
-9.567391763099295
45.86112407379551
48.506952697978704
2.5023401271610055
-0.4672140488473816
-44.75198473846103
30.81663660924096
-43.246661340752325
28.39351894434367
52.77152829883562
62.72819659961533
-32.32517812066362
-16.19205237047572
27.668172128484002
-17.32315686905349
38.25398184142978
3.409376220552076
20.27532502567192
-50.379201134172035
-12.348452982419987
40.612936355755664
-22.678033221367514
28.449583304325643
42.24247596295754
-5.6781068368509295
27.534763943396683
42.04659645398351
-9.555870960844913
-58.091384323990496
2.359012758497556
1.8532325376436347
-3.5293167208874365
-15.808520571445115
-34.39452508633258
25.335498029380688
0.8971621256932849
-13.08471646293765
-9.588379681415972
9.20190195246687
26.842652715895383
-33.66379789416533
29.70217077250709
8.135304622293916
-54.44284343992331
-9.628660174777906
0.8411725974729052
5.237334932418889
-20.30562661375734
-12.20690511745488
-37.886984979588306
-38.62423321625829
-6.860433206631569
-0.7094628943232235
-36.887372797500575
15.083461432055628
20.824264793518523
51.585067219886696
-38.46613957374211
-14.665355939388974
8.183644427976105
-63.21171087885159
5.694013897162222
0.024721082227188163
5.377068453075481
-0.678305606743379
49.78197067708243
-20.90098858968122
-2.351439691716223
-3.8343753574590664
31.53577602425503
-27.169539205366164
-3.880298573130858
-7.305705596001644
-48.566305739259406
-38.30355499868165
-12.372351847210666
14.257034026821202
-26.08124855274218
-20.398362505045952
48.219686343480134
33.87829528085422
12.711130813368072
25.312279319841764
-37.42554519404803
3.646791478844534
10.239996016673103
4.062903209669457
-47.76323564994527
-22.124813318536326
71.39683420072106
7.046378761631786
10.996384734447929
16.41901499375672
-1.055072630479117
5.853441986735561
-39.10832538581599
-32.86700979685702
19.439196638915746
-14.902777502684332
8.964829877091688
-14.177979679261625
0.8259552399758832
1.4917801944029634
14.037827544016181
29.812122295559675
-13.19516633953026
-9.820248778218229
-21.735116714364267
0.9371717825415544
24.99793471791054
11.343740590433299
8.178167371785094
46.298790775494126
27.24915108125424
21.897396223423126
8.918035619863076
-32.02875374510768
24.590789577494434
19.64371455550281
56.744474838415044
-24.196801951067755
-1.6734820118290374
-0.18542193101893645
-4.102581345090585
6.173908286087681
-33.36874593984976
-20.068681285600178
48.334899713794584
-14.759444213064853
-25.822359378129477
-16.360121934303606
2.688313962848042
34.49899467709474
-6.369350548353395
54.26052973591868
-5.641917609304073
-7.5362278701286405
11.92781865910365
37.23915177338495
-3.5828146311687306
-16.178278644874805
25.787841882323846
-1.0554275219983538
-4.966259948880179
-29.207853714644443
-59.22706824896886
8.67797011876246
-54.47046998607402
-22.670977853704247
-1.1507670918435908
53.07294884311705
15.313782677454585
-47.25668979644979
-4.329729927063454
27.897813821000454
1.0310143937822431
3.2155699313152586
-18.754432272042322
10.501167335678474
-33.70203528620186
15.809199353403532
-41.045952317494084
2.5944392334786244
-52.11206012436014
-8.465736718157132
-37.437624822014186
7.856192690655007
34.313398388039786
8.650372025695106
-11.130086052551633
-1.9299884218198713
-26.108718591211073
-33.62821461832209
34.438778030642425
25.311742839738145
-1.1941525890288178
20.86832183500519
-26.85560201905173
-21.832544590150064
10.527420387450547
3.599578544861288
-12.656521847267868
3.413714998787327
1.5773737323761452
-26.693927145388443
-25.752048452559393
-14.413882510030817
40.720841242080496
-10.870589041645871
-24.272784181244788
11.998872318290523
-26.912699675718613
31.854427665355615
0.1776062288627145
-23.583877599252446
10.062628434454382
-33.38345634666621
-37.557374460644496
-27.622045391901338
7.330535175577097
-23.00687917990581
-23.633228057529777
54.244237602448266
5.25860773473687
-37.5648660222505
30.771642322120897
-5.1656586474055075
-33.61916503551038
-2.794311160032522
17.86401002555067
-4.897221709776204
-57.97864743722312
7.082088527313317
29.62650554876018
14.229443285781597
-7.614384208296542
-16.463996616963414
16.33054219992482
-10.037831365865713
-21.883827746132738
-10.153231618860445
-60.33326742309873
25.38577815519966
10.82034500638838
-7.796225867823523
3.632027314750303
40.44842279720615
-19.092988844880892
-8.489675176249875
13.22345173687063
37.77479831510573
-17.93935331051034
7.580675481141952
18.81464040881838
24.83308173390833
-28.69708390183223
19.327643038639508
-7.6172963015778805
21.442941103276098
1.8038877558283275
7.763068935157207
-23.85242021137674
15.396266625939463
22.091219834743242
2.1258716958691366
-10.233928289620962
-1.3789059385599105
-4.209230891356128
-7.68733855458413
1.0983737100395956
25.015241510685883
7.631662837979093
48.5283956169078
-41.506651877542026
-4.723951482628763
-12.368268842437828
47.42757889841596
-20.94609173441131
23.347498180119146
8.158785675856052
-9.149517126621504
-13.169235704030143
0.3037794773699716
22.968763765034964
13.294226895734027
-16.571317939582514
-48.6583361024459
-62.487202477961546
-4.74204965748504
-27.83895744417532
-4.80858875879494
18.889758826087927
64.7812112395768
-24.32570019629202
-25.114796815498266
26.014372439960425
