averaged_values
-14.757867413464652
1.2179919255578397
3.809467422601699
19.15927009687192
-17.8792382067046
-3.00816698188558
-21.662938302062344
-18.449021941966862
0.01286440912690523
-1.9548107671670607
-12.133363547661475
22.026663840094187
-8.09425939474312
2.392756419769711
-0.8953747498462405
6.295775985067877
0.6671027900010813
20.63675067567874
-9.872778127303462
-35.2101566892247
15.701988725527883
-4.23101724045668
1.642496614749291
-11.769393483123224
18.48463416870416
28.521731861787885
18.130528076082072
-35.773096023259654
11.218689836679147
-0.8351153187355465
-12.520441220466324
15.179046291814615
6.731555505665256
-7.730166336817234
-10.120714991329066
6.6706812118258085
3.048741821976705
5.725042703339142
26.138018952705266
-0.20507727485878036
29.34816195968685
6.4857429908426525
-22.77609261943607
4.9274462366324485
2.4726357983252854
-40.31101384409453
-0.047398033739881495
3.7846941735314203
3.199768502530304
11.351450815929297
-4.001556975142535
-17.65937188857896
27.481897292682902
2.4114825671932465
17.32320000007857
23.712896526981552
27.381206759784845
27.59842119671802
-7.874898405237246
24.291440923542552
37.976690036139985
-22.234159305831355
-12.670765302280103
0.9743959902718589
-9.218062558973003
-4.9635150717110434
-9.50969709067499
-27.299426188169633
-37.75210295294397
-44.41915993699283
28.176584666571443
12.522471164912787
-3.00723198483999
-5.111254724835391
-30.98807689063497
-5.528116469912106
-18.100672526539995
-10.958892078426715
-22.1855960187132
32.44954164678521
-22.688495104818998
5.024499511902519
7.405875433822103
15.73549949659784
21.229635206321632
17.453038320855597
26.060406467481954
46.992176075297095
-12.492882704626368
-6.469524559998746
-4.493777491774011
17.0162936411611
-43.27411605580971
3.9136469580567455
2.3465465568713455
-2.927980429310054
0.19267171628902702
-1.3102971674876471
-9.823794533595162
11.18745590016988
10.153206448008689
-27.18438496859156
21.73937674253895
-8.56945128097513
16.323036244758867
-6.196904629729886
18.59046216673258
11.694849100762724
-15.52300480915568
14.070803366257252
-15.20154514097061
-9.61467734048287
-7.560356090276741
20.588378348128174
10.438688619772051
-14.347194969648683
-11.954515610933441
-17.081252061958992
-13.620439362652604
-5.408144779163678
-22.362562100406137
1.5163619513477045
-1.0991987619326835
5.229764797349503
1.7459783049780242
28.740513728847503
-4.165649639014646
3.9218498505801165
35.06474315371332
29.759987912680998
13.813685468847808
7.85154759519932
-8.545756395887196
-15.866092336895662
24.75146421930316
5.208453932584035
-46.31034859265887
-34.820399106307065
-30.198323595195347
-11.568854732250259
15.583611304091647
-16.903780414560742
-13.570431071791972
2.443812318517189
0.3151467487286086
-4.2898430218782835
32.95058006530081
-1.4918645391439043
-29.784628336960395
21.457157421035163
-27.563793690114665
6.248714025926545
-17.275454441728613
-9.898629402795905
-34.08710192562637
-12.361715873388931
-26.468205934860094
-27.505003524022953
-15.753678140633241
21.440912542936076
-11.766704017385564
-32.532420237674756
-8.582395382865087
2.333320915039394
-10.652502967707363
6.8378773921986635
2.739549963615218
28.860952114337834
13.533195278042967
0.081598455902963
7.803869307718173
2.61514119377145
0.41229077079648846
-13.174859552127003
39.34409183312826
16.938757858749824
-6.26634447976835
-11.903503435405895
41.1767131250233
-4.093749400081066
19.870235270493822
7.914547680481689
-9.275659156810605
0.6069126929475601
-0.5321700736603815
19.927121894319015
14.060953309388168
5.459362368670554
3.3128988025810884
-24.999049790365063
27.974954335520408
-40.111134785923156
6.19437619711789
2.941435042363281
24.27558260117371
-16.578125785367234
-6.47647660033698
15.901810674369898
9.824143748849536
1.570382619696261
-12.659676951111917
-10.569046451441835
18.046146699409945
1.1034676265324492
-10.254883092558998
-8.536024711065494
36.90111808987166
-5.398311098854975
-5.641827316343694
-3.9364031827059307
-2.265325505220943
-2.0069044078091736
-34.06553609016393
-3.0430092861213893
-14.511955008332137
10.915362305093055
-5.94827376009016
0.9537161050175484
6.376608508457764
-11.594240108153741
0.752477830772591
1.7761332693891347
14.621722310758
34.16686112539438
-39.41430669538195
-8.305386366919691
4.145466184844736
8.51758942707383
23.180125497362695
7.126225953812765
16.400914630282102
17.052669992159537
-10.604008400575651
19.87291449809561
11.892625679478527
2.279690742384446
5.175365578192782
25.181704053935363
7.85768508927427
0.7272878273146262
-10.452783865851558
2.4978445745062174
-19.351853881109292
-3.507782160394669
1.1032663728139482
-10.896483667074023
35.6775197016284
44.692458866266634
-17.23409390558612
20.13319277323788
4.057522149437403
-18.905428485792953
-13.279727946603089
30.947600346520034
15.070086617922954
-9.65546136055056
13.478012552014832
49.843888995086814
-5.184546272322336
22.212892249239246
18.60393836739135
-5.487757635716832
-22.189997388502746
24.039640431167186
7.495576806585489
-17.398214678977325
16.922125476505585
16.727442330916716
-2.904035985122874
18.231270669712842
-50.325546868429825
11.948481097038098
36.184777533011584
8.834105707882543
16.799546929460178
-36.7654944434299
-9.014926732198006
-0.9572634972032572
-21.513227630217358
28.32929480626194
-0.7893076539935181
13.841766431761897
17.292876743933704
8.237990862900403
-11.899050785594625
14.298372020064903
26.411519633442595
29.17942915806705
28.70849492707373
-0.26817718503895094
-33.15421055440794
26.214099390318694
8.28143626711946
10.820059773321987
-11.913975181980902
1.8726064434684986
2.1587379790175873
-3.7852201679691575
19.428676270878782
-5.53011964379732
-5.948507694156149
16.321655510151345
-44.72889805461361
29.176183941174685
43.875308167258595
-15.695240535362075
-0.7489865357544829
-1.9612295277324847
-0.44299464931469856
12.87453374435347
-17.646714421970472
0.4161378901447108
31.60245036686453
25.032125450564365
-21.12752396870269
10.155806209897065
11.242498203111296
-10.377555965731318
-22.64157222409841
47.890880301077004
22.45384835086557
24.082955757618265
-7.315185387159546
16.690817382829437
-10.877528832244394
1.2477244811713888
3.82004433786625
-26.8320379973934
-7.741072115787573
-4.758037049554872
-29.866250058492568
-16.48145331546138
-40.34805091087122
18.909482773870764
-19.059261737959616
12.571835886615903
-46.489722249796614
-7.883244816564883
-10.34392608143503
-5.692755973627072
-28.77425183507114
-6.8103284380893
-11.821244032248387
10.852923931151196
22.548366214550725
-29.409605671099598
-17.331831159912213
-12.507518609948931
1.4339137290441217
-17.488441183076787
-2.2335028180910683
30.85110196529203
-4.02846478924738
15.777581732406162
0.20526500067191455
-17.99318321823347
-15.32413622264346
-11.57721502425477
0.5987055606650529
-7.602415282157921
5.429820911732406
-2.069775917981275
-5.489960314451025
2.005131528184279
13.307804864079856
-30.259684775432476
-5.84033189041665
-19.22026955687255
7.833702469331286
-2.753031870754768
7.147923952243559
1.1150326481404984
35.85398156856172
35.77822053030758
-15.746785976806478
-25.770079097978055
27.42460260765901
41.814578135869965
-10.434955944573003
-23.053352710088006
-40.2548485050018
-0.8644478061422944
-14.058995852277462
7.507872794539026
-19.938435714071773
-11.357538296185282
18.33757746624184
-20.422252902031943
15.885054172178428
-13.483681945412144
-11.322085773141538
-8.031324589679087
-3.4877852785739094
-18.702619139695713
8.23691616265765
13.038289180618364
-17.646055776635876
-0.5539646135466683
-14.15752091860648
-16.044156916894792
5.152490810356852
10.672677793664292
9.001618584741578
5.504868840366868
-29.25995743336489
-5.711937243774003
-27.529669933045767
5.774308108829814
3.773833612979672
-7.094858875461
35.575878476492534
-12.660199238235577
25.455674984812532
-24.192904243400108
-4.370853622923335
-21.899349519251416
-5.205546860722875
-28.99340435739569
19.20710602790095
15.567206918884608
-45.045391655395065
37.68418336443739
-17.458803066207565
-33.918288070571634
-14.374507869536586
-9.946037106941105
20.1584100727614
-36.24181588716024
-23.65806088343436
-10.299315296489539
0.2101685123196546
-25.154044296343386
7.955504825212813
31.535777319047554
-12.93087962128314
2.4799481312098237
-25.790057522730763
4.260086792434407
10.786206763597221
-39.070590060180194
-6.327254240538309
-3.118806890774806
-2.269023550373646
-29.74798719347541
-13.816606031193853
19.831975604947473
-7.499105054092269
6.879074045644671
-13.980253683982397
-40.43900628874724
-13.372127276769277
60.36264053473616
10.44683478718261
-42.56537683432839
-19.280932097662088
15.584628972241205
-24.20666862242041
15.090947906553623
9.931497822794626
12.181839901232479
15.542453947640382
11.883346711437781
12.516798286183898
-6.166107899307235
-19.14373494424521
24.207902862392558
1.8442756928275514
-6.38598214654624
38.46540587405789
-17.641131786532952
14.044856542387635
0.5605812920726693
-3.4529321804301674
-18.09112578225853
-17.819104173031178
0.8917857599674903
23.95463741119309
-9.081972969685921
-16.07859470951891
3.553132669804711
18.481442984941083
7.87537606858686
-12.922684194952268
-0.6602978229895484
15.889465684408236
-20.03859937928758
9.5876962676696
18.48828548578234
-25.64231899068895
5.6135250929145855
2.1689029779789735
-0.4799969352394555
7.087609462112766
-3.537795364311876
-41.02450353907534
-18.727234722741798
42.29907836822903
21.931787084924792
2.1824209035116837
41.08709078954806
25.762617533647955
1.2110528110605117
-6.755885335239327
12.831865920000297
24.101105229632992
2.6992178487823537
0.029548109468635175
8.360911398471558
-28.09902791385096
-36.15891721952417
-21.29829821196938
19.311543068539862
-7.753032233571134
20.32580323360571
10.979222549464765
26.987594732811772
-4.1832864323165495
-29.16330026521115
-13.590556470878198
-6.353314680420198
-2.768725610080594
21.28889664880677
-5.11273446083888
-10.65201479412724
9.39796605087912
-12.736556534842066
36.20794712300065
12.817204746567853
-4.63920851001302
18.015302895989578
15.14906222580899
19.851587572533276
-1.828745341128183
-37.4881415738291
38.42237028985872
36.178276199161616
-28.235657441243973
17.62351508946125
15.906808684325341
9.206349623832523
4.902777538937556
7.320362407170961
-4.604641787456529
-37.579063535975706
-14.691270210005428
-0.6291886644856675
-9.398918302433174
-16.55254160271545
25.3798233090927
11.543786218757901
-40.75657235591265
17.665334943006172
0.070643684636849
20.173420350510355
-22.983479037602365
37.25299369019635
23.13501387644311
12.4956984061416
27.977645977183784
-17.011948877119607
-35.45756422877079
-6.894206577169456
-16.861018921315463
-11.189216650031682
41.35070087153241
3.8220625390812586
17.481378360124637
27.021298458915993
-1.8155181818317487
-12.169790584477255
-7.743180425179532
-0.6600270748214143
-17.097882905231188
-14.74058286941235
1.7135460378661094
-6.388724053428803
3.1470776388456163
-7.808778160658733
6.046203324050055
6.613101973057326
-14.245654955617255
1.5668943316620414
-5.211367273641372
9.513237214673751
-10.950560427420982
-6.270466494807067
8.216768399187345
-20.85745301038702
7.57211207959773
1.4087344167489277
4.837223151561944
0.24644205261478191
0.6221714041527946
23.621577321736595
29.238474890320873
-2.8955114201250467
-12.547107740960342
-16.21226851716216
19.413072032053435
5.80626932660067
-34.2498775285149
3.9398321504580167
14.27486859124835
38.50540333165037
16.139866885806352
25.555599574562393
8.415442620635986
-9.668832017927969
6.62756167120554
-13.854380205598602
-39.11656650227826
-8.542145097511877
-12.160613380309599
6.594734783844274
21.038343513164733
-30.637196191202946
-38.10441086258285
-1.1360786766014428
-46.52885984057477
-24.661514255764445
-10.072315340264282
23.336458772045006
17.418816827836622
-4.459145637451229
-6.2141529537335884
16.770870755943434
-42.65671558049499
16.180094573555124
48.149692503303186
-20.780247142746532
11.776904957887382
11.52112542561332
-12.661806775382416
8.739540578762444
5.540551446576558
12.98491476113719
11.64720343885304
19.070201581510275
10.05596178390789
1.767509058218053
1.5825738862146466
-13.997700674541363
-17.69195105537102
-12.665714860218344
15.626575627491718
-3.1711551510698257
35.035650309587396
-32.246772580577556
-6.128234884172059
17.04257578830314
-23.603783046422166
4.628441938725075
-2.5242356668092327
-28.729815938218678
0.6674919950479818
-14.230210192155369
-11.743346272106407
-22.462268450789935
-7.9910468651461315
1.8267331521020367
1.1209422892871714
18.293518652480515
11.841418270188854
-14.53032598474914
26.105182166491858
46.07814525665361
-12.56468019669262
-17.75914758419472
-24.950656110113073
-23.155183714222915
1.7766692581283792
1.3622359782063427
16.48054235642695
-3.2742067024311723
-8.65431284717809
5.844878542436704
-26.527243716865172
34.529302219409374
-14.021270166350774
-25.387226804201365
17.053550161466514
-1.5393714641488145
-1.0718791937194965
-35.46600225006031
7.593416681339761
-20.09307389391779
16.869835297846123
35.08947465446954
-42.72843269549725
16.95853056988858
-12.702215761195617
-15.705798241538105
-8.134293888413424
30.461238630559933
8.806135751082195
-38.251874776832295
6.770758739349446
10.083607073963066
27.327702076943837
-18.142218487811732
1.897988302094376
-2.8460260110996956
-7.192764933539451
-31.345985901776828
-2.989930627799538
-5.963197447547913
12.724239743628686
-0.8226594020084406
-30.721141109543453
-17.440684799356774
0.28097111242959727
-24.73684581775447
1.6466321923562646
12.091157565898584
14.839211470679087
-9.364501288278746
5.489356334705974
-25.154230673639802
-37.89454191370419
7.0667342410407334
-9.089064170335888
-19.14386947476285
-4.256032048237159
-27.695069051385786
-7.119453737084058
-21.352482824985543
-41.28723937670236
4.7927307219277395
-14.506123352948748
9.729586693856703
10.893732647721265
6.638390046243956
-4.623446236424428
-7.18556956331534
30.363156431279293
-26.271887622851324
-7.027913594179438
-7.84870134209396
55.64693307245764
-3.3738629100229787
1.3596524212060501
50.27854106035127
12.3713039717031
27.487529933617964
-34.5202215853526
24.858598977220964
-15.817406823571616
-1.5672701934357747
1.3429495146661168
-2.396876611849649
10.939984986069618
22.673565363649715
2.057598249418021
-6.803220798886656
-47.06872135602271
-27.01513172196428
2.921332007227818
-18.885687081462407
-15.672507274619278
33.50609209984083
7.919263282991437
-9.505872139992249
-25.171357528392917
6.654553899044572
-2.365679729593353
-23.79260210822528
-16.297552526717908
39.272716913342606
-7.848245344831611
29.49685899344354
5.861811959725941
-2.5128461584436934
-7.265835837536088
-54.75103712845598
10.858441214552414
13.070897932449583
-12.867906273312627
-20.447269471671262
38.96160109895689
-15.525259383204002
12.445136553999873
-17.016593656836307
21.371772165228606
13.476589299877958
-17.21520721790151
8.412229058667123
4.190539071165688
-38.84062765564184
14.470812489242093
-15.107203382212873
-17.578840465758617
0.9657531608147849
41.35510672900833
-10.31468844706825
10.999029219511897
13.588407810275726
-14.324951197743218
-3.6334826874573025
-9.814556741923184
-15.852239318629529
17.250533831496227
-34.447156988637516
3.9751569139373544
-1.4169076451865124
-23.609974080870018
-9.300459653052485
69.61327777763856
-7.9945669155411
19.65903957576066
22.595320732116335
-24.577596457101208
25.01573387315935
-42.57651186913458
-24.6957942755688
35.64042729884602
5.955120478696954
-11.533043932041892
-34.39525584152648
7.846017732533966
-2.00271684708818
2.6240706666674214
19.87470453891237
-6.340103383753302
-0.716370107204142
-1.987059750332264
16.119204178065843
-18.986859787194675
14.201163200352115
-1.7324771583408847
-18.245564293605124
-26.370826192514556
23.102796792680778
12.627071616044532
-3.1383559345160847
2.290854135548017
8.30814529573965
-10.996282522055338
-0.9635326516894906
-3.4556492403563652
-6.892290018195553
6.353869272105186
11.558399249402754
-33.35712657982006
37.44730585036294
25.526510843200384
-14.381915823831179
31.30020077788035
-3.4774426322632905
-38.52846172772425
17.679085100228434
13.608258048222666
25.414616647129435
-12.886284964222824
0.1489850545185334
-9.096317588893555
10.758785485687952
14.20506354624331
11.10541409925409
-19.174133810397677
23.603503453818547
8.29139157353245
-3.260919993363075
7.508381444140014
1.7789843644387417
3.131493082131726
-4.365591020297529
26.327623211850778
6.20433728808257
-5.98136513309595
-4.29599153827499
5.974671371129062
6.818294185457063
34.59430016443403
-45.85423589594404
-1.1816408845231194
-2.969873588665166
-53.47781514755172
7.924837539137201
-19.120675678547883
-6.181208569267682
12.511880986050983
55.996473461790146
-16.0466675810122
-25.785478989405505
-16.561727008065958
6.434328249966285
-2.07956584342233
-24.75212679275521
17.906878726342143
-15.357490500063221
-1.8492449658197927
-14.385054405805903
-8.882694236055443
29.605668345346345
21.572079276552813
-6.431622021008508
-14.66604628310634
-10.763573899058656
-21.17024418708857
-6.880264519797834
-8.771115381177708
-20.12658555719716
-18.976927326389927
13.403773622093865
11.373381566325264
15.630296117917823
-14.890435012231308
15.773454223328912
19.601033972928747
9.345221603396226
36.502140535683054
-10.789357879370641
-18.954950278685345
-20.29557505018198
26.18556205554023
-2.4863393212038147
33.23869260477514
5.055114246555689
-12.75197747080648
11.509233282171976
-31.541429120048292
4.9523158232753985
-32.0357895077245
-9.86663079752816
-3.1933022541180947
-1.3441001423157104
1.4777685733080261
-11.77101988259534
6.713870050674075
14.073418778312458
-7.566444324649068
5.627168244706013
-24.245258684976392
-13.566369757520135
8.72588721627568
19.10782889760395
-1.5782435257773102
15.997146162296929
-7.190606650700204
21.175070672528562
-13.26383877541221
20.465352537405806
1.321370618198472
3.0693510353896443
-11.831589480944416
21.830929472640292
2.889568319032719
-40.94415365051984
-1.1047584281158436
23.109392206069373
-40.02465092368149
-21.385779600366618
23.56718500875658
15.44981184363877
-7.689045572864018
9.070283743548742
3.505703297333895
43.46797062257107
-7.943565254291087
0.8232867635404091
17.736472622008506
0.8884576357728236
-11.713540320823853
-2.7867924298266753
-19.90308714250483
30.727044437634618
3.784754386813347
-8.987705464546053
20.70995703715394
7.4144201480960135
5.8113372221438055
27.689827952482887
-23.01742021565201
16.477081482503365
-4.824431860208563
13.249639804872686
17.687729274597586
42.958196482191994
-13.949484650337922
0.9290035827025633
10.854117853796936
26.751658741526597
21.187763950778958
-17.791623461008953
-25.166054084962155
-25.433660532245653
-2.9086439759656457
-4.732005177556772
0.020496412912990536
-13.068827165773712
11.988555499167319
-30.18631843797965
-26.406761367667627
10.695967159486486
-25.224301410438358
6.189732412940572
-4.780759021863361
37.134643040269395
9.206172210483714
-5.322735336712469
-1.171665304679891
21.931996003145628
-2.013293476923735
-2.917977513382766
44.83891040157337
-0.05427148675650528
-25.714829388360386
-26.069744153416053
21.475582992323325
-0.2780778278978744
18.57285718570884
3.0487748873127316
-8.469494762375234
55.46523164162144
-11.750335620470565
29.4403761424401
-6.988116543732872
-8.723646654702492
23.82499420027491
-24.205264719216075
11.403219062634776
-22.00098802287485
-28.670029613459832
-22.30559971317689
-1.8468651719907427
-40.18885884410202
-39.41690127004492
-17.242709007027912
-15.621703117174517
31.292132798970272
21.54380143117268
-3.192573878289579
-1.6103939923693815
4.6087598791650635
-14.873508522322425
10.667300316246752
-21.41904417276882
-18.223030085159508
26.58585709212437
-36.421841734155976
-12.830575984478088
-43.31879753777682
-12.06937579007635
23.477515334397424
8.330164204700054
-5.784872770487027
-15.180130618260847
27.389373923597248
34.96404948799821
-20.193728908317013
10.95577379613863
-11.971463299223899
3.505315397907111
-11.350736388474703
-11.134172251893432
-11.947536192053235
-33.20194081774707
-29.64976114551689
11.517854277893179
2.2262524493522733
2.819562261827116
-6.6936716675903085
46.198975020154165
4.038784754800588
16.927024011725422
-11.43754251232474
-18.123184032736958
-2.3770307173018352
5.133776862133999
-1.7546441649189148
2.4802555449239776
-2.11480752626386
-20.557412399666305
11.486157434683747
7.0484866737456
15.660259378684941
13.943076464261992
12.489324080226254
-1.942332080318181
-52.68637793422377
11.083134178406965
-31.523540868855775
-15.333853445643996
-4.099808430669668
-12.047271414120331
-13.861426626388635
9.562912195485438
8.52759309108174
-4.969188976977961
13.379817395757755
-6.608422896091781
9.014766426192466
18.13421266918678
-21.381562421045857
-3.6494683293058188
-13.289056243230107
-5.819100483072788
-24.635599325872107
-10.879048771562367
-13.377321490519762
26.037348384835667
7.505555759338904
-8.481958779539042
13.016397803085368
9.100068381742489
10.018007405972185
21.29261569366929
-11.798880962367207
-4.251011693361676
8.131211303328314
10.95188010107023
7.684828204420712
9.682701240853163
26.612665951061786
-13.95470176624022
-8.007016465214718
-35.4273263497403
-11.806854891161123
-48.56255717658957
3.566830635473167
-29.263012417790435
6.64773347375504
-0.9993782056704958
-12.360660098602438
-25.52192168937239
15.301720109647649
12.351676554391133
28.950036717520845
-16.903463937996378
32.97512629127118
-21.130594552955216
-4.960245862294926
5.131167981062987
13.36077912621127
9.213942396822176
-34.30333575656081
16.000444623407503
17.509375175131197
-27.24329358731228
-28.32807267828565
34.049963161285376
-8.592046510965133
-18.15458143652873
-45.809553431822536
-56.68846898760066
-1.389107647457621
-16.257074679394663
13.158471185770395
4.566765140463502
-18.30615005874938
-2.726900087505527
-8.203410408350095
13.277829522966698
3.1975254648256737
38.11823774602868
-5.979288381069892
48.280897747365685
-23.373277358332757
-7.759288943969352
-12.417798158524079
-2.021662772441317
16.085103479131675
5.168702643313338
4.2291041546592965
12.939173138857967
11.509985311378927
-5.768414925495421
-5.876629455627267
10.04291630936305
31.34953829603873
27.280150260898495
13.645194677306648
-26.30828104199432
-16.839046017996623
14.573457303295896
-13.444717293359162
-3.0980571384465634
6.698490070361402
-17.01546626583297
0.2804720156440794
-6.002031064286115
7.6184958074953215
12.280482288073586
-11.486460175112029
5.185812644980103
-6.825921042150213
0.7572213741161703
-19.120874056031
-6.1508563563292
3.9875265239772375
-6.468371271684219
12.115601902007086
-14.30004327540712
18.268740371987576
2.793569911944104
17.08561495569242
-5.760103985741637
14.061768929935198
34.34472856715587
-31.92468024510748
-20.588913184834297
9.534988315612623
27.277825373853887
18.73777677986567
20.175371484718823
10.139554515749438
59.38815885071739
-18.742305614239257
6.383935803628902
-34.174209249909836
-41.707975908725075
-23.381794707301623
-1.1441991225063646
41.784720034858736
-6.518147180705141
24.52399215196121
-21.937310847707636
29.380967788633228
-21.686577987305753
15.372528346915146
-7.354287480878611
35.26254485026331
-4.1094389537026075
-29.61113914746352
15.699721456057802
-49.8201909284428
-1.4301379106046852
-7.008274234918929
-12.689364974613795
15.336842276649776
-11.788368120901026
-2.2702328824294966
-25.259622149440958
-6.992497532638424
-27.10475618626606
5.667286448833664
-18.3480136753127
-9.318660743303155
-21.157162913455977
2.9743537255019135
-28.069851470877154
25.984629363551704
-22.291940014371335
-27.591963209361325
-29.094039129904843
-15.543168718527056
-28.181904885127864
30.705636544926968
-19.54812191181756
-15.568435244383863
11.238988199190999
-6.1698814637601345
21.373783334026
7.731922790980349
18.205101019240345
-19.61850085105675
4.63116051398157
-17.050171965125543
-7.116975856456349
1.317385120088403
-40.2272695988506
-9.73661867998024
-9.067782279035725
-22.517476925884864
-10.503386294627205
-15.291593399564732
12.630467230541711
-4.49216131684301
-33.917773037119446
-3.0380583766350355
-6.133531055944161
1.4565024313118897
26.131699814434683
9.515646161867778
-6.393875388434908
21.434050746951698
7.0750224378321604
-5.131237877948138
-10.722370911761885
-21.433710323127457
-4.998742397537399
12.53026161054305
-9.958734972898668
-0.4797310184262358
16.41137666528823
7.693222744448889
-18.92384325424439
44.814951778793386
-60.77519203383579
3.103626563170849
39.39811337812728
-20.43979993140627
-7.104644570004524
-5.568452733360118
-4.154054688088564
0.6313511842698176
24.762022317914244
24.237612696337465
-17.910525600293198
-22.333835221255043
-3.9154932614464713
5.995581052164397
-11.577082482254127
-24.733420944261525
-10.459217315222617
25.85892566214042
6.695676356716092
3.4349606815354154
-8.162005072340122
-21.322330107544843
-12.725072459037591
30.1288097999942
-16.24023934090195
14.956949009576107
10.04728363110138
-29.214597635153353
-13.91712149180077
-8.79665829895535
-6.89775637992858
13.937763484329508
-9.576813799368182
21.944885862896115
-6.5914123593082365
48.043432540807146
-17.599312096650124
-65.2585434016001
-15.396105504597957
14.350027262846197
-28.38464262621574
-5.409856786702619
1.5628854305803657
-11.984156448637748
-51.93210333537374
13.463222261566301
-15.39232032509554
-37.09311934890431
-19.095171722046786
48.265347630413515
5.424336707911806
-10.714013946949109
24.568762398244786
-49.203010283586366
-2.0652249330452435
-12.35896028795176
-19.134673131287087
-28.649233195885927
22.245517291653726
2.0151600396545746
6.313631502374932
-25.009352958503456
-8.994419341475037
-7.0593700431763295
-3.9927223396938984
41.869900784787546
-23.389596185413126
-15.782328067821425
-11.73884384738949
-30.731023886567414
23.806005069862465
54.54124023990738
-11.205304140679914
-2.142834327632329
-15.044672034839522
1.4258923611246814
3.518951117192813
22.090480120619475
-10.076368985733865
6.300618406420426
14.683638916503355
38.63126063761325
14.755321283830398
6.2081698667015255
-26.996597857389418
11.226475870951447
4.241687365207241
6.6005589878572835
-18.72498824078687
-21.181496217884785
-10.01524727112647
-7.145617816716566
6.212594850201299
-26.472822424412954
-19.535527845526758
-1.514244758404601
4.002842289536147
-11.4062839522025
1.1611027505788343
-14.709731335302877
-33.7101197304178
-41.341635026598965
20.659277406735185
29.251009371050742
-10.88211906298244
-7.115072524281885
10.207989154932477
0.9665416585453386
42.35722755547809
30.728368076640663
-9.80995068672999
-7.404970780170231
-10.947718419522914
-20.80175942077838
-22.663185412871204
24.1615659189965
-1.5112047368271817
-8.678741494170026
-4.0970289015884305
12.63768611110001
-3.3927849804045143
22.564699011326127
-32.18358857560486
11.850756545694225
16.044712894837094
7.616988661766129
20.986467337831954
13.873560650930074
-9.484439779963054
-14.270915146543473
34.89996380018496
-2.613915904397487
13.866218918291793
-6.172686667943026
10.729189688115582
43.392536921243305
27.468895678866375
-23.64263767844622
-4.822453644218939
-6.44386314783776
9.194985197329487
-6.332737902173336
-6.4630258428640275
18.584144023043137
-11.103190110993353
-14.498205493454066
-7.252255340584924
15.521813840225263
1.1495236068384713
-15.830144073365432
12.428259786033863
-1.2772476671908066
6.773257794092416
14.867001998213624
-23.23450389038075
-4.988505932542864
5.897753571522372
-16.756103215080515
10.075727017275028
-2.113656022944099
26.7050755878102
-13.456718897329722
-16.678062666031565
-23.239899331285358
33.14726681350663
-3.906342836714657
-20.998649083840803
27.089250206495706
28.011978883840726
12.87565461503604
16.895275965983927
39.65805467816898
6.896937524441057
9.521389158056849
-9.883527910259659
16.029261092925992
-3.833569239028435
-6.978065024848831
-12.274079662163246
-25.989719763093206
3.595296064457983
10.159233922117892
-4.951500385763779
4.4962605894766625
50.12504140434683
6.4434387771815125
11.071370019266539
10.873224899823242
6.254210976183913
-9.654894071853874
14.64387878129861
6.207262567071694
5.548516325711205
-20.98737031071653
-62.038969205190114
11.510358780212044
15.219024694413378
22.871097322436242
-12.394475793458637
-21.898025540936317
3.943453600828292
27.24780338600462
-7.279201148090237
-2.3787157193021358
-18.118301205787105
1.4049848329408405
-4.688256605600884
-17.287248108539245
-8.519922213006595
12.29789113478708
-8.086275917956613
23.059844170742508
17.696290373815486
-10.816044056038976
-35.1003666888501
18.065865041137954
1.3704108737362333
-0.5420076533702911
-1.1481724768266588
7.740573374738773
-16.048750093735663
-12.757921083157044
3.7543777343051383
17.2709574709898
-35.63999869547891
-7.472494394540092
17.836063763228253
-1.3299709365641945
7.678492060692492
-2.5146104961149263
-12.680978804842965
25.403554183257597
-3.356666009107215
-3.1948941522995256
1.217240247063728
24.366353624037828
-18.694267682381934
-1.1457528142460376
31.488482347311646
20.190351482409483
16.1879024699478
-2.728335442769179
-43.10208970487605
-7.930520262306005
3.5300474920676095
43.459454107215606
15.814131307392273
-3.4172108035384667
24.369415454057105
-22.69714273355811
-6.185515262741319
-5.691663024519443
-25.141799581635468
11.262094998836034
35.91750719750567
-28.58461031859335
-1.5342734855273932
6.222149910478805
20.512303721043253
24.08321112203788
5.977276055243578
10.849808006383938
-3.9474463200590435
-16.566679984289067
38.75749056817863
-11.254228059066008
37.75478355906165
11.563640910792941
22.333861749547708
18.139883686004367
-18.260265512095714
-11.862391851027667
15.729594982330127
8.575992843777101
-4.905715685621146
-13.607981590791724
-1.2520593922525904
11.194579268491992
6.38908542543075
-15.190676068354605
3.357150609492919
-6.516564911505753
32.14167494603086
-10.173024202320676
-3.922745318097526
24.21794655400078
-18.575025995342628
12.140678100677064
28.72919599378301
12.250342578569075
16.196180356753104
6.258767620988266
-9.102698914141826
14.755909383049811
-15.07158739192306
1.3377384482830905
11.432140326417596
-17.48104957301726
-1.6194730566905662
-3.709635869928036
-5.0947119428491305
-11.623156226070108
-12.651261880151026
14.991421829045322
13.938357336190222
15.128390209164138
-13.53549382605263
-9.039461357188031
-2.542935121824229
2.701245062764798
37.0788035170346
12.819551692440655
-22.696891452268886
-21.65205109189162
-23.932282100588367
-1.7799932638407938
-28.853024160035403
15.334706020493797
-6.923314094970692
5.818397957027685
-15.792236092933962
-19.095191111420377
-17.483030894872314
-26.36555749420125
30.049964994281225
-2.0753287604875936
36.69950259799643
11.630097337296206
3.0045124110802988
-1.2223873780122574
10.126656011378119
-31.033460940830054
20.702145873519555
-19.52915130861689
0.49820064719838797
13.265522673081108
-0.05686031713526063
20.599052830349763
2.912716901130409
17.97864116683766
-10.169581569003412
-10.635666140400758
37.617431059203426
-3.568521859410879
-12.02962057521043
-17.679664947508343
6.109485299176271
-22.1647651579963
-8.850127010958232
-30.68848049516885
-9.687915569595248
-25.442778462929454
-1.1263966640573813
-9.787277068678463
21.705188283478833
10.35097848714554
20.89947920114389
19.1482639720667
-19.177663296511895
-13.193376547396383
13.175004797360772
-9.759506550217367
-7.166386909214566
4.436750767793086
22.834281251021338
13.65798300734511
-1.2798283419611494
-8.948754174998584
-28.371093373772595
-50.33696979151625
7.40954747161922
-27.216169479627638
39.735195769868994
-20.47515144752461
3.400235372578635
13.117242657400453
17.605075479507946
-0.8920534637149728
-12.446912619453315
-8.015967671781937
8.387440337818703
39.97731733853544
-19.116341643437693
27.862615860018963
7.774383640262357
13.957887120440716
-9.651927609660135
-14.47619806180785
-45.150555759299635
4.439037016665537
-2.6348395552595036
-16.40917310608424
38.72340524566914
-24.26084613755887
28.919665558484866
2.242225349054877
1.6108627035480083
4.5251172852946695
-5.415441451596536
-1.6460991093398434
-4.141514224865915
6.603440067803177
24.728617151861727
3.097775626088321
0.09692641419900383
3.511338885274
-22.210996309606003
20.822255030367728
-30.360865621665198
-27.500915264850192
-5.858323032002801
13.943658009776755
20.547424408168467
-0.36802894848744927
-14.777895698042812
-0.08258361032659423
7.346638152308628
-9.761472819183298
-17.414873941845087
-15.414565328744402
-30.159637743109755
-4.255033672853074
38.09963795291105
-22.715009890870732
-30.88124320489328
-21.26428937200197
-14.955109909112762
36.436429237946896
26.63651889802867
-21.46459337375805
4.770531625778773
-18.950010143188507
-21.856578085501667
18.92685571412781
-25.3357599422543
-3.999290393670634
4.067790712768584
-6.044966431844102
-11.125472943645804
3.6975048526784065
41.86512597116132
11.447963646323586
-29.53576494277047
-5.932386089234284
2.8119617191505597
-24.76144580938137
26.500440783617222
-29.542730486869033
-4.399769000482678
-13.218278655778818
-7.932770785352403
-54.34161883034264
-8.7108731299125
34.59402431771318
3.908215896985695
-7.013752949929824
-29.561973861426708
-9.37765894813802
2.6479098266038363
9.709597416894695
-13.628534169988427
23.813613888008575
-50.238854336073445
4.390788720544606
16.79588300950013
-24.143373176737356
-3.314481333809084
-1.8188307605066143
-13.270357201583948
19.217953160779444
-9.089412494501715
23.703228013858165
5.233273331860062
-20.04745990694721
2.19586938694124
-50.72020339067012
4.53591234778159
19.859015854533624
-13.428208944750736
10.193993990926998
-10.51203852694087
-19.566235714709478
1.6750883833660737
69.03297302121712
32.08681397200431
12.191884380638186
18.41149536523801
-4.7290982714370955
3.22893494818598
-6.01158492401629
32.802755623169645
11.898622902939593
-0.5872829417312744
14.413656444574627
0.3374106890244093
-8.321865140336428
23.342492392963123
-32.929585602597086
-25.79546117001206
-23.225912063840525
-3.9415225502391706
-16.23680652272901
35.25022531916568
-2.034645702498125
-27.1946920914084
0.9703647135518167
6.807701978181059
-12.398350292037293
-25.92961161562951
-1.269071275546338
38.440313110827304
38.83139735096586
13.19668626419923
13.931134080322439
-15.185493422548262
-14.449587231565147
21.799348419129643
-0.5411418985624721
4.2539787314455
31.8870100996281
21.150720092504542
10.96242009682112
27.774438649562427
2.928126298753398
31.312709905832122
-41.8814506253959
-16.907985102528386
-27.786017841321268
-31.408706363466592
-3.591578972268252
-1.337046055840716
7.045220064016661
-51.56298172172612
25.25236838392945
-8.545500290586801
-7.65412774134046
-17.39398952994452
-0.18281169127141084
-18.383640123005392
22.20138848231295
26.52948255959123
-1.4513192071726735
-9.920055134964002
19.47747514739845
-34.47018714083703
18.349799744453094
0.9790931526491703
-4.19488378876477
-3.8441191393648353
-20.740101951922327
-1.8811132573089542
8.036057293420981
-0.4023666250019744
-14.251798434283472
-37.90169729813675
-8.28865208480778
24.332392794768396
17.347271697339323
-23.010785656368455
17.38771387863858
-16.37882095362849
-14.440793874187932
-5.398393178366547
-8.892365171836758
-2.1729330176368364
-6.436882588551555
25.65631855563464
7.9308724192282805
9.264497745836337
-24.15749394591515
7.970908771957909
-10.208714016111088
3.221287393977576
4.4176716221445815
-12.106796639157636
20.391960969588354
-3.9495382343222047
-23.896493448276374
-12.480517727812497
-6.068367405273904
-42.75069242228159
-24.107290170873142
-10.30999827597671
6.845821794515189
-32.16144374102285
-11.719577189588279
12.39458070939537
-12.240305089596802
-13.686494860625373
-0.5619872847431111
7.463436777695847
24.617216803397014
-30.455309728794703
16.399604360468487
12.019000759965962
18.603972211310236
31.392735540990717
-4.227276455168919
-8.463146954058459
3.289942462488085
3.959874795191894
-14.340285770246567
-0.7805743434151111
38.73951303472353
12.533829507343853
27.344140878876175
9.484109206563147
18.169419746303134
-10.538498567175196
6.355238598099874
-4.873007830566706
1.039255750058004
1.2946580043129359
-14.051845539934675
27.704310740594707
33.26181482974164
13.601370789336869
-6.856734434763069
-11.159514515865737
-18.29000108348771
-0.383594539168314
11.998249789098963
-2.5492404625106815
-23.5320956827982
-30.68128817981966
-10.207644439705291
-59.86688241881589
15.066973048861826
2.2413569194060585
-23.91626859968324
-5.129003055205544
39.72233315399103
13.67443641827819
15.218871688413998
9.948925789595705
8.348456787481126
17.47133387812272
-4.524517967509809
-25.743662063993497
2.4380613589055145
14.039481785888114
9.069355725559632
4.441870041050578
9.984009220266103
42.02897708139511
22.632987266748472
8.134176822869904
-4.362158374194394
-6.885247203459272
7.88989889142124
-3.0026132852826493
-0.9806978520476833
-6.146430049337908
-5.629963882321533
39.72570457315314
3.394704583137525
-1.1372298825179996
6.507523109079983
-3.1829723537596237
7.14561405732681
8.811608039369219
-10.121444009910363
-19.384202547122783
8.026273299646817
17.78639671745941
3.5560697871277966
25.254448527133377
8.018048365361182
30.932567343782154
29.183932772487708
-1.8025478823907406
36.33032486381097
7.377577892313468
-13.169448383125683
25.74611836799349
-52.57935255618162
-2.5679491786939934
-25.722370517406688
13.53749502425535
24.836406843530227
0.5092099503725933
-3.3547265848876577
-18.825139194011342
-12.030726118139455
-17.595682337517104
39.16319319833798
5.997606287698773
-0.9303292174000148
-6.489319159554157
19.052159581716097
-4.147631712308623
-0.10971238833462849
35.26947528055325
-22.39500383244112
34.581350475501495
20.571513946568615
-15.641433835677333
-21.80604661350762
34.49883880264247
-9.978279828006237
-1.5320568806398853
-23.00499451187781
-10.805057971967301
15.868641283380667
8.173531080475271
25.56507667251492
14.936348841874945
-7.622362242763444
-1.0617563004770432
-10.493611433195127
19.215576706558466
3.6466809459825527
