averaged_values
-11.723931823842577
5.00782246941526
4.036267826348194
3.808648795034969
-12.321967720257817
-5.126270942986594
-15.033915861480637
-9.326103126702948
-13.783056645552278
-1.440163118284545
-5.411071304959478
20.12035119776556
-3.2498603890417144
1.3063345771079184
-6.412852102745092
8.277754554321291
1.0869805532711323
5.958366952268989
-12.015133985871216
-34.20242498145672
11.661383828832186
-1.043569912770181
10.383652311793412
-6.453289954399224
5.586760561927804
13.19612264042371
20.18000543639937
-11.582166337262606
4.561344957663096
-4.125436318165157
2.135338112188037
5.341405382801895
11.09472815450863
2.565895471998374
-0.5121907887369161
-2.248562624823535
-4.885327923402656
9.860604858506122
12.650098353871726
-8.471360770752653
17.02003479092673
9.53937254579796
-8.296657139158924
-1.1065102810243843
0.5330851288163103
-15.620298385503702
-8.435767931194277
9.826130235363962
-2.6204415884130867
10.303375032992337
5.57937136455439
-14.464258263935337
15.822089053835953
-1.2740766253846232
7.073648906341987
28.68350796389859
14.63314012347837
21.259974568296457
0.868567734840326
15.569830875625485
28.48366482826532
-11.157310784125002
-10.190163657869562
-9.75614449258137
-3.330627175353584
-1.092307831539074
-16.239693776893546
-20.116971484254464
-17.550906404852867
-31.739942077954765
6.6881136597367
8.243510904576397
-1.4680902468389831
-3.597064064568258
-23.25395682273665
1.2131894860795
-11.755032373592256
-12.188123658052064
-4.457979808983509
23.155661714132293
-16.87652500878903
-0.9455930601397996
2.801739270114922
8.49009395657049
14.51413148509164
11.122468162546284
21.863923972661723
33.70387400232721
-11.662828096901649
-9.383648324146634
-13.619136503068148
18.373857215061435
-25.60973911084875
1.7390475779247936
0.4843572301615495
-13.586620814705384
9.593584035217646
11.00002621531894
-1.108193275431404
13.881976993245187
-1.9612298604188252
-12.080968761263648
5.878370220045326
-11.570971534572893
13.492941186210372
-4.019497514265822
8.812614297668915
19.19310614910501
-19.21147598819516
10.742529880531947
-26.17936656600796
-4.026205565576674
-9.843735096830642
11.598842477382275
3.9583469741628505
-16.035879939372535
-6.662595019632136
-10.645169959243503
-10.242046551182284
-9.716043061795062
-17.187260256381705
5.50848246498208
-5.779839797207387
6.501240256024175
6.557939794685808
12.26514988479903
-10.17760188333341
-2.009318601965788
23.034851453456213
21.80611924940604
7.124043422300019
14.584933291873313
-10.189943973949994
-18.214920292186434
17.110649089794606
0.5730669898039196
-29.9330376842554
-16.61294276409899
-18.32376291473338
-12.14582353872538
14.386332704671076
-16.409865954265115
-4.749174679018324
-0.8888101096090395
-7.797337628129753
4.979531086006318
27.92184564507625
4.379436449075001
-16.112262741851737
12.115275077681872
-15.810378400798072
3.1889658061409136
-8.65224806497281
6.8067611459991895
-28.806489096663427
-17.54878491605632
-18.8794868226978
-13.233249106036965
-14.906425828768988
23.65411536443571
-13.16723085292324
-25.78380968894635
-2.81282239916618
-3.933554593662848
-6.561078871163772
14.732386508359925
4.62669512735738
28.71450700813148
6.975012803653954
-0.0419540584116475
15.988771476986583
18.51421080135333
-4.944122801651247
0.91617499878339
35.02686993101088
7.278544809349114
-6.735647882975172
1.8990424124494891
32.134495881880866
5.898396877513733
11.784326391119976
2.852823564418941
4.610638685073354
6.951566526811803
3.981237254702137
10.654087193848682
4.068896836834028
-5.379572412537527
-5.920312348258449
-14.695272963217576
25.133949167007813
-29.63432073280273
5.400031018696609
11.377116693140124
7.21039244592248
-11.505652706939143
5.258548399011488
14.21110603226407
10.319696454360384
-4.894235958941863
-5.1466030468727695
-11.772764784895116
11.261923962330911
6.174784763963544
4.064121325704036
0.2137813843582989
29.847507803555345
-9.565759283301304
1.0759273925214077
-5.074424713704502
0.3487610285228584
3.801681014403584
-18.97988431184785
-10.548747601933428
1.5655414419888984
11.624525524603088
-5.9301858335820725
-4.97425047197612
6.306207050656667
-5.420495309866965
1.514845762605546
3.5730451402632752
-1.385071772703668
28.83187358008581
-24.37212705959973
-3.3256571160891326
-6.911098503536778
15.088602081785211
8.575695141218603
2.239541956281755
14.948165231398889
16.66918636127957
-15.37249786996108
8.102385631893412
17.435758071980672
7.097683503772714
-1.1895845321705565
11.48688105068868
4.315652526551276
0.4239987788751023
-4.550408841634635
0.2767670120374532
-14.563277657915023
2.8836633535975125
1.646892274278798
-13.638097164192004
20.00041735060222
23.086106199436472
-10.261841516534332
10.403051295506884
4.089170516948798
-14.54993368925352
-3.574118730291957
13.970352556163562
8.36105589273211
-6.558152150697424
15.048012381681474
36.04520752967801
-6.16459193402261
24.374614297848893
24.512027003685944
-11.435281801706878
-9.788611404568655
12.625549249307369
5.990410133657861
-5.100363727338845
19.904649580421392
6.83460176391236
9.309884589063586
14.796124029962812
-31.0372827413521
6.274913462184486
15.44518569149659
-6.196139709063573
9.584099387255264
-22.49850686157879
-7.28964722173987
-2.191930567583768
-10.336417702375911
15.454225381588913
-15.643045007323964
1.1489518981688889
13.313325471346616
3.0615750835713698
-0.0312058276176685
14.078264918003695
20.85167079385428
24.926125171783497
10.421074517886154
5.439046255400172
-25.26753616554197
22.024854033923475
10.622916457723475
2.2094469150324585
-5.1723498345090775
2.180387925574905
-6.113634403911419
1.8390523068519544
18.661810952427917
-10.154051650242764
-12.816797924402636
2.1203564427705714
-24.296288545578136
12.114439536831924
23.260018166256486
-3.660000707997824
8.254669587986427
8.514817915129242
-7.991249929793412
9.960155668624791
-12.425890040860397
7.4996931689966
19.518153214128688
19.016101146888104
-16.123820059015998
4.910554896370741
8.472474452966708
-5.650393651914783
-11.96685058507137
33.71441230962228
21.05282985279337
19.5909405308048
1.077958520734683
15.228058982480434
-0.1731075249990681
-0.522470719384728
-9.891538083160412
-18.515633791248547
-7.250216812026338
-5.363980244714185
-30.80795284658961
-4.148316825128859
-22.370074986392865
5.103157863661181
-18.334520182790584
11.41479326825356
-33.73236671634368
-3.645888063663733
2.0297172190475976
-7.894483908748953
-13.825996830535589
1.103307918339851
-8.556393972263322
14.960508355754428
6.435788744915044
-12.090902397074387
2.0264370013173902
-15.99576817835623
-11.07840481302992
-13.480002418466029
4.57935109709797
25.75332754576812
-4.760000101043261
12.056677530461457
-6.817968609335367
-17.085389915577252
-5.776259907608619
-17.76533315902634
-0.179729448762373
-11.094874985341448
-3.5286145031859637
-9.22893330603256
-10.858286942791892
-5.017708375205984
11.334735190772337
-19.734533106951854
-1.691125703669968
-12.477716536232036
4.358822107300512
-8.94395495876961
7.670363354714937
-5.878058438334847
24.66477427967766
11.985774217624568
-3.5713499262928963
-17.48564949723368
20.50536840132554
28.89097936025064
-11.08594989842095
-7.115226993802935
-31.269140569871524
2.974770745349815
-6.807054565026192
6.521302331399056
-10.214008752125665
-5.596567837506882
8.32624836389732
-13.3155166816141
4.286813050595811
-2.410705883361516
-2.6768869576771976
-12.585478647466516
-3.515811470148037
-16.324133581889328
-1.804589327890426
11.553270169271856
-15.47039886454877
-0.7578469404979842
-14.780137016670778
-9.58302449285111
8.081808289920446
-6.685154181628604
5.902042276778957
4.741382542066276
-13.97749944491079
-8.341086007203558
-12.861772989912424
14.246159154048655
6.4613620572927175
-16.839764229531283
20.35177998598374
-7.754012446370325
7.842419205771876
-18.153562778185005
-10.607914239386446
-10.622455679549605
-2.387974639088497
-17.932449958883808
29.14448041295691
8.25157309876522
-28.776309929889976
33.36904858399066
-11.043432241669509
-16.299823777299025
-12.906292379746446
-8.075681899950723
12.74398429057328
-25.27373134177469
-26.62088884602417
-1.4884110001148656
0.6811830286169425
-23.414945262265974
9.54580303914554
25.395803844730835
-11.632182220739196
3.639365601076861
-27.124187926427112
-2.0048973558004946
11.855267250502948
-29.32003252150025
-7.350400532654021
-1.4457442132261349
-9.973692493949784
-18.3945113120717
-20.15133978125232
17.12915890480508
5.8128428497875575
2.7236380786343943
-4.131866568946862
-27.821247690662855
-5.26070177978545
38.41257798172592
10.340455528232267
-24.643916742046716
-13.422446314769331
7.693045249325223
-11.504477278474951
9.17354686759063
6.511831003444968
8.477782939997269
7.148262642251211
4.13628953009902
7.313928682546248
-3.1931378659646725
-8.888593121038866
1.487922571846866
11.03521943448868
-0.0542250424914527
35.96638638469449
-6.237526928860461
23.282624689949444
4.953111805007211
-3.058039388459292
-16.565071000615717
-8.911071824360988
1.7705966838693712
17.668476404171088
-3.061533243075246
-11.861853763635736
-4.586167948247748
15.112627758775488
-7.775527043224429
-13.777115272692754
-14.197660721940338
8.178941168269375
-23.20782104243699
6.634690756953205
11.160672606827577
-19.822083180464688
2.2745958021114348
-1.1282158748654183
-10.568570280564018
7.565238110488281
-1.6089723359036725
-11.80570711226028
-14.905914057380867
23.827108657656936
11.82188435534772
0.2040254505263874
25.714696627037483
11.82819898960588
-0.2227163964998908
-6.293235682955128
12.829894606620655
7.448179565762985
8.688541388240992
7.582251895670197
7.498522547990433
-18.34443679903052
-14.385796841525009
-18.622664252543476
13.496680546872083
-0.2201954870106419
19.36444870386913
8.541421932502999
19.692364408518188
2.8244284963438986
-17.658584528282518
-16.870586345801712
1.391766985077993
-12.91464132614783
21.16634325668565
-2.14508549097809
-6.463093871439924
12.674459599409602
-5.632584944032715
36.49049439147348
12.404527238526498
3.566316550131887
12.856455037894191
19.569047150580445
18.142434756591683
10.072816001294996
-27.287542050980846
17.501650645339396
21.5356553720776
-23.442130947267287
22.72889919768204
15.047686969512142
-0.3592799272300908
2.2342816715536173
12.259185857023112
0.7139638794324128
-33.489077324964455
-9.483613489210256
-9.489600880886428
-7.239876884777914
-23.58898925939866
5.449992414578446
6.310502971580718
-27.84699733488378
9.524214974808274
-0.6114838097564643
20.868136290227994
-14.547382258737343
18.015141672978643
18.538358291771143
-0.4661296952981502
19.176956232171506
-11.295534565782871
-20.471443166738027
5.100499806198059
-4.057666030392284
-2.0130735795828514
20.63081334609888
-2.5638786745694238
9.52146817065659
20.911557738567357
-5.252434566020384
-6.6269144241232425
5.573442186563625
3.4637997826648643
-10.109708231379043
-29.443953193796915
4.201269607438007
14.473154513267218
4.115655191388214
3.159106351347873
21.29373002192005
7.119874215728487
-11.946833194931967
-3.971461377368541
-13.573791439790512
7.759315249233623
-10.912871079563049
-2.601054549726541
4.05433938956412
-21.043427361320937
-2.969503595435526
-1.4256246736476896
10.918040726421168
0.8851018625427969
1.5360725365462713
11.302482703802523
19.19320934510324
-0.7144196382869268
-13.170146426506108
-11.347855792453627
15.030639802353107
9.415003109243116
-25.500282333028736
3.308337033377029
14.071613245920162
20.23046301004069
-3.231943121558288
18.19144420676457
7.592383354669437
-3.151231483730953
-1.5120464066858403
-2.7533600100141484
-30.862786606056037
-0.4756601133994991
-9.93053637248522
3.734288521533017
7.216228651770507
-16.566615043469938
-27.140458463778486
-0.1455977346486179
-32.126226760519785
-8.976310284328065
-5.43149642671051
23.10825190895412
3.848160468551214
-13.89487930071482
-7.947643724997761
3.707018233530107
-22.99542168507469
8.61060855643882
23.10608748107916
-11.649102341601974
5.397064299671911
3.637160847138148
-12.037457913247636
-1.6426750741229623
2.570345527623431
3.8215547242289176
1.171111973875668
16.88178267418698
16.141299247232382
-0.2919364119588863
-8.595268680350273
-16.316302437422564
-25.27948064800876
-3.022828180502984
4.339511946076527
-4.005683417941327
18.829245632048696
-25.31338400820096
3.720683057734277
9.962658378644846
-16.120343947332003
-2.379336756115663
-1.556721824745182
-6.751128656367655
-6.426823642672389
-5.854431892439607
-12.00449095397198
-8.067138769853045
-3.220620298976428
-5.295758452411974
-9.08968314768572
7.203571485792054
-0.8049156412598677
-9.935283583239652
15.20932199669187
27.204389585691388
-18.353599434078205
-19.441084403079003
-13.896150935994228
-6.143603256627102
0.5694808654370718
-1.9942897035798524
0.6028608032793272
-0.1220897835009964
-10.412595069079543
12.167380416751255
-10.158292787586106
12.696883381751832
1.75284410113818
-23.745479170262115
14.395761701627634
-4.845584352238802
-0.677988058552728
-25.438174388560583
8.971898952571792
-11.298791648456245
13.967789748916402
25.07483525236603
-23.93532863285509
14.906422290587216
0.1157647072686813
-14.098046829545638
-5.201630399824353
26.32227916205011
14.250282883673208
-31.11296768921602
-3.552928842109395
8.695064823681605
19.668333344889103
-12.235564827773487
0.5545129050442483
5.933353724423796
4.302906442346284
-17.904819954070263
-0.2386178707238286
-10.320422661039627
13.250998715870082
8.180874782527098
-13.973682600277243
-1.292663833432016
-5.448315647037816
-14.231833440440823
2.163312536024023
-4.575694179220591
14.123838811312451
-0.6018039856717223
1.170433032035362
-9.22264075606654
-26.63178388521192
11.891552079337998
-11.013659675241795
-15.72005776692822
-4.023164491780335
-9.484070848615374
1.4315063862741226
-17.577734952647006
-26.458838661652408
7.1110227982426295
-14.147151321405545
5.962092666231911
20.39828792870685
1.2354900353238918
-7.791054398214328
-14.21974859702459
29.864916592719965
-25.182943053456256
-1.0261713260988472
0.2159822171815903
28.594561003134004
-18.1665351849515
8.489089684502687
34.86113922971708
14.722294209714164
19.6991159022582
-21.93793036065472
25.64889973803656
-14.785997283135655
-10.63602793373866
2.3333884729800047
-3.5172938752366463
0.5222077366634039
36.15519462620432
9.76637175839278
-3.3782901907979976
-34.18804995008395
-24.5738619886688
5.946698420651956
-6.587017857222236
-10.6383909068536
15.847457326308358
1.1948963085160358
-8.913837441126816
-16.17023046806571
2.6346124671254074
-3.876194653872517
-18.427485766878817
-0.5796437518001767
26.26051671494497
-4.6055862774665
20.612391370683326
5.275448618340306
-6.801670321408892
10.038930097958657
-36.63326874162885
4.6001658224267885
10.660746766836382
-14.762016423192108
-2.894255273626186
36.03174876671983
-4.0541696048749145
17.89953626044735
-6.09474596430664
20.784162214404205
19.42923648629221
-17.399570494701038
4.764638757580542
-3.887076232858817
-30.67060690325161
1.984679297282128
-11.832848230973468
-15.293007923610276
3.416070180304814
21.93435503456567
-1.5849851722305175
-2.1433387720462638
13.38347047039133
-12.419956708108655
-5.538751976098865
-9.678400231248816
-10.55776809740928
8.347596671286738
-22.169053905905457
-9.386983781296294
-5.561017923202599
-12.143248945838424
-5.366991418952239
44.56687765537936
-3.41264828502608
2.58675373562437
4.115044373698765
-10.640860188563238
8.373878033889923
-20.803829207769013
-6.406892083425191
19.96279218036216
-8.341106875857804
-16.348154295570566
-19.035030779530643
-3.5863441652909387
-3.891954215956503
-2.70663981018879
6.8344534815551015
-7.161764660922927
-0.8019973861228209
-17.737338336650282
13.020297537514123
-24.39929456883692
1.3658010121725963
-8.951795337430667
-7.449346638313727
-5.6090148017101455
16.10683843989682
3.9454548621433783
-7.069279537405237
-2.570872418218641
12.409672274210608
-1.3982927367615048
8.55847734627605
-8.485462460419512
2.404994928976521
5.342407929565525
0.8588664597336901
-17.17321920498216
22.829894138441887
22.96911895122321
-4.367954296903918
17.990712471757433
1.1671165315347023
-29.290670275877343
9.240308940032264
-1.69274840100843
7.172310679365182
-15.967918113004998
-7.188235535591957
-4.639956870480091
5.379038519458845
10.248531719174936
6.185895809394424
-18.995678929553836
18.59899779550324
0.106961001700256
-3.5653978746995563
10.592423053341918
10.328350859010245
-4.384866534121102
4.247079962937278
25.78882649424486
5.9991023247130215
-23.99193392509187
5.860827023978345
7.095874880411429
5.222415281110443
16.339635094322148
-36.98574843787355
7.788429006992374
-1.599501265140134
-34.86031807560357
15.14794994944532
-12.144799664180027
-4.106939961289754
13.851546420322848
41.49816150405968
-16.6712992820394
-24.7105245222192
-12.65929557243362
1.7233043266896857
-6.640055718715303
-28.626005390338836
20.77027635120612
-13.840200971375452
4.977379219664726
-4.092666452357662
-14.596940964198438
18.859824875500635
17.82065183862869
-11.94063227449078
-15.988357152673416
-8.250928209919948
-15.862357736827107
-8.483110536442837
-2.6078741103119683
-23.73049454105785
-7.409405006168527
0.6423394398880191
9.203409073670628
11.388202184200054
-9.502556859632024
11.358601800704491
2.006855006853584
4.410954765276983
18.30034056895238
-9.637116861485993
-7.512898830987979
-14.451095248296042
12.489255829845206
-1.380823295578011
7.16446729938616
3.9807308020826895
-1.3900281001260737
4.712206625961699
-27.961438688420458
-1.818379918782739
-17.67798799026059
-2.8197155268717324
-0.3112033627403434
7.627802345872624
-5.2025632850127295
-4.052752739284188
0.0696211538452189
9.727781894878715
-2.889626077114372
9.389156901146634
-13.433009165411931
-12.325382136084954
5.041293243164546
9.363476314611034
2.913197879533982
11.693698555740411
-2.57923637854401
19.20839670363057
-4.3505703225091565
22.601924155591405
7.648884110691142
6.7956172933772905
0.3574995651870267
12.206983880823827
7.985205665172543
-15.58493183653627
2.138489833901985
8.660958073814982
-28.14560188908945
-2.3170464620779967
15.937349449945032
13.61901167529868
-13.130338690782082
-0.8422945838537998
-6.226957860868424
28.90433892197325
-12.644912567498976
5.4907880997197935
0.2462750838749343
-10.311399155500112
-6.820105758524733
-3.71746455731045
-16.15508615944418
10.015177520093856
-10.762978063576156
-2.650542463568854
4.848298229335342
-1.9392210518417412
6.941199918161146
12.82049384547281
-18.43297436281864
21.810397559253037
-3.131933497134014
-5.580868233097135
2.579625993501395
26.1420307570952
-5.553667491869419
-7.310142839516629
10.09682538319612
24.547035733543453
8.250788754085079
-13.160769995331066
-13.917766860729898
-20.323826504143653
-6.169705231906846
-4.8800450352573534
4.530992506683106
-19.679463227730597
14.573126660397977
-23.56260213139467
-15.260437830918818
16.029576835557236
-17.717827922067954
11.448002839635592
-8.49835579363571
29.66211593693879
-0.6376224978885148
-9.795154252249633
3.246775524225086
8.161186407582136
-10.923651126926416
-0.8340303982113255
29.895080200818484
2.3004164709855104
-15.1675714032026
-11.388798493120705
14.903676937989076
-8.985948642963194
16.71948730283475
6.223881606681971
-6.694764108367963
30.71721770838485
-9.53581909222703
10.836051363832668
1.703280196103151
-3.4011546573456144
8.543047007959103
-20.11227358294127
2.458138655769289
-7.41579466847179
-18.48638159131224
-8.21647498186212
-10.327014848924591
-22.94016734381148
-30.792177665338382
-11.744301854865626
-7.940604832954705
13.545088260536431
5.184648831564118
-2.1408663525653537
3.717418716085376
-0.9746851317031542
-13.652128465575515
18.441835994643043
-14.709391057636822
-13.584616694177384
22.144209426114685
-18.14134015183663
-8.015083443911863
-27.187776205988484
-10.626499624399004
7.539638579459279
6.1682173157605575
-4.517792469239794
-18.072877484650235
2.8527112162701087
27.32869896432385
-14.17122491664486
7.576333651188179
-7.021868749594432
-4.335758981920662
-5.281828394116019
-0.6797623735765228
6.352353378984844
-33.27277928801777
-23.367577752811485
5.9115308398759225
-4.176559307481512
-0.2866905585542554
-5.934740290977061
35.05452372886066
2.8010320367175154
4.315110551106045
-6.443177993656718
-8.614217734735576
1.902921749293455
-1.5818825591850327
10.491347393355682
-6.946615374501562
1.3551096485753078
-12.129253619670637
4.747688226707396
2.918939429218881
-2.2467229353496805
17.94264008634491
16.691815606245655
-0.0976533306820783
-40.53965171254822
5.75705312914215
-26.457886481905007
-15.804108370561153
-13.816815226105971
-13.526832547810043
-4.603436892008176
7.672153548614006
6.369892871560296
-3.085544761721394
5.434983807892422
-13.783538704752573
3.3834020921203773
13.300372000987409
-9.175692198608886
1.5035345372161828
-6.466091383757885
-2.958709145488683
-18.189381312855403
-6.279797019902617
0.369475363928359
20.63842678171932
7.095406680498854
-8.156239489748259
7.706111741135828
9.51153925745166
13.709557684429456
14.982804662548006
-15.451096007425804
0.7445671800815035
9.753868185245665
2.2835940524964826
3.416273607042968
-0.6451546320604393
11.401254832977427
-3.667101819839445
2.820797599677462
-23.459459038611385
-9.014627858952736
-28.00915206386708
-4.08732392116508
-21.97492183872964
9.43290612915007
-2.577201873224112
-5.1564199661661405
-16.514246597362217
12.21628643492295
2.0366940042440547
3.5338624315918423
-7.632916367743746
23.54593725610175
-18.036836471626884
-11.046395577475778
0.8649617965420475
8.259191656921757
11.440499003554578
-19.683555309966323
8.215119964559563
5.617938337352825
-14.919783792181988
-22.035421539461822
27.52622021123534
-5.263317236560397
-17.294077038081014
-31.498409105071914
-34.90976765866799
1.8501417047373248
-0.7182111513830023
5.034201309361379
6.036595038327505
-7.003989421646111
9.90751908053062
-3.283787318447139
-1.6211239627591567
-0.0293295717856381
33.56437712436309
-10.993800878844922
32.13218718171993
-8.839559352272772
-1.1106185992393875
-5.47600878594676
1.301764468094916
7.0513371026172535
0.399481336135068
10.700585466620396
2.3740128920035204
17.604300714840065
-8.828152801434044
-9.652097555532237
-2.281563253156492
22.45316541065404
19.69713683066948
14.90737050473399
-25.704450774472207
-2.8718754971196176
6.073645960961585
-3.040612329088617
7.047900896926876
1.888125894663972
-11.646694432667571
-0.5414738354447763
-2.7245058724074624
-3.12820924470725
15.30878762327484
4.55319160844374
-0.1520503195351921
1.381223941250937
-1.709836140173138
-20.522187999318703
-0.5287261559424223
-2.1271376244694693
-1.6005096949229485
2.962408555249567
-4.146261256406433
16.95762818327057
5.003141454202705
14.575902284501352
-5.067200051315012
16.935193047160283
23.04392880415253
-24.341688209518907
-14.276257511141011
13.167921516811475
10.236881293312765
5.983569628951955
4.199986678169807
9.61561596878164
34.87525704424479
-16.324854019956547
1.5979435378249036
-27.408270203741267
-17.282558917664574
-13.505434859645902
3.539097499116906
26.625084203871666
-0.7323954513267381
16.510282805204042
-29.613889084444963
19.115438869324866
-21.38626689954253
15.926758318586508
-7.91815211501671
27.14200274691393
-2.0653054426802555
-23.193177510183887
13.066420326242223
-32.18069046409801
-2.327514549571788
-3.540474507230101
0.8442046432028292
12.74835022276966
-4.326208695216337
0.9460252250282792
-12.052426025795285
-6.160553720430471
-23.06898643785098
3.1664019796444336
-22.06298186045024
5.618641705223126
-21.638505711700414
4.322828397882404
-14.460544059911626
11.129567211624815
-1.5276574057206744
-15.087006775851478
-22.191766512201863
-10.970002614223633
-12.153066515937098
15.771981296042211
-9.522474587938632
-6.344530196336564
0.4976432945404667
-1.4554910154110985
10.27940845937701
3.542257357388735
10.438545687502485
-5.72412068513222
4.417398863370181
-7.809451920169522
-9.01617670111591
1.5256247076467844
-19.35722002242983
5.939449483455974
-7.982610707418644
-10.665163457175368
-15.40122557496943
-17.099342712259386
14.069539397547487
-4.746763133342029
-26.565383852881496
-13.900841763213975
-1.1365456119528972
4.284553678575321
6.668955916014966
0.5449597687693313
1.9181184147892052
8.339636289936607
4.849491147440858
5.215196660559741
-5.200800347607583
-17.21439158085559
-3.395429011856322
9.081786929804366
-16.131361996391206
3.3106097696436336
15.898743878366076
1.760263329546433
-16.5280584753491
25.56288618822873
-38.0915111903887
-3.7229363952938
24.30622675451741
-11.383391810537432
-7.882060989970341
-0.6727716222958406
3.2066052937007044
6.502504638658138
14.84832684972207
7.190304941672366
-24.63813595099782
-3.5732955910789315
3.175295687877224
0.8146833291975781
-10.244430353151984
-14.612146702129394
-6.189722107286798
15.39591815356107
3.9279560174181833
7.399069336024695
-12.347620780332363
-4.609934365347726
-8.787291312895832
5.5177086285402765
-15.95981313836819
16.909341930644587
2.8405357226438355
-23.04933986363176
-3.521623553708196
-9.221960296999896
-2.439550846014754
1.5322268191084731
-4.042140857491177
13.1644100604899
-7.637305620824918
27.02121017141326
-14.866315077175386
-43.17325092080864
-13.321266860424656
6.631050526731997
-19.024697962100618
-5.696998612693278
-2.4315197320102016
-7.403670185725787
-37.22080950021336
1.407606455963105
-12.411157245573122
-11.37790181839955
-1.5682515254738971
40.930261813424295
1.7244916835479671
-5.586530223619775
20.605372520076344
-21.27607838127005
1.141520036268048
-6.321514086259413
-12.014425802364713
-11.608513465253054
11.429572205990551
0.7082892636244651
2.7494054143462563
-9.62090187582362
-13.424411959873396
-8.184565952062258
5.418759392137872
19.1803774478758
-21.054996507547912
-8.604648789201747
6.050050170131726
-27.28212903006352
12.856557811115636
35.044197151990375
-4.334246352387709
-12.641361261019483
-12.149030935601331
-1.0076766382990172
-1.93303845571063
15.15082698223705
-7.677212493668776
2.1466328457463533
15.363708814664278
16.154178759010392
12.386117215297418
16.869698173104553
-11.209127539666952
3.4145177197060548
10.832929346099265
3.324817771834205
-14.45972952512966
-10.08555997617077
-7.130662953946739
-10.86299047069042
2.8472866581432754
-24.723306927466183
-4.815656322112773
-4.711587124387734
4.128252323323977
-0.9270666179218096
0.969990143814357
-13.35686614595761
-21.749970924443915
-23.93751272243389
7.136234013421927
20.52808289148379
-7.399765333218966
-10.586955715509248
6.146497557390831
7.411330446455395
25.323730803254875
17.242520546918968
0.6412703306996264
1.3650579566165106
-6.46317383350106
-20.999204553387244
-10.56796487167594
27.2113575766125
-2.89159885366098
0.6071585564350244
-1.7980852847831557
7.177329038371681
-4.498518186868751
18.04383220647287
-23.93474999879254
-1.0878157255065162
11.07896970071306
2.985141600089264
15.070579412102234
12.737398434590432
2.1389897702320013
-2.669280319372774
25.598058267045417
8.13953013381979
4.489075114543084
-2.2562828780937707
10.206094763430883
29.654980360894115
9.12458992865868
-17.477293032221496
-1.477377818475361
0.7080189090775093
4.873090662280447
-13.710823762783548
0.2569633606617572
-2.080081563341082
-17.771000216525863
-4.08234823300154
-3.330752036694321
14.803287146743967
2.6550672736921115
-6.892490058482508
18.08366505579033
3.2298609230929287
10.759279133097152
10.60778959991876
-14.958579557656776
-7.736401692527579
0.8599858354573371
-11.645204476095389
-0.2836569748324109
2.4968595435639145
22.19419556608773
-7.088516978750704
-9.276062059187096
-12.60763041835162
24.415573179358034
2.485795241955202
-6.584841892326949
18.916982297203504
23.98295954297646
18.570872578042326
14.037144621746847
21.73433886111889
-3.40326092489704
11.335838481565588
-20.023817237772164
12.908727462548995
-10.990096757028368
-0.9009253037802408
-12.6706171821279
-17.290004117094213
-0.8979971071530599
8.069183155428618
-12.12142614502227
2.0371142203221098
42.474296410990064
-9.192312107901673
3.177093155667535
10.332026546850102
6.608713343302952
-5.276170731289312
2.8572752472682623
7.262742521095788
-8.915227393386886
-14.386739675392164
-35.856805440736935
5.576358625141438
11.795220126441563
3.900166556064505
-5.920468741285731
-19.18845775327645
9.35979624898755
23.01133710386057
-11.502514779320336
3.193080646771705
-20.341609840354067
8.935323585610604
6.405293564981548
-5.806262432757649
-9.532187434786463
4.93546536458598
-13.06149872574315
14.015556157275569
15.494088557185025
-2.083567516383482
-14.038794467705884
14.849121991646824
-3.6914304497040575
-2.767730410283548
7.837030025781132
9.615924770667334
-8.568306612913148
-21.26188595878193
3.6066111092077335
13.052475209740804
-17.273422905389452
-8.608669205612387
13.064301145466745
-3.6435214675439056
12.0345614572434
9.250236359468545
-7.642856128863059
26.142064135710825
8.889820242475253
-7.839453619380947
1.49150959396502
17.713465468841605
-7.771972338523483
6.687747741845669
17.843822625931352
20.070827575109437
15.57415784386103
12.565213752328418
-23.24540312787576
-13.0058191933349
-8.034340881873504
19.979060990779544
9.38431334188499
2.08106928957568
13.086152580421183
-18.33886163106945
-1.967731643060688
-17.723254021722823
-11.59493383053632
2.2279223146033478
19.02387836076377
-16.029287390047102
-6.94348242576234
14.261964461824393
11.710614092677131
21.523927877802635
6.434638229591656
5.10124498186633
1.1719082507188432
-15.36126481280371
33.66379696916556
-6.494757431777543
19.025852070597463
1.8784610474394867
13.242192694888216
11.768931215352495
-0.4565507870865986
-5.549812483834103
13.303637641845851
7.084685490481206
-8.797957547576516
-13.97708184234216
-4.704330026914249
6.985750255073072
6.706955474626739
-10.63760240933334
-6.93036033732642
-7.414421513603884
30.125668960929037
-1.2191300491977015
-2.8852891256829025
18.55384170326579
-7.850169383542379
7.520090620426345
8.658155406825244
14.777854521336849
6.901728532888228
-11.700724831331172
0.7740605980943656
14.150607821036829
-8.44687812551274
3.536620370679884
8.788191825209651
-7.107089027980692
1.3545666935533518
1.644919280850445
0.0094189679221017
-4.319082730871742
-23.26907929827576
18.932535192827345
11.139461255792412
9.955551086532068
-9.909935793519251
-0.1586315176391508
-2.9140736597328214
17.513726600867813
19.44530569034396
4.880921399380895
-24.59139431441145
-17.362967153836507
-21.91681872754998
-13.670276963486684
-2.543399478439824
14.539683648908976
-24.467225605782005
2.9175513351365225
-10.037408908232464
-20.71474254853092
-13.664155387159552
-20.370425887187597
26.351526792816003
1.975966997211799
20.505719559892896
17.663230766775087
0.5409412081498886
-3.097956992685795
9.36612211514148
-23.47002201489522
12.860817126857
-17.247397636514506
-2.829251729315729
20.824653743533418
9.197659242534428
2.5906708787515527
3.40090383750794
6.233136262744665
-2.4586661797511624
-1.7531833809625823
25.032847137001227
-3.1902811687468784
0.4605206271953648
-12.509404219788848
-5.915939250204247
-16.003031808693777
-9.071991817487287
-16.61754291089892
-16.970346213915036
-13.810202208012925
-4.8939883352286415
-6.388544399233069
19.702911899090395
2.24748510675272
-9.649533789808627
24.042562091795844
-3.90032377053285
-4.235987608393771
19.490556284727063
-5.900123230807367
0.1489812585350591
19.177431892821915
9.219640387789696
7.5653508586401585
12.565500320357389
-4.550315840548137
-20.283593212094274
-31.52111918485025
20.874946123774865
-29.840722803986864
23.10694635960681
-14.666887131752446
7.412194910430117
15.006121985512436
4.914706250739982
-3.747790274588624
-0.2026191918266704
-1.34427264794067
11.84089673042763
27.972979794052662
-10.916479628402158
21.94228207439301
3.443112048887997
3.1597099850914674
-2.739114134790725
-15.905985029618025
-25.032008564143325
6.940720312326448
2.4128245840838645
-11.348566349071916
25.881004964438038
-22.70956834050594
13.078702145212446
-2.61077404608659
4.876991713128518
-3.2488366042089183
1.0059656807716235
0.3569556296133669
8.684701362100895
-5.782630277462886
11.373364507846418
10.45177379953384
7.147487461188575
-1.1820247729920084
-26.770553692491376
22.114683552717903
-16.376259099240997
-23.41430127611966
-11.868714365773483
15.8950405040232
17.84531014993263
4.503865267601213
-4.677121086235275
0.7490552137896884
6.651048392755911
-8.526046476297779
-13.3300038381567
-5.149575464543887
-13.950120594599866
-2.3919717054086505
12.199140345139313
-16.05490719624504
-17.57724467778462
-20.56173959800799
-2.472775865942822
36.30230787966866
27.78886133692868
-11.671060569569818
-1.8488725308707217
-13.226772075591724
-7.421137269295286
14.400621096792747
-15.93382416125678
7.934673024050426
8.97062331851339
-9.87386538348801
-0.4593491692794487
11.6804754135228
22.37280519903288
1.2976595455984352
-5.218162892400869
1.8056067838188028
8.661870143187116
-16.01173940273293
23.411940724763557
-22.21763427973201
-3.537339875882026
-5.800382758126943
-3.808209538998199
-33.04565617100161
-10.75469043814519
23.64311565113894
5.33225522597786
6.432918949183659
-12.96023516038258
3.2854537641396746
2.5939092978078406
-6.216902621614281
-11.075122071648366
19.99678911472438
-38.088158824597485
1.6119235423684586
11.166885910119165
-20.08240927635052
-6.035774391843006
-3.716047232112032
-10.168491962220289
8.737645917251939
-18.435406916905777
15.795536259480286
0.4010441103309858
-11.940886107360711
8.845661590894451
-30.253312251341413
0.4219004846236203
18.750568501694943
-7.929626308148727
-0.9739222392090596
-10.709746979671763
-7.996757046450511
3.320219512868789
51.17037940323644
26.60644139502256
6.8747167528636055
1.6087095375551144
-15.242869093708578
-7.516770449190517
-4.210013272153447
19.528831297531724
7.419133264062111
-2.2707701116014505
7.420708613732131
6.276925012600259
-5.344103405659553
4.818394420683035
-17.85628309720778
-15.454866895845043
-11.088466677378165
-1.0010107993875863
-13.808064913682756
22.44540885326569
-1.1808845574123552
-24.3202194589976
-2.935098827103502
6.056238657052745
-2.2293783037894173
-13.443850656287395
-10.47499374394829
22.915468777006023
28.210427421247005
13.17625206678349
8.474258983609616
-12.826782144387836
-11.947842467576264
8.756213098589797
-0.9898607528448338
2.22109516322962
7.8799385567836
5.318265268637333
12.167312071484048
22.693097660012427
0.4675841044663684
15.815680411236826
-20.83897681182134
-16.670494085992686
-15.40031412546523
-17.259710369078675
3.079147458105581
-0.7827332801534794
1.6748299412574852
-36.73023807692516
24.26777112661512
-5.64752221640083
-2.69011792888341
-3.560236125849769
-1.2916487988259178
-2.506586556628463
21.62307820483693
17.74342118902132
-7.499813985923538
-0.852050811285153
-2.0884416987973964
-27.320327785084373
23.30376928327314
3.2492504276306136
8.68892354844138
-10.41252311647986
-9.1562592824921
-3.311668291396927
-3.647612032043981
-2.332629401527811
-19.238682932962547
-19.647238084085984
5.297859630765743
23.387771221838197
6.882399002381135
-15.982161019768682
18.57424412072578
-20.249634539082763
-7.154469192202669
-2.2704779018386034
-2.5016905795346247
-1.992944509140216
-17.65481771552004
9.727572221469018
-5.203651097719558
4.844628225648194
-22.227707305763037
4.906106795402593
-4.5818109693937
-7.995673887431621
3.715586052494473
-5.015567659866065
27.96970618644264
5.033150514529552
-4.2649780232750345
-11.12274432858976
6.314001281498349
-38.40384868529509
-13.726480137498584
-1.0990836868877525
5.964106410057866
-13.437907501051086
-11.59792568841658
18.741543449272285
-8.137860825794633
-9.974180833552964
-1.4421540053444917
2.2365887569612823
19.507989868725417
-11.831755330000306
11.94117678454495
2.216611902913428
24.57776692729385
15.866414745963992
-11.653002089602523
-14.619163584138732
0.9271202604140854
19.393535594979767
-16.433022824203363
5.002079711688566
28.83444848834188
-6.355657508014701
16.874220326179056
6.671948768067523
13.254194779045063
-1.2508186913910322
2.207037568776286
-9.16698413908307
-9.673082092602272
-4.767006787558785
-12.30942868690181
16.497645657378598
13.54752171135624
11.326294302765746
0.5940478530101245
6.642732283653459
-12.703230581144451
-4.949055933160707
6.138524550231523
-1.4683277405274566
-4.187600535005913
-18.00876557645097
-4.216153137109359
-40.46415485652688
1.5769105723884422
13.381473395915236
-9.296568810619648
0.4033334680570988
22.750778209709097
7.563141285980237
-1.2067816010094248
-6.433458683401113
-3.499840534408577
19.444058201130247
1.046608848075266
-14.998733984975845
-0.3118615521379979
11.29164402584138
11.163743159602744
9.76089671718364
10.01399731094716
24.968739597301465
16.63522561370337
-1.2486685015173862
-9.016977040548229
-15.813442622005825
13.164176190708533
-7.294140187746962
-7.856916514137993
-12.254327338378062
-6.303930355978082
18.981330335896928
8.986791663468466
1.0061587327363668
7.515535732367425
-0.5669933254102943
1.3978026932891223
6.274745683607762
-5.917085498498636
-7.346708747907542
8.487188250408508
14.225392807202295
11.362525161835949
15.72903234102705
-2.054411720862845
10.069953603160684
20.28295448611607
5.726142181709292
23.299812148557976
5.334041898095165
-11.964254607097246
15.909783237439116
-37.176220500216
4.650914127851138
-19.88428665959509
9.831291467387928
11.57559771934757
1.3234430840238929
-14.25834648637101
-18.98740285781969
-17.056431578617776
-11.428083684979356
22.49014043806528
-2.2976683230808703
-4.013926169107435
1.594853492701077
3.8451794450666057
-7.362065400942811
-3.69572036457248
18.01399034993665
-8.494911956513533
19.92352247738745
5.198499402817106
-4.926921827136539
-12.58879062590131
14.948436268197838
-11.558096967477468
1.0208911531226477
-9.212271435622824
-12.125056222110288
8.388907343076426
6.889146029774565
14.588458152429666
5.715635104032117
1.2027536855166543
14.620776103431126
-3.653680037954473
10.652924502835958
-0.9276885483996012
