averaged_values
-27.11973850275615
-7.654215001202601
-0.2668112088778116
24.61046318834167
-18.23992198463759
-9.193429016885148
-26.875681150190644
-24.1294569838833
0.662908533268137
22.13941201491366
-28.87882863673576
45.63104743917677
6.09395240103288
-5.942704683291254
-0.4858182641189614
6.718148722590854
12.810054080692453
34.46579512426547
-19.44132231994911
-47.8125623396412
28.411386887220036
5.226862039451135
8.83084840506649
-6.001739014417922
27.289065197111317
53.90341898932502
9.805785682743135
-62.11377888522679
12.269440851538434
-7.806552708800723
-42.1103402227111
25.110368355442688
20.14994668269742
-9.44623008828296
-7.117396515909377
17.71391359088784
17.548254049286356
2.710592006267234
51.47170526945763
17.107361862050993
34.28962890717105
20.249495789382763
-30.403305099457956
-3.308003632001487
-3.605696547787829
-65.27990401671093
-7.2435344459458975
-4.639507273772892
20.77250407521524
19.295834910472426
-7.381132750879487
-21.485153692874405
42.258840107722335
4.584696086271492
27.77051729157029
45.79723490596712
48.063048723575776
32.76405835084256
-20.23690594611878
44.88445200214221
35.61523997689267
-49.260559404133005
-8.991099736601996
7.400374432246622
-8.440436727507745
-5.363707568173709
0.4567945782272318
-34.31047856139696
-56.08384985043267
-79.34602149003013
44.21065090453351
7.712210470505738
-20.293849947318336
-8.91887481507763
-37.65496478741454
-10.68436621571766
-29.98098971705224
-33.45940265733884
-28.55955274547296
44.42122156728704
-33.15379832129122
15.54498678141522
21.80420929189495
22.55129407720517
32.268705744287104
33.69620395921356
31.07097845610156
79.53305538012546
-22.637410516931027
-12.267419364122588
-9.488094197678606
10.197409884510876
-57.96192145392206
0.2233134824945182
-14.666554961784414
4.149740162509829
-4.317781170961553
-14.932215708380228
-23.02450588553916
14.617460559333722
23.67246123447967
-53.80959894598175
24.597159875280568
-14.304564885247371
17.558485609525064
2.156073921992629
44.552333632760565
18.64323684076578
-10.710277766440528
24.571690642158277
-9.025739066310848
-33.817191231793004
-4.479610982966392
32.83081141019284
15.85986393208725
-36.11475755913011
-6.828236096003025
-29.240497181757178
-20.59256714284618
-10.734007398831524
-39.65122303773239
10.698163475070714
2.823806124973657
-7.064222311895037
25.376572358425733
63.07262423824193
-17.42656569808173
12.5971873209661
57.18967938888864
41.06469006239581
17.484710553354375
-2.8578426062927065
-5.338222847595716
-15.76690897044125
33.851389312290166
20.06157491877173
-60.17098161035915
-55.92337132482305
-39.30320967851162
-12.23503901232607
28.084614627613405
-20.654269532775857
-11.388107300735896
13.52985925130804
7.522862873929284
19.062040149191372
68.9475038774591
-24.95966021924005
-33.66891093404945
33.325277443424056
-41.27269793209871
3.38753775762018
-29.106645704081306
-12.82884837714721
-35.72929528090731
-13.71299497780376
-39.29065576803384
-18.8867273470114
-29.196715373438906
20.9250637349752
-18.75676139226732
-49.01247516887781
-18.125438596338768
5.907988001057674
-27.51971090266011
24.101684877083017
15.680161744785096
65.11400622179463
30.440850979651717
-2.361295895475905
7.48873867496161
-3.3457588925748496
4.67688705303874
-15.625824143131126
50.38471184328466
24.59472682130888
-10.740332106180745
-26.69630944336461
59.59288615550895
-3.828964987409563
26.558874674734284
10.451861029472184
-24.313963606686457
-12.03104580427498
7.021137607201581
20.01316210624418
32.92965055879097
4.660891522204793
9.840780771828008
-29.683969669906677
30.20712893360519
-35.157968884955835
16.92255215390537
2.09212604720085
53.2050879948589
-13.956821531341577
-15.928783436590152
22.058301710733645
16.177410657861287
4.456463766806905
-30.83563498639262
-17.709746112132052
24.693721267568776
-1.3239917172259084
-12.360966592207433
-10.393575338502842
43.9470173584441
-14.33101912401139
-1.4500602967777922
-4.247867966369313
7.202401897180948
-0.0438594593458674
-58.701177322888384
-10.68616546533292
-16.953334487961456
7.653124376502774
-10.791091829370204
-6.571914675685662
22.89403792231792
-17.349073528880922
3.489881798032229
-3.1996972430353026
46.26262952413231
51.39020051363036
-51.677543293009535
-17.979345241037436
7.349533326056871
8.075764250044926
53.86585053234057
9.054163549784448
31.143763230146305
26.267393423251637
-12.946679307204818
41.52363059464767
7.808817561897285
2.96592543603424
-0.5685983571835322
42.75416587399173
31.345353299971634
7.592834489880147
-7.5487481247796495
25.39093334541826
-21.51266345170734
-9.550938991215505
3.1725773220398423
-9.890810074748517
43.81521618981003
58.46230552957479
-0.097778635645227
22.935253651417725
15.679138631942124
-26.4433136258657
-30.774794678075864
45.99847145056594
27.980866181193846
-20.523360140896216
17.035104952353777
74.62693559801801
-10.16738595800814
38.25030192863642
23.47859744692039
-10.027055851610951
-41.57403844858743
28.562437798509336
15.510417655638662
-33.04337067729989
21.322471426082306
27.786432669701185
9.049371371508528
20.66102803085232
-85.44446808737746
32.7663610938788
53.216894537020494
31.20557399217148
24.477227177800728
-41.6333581486042
-22.203654731982056
0.3429366751165617
-31.373038882884885
45.78826687907622
2.586363066212698
23.1660625191995
52.81707654705656
12.446654189031278
-12.168764993853417
17.720887437189504
31.17723277906805
33.767517606461865
67.61758550897468
-3.472663787136866
-43.67542499384501
35.10404754453464
10.884369796007718
22.43205749946549
-16.057934756922123
-1.423259811804655
7.171774439840192
-26.599250108152543
27.53260041209808
-0.1163891939477252
-14.101119712197942
42.39237377400866
-68.1101365559191
27.82902650885728
74.84777560545194
-23.50809172726622
0.9193014007882994
-5.957634380342938
16.616988594695727
24.657253427367664
-29.415498496197188
4.283534361057832
53.114466786727576
46.60794416710962
-36.03933523839203
15.632532423986277
19.954864455097663
-33.56138833829414
-50.01190504021122
72.2543374642571
32.812660981107115
36.14116567979681
-32.71921430195334
13.68773992665524
3.000643680551775
7.441083775331208
3.846252961522055
-42.57266086943798
-6.461953212626099
-2.8263245101269376
-29.300266772257714
-21.275136412570877
-61.20544225540766
34.97514822239839
-23.097661314757488
18.70797062751103
-80.7456537101508
-9.294904596651804
-24.248800629994548
-10.327952129122991
-41.92879832386279
-17.188816238365575
-22.51393538492925
13.208993656404004
45.27150306992439
-46.68067724119419
-27.352554121003777
-30.721963384975425
7.233480097158349
-33.31219313667589
-10.32555468064936
45.626548580447775
2.663778704583706
21.161681595150867
11.089756839764275
-20.54885365801931
-24.625366243528447
-8.592988761955212
-16.01401948925877
-16.42590970543654
22.990852481715702
-6.787207628570286
-19.87988489488066
6.469203249544876
27.194599893911917
-55.87507134919622
-5.109536038611623
-42.92029602133755
4.999656062327745
-0.723176724051541
22.789078488333416
10.513691628753236
62.60846389159735
45.42258068857643
-28.92668351612258
-41.28532866953447
25.716451998242743
65.27989118609912
-8.95140168513683
-24.6880433855697
-55.65599184561995
-1.0209179410744582
-25.88879471254984
11.7752636617696
-14.4636892515432
-20.904194927389653
22.34750459680185
-15.418884782443229
31.203718804386654
-18.352472881673748
-14.15911517929908
-18.12807645809403
-0.5571205438355946
-29.10696503269412
32.503994201816795
18.61859286478159
-48.4270271764658
-1.853718354818625
-27.405986287233983
-23.27122904559701
-8.442980611160237
9.662583887632309
6.458343850238293
-5.844483805260552
-39.2130310707006
4.017060820866277
-43.08153598939782
5.616378728359905
3.8746689617125862
-5.70684011145238
47.58979492972435
-14.623312975284191
52.93575031108912
-37.9882025217297
7.708048344549752
-31.51647536173482
-7.589187189374229
-33.43311283791593
7.410907528365328
16.675304057409107
-75.13270585738451
37.873463604004655
-26.307390768839014
-43.955340299173145
-17.15875926132253
-7.941028038668492
28.772954047303983
-37.51614860238851
-22.85450989812807
-16.2616187224711
4.956974841053011
-32.75532368556378
16.78252461894556
37.42537390678035
-12.1440351313895
-4.070455031194797
-22.03102521461426
0.18493186162857
18.590225321358275
-68.12313620485827
-2.6652591371646395
-0.0170451492994061
2.0251002799119533
-46.75931881135045
-15.176386584110103
43.48169503676081
-23.930395217889668
-2.006368021802359
-25.21529636216485
-72.8298707108138
-11.216379392325052
76.6907442197055
18.097661951980516
-57.96028945138221
-28.534676651046084
16.2692834619927
-39.82130957297818
30.042583203421145
14.46047244966951
17.829967076596972
16.099339368875576
16.67677298912372
14.24407832844065
-21.835998160005943
-29.77399273144863
42.20948739901371
0.6052426273658966
-10.741496654693153
49.37063682230757
-39.85305463412362
27.529732446521397
9.750635242078488
-3.0227404563098617
-18.027569508783472
-24.0066395777576
-5.9439654489962095
49.47666564036047
-19.95982685344677
-23.157693116196924
-1.2589110821023723
14.379904764817752
29.406134446514443
-28.315515228512595
12.851620491092945
32.2922497355396
-27.337280222674732
17.674260975849506
32.59866381633424
-37.20891158866277
9.721116452202182
2.4768447013406103
7.851434519631198
11.090916367621617
-7.996026100632548
-51.74965409670153
-7.5479138108661346
67.34300372075916
38.876313200592
1.3047944325048777
50.31413632281272
44.30788884691572
6.790653206037632
-3.19138695049935
13.377099476265926
38.9522528302756
5.886571601031278
2.09440460967744
17.31381722235892
-52.99011341192579
-52.67599732024064
-24.848657114313824
10.103801968050789
-16.23345689530379
29.92447769849241
8.137826423595698
30.29060352332135
7.727377739410031
-46.688344173087216
-10.646943832730583
-7.971489136304285
-5.961818912924741
38.49856643634814
-12.482162715623076
-12.02960699166738
22.66096035220721
-17.27161334514892
46.31441230163921
12.441869378153456
-0.5553610629509649
25.28316236536898
26.824123672409318
39.60668193861181
-5.006875947760477
-53.04222896111014
53.80459900966741
46.16112461928253
-45.59881752394495
17.990982143186784
28.1170396286808
12.163770345969851
9.986188445486505
0.6858157589473421
-20.595925717157456
-57.30588126662701
-16.912373635687914
-2.8754184980945183
-8.147538846791235
-21.889738147341177
39.548087958906535
37.944491153116815
-70.91201093720883
27.17432794712465
-6.399309267733543
26.37636234262527
-34.9524932139866
69.71252586400965
19.6177506909786
16.226265209845224
43.11904580758949
-28.98690006713548
-45.52725993719764
-21.706866203044
-16.743064271675053
-30.753739512657035
61.34161479591387
6.2523502595926175
24.01172381303968
45.3700833002365
-13.496624903023983
-27.784818556885625
-28.23242447950099
13.924114508980892
-33.460443274266254
0.6055467785201927
18.838577776973462
-24.82356008872364
8.695115214175985
-18.419140448734424
8.451211679215021
6.612918832126525
-29.451359220181303
1.750351096600184
4.96532378705831
8.657028802411446
-18.492141962159963
-11.783777368092728
10.53767785110142
-42.20524469032455
10.823996734317802
3.1948214285878294
3.7603258288573898
-3.806631877409586
9.164287659887124
26.185021469130447
51.65775404703413
1.8065881233419527
-20.885735496224697
-14.288874038267068
27.01778683537873
8.400626544927377
-41.367953231371416
-6.28804784609008
20.20906624629879
47.84056748618616
38.56059996918464
38.973683114616506
24.541255454381485
-9.096582524645214
19.056984035616097
-18.38079103657583
-44.43695438291354
-25.466797299698328
-23.494717370166768
14.332983753049916
28.91105650421696
-49.99789924210813
-60.75281837712839
-13.433034420457943
-77.77000116627698
-33.99663319326805
-14.947005657431305
47.46908694563035
42.54848250208511
-14.97264848287398
-1.1527465605057614
19.11310855494753
-56.82962440515939
10.659119220737352
70.70311760501977
-45.189151610040994
26.843224829113524
32.968184506588955
2.331624985782696
32.0194210068164
14.99406912079121
13.731047963910896
17.67357004532073
23.513586224111805
10.463083050915202
-13.898153725813131
17.27426373798437
-30.227662181076425
-29.19920939283168
-23.22834735457593
25.341964781874708
-6.224085781253848
51.31950405365728
-46.58405083947639
-11.140062050238043
14.34910926199018
-32.7063368261056
15.350859938136637
6.326064301904125
-44.55635980419652
13.579223927281191
-14.99690538046923
-3.855631360849429
-26.477858094226804
-20.884002360007685
-4.697985874727351
-3.634731106582535
27.985035016676196
17.590091255115226
-9.045280720192068
43.79860464119895
77.10308578084027
-16.856464807383077
-30.53951338563479
-36.49826508712181
-38.236112984360375
-8.998074463281682
-5.584424591032303
14.347804986894287
-13.256633377703793
-27.514331636905013
0.2686064039636449
-44.00763747976305
57.16315005845638
-27.9297987663648
-24.09421174974159
29.576506677813995
12.975033423117909
12.46577248921426
-49.95724722406385
10.361868033408086
-26.81837747563111
16.11709606222996
56.694620125068695
-52.51573681353784
17.505563945573158
-16.459446069980345
-16.71640479167604
-10.5123815887207
44.905150598120144
3.0084695685027327
-52.64292709059987
5.577970711614398
20.740583702138565
37.87532219694947
-30.422879063104688
-8.063573294631624
-7.303280704225472
-14.266181253818443
-42.23290627104052
-1.8823270793561733
1.936566819564291
27.438674531520405
11.076144768718793
-35.31139181054607
-17.58512440757829
2.3286352302586693
-45.13573845410952
11.842195419722543
19.48777637704552
8.75036041363171
-13.168322015062586
22.73371558836061
-41.928582548955774
-52.024940820162215
18.004906115177505
-2.607705445006218
-47.73141555585266
-10.64269600556952
-39.87276516740883
-7.973665515728044
-27.46265504498388
-61.61741257648805
1.3733006478698826
-23.609244246565368
-1.760840145108773
6.645813268505094
-0.0302043298316903
-11.77885815883485
-4.487642765507303
57.46016300598501
-26.66702801227632
-3.5842430640434486
-33.321990798235106
91.09910149122813
2.248738245240929
5.65667752244201
69.75915183440407
24.23937508739766
45.31087700877117
-62.20768242316262
42.2848716887363
-18.21332765299428
24.4636725597594
-0.9541344339810394
-1.1190307372241932
18.273984622761983
20.88141850117813
11.360758935762192
-13.977309340493775
-59.55234504810551
-36.08951592062874
15.959123180973847
-39.43863282405812
-34.5593702674455
56.75344882191939
-2.716823297404744
-26.332860080332694
-40.27111147403025
19.78202110797417
-27.480083722470567
-42.20732693918501
-22.62708938531921
75.93693196387892
-1.5884544723587624
45.0476837182498
0.7550684562629613
-9.906454699875098
-15.06701615249642
-63.83716401459287
33.19388305649693
14.358179505691169
-20.18209557103376
-38.13472861932894
57.275032603210434
-25.199728799119725
6.47856782246447
-33.53671766730395
12.129276863877408
23.154773100452644
-19.535754777063858
12.985710716995754
2.925787072828257
-65.17468067430423
10.888345341643344
-9.43529329578655
-11.051075648022447
0.1878770635221371
65.90947940054468
-27.33796993354656
34.50871847055964
32.11089245119706
-13.136472046719293
-7.268336812870984
-5.84548664696581
-39.505701122835376
29.00843308362994
-44.33961763469336
21.607557827659548
3.4129057024370013
-39.95613184499052
-13.718252507779766
108.07784117982362
-9.953154062183556
44.50085503799869
24.41777770388626
-40.2661952131308
48.66537158221581
-77.3511126975394
-27.245420711342263
54.83302740060492
19.91195362010785
-27.851166004564675
-59.88335770765127
30.98944209501008
-7.6552947513702065
5.463234451506992
36.19487184838363
-17.607124757034626
4.152128254886634
2.471143234605279
35.59528887820113
-14.893092576685037
30.009633285726977
15.618508827641222
-16.2873245256294
-54.11571388718255
29.6221733267314
11.317623451896566
1.8248253515274653
14.804441821202545
3.0730996390833525
-26.46823931951076
-13.81041817214441
-13.154538816099375
-6.59510606179208
18.24891875059677
35.467080939062384
-57.0094687938614
62.216982197750895
34.57341904663281
-13.224091942726432
54.56110522478298
-3.961281726174207
-58.84574463972206
27.843188628634607
13.602017131409184
53.29176634938688
-22.497442954533422
5.549891464647544
-10.662560028755593
11.584046406439027
22.502048969276643
26.92750787566752
-19.31006405097594
47.86291596876276
12.647812550067783
-9.47817359511589
7.508557140696212
-2.894483460582137
5.533248054313731
4.281775643609876
34.94419083161483
15.019367428471242
13.045028424018142
-7.999634651635119
11.039521974058973
9.25083303265535
56.80061880908022
-70.37106245129542
-7.699589867381633
-2.032595873588548
-70.82505390094173
16.06192814360645
-30.369586729999128
-9.468337678016836
18.958511268252323
80.2813794570136
-17.201682484365392
-45.2499934690228
-30.892260677888544
10.047657580821353
9.084692008025854
-39.8012530978524
33.02126528840779
-16.769483887992237
-1.37491635732772
-29.58422423886782
-11.048893417043132
37.35686659242651
21.83808622557865
-0.7698378467484872
-15.706598507937995
-33.185376726078744
-30.70655963195304
4.999414775896753
-14.430213576830738
-26.14044821918924
-25.51651820061352
8.977103378607694
13.155935714419684
29.119576071202005
-26.48299114565032
14.489479308507043
14.207411829458692
25.582444933518783
56.32743051310581
-17.508277897665266
-25.821351579225396
-20.32412135045479
26.995443688916907
1.5494854539641665
48.606039501709006
19.223687186563325
-14.041180962409044
13.139401557529936
-39.66304025499733
19.63787268629665
-37.08099760992536
-14.194309695732272
-4.923501378708465
-4.314510135448359
4.486679336070552
-23.20772465580194
16.992131892151633
27.718819135320587
-27.698312687289672
17.567586143157314
-42.32243614252434
-13.468332417777448
4.716291961526281
23.189000534610276
-9.350018083639725
14.713955376727084
-16.30233774347687
24.10198930457284
-31.316919691688213
14.17959332652265
-10.0224085890668
10.96447989822309
-33.35502083655058
48.35441715003151
-7.906849481568884
-65.14717679421506
15.384600322670508
22.661745863161517
-45.94983697983969
-35.41859241751774
42.70753665528696
20.21505200811771
0.0942408260194724
18.02033969750937
8.740637526029786
74.95464763200789
-32.76706405083519
2.5645055276954736
24.800038416153825
2.719411889630919
-13.868578153090994
-8.025274762437448
-29.04873434783667
48.314325161749935
4.5906908161547335
-10.242500181287824
34.42121920049158
3.724113745520526
13.953736214542689
38.87290051741263
-40.72929972366831
28.89355192913399
-11.97803312431472
30.78852577322175
8.956716256071672
61.18750848770412
-6.933176565032113
2.271612190967403
26.357387779305554
26.19879894234361
30.226618306994624
-38.14116165005419
-36.52186414110872
-37.72246323046977
-8.92547163047368
8.133596067791359
-3.991881108245366
-15.467210768637417
19.66260623405697
-41.29308791973517
-26.77804951894529
17.2687551876179
-26.81909425616334
9.09346214826121
-6.949450404134268
49.83896705241159
27.5830719241294
-6.5546374709773545
13.08500768829117
41.93686967188546
13.166022324773053
-8.900332790494417
75.33499032990153
-4.747535348466727
-41.47314143246797
-44.05702632772909
26.9832531302302
-4.0549836008609645
21.248897091709523
1.7659012011375808
-8.234565685389384
86.87662636609934
-26.41822913436829
32.06867547516083
-13.815589805085551
-5.516959086075872
39.77577101793759
-22.90531096365794
10.892258972315744
-33.6025193140855
-48.93916080685176
-38.90905190733838
1.0412667196883376
-58.07470455389034
-42.98276583039785
-24.899681331002512
-39.801230289681484
48.31927945854079
34.26654437075115
-13.922386252853356
-14.455239707959436
18.07390013985685
-8.389848729660912
10.702150186025849
-26.220204390827007
-13.972758891249557
57.30032897074375
-56.715743941901
-1.456010594742338
-44.79472531754368
-7.632245559697026
26.83624043186194
16.476730809288256
-4.757257405649284
-34.091230847343695
58.20082808051177
49.826060987064125
-27.893827345092404
12.873993401986354
-25.771808970670577
13.865232041153718
5.380050232329381
-21.856252697733908
-12.170841363579145
-38.332702231506914
-44.41534963460981
12.15422843144404
-7.144026780672334
22.399636706507977
-4.763431536058874
68.61734341194915
2.626489790704227
40.55037170832463
-17.339953121186
-34.78763460405116
-14.28967103976845
11.889072121601316
-4.975642377146642
5.406851445950679
-11.190875101330334
-26.893905333257635
31.345255276888224
25.7675063267219
23.04605932217794
20.521111041954327
21.209345786292147
-10.911339597802908
-83.67594452088701
24.176754390556084
-47.94176072189225
-16.226486084151702
-5.06821426123679
-24.636610240474283
-35.19018372017035
17.909023100187028
18.10507932171868
-11.970261775315294
23.16255069628789
-6.783763918369687
21.96221773129014
26.68323567914172
-28.51948748054724
-4.057221800817842
-19.075569540774723
-12.103222217760049
-27.83218389696094
-20.957244770374245
-22.733488368961616
29.926162111083958
6.293470458007846
-12.238892928312566
25.05670057672171
3.748860974683907
16.70502319094362
44.69788034410078
5.5896180649006055
-0.4992378444834457
23.39490862596529
2.798991042779789
27.91423720756052
14.002131586291055
41.505037001798655
-19.43169889975877
-16.580358635785387
-52.51834952404715
-6.66339950893223
-66.27582461324994
21.24147221171745
-38.00789665017578
-1.525364587197032
6.616676848265342
-25.25579903404912
-14.504637767128996
20.937214654437525
13.739626051927871
53.95808734267666
-29.885815370055752
42.23892792455399
-40.934731819470585
-16.78707616886925
18.62649462088507
16.8196853894583
8.512154297897155
-60.84497773644716
30.04718762783523
24.443612220027035
-36.36769871075421
-32.2961747724263
55.60453569843821
-18.021091075054077
-30.776533152220168
-70.60886689028098
-92.83193613884724
1.957419418592849
-39.04694646199175
26.312474100941245
1.680691860614047
-35.10570953770366
-5.937132273013162
-20.922146611949188
32.096926225949915
3.5076290591863426
50.13752102047306
2.3001431550294456
70.90738193345135
-32.93847242646041
-17.120942785824013
-21.52891615847193
-9.54298098035872
22.60993530985172
5.524267644601764
1.3966506878732616
13.2829490381107
-8.829856736871989
-9.967751991988052
-21.98992776539194
25.953640431679105
40.25524158166229
17.844155224252404
12.641205421155632
-34.16508028166618
-21.513030381285603
13.342767727709427
-24.78039556913916
8.918002905815456
12.12155927177298
-23.878440924438223
-8.961177680179503
-2.2547174447344105
6.482694322038469
32.82921106615163
-14.080712236494604
14.070312468741804
-32.58345009171569
3.059429786030023
-22.700205270772926
-10.083127334049095
24.61394121895705
-18.56440976252054
24.654427418355795
-32.804652205324146
33.42921447159631
14.431111353465669
32.81430566236156
0.4841627811833859
9.661127757941015
31.49475533413272
-12.748172824211224
-24.167306307358785
16.94392530384698
31.993016642070412
18.517434103678735
32.99768523718933
9.959258132335094
92.90256476953618
-10.63834392055378
-7.562932905431012
-60.257648770958895
-67.9382167155918
-35.5547400676212
1.7089713885015954
48.51716953153186
-20.56388161524273
42.5645018759933
-32.318129219065895
50.573026848580525
-31.703294909354213
40.18577995788394
-10.90086613240885
53.30122277784267
0.2007174993034368
-36.06067651104456
20.384760433989182
-66.83974338505266
-2.143870998139846
-6.6289844227442245
-20.261140196984684
18.29454345659769
-11.937577416708107
-8.345652623979731
-39.59228501846405
-30.7422025161801
-29.35588247894725
4.062146565993999
-45.53268367615362
-9.76974557427252
-11.8370926739683
1.321804962960755
-48.589356148110255
59.46555500440775
-37.854986498381095
-35.68924480727662
-55.81404021111234
-17.240987956179538
-42.74077789958847
40.85333257908167
-32.4376383536013
-26.060553184839023
7.412422966040935
1.8146442062029564
34.01475249052669
19.72307471880288
33.04535124046288
-35.302231881795365
13.740813159323809
-30.23398886710686
-11.06577724496401
-1.553003491912477
-61.19058219940325
-18.806316562872095
-8.346194603607955
-33.702365490728084
-23.86745269688049
-14.130660372687998
5.397448047727153
-22.199238798411784
-47.29923931159056
4.273734049618497
-24.192325631567883
-1.494077516400239
32.21958085776373
11.71994201396592
-18.79232589781418
23.9843312888014
15.576049677630635
8.28944200312253
-14.655605221822952
-34.428592867402244
-2.795258212494673
24.10186939735354
-18.32244547219909
2.3814582999510776
18.49565165881768
24.69504268823573
-36.127869180640005
68.2715007176331
-97.65585938428852
9.00556521727458
48.34108056918785
-29.257454652324554
-8.649267233482988
-14.419953368193887
-1.4514865671892494
9.909347299854062
33.974480779684654
27.314047379735257
-18.33370810270958
-51.484012961481085
-9.402729170252996
8.109896775296988
-21.569945474265296
-34.43225846651444
-8.483457500271811
48.80756021232924
16.452487386915777
1.9703606844600472
-0.58916594989239
-31.175439107737475
-16.786897713001167
40.19936479607395
-14.951564665334333
10.2791888468455
20.150807232804027
-40.56202596805588
-26.51825369332869
-7.649446818716569
-15.178374090629063
34.29382972175631
-18.255349060415934
53.08788491907092
-2.1676825741136554
77.76725712249379
-17.00019104034675
-91.4226592265294
-13.23425194176491
18.51503309011332
-53.780846526929736
-12.559704817918714
3.712868150790428
-27.256295992243963
-68.91135879328056
28.59356366311124
-16.762605310684876
-66.93870221925499
-35.31734351378202
73.91569733524784
19.171827850518525
-8.75514183535347
36.845638145429575
-74.86124552194815
-1.8788748095574876
-16.780173846242633
-35.788596881088665
-40.81017750911656
32.09875970613086
2.90373539598977
13.15477153042059
-36.17195159230232
-16.879754062464258
-24.32120622155776
-7.866527652468676
61.54315790656881
-34.16612074263253
-22.58541496963062
-5.0206123279904205
-34.319650989606885
41.3497145889429
86.27624225841339
-2.8822992791371007
3.61215379852581
-22.692282063604807
-3.637069525823449
6.091947336563294
35.82130572720848
-18.2528763705875
10.536577248564186
28.29025259966693
64.5792033043947
14.180247844991754
-15.00765251785333
-34.623970605186855
8.483329881103145
6.090729728769816
9.67539852244181
-33.39946900074915
-37.87005409851452
-18.06187273455976
4.374321146102375
2.84613040943168
-41.72671666988879
-27.12477038261818
-6.91094108266941
16.414175696178745
-27.57422696567528
15.922453247953058
-49.76434295685226
-52.33410969706961
-72.801709343492
19.5514299454934
33.11268348052022
-13.487681348359274
-10.131670599366998
18.37061908674684
0.2993525392291758
55.302284141586256
56.306269903539146
-32.20695159251511
1.1877405721913874
-0.3640940934792525
-21.58404720967951
-43.1996792634402
36.285123486973816
-5.350091044270812
-20.30513065708624
-0.5542994321863262
23.740070843873013
-9.96270912753846
30.030294567285523
-63.21645720305696
26.66966769383509
30.936213607586524
13.44335733744549
27.99664874368318
21.230408302748856
-25.342602294568337
-40.25259368937134
60.75757536195658
-16.227659972733704
18.190266684012045
-3.3863088345766528
16.521717870075577
63.935962016777125
49.4936081826138
-38.92344986870637
-11.952310942241295
-11.499138460400331
19.125286759810024
-19.31389010926432
0.1378570021486211
33.95417657631003
-7.391348316463564
-18.479311533443365
-15.989879642967708
23.474318498586054
-4.499150551889784
-19.191062321435997
2.19867082150688
0.9269227189845424
0.3980693359178531
32.33643679605882
-39.30050365284171
2.085077261884976
16.290331661967002
-21.46510101808599
8.916262161744498
5.951838482630024
28.910722196458096
-32.17739907215605
-15.670197761458098
-38.57483499636669
34.40212629721532
-6.688993067061801
-31.637751392486507
38.7381070821649
39.898138471125776
17.81726745311539
24.921169985743177
72.07314566771231
19.066147770434213
16.65076535644323
4.50559400508962
26.200904207940766
-2.007502159726528
-8.455831677812057
-26.85942275031448
-34.46705601683482
10.57286321365541
19.5408838182841
1.26447396809192
6.72357035434527
77.85239020525682
9.370474025167482
15.24768147640168
17.27199186149062
9.652591625249327
-11.362700363716613
16.933670277563124
1.7239660919032076
8.185860096207193
-41.61176012649173
-104.94571349993772
10.149004321041502
31.04345031534569
40.83893246218906
-7.206119015331069
-34.910213835391346
20.501828744190902
39.52009854282187
-14.991396845662509
-14.639724913200212
-26.83189143883521
2.691926050570828
-6.1688566863724645
-29.074974894512707
-19.86143996206249
24.81411612969509
-13.045835982820677
36.08986251631222
16.142260319455318
-8.80629594758966
-58.89213249363024
33.13341621312202
15.420789683695602
-5.849149788721547
-6.457798347326957
-1.9178755910105565
-30.05315741782897
-23.40457589753225
8.267175446528995
27.7815981751462
-42.10088222512104
-3.350427928880208
25.222134264255715
-5.226212910916615
19.5913340844794
-5.053455626493928
-15.030309349147274
32.66330366240868
-2.514452563028158
-4.101511888986693
3.5177851495542427
25.523473049415657
-38.88824014201418
-14.479200548933136
43.54541817067616
27.430851379322576
18.5014051719196
-5.585811985145938
-70.23865633336186
-9.681628348105392
-4.962447079765411
61.118202534355305
15.08814334871238
9.749599756920134
38.04312801850767
-32.44438120789505
-0.3716432601622728
-18.605733734793603
-19.66482897151968
20.186750007165983
66.87809601099366
-39.90957450349936
-0.1537353593787429
21.43593542841552
13.890816536510329
29.32296576713418
10.636515285079668
25.05090337921752
13.208469438089082
-14.95287138779645
62.880849688279
-14.876405037470931
46.69421143232034
5.383029390005163
39.82149927939531
23.850584132964173
-39.17106827050259
-28.487716202740444
26.95064271853664
22.08546170884142
-2.4836645185899897
0.2514078949569693
3.499263752408865
-0.9953058640894596
1.0290821150398417
-19.8196192762083
14.698653433153597
-7.001349543200604
38.48406632974036
-12.123003772885228
-9.530261688424162
35.221423262644294
-37.53196003629648
14.47990270588707
48.91926080212704
10.088889908486747
43.00305830446405
18.500187414384527
-11.086746208945442
32.05016728017972
-17.503738964796298
5.301214198805383
1.4601405230158662
-25.27967542600595
10.130426300782004
-7.853756151408447
-15.994191130055128
-17.796046885125975
-15.024711735060691
15.15254153186163
9.835984713911104
24.000082762040503
-6.5254469157824815
-19.39441604050387
-13.812343666089076
-7.331554434649888
59.86617226441217
11.489108972370218
-34.57379542524086
-31.974092304405872
-36.60582252756137
10.871036067179716
-42.15134907777463
12.54835242160948
-0.8879497179058262
-5.032870123001658
-26.12070451809359
-32.61716128108162
-24.859984080191907
-40.84156411021877
45.47206016333655
-9.08406363880897
62.24973172866737
31.288212614056988
-7.147386963987856
-6.495360958469405
13.72190906159392
-53.06545477251075
29.58419134750534
-25.377508581844268
6.8952892655290725
11.462600824984063
-13.443267187193442
40.046398034507774
-14.589961795034696
30.07954408726914
-19.221295165407128
-32.57613985775947
63.76821216523717
-5.871995279281009
-25.83162963106372
-15.07021740665698
23.97103185743265
-33.30893740208376
-18.847490672827007
-35.26325593667843
-3.791408448936068
-31.827869491912907
11.126096783273852
-22.335671733912815
28.68226164005887
29.706799493069525
54.6023222451733
26.807506461090384
-15.032693535971475
-12.664106762030883
8.912205933418477
-9.857350110436755
-14.406683620325452
2.353387831989835
34.27085187797866
23.794239499578
12.135132348254842
-10.05288409756838
-37.75204790322925
-72.75524584003267
20.022191390247254
-14.637869351058612
57.645226497794056
-28.854341443341013
-10.648528292953984
14.463433721805814
25.45141222341465
9.05834561886843
-16.105965940620536
-19.5674850989501
-5.154339283371996
57.183885231669024
-41.19697103519877
35.359614537302946
14.058187503735894
35.07365981713792
-25.16985288679939
-15.080277238903932
-82.79254152362705
0.9903882194520292
9.09783257068068
-32.21027493972588
64.90120547584831
-19.425508790798403
34.00687450983753
7.940954148061678
4.001961505666827
1.5827134846811075
9.188329659033345
-14.828502369775263
-19.661654558886084
1.1124335331004431
43.864022889680655
15.02521646592595
-10.810652196743604
7.740909751107438
-25.50842687032764
22.684239792619906
-59.34699918786123
-37.63657932068077
-12.302972706204969
19.31420408612041
29.549356699105715
13.772392596975806
-17.197264312900984
-4.019524140297335
11.555767355811897
-18.988089963584912
-23.78244188917745
-28.316071566903474
-40.7905200276108
-16.717969936073473
51.22919311318708
-26.39019411044717
-50.01235310207903
-14.98960975489615
-19.46603731327309
51.978174201280126
46.41618750150417
-33.14802466069227
1.5833505915873047
-39.1579184989655
-34.57045899232446
7.531950246292695
-40.65180530668317
-13.637274970033786
13.410869249775146
-24.9047091073528
-28.7706197352386
2.3293275941246065
56.84649199234639
32.40022089055651
-52.27591223926254
4.0906567082626
-3.6908612564604937
-45.32669994814569
13.944103731327232
-25.03531524886148
4.577172061693091
-25.84093566515469
-3.049215914858337
-90.79852087314634
-10.99491801112606
45.30820099490734
19.475484834576832
-7.959991208722954
-54.51159780733804
-17.02186610240915
-2.07134476876331
3.1509827529180257
-17.632271459210415
25.185573647984143
-77.83133455526684
15.272824534316328
37.338503990797335
-35.80967077666719
-3.846216648993391
3.751294801267818
-19.769152997478614
41.128933674378686
-14.5670876491198
35.795060210248835
14.293771325524744
-18.610700092657567
2.124725479456856
-83.6265964074197
16.495113969340764
17.849754634358987
-12.465607466892152
33.41632859574099
-19.995039401851045
-31.73950145730396
0.5262498584443165
102.8924395060642
44.11334787688429
27.335211014084507
38.228159887475954
-7.448479137031086
-0.6496680414408047
-1.2173992744495763
33.79556290262917
8.943638372454188
-15.009886069196
33.152847636268234
9.243455745338792
-11.994080266229275
50.3129006324973
-47.344358354549286
-34.47004472533729
-34.356353685957515
-2.310414647826292
-35.680194291336875
51.82328133397175
-2.946827980164357
-37.16928313252152
-7.494887771782373
15.89216631638044
-18.789933183450444
-40.102204659892095
9.244599363633938
65.26884946644407
53.2514951957711
11.368131135668705
27.4664297062817
-13.748473213124612
-36.68334732312542
16.092447652600868
0.1082631215914489
-0.1276822520251244
52.11822242773724
28.726714878811777
15.351645856065602
39.886302474991794
14.056539850218885
48.03101767802696
-81.9722483222805
-25.989275744710994
-39.2133759186529
-52.83191256870544
-1.9041199645822644
-9.357355594951628
23.689509103659702
-69.26661690929302
23.18608793783551
-8.224219424941452
-17.69803458715171
-24.644680910417836
-3.7468203429107234
-25.700244491513445
25.728562266923745
30.994202057781763
-2.6887251608743554
-10.782031315784025
41.83225613965101
-44.38528602218855
18.1882264819576
-6.885078585066594
-8.933497012393673
-17.46637757543317
-33.91758587928234
-10.635656450411602
9.136791554793264
12.342145516934464
-28.533182766636628
-54.77222453931586
-32.83351020145528
39.474955782331335
27.27197874867329
-36.23313342683253
28.82947582255656
-19.95792322271052
-13.611828281647718
-6.82805987234849
-25.78421686947865
1.8003065522924544
-1.6004402958471928
43.936817831860026
14.33472115431448
-0.2367321547239953
-39.237303124641926
-10.031885787978013
-8.460158754416966
5.753058603108457
6.355732316422291
-29.99620828581453
29.694184181577725
1.7758067240773698
-45.945392281042245
-13.502389247949964
-2.335167841103157
-46.29379922323619
-18.610802699537544
-20.07469621716109
23.190180996035902
-36.80302022839942
-14.81628042771888
-0.913675376781157
-19.04503430019417
-4.534270511073714
5.954852662926328
-3.4335839207460594
31.486432245477545
-44.30352677228848
30.654904385091072
16.06016435000265
29.884391981507747
40.88568915402834
7.316379002521671
-18.75443798976892
22.73300756911885
7.291434330493757
-9.211557578309112
-5.025481983847953
45.28258793291309
14.772954861303331
49.52317285443962
12.88289111101335
35.35284219991252
-12.889081602543683
5.562971233478606
-19.288174138672048
6.347377162540738
-5.770292931980862
-9.78230198052472
46.987185170719385
47.16500004157047
20.937743579688004
-3.821397749202333
-23.153694843146127
-20.47117986683668
3.360679630607251
20.932012531409896
0.925255191473525
-44.30909328175301
-37.31563876896519
-9.637580906398398
-93.28490195144434
31.28765648861156
-13.382991418474376
-34.650703388912575
4.640263864095687
53.545864501766346
30.260742594249564
31.324502711818468
21.88391308607015
16.694987509557563
28.2940251367678
-1.4818408500367468
-48.90981938319362
0.9202217709472508
34.87475538219837
7.799489727261516
8.438879270447273
26.18991758184734
61.9219376813752
26.36489102765313
15.447394522758032
8.923816204111176
-16.797954190350538
-1.2036698796513292
-8.159073478168352
-1.8946842831466029
-6.272906863551384
-9.721879923730285
61.54243380166747
10.045153476202358
-1.7265413655344446
29.901112970643226
-13.339003160919106
2.537220738265773
9.799940714006084
-14.717880317445292
-39.191417906423794
17.6748956542491
28.779339744213075
-6.550423350446749
24.757259970089308
21.39931234439973
44.717680294624415
34.84619789625924
-9.443368916334066
57.51475511682327
5.624285991928673
-17.684469653691167
28.07774669098956
-77.61565227123481
-6.110875414001043
-29.176470313080472
20.16406659895631
33.165778871319844
1.1191322626560805
-1.717537922925544
-20.986969965590788
-18.033209419381592
-22.673388377785045
59.42598067886286
-2.879051064191117
0.6760464447922914
-19.54454191871912
41.504490073839975
-4.128744278615272
1.2020407261089758
32.178770874081124
-22.238146805916926
41.54979941960596
23.59896305934285
-21.095935102417457
-24.07354362991396
44.21518905639061
-22.22765748888833
-6.740135906155274
-27.546365517493427
2.5461736744496197
36.66321828214996
11.374464581964276
43.64187952511986
22.386976347127643
-18.4556044344356
-21.602841230182207
-11.28469772231449
33.19425593320841
-2.9150914523802385
