averaged_values
9.51593121944461
-8.222144006736926
0.48943866445915774
33.90265337400342
-12.63394291356235
3.2182154804322636
-6.722110798596987
-26.72730537825555
-11.974554359097965
-51.085656927200034
2.873308885435108
-25.274348803359317
-22.17561440389545
13.40974732304312
17.38812962763768
14.09316910727648
-16.57135939480213
2.7159774460888
-23.44779333309998
-20.172240077918104
12.558921474097588
-31.69364227339247
-28.406078387604794
-29.87065179002093
14.608777625951916
-20.40736538587953
20.280156584252833
-27.007444447401213
1.286227749864338
18.853550611718674
16.04014461899351
-16.478987840040645
-20.320251209304843
3.957033743368811
-24.48715193933458
-19.215012030756043
-6.994044963823399
-3.425660546359723
-38.4561943257213
-25.314751842728583
42.449661745282356
-12.314934244321194
-16.36842272947979
-3.9214157665264793
12.485256092317286
-32.253327141166665
20.938557503948687
1.780839668426779
-31.596844271531154
-12.813808189908741
10.187527658265026
-12.147891644213814
-17.46834999755083
7.4345759401549
13.32302745006018
-26.000707824670826
2.100170396362955
11.562155732142855
15.159044799933326
9.52957705418521
43.26086004762328
13.824118401884334
-5.272811407099653
11.057207803882193
6.19033500833757
-4.106337348741363
-21.694424655630428
-2.460612572962418
-3.7547641478304286
24.9972397392703
1.6435393756255507
15.583841891937482
1.9972236111934762
4.712811237812275
-9.642948717431864
-21.682938450096117
-10.745157890487462
41.651406463744934
-24.693116598900815
-11.135537148773437
6.276635707661626
0.7701349097624188
-51.184462340977916
4.007715855266724
20.990279696874495
-17.476741022299393
14.633969040944066
-21.928278831153875
-6.290520865026338
-12.646539608351304
22.337022457344574
18.4156982190907
-19.24659828426229
1.7096001344543765
10.32596147829463
-10.539365954886307
-9.08523125523061
27.37278244784102
3.235594617886818
-8.071423596520619
22.84385016532906
-3.733254804436001
22.33085914520052
15.779283504620253
42.91006534134067
-14.76624513767456
8.263371974011534
-1.0998646543885113
-3.9363495863508433
4.006937229409232
3.3109251531132036
36.04335292307951
-6.570351693269913
19.734443329332862
29.51557422427868
32.96308628631232
-38.52475013606454
-10.332102513508287
11.57011917046475
0.46095718800643226
-6.822080443249434
2.128261938065407
2.575814231444383
2.3688445198349655
-55.441251271891815
-3.841454615801922
22.046331420984643
-4.900114203461271
7.833262905776792
20.494024708845245
5.868684067922004
44.372545492275094
-1.6435756735590985
12.355093230071361
38.905773949212744
-36.05544656670827
-40.92470120755752
-10.275386811183125
-30.519909556140192
2.3656963126850314
2.8291172599274432
-12.064128999780223
-29.76084862704738
2.517241925575945
4.086548695173406
-43.45675269734784
-19.439779938897118
10.871449889746145
-54.47475475743704
-14.3353245261751
3.09915646493755
7.933983952185372
0.4752087887754892
-19.80321433444624
-46.257995413805475
-0.3233370607631514
-1.0309886850300245
-19.693466897580947
-2.947538490538136
-12.943796965948422
-23.553123100915403
-0.4094022038989351
-10.701829236611957
-18.001808871791578
18.523606842703884
-48.943945987615734
-34.46702835748874
-20.079085979479714
-22.980233238777146
11.543136213222168
9.168349533108994
-17.57931909231411
8.57994043972576
-32.96050007760641
4.913803388291854
11.766032810424804
-13.520960077556083
-4.510114432530827
35.13784350640344
-11.399754509438935
0.6815639988344628
-9.29994366747269
-7.22933784925408
-8.86546492659545
-9.112518481269944
12.934582130976196
-20.62538167418097
-8.42711581558251
27.227739032714453
-22.40836155386205
12.49080342968955
-39.15027575019485
-16.259606831088604
-10.273430311710399
-19.51494464663847
-29.59995189620531
2.7993814334186027
13.121691552631091
9.825246102795063
2.6023705310653895
2.286244121292839
-6.607093255086511
2.2286049023387022
-3.681882649936597
-23.843865561917482
-15.510357871629822
19.380237490855507
9.059745030477643
-19.210172794577375
7.543629311709083
-21.112130104018433
-4.964863288769266
22.7495262541197
10.623264942129026
-33.85788228853198
12.971081021387363
-2.7903901265672175
51.51261464950221
-19.541450462616922
-20.90830659128551
-10.447235195126268
4.884144638592261
-22.36949915716832
-1.9795956488596853
-26.553981396391464
-11.846489911011304
8.106271352364274
-7.173622501213686
-15.71171203697304
21.65839116285497
-20.605544618083513
-12.528715336127789
12.376607948091987
4.39928939424135
9.01503068227612
-19.232375763320306
32.70573875501577
-11.560281622500042
-12.395922745730786
18.227843605956878
-5.472690374503146
4.626650306636293
29.247843034754624
-24.413689222827088
44.32377010121854
-14.76052751064708
40.15817526994215
67.4984937323461
-33.33840288435749
18.208064533639117
-34.22870165261702
-3.6480330430786125
-7.6814944510988425
22.34514675218088
-4.988739692940726
0.8470442850739346
-42.677879378738
13.07756283139315
19.021857613770408
-24.23486760196829
29.791984078241512
3.738078018563101
11.034218867804157
6.555360787533573
-15.250566190370591
-0.38658879994181916
-35.79222555121669
6.146714912763855
-23.586107270937646
-13.189162927257712
2.6709339578592335
-13.685344845551299
-5.377070005459244
10.59442664629023
1.3355739077087494
-32.90968581766356
2.745799421762058
3.9034400651289616
-20.87639678906271
-4.0281176732241875
22.569476683347602
-0.1653830862196628
-58.900176384850056
5.442099412917742
-26.14615595410578
7.890057784999954
10.27657907671528
10.911905157685396
-20.277467145002447
13.280646435574454
-24.544381331004843
-9.940592048842518
-6.503654565472971
5.417274894229195
-6.065276112509309
23.0975605842832
-14.899325310376298
30.166667439290904
-7.942433716743835
-2.3803351122769527
26.61866556802852
11.640503638183873
-4.648576262414281
44.46412686997064
-6.106512605510943
8.542864742783422
-5.775696165539557
-0.030529973708326004
-8.833449590048986
-13.96610582624271
-3.2446249478089157
-26.955912869918393
11.84565750877664
-35.223214571109565
15.616977659294207
7.144168886152329
-23.42121408523235
-0.3316479353234172
7.815671314368956
7.828801370844303
8.501235622898093
-21.119469785757246
16.252311659249244
-2.71935377837508
-49.839818976208335
-7.07620916338783
21.028436961780244
5.463957979154657
-33.00770582813857
-14.103551261665416
-5.354315485485131
-1.545310827466892
-47.587902346029296
3.909824848808057
-20.72913192296255
-26.41446985285438
5.033580986411835
12.49120459567348
20.72392716097238
15.750716540569556
-9.919199856740306
23.265104606034583
-0.6660707408227609
0.8273821898619647
-5.377221187234682
-43.35788250849146
-30.428544073874946
1.912692809542932
-2.1332308907149127
17.41267027924914
19.275880104265525
8.565513462235685
-12.299694681052642
-3.2479166402481496
37.92624101926776
-25.713030038401484
-31.327046707374393
8.670806973575964
28.821022102049028
2.0449455561029026
-24.934872194753552
8.142811712132243
32.258443225837254
13.082869802150526
1.8832878089888254
5.9466735864043585
-0.75399557097262
13.619375369889895
7.883456981173367
-25.354048642577254
6.595809296333755
7.009707140983664
-20.260724963263783
32.349789981904905
-3.396814094034198
18.799502854926686
30.167079838036443
1.7603917633896344
-6.025091818984947
-37.67636560108804
-23.91306992319005
-4.380228795795119
4.2343240063564735
27.864262685223366
-5.290709829809202
1.2095035392194404
2.62735834401974
-26.80281134901452
1.427268367566285
-1.002507072968001
-9.676580970859504
2.537025774741778
-1.7256114985211752
40.46756502641074
-38.50254973518895
-13.756694362629789
13.073333247542903
-17.57895847918553
0.944373642472783
-30.939879368706897
41.796887408869225
16.83210342822713
1.2640241734188749
21.542280090681743
-25.265420225128764
-24.38566149160033
4.968605497662793
9.443489768789732
7.632274862597114
-2.959637662723253
40.75889932316204
2.6727488086471567
-0.6507652795698958
-1.2123943761034752
-6.364696737451595
-15.25263916075346
-6.099586872289366
-48.06522629845131
15.542690591624705
-2.3884909633998177
-1.466373837291031
3.6132583953876756
-30.95389849219646
-35.50769878862775
-16.752786610799376
7.731121856952086
15.505385530908825
-39.25106692526606
-32.3131477504503
-22.381572866848728
-7.183268138134736
10.205235725952662
-20.26841573276033
-8.98633052520745
-30.389330371661345
8.685964627045905
-24.173353025755205
9.484705660994223
-0.23907061004138092
-19.50818062532926
-8.761386398269678
-0.9726382002627361
-7.829136951033433
-34.51550974514976
-23.56044834813656
7.133073664350377
-3.7500093052658485
24.62203405105538
11.741277351175086
17.0363405518292
8.528917408002599
15.528071225053282
-13.205285659983929
-24.442581818868348
-11.899449551383443
17.592901287673158
-6.6425074261205745
6.950652651481505
1.5060122791328467
4.456611060362775
2.5230852212189347
7.45228327489167
8.67799741143972
23.87128402305825
-0.9917264357354725
9.292173300498689
-20.123292985197622
-1.4709434158867225
7.8827842963073635
24.702583392521774
-27.151327239982493
-40.700546037594904
1.5485032631404465
-2.1129725337959826
-6.218980627309065
13.52549825621827
-34.790513982472476
20.521261960820993
-9.559758695060736
27.005171064920432
11.480377421947196
-14.845828970646835
25.93380127774435
-4.6309200097675784
-1.305184385200846
1.9710955600530724
-9.942545684396464
-1.2189242698295857
10.121222128633235
-5.812109026184771
0.612962331273593
-7.146810207923409
2.7841124040278373
5.039060396011337
-40.17486550524336
-26.32712742840522
-1.685979698842857
20.73248905645596
1.217458358456497
32.87251640294562
-3.6753136147526675
6.994411693987786
20.67518976064457
4.70328365588648
11.831266390450764
-12.263204532064265
-14.662788578374602
-10.03693604307773
20.006340492931486
-39.44334005659039
-21.04743443748157
16.143039915572444
-2.1675100474676583
2.023735997005133
-1.4702848997039837
19.919060384694603
-23.737642694242822
-5.004215479406412
8.106549336691387
10.440908153890632
27.21646594753838
-19.763108003498928
-25.88947234484658
14.638840238781995
-38.47195479222137
-2.119691630381567
16.72926123637444
-8.140895595970505
-31.287129510194063
-4.218128393651568
6.32210141755786
-17.06347274599102
-4.567068405805912
-10.664706557174213
15.287601849471685
3.618964822322596
5.660271878252388
3.382438282467774
9.218876362341689
22.15761720619048
-27.982283919329348
20.145290652224503
17.06443767757446
-7.441088873289118
-27.836709413437347
-6.546548295460525
-10.494391956322943
18.854477001645137
7.970669152986375
-24.380585554979916
-7.96382551600982
-3.2368892269732896
13.870484308441519
3.8439996549859643
-3.7119196506173466
-4.369503679663467
7.839979424228658
-2.019935012132919
54.705423486142536
-9.557014191290364
-31.91817113706202
-6.179659612200339
-46.0008032567639
3.476715656608576
21.392682957070065
-21.955036802093673
11.48158137804421
-13.640942848636769
6.7584926526251365
3.2297948260893463
3.5009798016471905
-33.36415453191148
0.23828572874481324
-16.953260153357405
-25.164827908294683
1.1443851060321322
-6.075985414805473
0.4388588997244367
-34.88603984187648
24.095449696687865
33.373649605942774
1.3536662086189608
8.327323147925199
28.999112885110662
0.9891843509831233
16.023439147706085
14.77358150159125
20.688387317066372
33.1224539223258
7.330180862700217
10.185505713219754
24.425265540761757
-18.07066197124368
16.31606871067197
-22.043767045804998
24.273969992340426
7.303680075026932
-21.28799131856067
18.227940042328555
-12.790893942277762
-29.36375282613153
44.320077407508506
-8.007263726409292
17.650837369765213
-9.80915841703245
0.5792300879111278
4.9610618387087015
0.42957712079078203
-22.3292168884509
-13.424149795093399
-25.06122819610755
19.05332460680802
5.456171198718948
-11.77026724836469
-16.829971041399403
-11.498202075992594
15.298339878369006
11.107412074481545
-12.0348591668735
-9.766891747109185
-16.387082853172615
-35.19045576355711
-14.700212948220724
31.438095265817537
-21.272610558953602
38.81837952810747
8.311756747105392
28.788537793952855
44.2126784883003
2.5018624373478815
-15.986955900429166
-12.140098372510694
-44.50161862918321
-13.56784032782889
-30.481758231137064
4.612929210081347
-2.017130353146058
3.1676170694918255
-10.390322469327657
45.26656608226767
-22.91691330879985
32.532422857242636
37.69346564312582
-0.39600532694021234
7.2637778714779415
3.5165501314404537
10.49440195664647
0.13427302054333268
-4.703811608269461
31.70278143791802
-31.283947472089494
-4.709373183330172
-44.42272624200996
-14.717782428982902
13.625577365499339
3.6828764147430775
-23.406183818238787
-48.08719545531494
-16.102951572342135
48.32202193266858
3.150891742676322
-15.059827568322362
17.48477229463606
-7.735818274944904
6.764014419983141
-22.713849972904427
6.174537619037437
6.6392429645347875
-12.359338583482895
-9.365055739224772
38.15957574592903
14.071131425764179
13.496926652594995
26.24126914673252
30.785932251594204
-17.822712023058557
-16.603485426188854
21.10918213493278
1.848208653187612
14.866591665879241
-26.0804560349643
7.4113998161192285
-6.330389822920552
-37.29914796069352
-7.913008727082342
-25.98370121953485
23.083545549750852
8.201071610994404
-30.929803870494652
15.65719215934223
12.356840158659907
0.03082916745916009
-9.257646104320884
-7.398742494842736
10.111850481960573
3.36314242118533
23.62442565883248
-15.958050471715978
11.805184317010571
-7.002109200460836
23.702498537051724
-28.10108961313381
-0.5544510980398629
-27.941679079885944
-5.214726361547946
-16.9406326689641
-10.03104760957649
-14.760043025191408
-16.385732223367086
-55.51637058102642
16.19003010079905
-4.5630790207360405
-21.733772623432742
-3.1949562580994098
6.313216738344636
-3.5125500937574543
-18.68947547939024
-31.393000647403824
-0.1219743782421574
-56.48259151141974
-12.924166073040396
34.7363703824667
-0.3110847360585467
-14.034229494340252
-23.524058673661784
4.574917113350239
-12.553265530994395
-10.47393622265372
-13.977305623033317
54.521792835745146
18.95074755146925
38.092715591861634
-0.3391717819540645
16.448377313892706
-2.016653977741953
-33.82550094243925
-33.61999628999911
-3.7721511728159385
9.603594693558989
12.225822462918586
2.24512745453103
16.98391910094506
-8.51575529803813
-11.675784300816304
-28.547245555768313
-4.247100911627057
-15.389656403029221
-48.60889317349938
2.520055735432834
-17.92329065722879
-1.1591354471311206
-30.43150014919229
-13.866446870350046
7.887780072400346
-25.816219257329067
-10.73014414573845
-36.72306668991223
15.61641664581839
34.44365934427333
9.107622292882297
19.46727507640753
24.354296364355832
14.682886535680154
-26.527171209185326
40.40722984012973
-1.59528496315761
-8.188873048689857
-23.700594697562337
3.387223968427861
20.918713127546653
43.02091722537443
9.584231765926233
-10.259434206047445
-54.96433930126659
-33.3314704282966
3.828205338519183
-8.243935556762155
-15.584459468780553
0.7888312233553734
-21.67215862689045
15.998176898923703
7.1601111122145085
30.850421823895886
-25.34002364995831
19.970611901357188
1.718740691903804
9.988771218020702
-11.158473114883236
44.37037656728353
-35.58474665036192
-4.687944605735538
-15.602700532239396
19.857445729416213
25.101068425552512
-0.16048826411133632
-22.971686741890153
-28.775440555844398
-4.143672657606658
2.550419798877556
37.82000497617264
1.020196177625621
-25.14592498775164
3.883501296506438
4.134632588989916
9.676705149642657
-17.766618110348645
14.602882591469097
-0.6504713253234513
-28.495662655950582
5.823926743774791
8.459612125217973
-2.5098285768035566
-9.54282726321253
-23.90176649015484
-0.9472701084014261
-5.778345384271233
30.312738131797232
-21.39782568121882
-15.069143408501986
29.57647731621546
29.094251103073475
-3.85419409370661
6.004099956568098
-7.926187181525165
19.001855259324657
-27.087812660756754
-33.509619130170904
11.039470901407185
-24.98442455784243
1.4858668672095519
-7.9396982360995025
25.83663155357499
26.656463451319723
5.9357702468914795
-24.0578111455834
-4.824638608333771
-5.390930757828755
3.2096853172333795
21.06768572938745
-18.288568764925003
-4.07446271860681
-12.179897556925425
3.7210039430647157
4.940760563200455
-2.1000804213108495
11.257593379312311
-8.024966858443804
-0.4055228461220395
6.781222004181472
13.798786296421895
41.94496966675797
33.10107247240376
-5.213345631673292
2.9351420779785258
6.500261859931925
13.425269617306183
20.153715292413835
-10.662285884631274
6.50555523949879
11.667958324062056
28.220697426848346
2.159942387654155
0.7616840937262168
6.034320189326536
22.52082337689353
-20.923618043321767
-1.4041534480784323
0.8458187141804955
-27.158116225393314
-9.04844628622959
-13.757388627891489
-4.5533619354100665
-1.111166817121557
3.2672629234511987
31.027205757862248
-5.1379620267034625
-28.976217779119906
-33.55441518391308
-20.681607150982018
14.860471917389077
3.197790495476511
32.166427284741076
-19.09177674514649
41.546540021277906
4.127228121360531
-1.787789535461343
-26.375626094231848
-13.778527837719594
-28.86223468782555
30.220568084667317
-17.307509072466928
2.1281720278057037
-5.3297528562980006
54.54685056429298
12.636334191527567
-35.81988608557003
-10.008072109063505
-10.689853260504606
6.071727663358615
-18.993434002026333
12.246208744225441
4.68640721666452
-19.619746288241004
40.56997461371066
30.97967228743073
-21.286366146741784
21.43556884440477
-5.07451850320649
47.78297709963226
-6.099410658876877
-7.460880985017865
26.327320428361418
-23.64369793178048
-13.661610830458812
12.016451743882499
-17.684757757990155
30.848722925155016
-8.130226789056906
-21.714042772102403
25.78042676322366
-21.826482144475452
-18.822339902893873
-43.58455516392132
-14.375210255901038
25.447159130868386
-22.52695983807644
8.497913470244384
-1.6067986818379723
2.921189369284548
10.006402928913301
41.65625863413152
-11.167969768983312
-6.193140500050504
20.043829614282004
14.504249482677551
22.143309313221835
16.474020845183986
11.653522646185593
-11.28372753498843
7.772886916878632
-11.013535253761802
15.182506527373334
-3.179786600812804
-32.87234156259365
25.398836423817556
9.809530454418564
18.99367419006012
-7.033041258153389
-36.73500707396306
43.342339468799764
-29.955116590812395
-11.255292897920299
-2.990521618659841
5.539726678201987
-14.052454208387644
26.148853441918618
29.57060456619365
-19.341437852177478
20.719185268164438
-5.988134570790862
25.56309290415811
0.6354304671840509
-19.37465503258136
-21.856803291186225
2.645159973872069
6.654704867229157
26.882260458325618
-9.017516822728794
19.346612782406737
18.006192410895892
-14.568016262855963
18.85340977134183
32.132983947885805
-26.754603607172612
-9.568970664884546
16.11949775654648
65.8640635790216
-0.9198678074681084
-25.214951961053885
21.16983488047117
-26.847937899692624
3.0266031421051593
21.1464832981801
6.549532276156242
-9.040973434384796
10.8874457427155
6.727171876533248
-26.359463744411187
-11.02855766376888
28.608530349949433
-13.79327879777702
-3.5043014523907914
-40.63680286527233
-23.179360086782253
0.7631010539917042
-5.250613674055785
12.611357411784411
5.312027268242673
-5.104114522975578
-8.786613463656977
-43.376662445953116
7.206512814584129
-8.964853272904293
7.700924613083771
-30.023558919972857
13.661296000151196
-28.355346253352764
-8.122426856294624
-8.689350455839303
9.988150144061365
20.462465386437543
-9.749753986143332
-17.41367554558383
2.9039528738649096
30.734339397546137
20.006162081626826
-8.840930424557882
3.4172982096715723
-9.198793954899884
-7.847026493451267
24.794114261574578
-22.13551984411606
31.302723911896464
-5.444446782115847
3.6485806026976206
7.390199437868432
-31.63634795058897
-12.696554447611561
17.10705829750077
35.16379877657164
16.625723152290448
38.27769546300988
29.065820152216475
8.412994540267391
-36.42633438880148
-4.958891205860709
-50.26461018121336
-34.8674482920178
-5.280303268023999
-13.62182543844392
-24.08636711158033
-39.603858549940924
-13.78198246165266
32.13482768472022
8.307994788257929
16.327135366766015
3.5125172032639966
-4.183602193501429
18.460243415436707
-13.645744515990373
-1.9901355502952356
24.087909754074644
6.483482988798642
-40.33276712206134
12.172374650312122
-21.00969004938088
-3.815195174298424
-15.75148310107761
8.096659735740104
47.10273259972746
-16.297951676824596
-24.990964730954147
-23.78630637069
9.601666443100838
-6.730312360072276
-5.918498403370904
-3.2979346052452456
-5.549273604454356
19.712817383915535
-2.168278503100737
21.277422050436144
-2.109595825735596
-10.268214805626485
-18.574508064404654
-23.96277611571713
32.22547106921411
-8.494128083897522
-31.738912243745293
4.969544448307715
0.7616382268315647
-25.699127618914645
5.427705256013724
-12.353257740651316
2.3169615474835155
24.83087896599318
0.7127391008107224
-30.71120931490441
0.25489028688753024
8.441055421324563
5.453631372831296
8.695813916187035
-2.182127702559228
20.189544979344646
-0.37143050203303574
6.2679957566579105
-22.793464739064802
-5.166140564979287
-10.66849168180488
11.663298057828797
-12.170384624339931
24.941042537342582
15.854777140179067
-4.250996445036435
-20.10767185971781
2.8219563804377685
-15.991136606266082
-23.30325049276871
-4.903727384262311
8.21081667780527
-8.846939265204128
33.84169569495134
-15.900702750644996
23.57916207163362
39.08432580464432
-12.74110462614044
-2.134658152674092
-20.365236367964826
-30.917010198609205
-21.594495655226638
-11.933467428694712
-13.502234969477286
12.850446144628222
-0.17742636518960356
12.44702994904219
-32.54210836618586
12.265789172401128
16.023049566036207
-11.793399602087447
-12.576880679684109
29.8386969017738
16.65945338957681
25.487942917337932
0.3782411565625806
20.08387597053661
2.6121964254562045
-7.36547021586739
-14.960431377970963
28.577932264386618
-1.4152356064732885
-14.212044965242967
-18.19094800496532
-4.948127568335622
-4.282717269721616
-2.3442967730370583
-5.076937044315854
20.420487553499697
7.678652292168408
-9.875292525677652
18.860699242868577
-15.181286350110895
-10.690202358920942
12.493229040846927
5.079862636805046
7.016311365747242
4.382673371961573
-9.13743065512972
18.2891811439913
-20.048384958688985
7.101285469019785
-9.374618060806824
20.184132178721484
13.976565211582056
18.47242651731358
-3.485030136849673
32.568914684219635
43.25496157880116
-16.899347483667952
35.5665580976347
0.6679641275695756
17.55762961437722
28.248911995055096
3.1184169546395424
-20.337469500831503
-41.84157939982833
23.85986249972484
12.917347484384663
-13.861380975373322
-6.229050108740921
20.14745059913548
32.51032919237332
7.317318890549359
39.65266729763243
-49.72663561457739
-20.463839720599935
4.724806022742996
26.307882956658432
-2.647970414851443
1.6791723016940523
-9.442271497726324
-17.0801939900266
-12.472919710460701
-11.504225554075674
2.3996820395768736
-28.55282549162075
-28.871487622694985
-18.495281373601756
-23.058429142576642
8.338027912170219
51.4025434907162
-52.30222292261169
-1.8106867999740643
-4.484815444659034
28.25275253599102
9.584668413524923
29.01812576650991
-2.7576261694557616
5.664433386918973
-43.54080506294849
18.433143479807768
6.068887823261321
-18.75166957658803
-16.524316071459907
-11.083883369930845
27.114516490830283
1.4618578021036228
1.8879411689194967
-9.11631846970704
18.235274244711036
-10.22946367982513
-12.404150556831155
15.703692134455196
16.756792676751502
-29.338342811111943
-10.80637030761136
21.275979450518207
-54.901127425415325
9.772879845877469
-13.635668246839487
-21.168461972556543
-15.9451531656523
-26.939811520620424
11.819381908106152
-12.717694251041394
32.8744184748648
-28.760953378514387
-11.650506581674565
43.412615575238306
-14.017707682796754
-70.11298007560254
-0.6346992869803216
9.681813369352312
-27.698073714083876
-29.504385019761685
-13.861126131203491
6.869510499294847
-0.25593543329887325
-5.210113415210798
24.729312960575044
10.842563150530623
-7.229796197665564
47.40513669023494
-7.007478100029402
5.190358301435481
-24.873135234702204
-15.667886686613201
13.54286144197249
-10.34214181680727
-1.490841714112321
7.737231737701222
13.459661303160829
-15.897634911394562
-1.8171687019785168
11.63011065190949
-7.612956236618629
49.13886939798249
-11.52304862841993
29.269301774416817
13.491369383045821
-8.060185700691363
-17.24440458406025
32.78913904842193
-10.77728020268114
42.41799623306724
7.573883113291231
-4.17654215744551
60.924435717679444
3.4648423081744113
-43.88378696583095
-9.23427345140226
-2.600508178729797
6.6288877162733115
-10.466853806334257
-6.501159823368653
-19.49066858930746
12.311553158593597
-18.311471019304008
15.945208302327956
-5.461375261147623
-4.430675919276837
-19.005381708906498
-5.77051435013709
-13.47441112609522
6.912718752282672
17.894870276591973
1.6180182340322062
-18.034475547028705
13.3010266492347
30.687749181728577
31.775317524225102
16.99295297457138
-12.064658196504752
13.926091841771267
16.813946006375772
-13.317241028591525
-18.03977658988879
10.111560758872656
-5.908817772644397
6.3835156926943455
-8.628404192451853
-1.778170594428957
-10.302841398501187
1.5337797295942437
-8.333217155632155
-1.9888311846807483
-2.630818154437293
3.9589065601176117
-13.470751718021347
6.912881704818574
19.335364456346724
-17.60223700786446
-4.5435874359172885
-44.71281250028551
-9.799099306255812
11.662272558147379
-19.505981464222714
-32.988116334425285
-21.734686435178446
27.212717375412467
21.80290004199196
2.706632527668262
-35.40072399060591
22.787259399119648
-31.251247783293366
-5.070168855789234
-8.293537770601688
-29.579078092319836
2.7539493648000644
-31.81383314394043
-22.432925659653847
-19.25514247519459
-0.4204143640527036
-12.761156813547132
5.286286931434006
-5.182537558037438
21.631437589676352
8.505491938827618
33.75572602258762
-11.5662635757908
-13.218397834643838
-27.232727036178403
15.312136157692294
37.92842266990192
-5.555101074940467
32.23372390661098
7.441065812250599
5.1636611427602475
-49.74463858114905
-37.355181794511736
0.21046230993670179
14.24556152086734
-13.831103130884003
-10.141038646237575
25.617806994159764
16.144096268108115
29.964648759094416
5.418513612050447
-9.360190563849756
21.133232524654886
-8.17642628975591
-1.8955498820796493
25.308386313176015
25.377530517595005
-24.136926834144106
37.54513034005504
40.695984851481626
-10.640150337734667
7.248792369027797
-2.2328926025293185
22.737643599524745
-32.958900182842626
10.402248700520431
-18.975557244841184
-20.138321166363312
11.07122662839538
-4.580784122204932
-3.934332172757422
-26.336935638631985
34.54180983635888
18.758483253390295
10.011759864224587
31.064830366551178
5.740036559174769
-36.45357692966354
2.1847234645174467
-17.429457530219224
0.8358762299758382
26.170507926974096
0.7590063238967562
32.550371442208416
-34.94292521724128
-31.70237806541263
3.3252324820350623
15.608156140500796
-26.12133766453917
17.03639840814867
-25.558193772361847
4.275149447712465
18.979609637754038
2.24072427709325
11.441552806609252
43.10068568921997
17.54301498816494
0.519171674764948
0.48797856258170214
1.0109525910083912
-10.99466634937562
24.507511370284192
17.325596991817296
-9.43359607939783
-1.0296830297229462
1.135552108695265
-36.61970552300045
-11.84371984336758
34.68860135570867
15.289423489768524
30.048784028025693
10.042143757586018
-32.68230323331227
-36.18902938190149
24.908866423065774
-46.18316081157536
28.124781961741974
4.023997343618248
-9.328919131323346
20.98754206126614
-9.776600085213431
33.28272243932588
-33.92466363150015
-4.003133276273729
1.8786812698526774
19.914928297512233
-8.728890623213374
3.0573495760327205
3.502045379529591
15.220487341815897
-30.05639012370375
33.36052941199159
4.295807921036612
-9.582541928582941
-7.497454361830023
-10.574765289951756
-3.486337195659871
25.017853658035165
-15.6707539147028
-22.388527909919503
9.704675061359012
-7.758164528124325
-5.540643096406711
-14.516691377197276
10.284293307595362
-5.809208542239503
-22.079560897764168
-8.28685292469163
-7.313133249306703
10.320329865207896
-1.7540451652166666
18.051897716031817
-13.993536303831206
-29.284434150817106
-9.423319339119189
11.634820100465731
-3.0553652022063034
-9.825478447659407
1.8000073972798418
2.4231813662627246
-14.463242048135726
9.526408776313474
0.16228581613540904
2.3473497291488457
4.757864203980716
12.707798110976
1.0678081834485056
-7.270888488244963
27.86662450098811
-5.440827295846248
-4.443436649446085
-5.078678632329684
5.759951448344509
-27.143440020969138
21.277784580561274
-4.233456225083501
15.71261535359372
8.318788540331298
-11.750918876961805
0.6272050839324947
19.367391961306566
32.14303047723661
-6.147568017651793
15.079424324598222
-14.483202274263022
23.70272719496279
-17.321529700551764
2.5583817686638213
-24.408498548262287
-23.683848324915743
31.319862607888357
0.5293802649684949
-0.7398265074589294
14.104768020522897
27.716937607918226
-26.85562065365957
14.858758890768513
-29.718924346088897
-4.832481581979664
4.000185975120985
8.357645059542847
-20.05166692758212
-4.531196396907035
-9.238048006111057
14.196588852566492
-9.90385979320854
18.415664842817932
3.5193818495827145
37.33221095208137
15.657097638308187
32.01749071901577
17.345151380912284
20.71468758895935
25.327919428287714
-23.636644475351204
-11.773767260710883
8.439365078447736
32.98399434633029
24.25767328920483
27.168970197089948
-19.41296920521563
-4.165678699871933
-18.866709933659877
-16.634030579662067
64.01237933909579
-42.609283830919594
14.04747668125492
-8.670444890820363
16.618517968658125
16.008905779926863
-26.039213246986037
39.30512553053268
0.20102682056312915
-11.972153335664188
-25.79336475204036
-47.210041200618434
-4.052059573230508
-5.851139030593913
-21.042433384733158
10.318177672575985
16.502710823711823
5.042927985923598
28.59110703082115
28.153269277172512
29.052933469618438
7.266401647422754
-18.31218778774928
-3.0158247596118604
-30.800481214806496
-6.588901262090076
67.25860953687516
10.672484433773207
-31.48297308315523
-9.663013646772015
11.23428692741436
4.856062443701377
-10.383712856128113
17.416267521904956
-26.82507013369468
-4.43900094566925
11.445458262198372
-4.171751454647165
26.385595943611406
-14.742621641926235
-4.709627060641651
-17.070356129093852
-12.117877450407832
-21.128828538494417
-15.254558514869132
2.7346117577399127
-16.63822101779806
-30.891807011423225
-3.305061924373149
-13.218294241160038
10.567093836900312
-1.0831941191136139
-8.782141042131116
49.446394663347746
1.1332859084795928
-9.536320050945505
-34.22026048258704
24.177842759258056
5.720800607981801
14.914793399337215
-7.5389779828401515
20.456948250954156
14.992129298581858
-3.4317352680445765
-18.843604850684642
-31.07036277964653
-3.675915360399813
25.610244085357408
9.946142874206998
-17.238344328034145
18.438497815484876
27.48045465812902
-8.154990800350788
-2.6148873788915807
11.411763876341865
18.615362232289044
-16.710217369203747
21.75225269270595
29.21699278876622
17.047064299244084
14.177615770953707
-4.98455860059039
7.898834620988055
-3.765755942891701
0.9646179407573072
20.49495969122654
16.92548540011194
15.025926409478416
-6.627824858835083
12.028978306407225
31.59999943254661
12.984536741947522
-24.107050692633493
-23.148980159996427
-46.84469256042212
-31.616618698608363
-5.1506795036257245
-29.559764506309875
-33.13074868146214
6.466836210245674
-26.06222730830632
-22.511041387959267
-0.1383365414076252
12.000295408302918
-9.098064191639423
-25.138687429236597
-3.1620620113244513
-39.65501772824791
-25.830110554554267
-23.93905201447342
5.547455768843065
9.934386613378592
-21.567790365697874
-3.4433868068808806
-21.898201706120744
-31.214809681587212
-22.57434664388711
-8.034042656625388
-23.78936296930624
-41.76283541906014
-43.115148393619165
7.321262555160502
-8.859219672434847
26.36859182475746
10.872564285658882
-8.459027001299546
-8.440989061986329
-7.83778506644012
9.783547354367329
9.255255092386506
11.30589595202764
26.03297036277945
0.823485796150635
12.545060190030199
-16.357965346527635
4.064020500925835
-25.598956430127146
26.370425877772504
10.717791617804323
-3.8609218206693185
-11.641459859180031
-16.071637869848928
-17.77969779034902
28.576542148788576
-0.28735341643914586
-15.957251316962356
33.86343264043535
-30.23137335848878
15.608296358965163
37.12879787484417
19.01838831212808
6.766000673138478
-46.26340197890386
13.36741623031412
-8.380108300567372
4.75962629901187
-9.376439108760678
0.7010363650260842
9.624900546572462
32.22718751405773
33.18557736129878
17.645925062512106
-32.17291613268753
-14.58822743879864
24.416176138787705
6.896589816817141
23.324166607664665
18.7158215946547
18.633825125049043
-23.904467627151462
19.499806143328897
29.913502635798068
-9.871242333007103
-9.667228321406583
-9.622503151396813
-2.757664855089388
-10.147534247022122
-12.034958735632244
23.69319598241418
22.734606198770052
17.58643285186554
-26.947500188420236
14.119395148649346
-11.292859934052103
-6.245811947352195
1.8069007495578264
37.67103198452969
35.304563706944464
-5.476036907697562
15.914697367559711
-14.307518221088685
4.940697040830855
-29.801936745374405
13.516693152167136
46.153874877636554
37.80225672914821
-15.694701658132544
-8.385298913308361
7.964455719331454
-16.066751337755704
-7.590050712962693
6.837136216985527
17.82488313178328
-44.3415117355471
-27.303160430543358
9.911208947654814
-36.506234782478714
23.44391782076127
42.26815710643859
-8.013517894476536
19.115775415419193
19.100067299834336
9.086256777845847
-29.59972618627944
2.186533730797237
9.767117716226494
20.13160348511883
-6.8223497636427055
3.6126512746777735
34.97977906014421
17.226383522109245
-1.8521948217894533
-8.697506760065153
9.413980773140793
-9.50997227539483
-14.817118044513336
10.473097481226432
20.341268028409104
-13.537522798942518
-18.018980329659826
-34.6087338276775
12.272189873227035
7.678632249939255
-4.774226919616922
-16.247819377895212
0.1264137421239866
13.994785762690299
-6.341513258899795
-24.171574546940974
17.149130023623
22.695803284208523
34.57445126249513
-22.48724694023258
-5.629779816852533
10.118124618529691
-30.62971272249706
-12.734462060048827
-20.7341502635536
-14.1138235891558
-0.6770377881184686
33.079270958551206
1.8190651229087962
-15.33515604292188
-3.002612022333779
16.35272226422967
-10.126634678832488
-22.425328483652265
-31.63487791737134
-18.398320397587668
-5.934374428587034
5.693241980297898
2.5496897739794804
-8.210540733518428
-11.523919393395772
24.53863470632496
25.828302689798875
5.946341908114846
23.80428769851278
-13.151127836987145
22.451905236062885
3.5904903183036367
17.72850540648506
-25.418069395571365
22.72687858998688
20.173231003449473
0.42976511392043903
-18.973852074683236
-14.675439192753402
-1.2137724145140967
2.596588640684786
-20.233124882550328
-61.1320078431454
-0.4179382283182349
-35.96116729264031
-4.444495395022386
-52.41768686725118
-12.594918571718154
-14.499196846722043
13.488418461070978
34.594174422571086
13.511563799271244
-14.710782241134439
26.39120766762062
0.5688281582697527
4.964161995012546
-0.6050617696309928
-14.76011199275672
40.50876848088228
6.062595995368611
8.160034330619965
19.776854954718146
-12.529728935172898
8.151958517468302
-7.912235175645037
3.1767058211407857
-9.417084648208402
13.826949744026933
-10.296439062192803
4.968902590801008
22.331499064253876
-56.734151641241624
-12.89892049964692
27.179432010423625
0.10449445082485931
-9.42704975563538
29.79890187158162
29.22168663672346
22.3854885953333
-28.839428530685836
45.13928618682985
-2.902654370991513
0.599434885676601
25.754520990565652
12.467763310400189
-14.221348692066385
-28.454735997103853
-5.2584862481598975
15.793943772128841
-3.066672610701062
-12.42711475676333
-55.93038438798976
-15.208888325214502
-43.64536657043209
-22.386611423266004
-8.206392665117164
11.591990396365873
22.51300576259382
-24.907903764709772
10.07475145853823
23.648980230856978
-0.4846318779527792
-18.600132729683537
-9.456917185030761
26.890964285179507
-38.03329082086566
30.85494068094704
-14.022113498678664
-7.257136947227991
-29.963661112386035
-45.27445877325226
-30.184873912912735
-6.6016506625383045
27.685521316510858
39.64613574555551
17.78734277067269
-0.12093686043226629
-12.347975099692121
-43.866195597307524
50.56145830715832
10.90903388967854
19.004670393071137
31.67280855671561
-20.201475931709865
6.163378396231566
37.37611363780161
23.17000265941897
-24.15811867006414
-19.40733956646727
-4.068512730103975
-2.63169377916347
-15.018908829355496
-7.999931215570541
2.751234723466041
-35.1873326790228
-24.13530029485264
-20.672412431202247
3.835408128121344
13.15567045500211
-32.77127255080268
-7.106266663358838
31.079388247526367
-18.54382888755208
2.0794697632081807
-0.9801854173565516
38.25507658338756
-12.23438720809645
-32.084034955994866
30.06049240847642
6.039965506264707
-15.030020079982933
31.34997629297868
-21.821055505446566
-11.910879029135685
39.27241343197238
16.215972643723944
11.178507123098823
-26.73344861446094
17.362683174505946
10.596787925460376
12.983319301201846
3.9050114362325985
0.27323152479948476
25.50698823951825
27.429261784040136
-27.14101785729872
-18.412997587591235
-36.60076631762786
3.5146723587968154
18.34106986712868
-7.655388536302779
-12.161864928122668
25.559700338577386
-20.65644386981876
-4.2665271089208545
-1.4149555145704653
20.485147755032813
21.08788507476129
48.60914228799811
16.692619847446622
12.045196468665381
-10.341503508498135
11.520096852749703
-6.21390720349882
17.378903562843334
-17.201219103866606
-3.033174348951434
-26.40928361887927
14.70284606590576
39.722033586906036
-1.9851522317549097
7.02137293459964
13.983388497741544
8.05728888676822
-3.835771616795683
34.679371258287574
25.262210288768983
12.206646191603795
18.706700315335183
-13.927089303469984
11.166143723734422
-11.525445749866776
48.34420368356223
-33.07244657452247
30.77893661323469
15.365950062070624
-23.89589017293474
-6.505375513952458
23.147335396672133
14.928711255408416
-0.2238438221393153
-32.36935072554479
-24.827220291052072
-36.5274555579017
-12.153585093270522
-10.7807187356957
10.860966820415342
-1.9502726516293478
18.511343908663548
-31.000717962451745
-1.6049017810146324
17.18591667273722
