averaged_values
-21.219793298471984
-3.549953860500011
4.482488525377448
24.69067532370923
-17.787208912133508
0.0330479265506369
-34.279667531689256
-27.64497707471452
11.040992955836144
10.848344220496642
-18.263120479727093
32.2661077948232
-3.12379088975581
-14.42424250731375
3.494119121118501
10.511180912116004
8.487759737778958
37.08534685806399
-10.396630893508018
-38.90248158013878
21.38601183978659
1.6699313666240982
-2.589579224672036
-10.764646363648524
32.997946000608124
37.49332813778619
14.245968799342506
-65.9151592276462
11.296003033470583
-7.449578701418034
-35.80445573861533
32.52417469061476
7.594072404433291
-15.586344529015378
-12.371767351506378
18.266618742487765
11.446586909378084
-3.491372319147956
40.320123389027856
8.378542588829873
36.43585396880775
14.822500118324797
-41.2755817827038
6.6358921365942365
4.823481838679697
-60.203819749115496
6.383428922401151
-3.205926554554708
16.836414201115304
11.083783781592672
-7.2862269759621086
-24.19171150569412
38.137589700719786
2.591973301551036
27.840278741435213
27.31168457011273
45.82923313478864
26.00212542173585
-12.7649927388145
39.348605445896055
45.82229158109829
-41.28748866335724
-11.56948068013861
13.06370754200634
-10.338162100369118
-8.343200606430628
3.750349371265543
-20.74353616794957
-51.606471802538806
-67.85528285532803
41.56850524621029
13.6060538072187
-9.853654213195398
0.5768975725898713
-31.408206518838423
-12.126229043497176
-32.45248182124698
-22.4015622050502
-32.52807203757129
40.7282324172478
-27.97757951524983
16.088736540134335
18.06067941684671
21.28535540601939
25.980815124428037
22.697109928371617
28.366892230659573
64.00372583305273
-22.3223067618423
-7.800467851113183
1.062049055180239
9.773730762189302
-49.92376541978712
1.1892615577384618
-8.56031808660066
9.185769075443488
-5.20647785873598
-10.035796815935726
-14.878544894546394
0.9658761558225136
28.056226019054638
-49.48602904961905
39.64629467688508
-6.176411295522144
9.293612536544629
-3.7967449574442753
41.04650592422945
8.528244975915186
-14.020214121741446
16.339300105047073
-3.1204208722303406
-18.277854708767222
-0.4239115288054336
25.07940622729149
18.412841127141803
-22.352377434774382
-8.079084275532011
-31.985894594418085
-13.41718317463932
6.508709397434984
-27.681832324662253
-4.084616935388567
1.3193481818319697
-0.4827749516331892
10.09484388304378
50.062685388982
-5.618629576228727
9.98352550780993
50.85099984725503
35.639910022980416
18.21879660500423
-7.736836717097901
-3.9335374134429912
-17.201520362654435
31.261328184155104
19.754609669819786
-56.06473654030225
-47.32505379255764
-34.5569387035909
-7.848765665416806
15.405430198403051
-20.668070054169903
-16.943283920149554
12.566579232079787
7.492322261118431
6.985394307538854
53.2701658816851
-7.62052909198718
-36.22912194469183
42.4320654064648
-31.19926649777659
5.677753405860983
-25.86086077255817
-24.308870256015386
-34.00415888405547
-7.121339256564056
-28.13511627715377
-30.34710536287065
-26.736439960314726
21.07180278332873
-9.478759846458216
-28.231692586734766
-14.801980915382387
4.96464622512076
-18.075984161012627
4.954856348852729
5.177240842885169
36.08778726230463
24.92132629512253
2.330160501549358
-1.2253656453810322
-4.439318551527435
9.899481467683811
-14.090660447592484
40.20989203887808
21.59105323837366
-11.636897574457803
-22.179397141854167
58.02518470260566
-13.874589483289128
21.518591435302653
17.13407454065475
-26.233941214094955
-6.32067243086442
-4.089884245704013
20.21007061528877
23.95604082870949
9.920072897363925
10.202322602064784
-38.32385516239566
27.604242433987796
-43.12736363110804
16.911618225922496
-4.089318204685355
44.46721180267491
-16.3493995162529
-16.58567174484017
10.612617946861915
15.10361326165031
4.012849735109967
-19.264427836316543
-12.076859252820045
22.22912089573515
-3.7109340227074767
-20.14889301978764
-12.254126012998029
38.42720490341583
-3.84820248189601
-2.337661408143447
0.924878262674838
-1.6505900476464035
-8.184709166837592
-52.80468291402224
-0.2448597984313778
-22.368047932045613
9.332087265412213
-6.701158839948164
7.569865229061918
14.124618408628637
-18.40536488123604
-0.7981694021162866
-3.36291747652092
40.33905404748447
38.55116058181005
-56.49909665397939
-14.442875345247671
14.478303786791912
-0.4871585112154548
36.7486954161883
10.86543620101054
19.143033245475465
17.523860001828382
2.672414415559785
27.71850432814261
0.8413169546170707
-2.991375656503521
6.730013273569341
40.97507990971985
16.74628854167014
2.0280089332594
-11.587175107923883
16.73445285341745
-25.78222569480647
-8.176081822025367
1.1657643689685528
-9.76816463080968
42.21101329789849
60.922608397250656
-13.146611227163078
25.62143150017988
12.377679759994862
-28.152872154399347
-26.418720213800952
52.09797168527621
28.989542305569277
-14.93138143164333
11.176806265532662
63.90345071156759
-3.1415824585723726
17.884392736934274
18.362543464411655
-3.220668144119486
-36.27563852637854
33.82846846539661
6.922093798348499
-23.17906338169701
20.478804875513504
28.14395380352101
-1.2181779564062367
17.90249111921463
-72.1832243020009
24.155751159837223
57.56770939946142
22.89441862696964
19.52883827665039
-44.59040117983
-19.62081169999152
3.678543372300794
-29.1718775681461
41.16831505413848
14.279087148558348
24.1629648750872
35.629855533912234
18.06830155170149
-17.45656192839664
11.526747208646782
24.283956962888567
30.851556161439248
50.69484422218375
-6.9883744129522825
-36.50825239349723
33.90330161195487
7.018245228707315
23.62116093878302
-20.755024348773134
2.507807012763294
15.198916059999249
-15.776909529947376
24.63564953010257
-5.13001294985645
0.5298754392807723
39.78324760869742
-63.60327225386243
36.01212260269682
64.74983545606545
-26.23296492630197
-10.10347400098874
-4.079476521838899
5.527187160364576
19.16519031138864
-22.866478536825014
-1.33888020762447
52.56727074858338
34.09854123089747
-26.91846610027727
9.096337077077862
18.99436746950477
-15.67550194926713
-38.32144990780472
63.62843368385813
25.00424516533269
25.584515669977804
-25.497601371115763
16.32938397352592
-9.356597937145692
0.3766036443010989
8.89946345976415
-40.72597215524905
-9.326374641220752
-13.165304370196168
-25.302904613691737
-26.75862933967352
-57.65190269044558
31.887220270615277
-19.65535542881065
19.94909424628287
-64.50238820655477
-5.455332937973878
-28.814769841614748
-5.2628941037911545
-45.19772367886321
-17.368638238469202
-17.487763451954322
13.767100221494276
35.11732651735508
-46.080359419749016
-22.805097620542256
-24.40805773653983
18.955964216551536
-21.80599140855088
-5.892440032310333
36.40062956172864
1.6633557974424775
15.65922354336766
6.262716129241426
-16.618380757358295
-23.168714489192155
-2.874141045014312
-8.345237398941435
0.2033447254358975
16.359355577317046
-0.2275668816604934
-12.728426158683192
6.208533125117697
13.563637733424798
-49.19759181876498
-3.905128239240412
-30.964217548053227
14.47504704533202
-4.488508143375043
14.396390231158025
8.165886308602126
51.44502461132669
47.25404487423498
-27.840706862289156
-36.45523614247924
26.45827314224772
55.96891686445974
-4.332317762467596
-33.125863793342035
-48.15968911386239
3.3395324446555605
-25.73819154555696
3.7690098607827736
-19.141682497131114
-13.493066207304253
23.825747170491358
-25.10526980168862
33.7728891149232
-17.244099212213655
-16.70850097825945
-1.810923552100519
-2.7492061558319847
-19.230957989472017
24.61185694385904
14.839751446880598
-24.43312435777227
-2.4654828045572685
-15.850112636293431
-21.938307840174502
0.1977466573982269
20.571309955519663
17.161699088084447
2.267020309712109
-42.58253634144347
-3.609162812768147
-42.42118455957478
2.3417802766887803
-2.6739456676038458
-3.164588850138557
46.70027033608199
-11.198028159097872
42.58080164763305
-33.05025265897331
-4.499116912299371
-35.88716888911415
-9.743525419435116
-27.771281601171268
6.624881357240327
11.654094619970635
-66.86432864965343
40.7732605923548
-27.953662845281883
-49.63565490998241
-14.716556706240285
-7.521227959251064
32.15065482788344
-37.5968745857063
-16.157551765871233
-23.931976597854373
-1.9688145826119128
-28.65948569912632
9.12730249180521
37.94730928761811
-4.4794161046179966
-1.6034775628559714
-18.81590755547813
7.437534079904651
16.616821726678666
-59.56110434039096
-0.7074412981118599
-0.2784590464980283
0.7556010842451997
-38.72742064476546
-11.779290964742188
35.808772087993134
-23.16918619936854
1.3133911556716384
-22.12489746793761
-59.90674835565392
-14.409506855858922
73.03759944205109
9.47598922020211
-57.47708216561443
-28.85466985260757
22.6913640269176
-34.68292887102467
29.64251726446668
16.726513130893977
12.49920211871364
19.251934449968477
17.278650917324285
9.008326790879778
-13.948923300619017
-26.940568340072616
52.49010762186782
-5.027261228588827
-7.512690793116178
32.372861520516324
-32.25931559902426
10.565562326329824
9.079080408923176
-9.85035681143836
-13.27116451554366
-22.30155840912204
-5.514214034809299
27.637924217628665
-20.40234905545145
-25.05375556349219
8.480961204328366
23.94600479765404
20.407249935485822
-19.35341288328232
9.314684061175512
24.066676828524862
-17.32268416200776
15.574346746984531
22.084836929728624
-31.346527600351976
20.294142548595005
-0.25981288045989
7.783595963290566
10.306304712238044
-9.688705316797892
-57.11996769558931
-4.567516779819869
59.10884245897529
32.52637530144807
3.537257767937433
51.77085839286286
37.23607684338401
5.711416002192379
-4.9853264476068375
18.565245513008563
37.31428774653108
-4.023122527526709
-1.9288741310846265
16.597096033778655
-40.55234185107287
-46.57486618747214
-24.362117439786346
6.814369321777065
-11.711775856920552
22.374004956494844
7.43711601939907
35.866005221994726
0.2055867506203412
-32.97669500353902
-11.629879462298106
-15.39085902192727
2.295627152899783
24.750717847184603
-19.45117351724059
-6.399561621324324
15.283655174016417
-19.84736713968357
40.52812873260069
12.801474582451531
-12.163716433743277
22.00659816153029
15.011870615970397
25.907680544543663
-6.503908367225677
-45.41945168239266
52.25389943017143
47.93162587750408
-36.42444922319112
15.983738995449755
25.58178878026149
15.244444312022267
4.304308219001825
-2.3847171863327503
-11.908543831379063
-42.77431621540569
-12.762068871177178
3.937744616957332
-9.038963770933208
-15.960922270667028
41.93311907299807
27.584156438624063
-58.23585060307249
31.41046781742307
-6.729253825844978
21.514100093105867
-33.4326075685936
59.782817289610136
23.184613412169934
24.733810426309105
32.2810680181895
-22.16166030848632
-42.21456814363063
-19.628473040993924
-29.70503746873635
-26.053385962192465
56.16459854314877
9.253004876506624
26.92802799093585
42.30084091477801
-6.500590475389572
-21.756459462018825
-22.732045923149656
-4.2422870410630935
-29.993922799042423
4.106471522450192
14.271807987555178
-21.386670199622927
14.300070843411788
-21.493340604058744
3.6445786704064176
6.126036492599781
-16.29771523387103
4.004530701394003
11.10593991698829
11.424648903146306
-8.696392533758399
-13.868298451219571
7.4677758692834
-25.14215864991445
18.9187319192431
5.129831334387518
-3.950450603071317
2.0972602634552686
3.1277741906381493
19.03107467970642
41.92692925363633
3.7342534539760095
-9.74310874921315
-11.925111211023308
21.99077693268561
3.8552080599096143
-35.58520056641953
2.5288169874188497
7.136919352616076
41.5333034698732
37.86534901230863
31.514198686698705
17.641417603296475
-15.40452926135805
21.34339726519653
-26.88160383987463
-43.133268981579874
-24.081383471849392
-7.225942603686519
10.625235703338548
23.900756845608896
-45.305383069898994
-48.414747332754814
-0.3144544964071087
-60.789736515334766
-29.86849292715073
-13.97801293929291
33.92741104860113
40.17241184809211
-4.29454558397515
-4.80745030272243
20.683811030355685
-61.84848309334518
14.406333683121488
61.773926141898585
-37.329030115104445
15.516347105503314
29.197554390513236
-8.065207597749634
29.04228981246746
9.436123891961302
17.70444706267324
18.20918708150828
16.158767300981253
-0.5203345506814685
2.160616732939616
9.51184644570833
-18.634138445387464
-12.689390871380454
-13.336792579816745
27.116269762576565
-0.8406853581901146
51.72900282622231
-40.53915271083076
-10.52565987127764
18.99246873046434
-31.90584547070847
13.3072631349188
-5.002235004663191
-44.32392294697104
2.9925985151490977
-22.713051839530863
-9.453514421684588
-33.7865345307323
-18.28067600087417
6.734061620775776
13.405621291150569
28.926665265149666
28.392962863882246
-14.501690920330644
37.99542188934919
55.68944022706057
-11.940291319765493
-12.0519350920909
-30.28229533615689
-40.86448531729701
2.176939344086179
-7.760442073974048
18.963145186632172
-14.520143763337783
-16.069189136394527
-1.762025580998511
-37.8308323936368
55.60237565120008
-32.956341295629954
-23.05080377415726
14.252454484886186
4.595540224875151
13.618190064431587
-41.16060724414768
8.29391055905927
-25.044823714926167
8.377872675030233
39.92956833162839
-53.66903480339374
17.9978849411832
-19.61129377155873
-17.727250219529253
-0.9580415519066036
38.274063796439066
1.8484020573744715
-45.023713668451535
7.877164748148971
16.8626709938585
43.431616609158425
-31.24467770715961
-6.451239465810943
-14.122401101250034
-22.64329873761045
-36.16186702470589
3.854247410706933
1.967763993911376
17.735170405830672
-2.3677140510816344
-38.15540064718954
-22.711199939764583
8.47736935829954
-43.84810466976859
3.547856549138203
24.026508026492134
12.857993606309153
-10.11354030035926
15.502308036288582
-39.09551968747036
-41.490817850716496
6.569260579849356
-4.366205088359322
-34.065749327259084
-6.437493533838506
-40.392847658477365
-7.708998433284307
-27.553327231473418
-61.95465569026896
-0.5047559644100943
-24.631312408852807
11.326419258964336
4.097690544190471
2.1988868617271464
-1.8939037091037108
5.854265160930993
43.34226537364407
-24.437377702469743
-14.649905779262896
-22.58875382120442
78.63582128370922
13.67852222625976
2.604833544169651
59.474980116024255
11.362336664662337
39.97695569676205
-49.99309294065648
19.94676949389452
-17.778242878389165
16.780596452717816
-2.6577723302257823
0.5516868544370368
21.853507489759124
13.22733030154768
-5.139116282987118
-8.231722803667367
-53.49454193776518
-31.328449893400546
1.4946597862330009
-33.28473737868461
-28.971234835809696
60.59154618246589
8.518359127639428
-11.1775521303
-35.74352968501
12.07405734333372
-15.975582991837598
-27.614234078116795
-21.11387359859384
56.336571440489365
-6.369674420083584
37.46945324229483
4.5446076129037465
-4.829378358790109
-21.173511040596225
-68.07946232486506
17.163099979379695
18.670288309178773
-10.78188065806529
-35.14579517916343
37.6980702297862
-26.023255286605888
3.3313301975217087
-27.92041368597728
11.55508512582145
13.564439623312069
-13.568795687443298
11.219491426499872
5.831669404641957
-53.5568108580178
17.944990761306087
-19.10681063757897
-10.733039037841536
-1.7554893374985454
60.42844818340387
-19.985913842895
28.164402392147903
15.023121804260768
-10.55718809081884
-0.7942982881087914
-6.335154095537348
-22.374107285071545
19.170774264822853
-42.42118694122422
21.850950119175536
4.494951176711822
-35.801935561544724
-12.285721915278998
90.6567573059968
-15.17761333565278
38.07918000211527
26.97300850508748
-39.61599114402679
46.85140929160235
-58.72179990109572
-32.98748257850832
55.96033959159581
24.74606643949295
-16.03882662512183
-61.3046883692374
21.68793722441319
-2.5123932381637246
13.340287845519184
35.09285236231784
-3.465002059215351
-0.3597444460057204
9.550874913224789
24.28021906888773
-9.718886281335244
24.11752540896504
14.588446187752368
-10.593502907299351
-54.67281072861249
28.50249016875847
15.324738172644231
-1.4955925283878173
11.050801076199434
-1.6398604960374996
-26.22926807099293
-12.212735566424897
0.1797005523382608
-11.823768567560592
10.806182254252748
27.172661378445127
-60.19529308054808
53.51034806423303
25.96386542597236
-14.591322934584696
41.11267260441741
-8.888033164238607
-55.889045826637016
29.700568208693426
18.65791943177294
45.55230224789341
-11.85993167057228
1.9657000343305528
-3.0432059754687657
14.019147232414866
24.364158992564285
14.09770931921588
-24.67762942836606
36.95965556230851
12.90470003868944
-9.795185562208816
2.698444140726906
-0.5686369201633283
14.74226477056908
-5.712658009588267
21.790516087881315
15.185040974461629
16.926777165117244
-17.640126933544195
6.528361345146834
3.693098998085361
52.96689119340721
-54.46023307511956
-7.654265385916005
-7.336123001026124
-70.59020774578318
7.149030817666585
-25.711856908730567
-15.334659607145396
10.35883584687815
70.29668101923107
-13.93140980529813
-34.79218875245658
-21.014021746890933
8.586932711127815
1.2874975794871943
-26.543406941985157
21.72591708306072
-18.07438244249852
-2.989824434991931
-25.012207531908984
-11.14643859174862
33.77357113800116
17.964745935285976
-2.3665237323972974
-22.217073682932664
-23.69121024739576
-27.113022835753668
0.4925562257913043
-14.877167468300796
-13.28170624862247
-28.564084500769184
13.660886223814316
12.95061490797923
25.927246767765663
-22.95563023338906
16.266011909729173
26.60164317013709
24.368981439414483
51.84382175791757
-17.658944118608645
-30.71697880204596
-22.75933480702622
27.75146769819321
-0.3115748408450258
49.44971140894472
14.351118755464997
-21.455113191329133
19.6321556389932
-36.57931120610749
13.846547264148796
-41.14468956320644
-26.225359215602797
-1.3505932094001878
-11.173625057001914
11.542561748407138
-17.565455285648056
13.456849078311109
17.587573894061336
-14.305846577294687
3.1467163874231687
-38.45728847835295
-12.473831141775747
13.503457332728772
22.506950118947373
-0.1496574337967331
21.731972500961376
-16.368828298324274
24.35450948420987
-23.24739398720385
10.100925838270143
-8.258630555080629
-1.239845091817756
-26.02903678800891
39.23741596358974
-4.574774025293664
-65.0052234835398
2.5004514000638665
31.591890234600044
-47.77635346381527
-37.47043595304444
37.08136054314053
19.67949716898795
5.289940551388497
11.849386961373796
13.611435498930009
63.822941198763374
-9.954927865077536
-0.8489919903897203
29.379798172934954
3.719255728114376
-15.913125603460912
-7.638503518571156
-27.814465590660237
45.81239458967144
14.000238691968434
-14.605281149861128
35.98702538831941
15.554757012748324
8.217538280217525
40.458959772048445
-30.207283009180514
14.346314088859458
-12.815013893165826
27.979094347848104
26.204842886826725
53.74009549763224
-15.84592147053536
4.292086948961639
17.636683242091124
21.49698220261638
30.30549736408369
-20.850199647826518
-34.27814491752946
-27.47664542638296
-0.3469281149850758
-3.3553233138646874
-11.150118941371488
-11.11406739710162
8.695789480597853
-36.46696110561789
-27.079969879432557
13.683998339517927
-21.05892855950168
2.463684039350028
-7.67477887535955
42.20030873140775
17.55467252261849
-2.632237165243282
4.130150152386307
34.798200681272874
12.400223801966376
-4.363331176958695
62.92066605194367
-4.129638767840561
-37.30395756667224
-38.19652896380165
25.00324218020944
10.276671551337188
19.65158446008985
-7.359403958197106
-13.846459114583013
82.63805828449892
-14.872325645013689
41.77904409192371
-14.54601017848944
-4.842912071700482
33.011155530259146
-21.629958741781707
11.247499819504412
-33.39453420279369
-40.5073106904581
-34.55894633220106
9.73791828199387
-52.74996997339685
-36.752299364283374
-20.75625800150772
-26.13285960246401
44.9320928623581
39.93612123974276
-4.482345959606732
-9.637988730419522
12.998034433135444
-15.101111346592802
3.3008620074056694
-23.47088080838648
-10.58543900019606
42.01322869999888
-52.78469087158726
-7.321264706860802
-51.110625335011264
-9.151547166791149
33.0497326087189
4.637595740050074
3.592753545712071
-22.178206079322536
56.37370014318691
39.99910929289234
-22.392450847427256
1.044193519906571
-18.41658218123013
11.45606086907361
-8.570460970235558
-19.11943459241365
-19.584409436750377
-29.38042384003961
-41.08060773739868
17.993713555408817
2.5712738536913093
9.40799064797136
-5.3351756856737325
60.48147088541128
-3.402623447220492
29.933906592385654
-7.75478953737894
-27.24638527015742
-4.571309554214963
12.570932748938162
-10.35187571849832
7.403276893763859
-13.204550382108325
-26.217072682107016
28.552687888115145
13.908881005788205
31.98127663948327
10.815756646727491
14.020267281528106
-8.840588411349017
-61.51915616158993
13.26064044117885
-35.47254890767721
-14.294452110537236
-1.889979435326154
-20.208013621738075
-26.87101564216221
14.23347033114294
16.58320535680673
-6.756907451103814
16.594239665668624
-0.2710306941988847
11.905616263010415
23.328111838389876
-31.611501650469503
-7.611522709054725
-21.89127980007368
-9.054114652380235
-24.948649725012103
-10.10658686578455
-26.456912665625907
26.51701984872972
8.011890103963253
-9.158886873651111
20.566599439535707
9.094944930053202
7.916640021656406
35.027437746899295
-1.0446321061432968
-15.565421470523232
16.936018546632738
9.00149606277597
25.946243802816863
22.022304268034475
38.11252445644362
-21.053369638433367
-19.997332287923257
-56.42695069547017
-6.848885669551123
-63.96737499759212
14.42327762479016
-38.792255860916896
3.0214489363294774
-3.0125835238268905
-16.55768439522086
-20.98086433503056
20.036801230968024
14.47588163170093
55.0684153277827
-22.508833418912676
34.8034727083712
-24.84983402418203
-3.569774799231709
15.117920227298612
17.755883202459017
4.001860371932196
-51.51093258365944
26.307137917869056
26.32404770718017
-37.37897711670468
-30.979981445409123
41.37510165788058
-13.493847129008998
-22.497768578723083
-66.46120904451482
-82.10374502923952
2.213622105756315
-38.11875779283196
24.70079771393472
-0.065460865014586
-35.08761011813533
-21.50549655267031
-16.047717745635964
34.857916117728
10.385378065277903
37.796241764124886
3.8528375094658713
70.22185870626839
-36.75037988025764
-12.504272620076904
-34.50995720768378
-6.581293454835986
21.46955387157436
5.742256447412046
0.2624464503481363
19.797876624999677
-7.750317304090231
-2.5681251978584214
-11.444009191288842
20.37167627652599
32.35931945160769
24.126556739338127
8.689372396261888
-27.522149297150577
-23.27529962742324
17.311612310984856
-20.778077608755492
1.626175006506685
8.055212765105352
-21.2435034079752
0.8788089374529591
-9.451101113884476
15.47552407658543
21.04273211257879
-17.161023197371662
9.178465337684372
-24.12692935105315
0.7108904944293499
-11.229260685812337
-8.13632179054764
16.95004727838176
-15.760618325271366
14.284631240135807
-22.796513435051168
23.335282253549902
2.1225166195532665
23.97444465224703
-10.26551486969987
9.18132820764879
36.95726698786143
-23.122996621249342
-24.038532919842623
10.73522942957652
36.67901993915604
11.008685421614416
41.41655982200922
13.11475956285824
86.55588336610396
-13.369668289123354
0.2838052888258744
-50.55513753157106
-65.39878036541091
-33.565175405631805
-2.59593950436107
53.024580160123946
-20.88662191511935
39.5157672805704
-12.789148604022614
40.50220345227388
-16.78558527808343
26.332986817664164
-9.48102809454383
47.55040140266772
-4.037512622906945
-32.29405840739258
22.67332822522297
-72.70289553019546
-0.8912615968146724
-11.758795170229972
-19.395802605699718
9.33790229724542
-21.19873057331364
-5.543891954809112
-36.47642898466182
-19.144399258370072
-28.2490776576077
4.370515552502411
-27.734789846910985
-15.414424741999142
-3.8061803383711776
-5.838707060083664
-42.52091769495036
50.30120858356543
-36.28901482397043
-30.934346290866927
-40.11789033713529
-13.021357054262864
-42.221173239881296
34.313712743376755
-29.291594010575125
-27.82576132730196
12.55980114681472
-8.417875629321827
31.463772172159963
8.533384835471793
28.919583374242563
-31.601626123502
3.638326847432211
-26.541140866060005
-5.40441379766736
4.497648424160445
-52.568349792088895
-15.415937571509916
-8.480657225428445
-33.31010253027472
-15.882928701118828
-13.532608609123828
3.8946409802653648
-15.163088963617554
-39.92163881048697
4.7078633133056655
-17.296524830958788
-0.1322238656631498
35.26920504723233
9.870943801665303
-13.707052791214664
26.83282357640604
8.91082758401302
-7.090906122650495
-19.15725078176729
-27.225145698975496
-10.117490416013766
19.882571026681774
-8.759457897544564
-1.1005550219455245
12.98343075856343
22.043171181365267
-37.91772187849693
57.94280667148547
-89.97792585544039
16.101904255692546
46.82006774028474
-31.15417000177797
-5.813808425586672
-8.408404516700273
-9.512615477592988
-1.368665191583375
34.24447104949638
37.100575457432
-13.211903183628747
-40.54592699446408
-8.919049062299678
5.456465372465232
-15.182759526453538
-29.106641206852487
-14.208585555076011
42.62980315314627
11.654278250204923
-1.0545226860459138
-3.794946982727481
-32.16812134341086
-17.808173254499593
49.929356663652186
-20.88449705990132
12.64737232138765
16.7314516443368
-27.45060951511704
-25.85513693857177
-9.02077227474723
-4.700789474715293
36.436090183244175
-18.87186485436689
39.36398126532947
-3.05611212257827
65.82266563214449
-11.795625194565387
-90.3780770710148
-19.950968636628204
15.519989935693276
-47.03558402538352
-12.194126131815096
2.555765998979723
-18.3709143574564
-62.49993107246388
29.846744959570454
-13.454312357798756
-58.53007236714069
-32.948021743754
56.61553108255981
10.333871643822135
-7.260885853930119
32.283471045260285
-74.14101187475825
-8.131432756977972
-16.777506974859648
-29.164059983273205
-47.356053851653485
24.449804504503334
1.728221399334302
11.144311434398844
-32.258030653242145
-13.892169303457932
-14.430456979728037
-7.38580504250433
56.77791811745101
-27.544211856617665
-19.828104027104303
-14.484108752109364
-30.269915325022453
35.499590127908675
71.99848622123329
-14.970940588966812
12.795040275992676
-21.56843197335797
-3.6930220361708166
16.014730340710003
28.089698849882268
-13.547182968227048
5.34766746924123
15.889076961020976
64.12776195981331
5.687149588838565
-14.108955500890204
-39.69228864580293
18.10365503530295
3.827283406291258
7.776936254691577
-24.264196990129165
-35.889163950651664
-7.306893502234118
0.5886110942008145
5.951645632214024
-29.890704005354564
-29.79775573016002
-0.1360938128998441
18.350052146766583
-24.424297050682867
1.4638765477247375
-33.541972013588065
-37.46802184767745
-54.23154364906793
21.539837248809302
34.60591808998322
-12.477794921957296
-7.271023120270513
18.142648506419164
-4.044800346834677
55.66842031972027
49.00037959307747
-29.624973206205368
-7.080381701789008
-16.215347698810092
-18.63905156784688
-42.7271689420104
28.793684101977703
-2.519556724027666
-14.984640195684278
-1.5861167867240624
22.39487767524673
-5.467725094062075
30.405849614183182
-53.04513019829341
24.64293398702563
17.85412077865982
13.058332002189443
24.04612237332293
11.747412062503145
-26.28479547981476
-30.170469575444088
52.86938053958306
-19.055215820159106
18.754534349836376
-9.403298778297938
7.989282959727802
54.192078087852
46.849034170544144
-28.581080708975605
-4.062524193928823
-15.52750659010104
18.65662662123026
-3.811672938731135
-1.308771437422422
39.08732503960852
-6.08997383926112
-20.204552722678105
-14.919534790443436
22.986627033952573
-2.428181008286685
-21.71590253341589
3.2500487991045475
0.1213606130275479
-4.290836834500908
19.837444731651036
-32.711169728289406
-7.08895537722708
19.0622171650752
-26.2641813779706
5.448181493804896
-6.217962811527741
28.24809299120784
-28.094309425543543
-16.080211932716395
-37.67442788828532
34.40924058923571
-8.532574283609222
-33.253053615642614
38.15701973118843
28.05085256984455
13.86446674758588
20.854160792531616
65.66545341499813
19.310549644729065
9.886022219897598
9.619358811697737
24.056572694588056
5.291093272117848
-10.511929634767457
-16.49891239759728
-26.439597470716706
8.627070581268413
6.685591889076022
8.32271198939793
7.386726338806966
60.57711249734501
17.33895578044678
15.686091957821702
4.655185285368759
8.785106178382307
-12.798119035390812
25.348666488381127
0.5283681098791817
15.31523107154635
-27.56058207111522
-88.02193387306045
12.959118911228757
29.463721315338372
34.434252782567455
-16.892735443504023
-31.30517571930784
6.747669721638829
42.91007399109105
-9.521697730116216
-8.7801317838709
-17.91652573563499
-5.789286069758077
-18.327422676426465
-24.287247431251387
-14.55939795831796
25.685486621548023
-10.851264118247684
35.48294334734453
20.19269779349088
-14.62764512572062
-60.12795398255412
12.730671841981293
12.511562129572384
-4.974821729761857
-13.61669211101787
0.5023358485852327
-26.705729945350697
-11.128987152663
5.448499250733164
24.06963599222405
-47.61378437194571
-5.032747158085499
24.04900567271017
0.2304072336409035
10.399039203304255
-12.594657143476752
-12.56823806648822
28.861329446127343
-10.947352036787322
9.27094531322632
1.0554212600875983
31.859672474481613
-32.6803829218552
-15.562492152600896
45.76606341668861
22.313520329457106
17.916199755465755
-14.315095484094286
-61.30450933329854
-9.227169682707256
11.6275276993303
62.13102556781325
20.209666324782177
-7.462082191491788
29.307865759085477
-28.869708033440304
-10.035266028913952
-5.25522390888915
-36.68437504726859
23.43307996753225
56.45641827118709
-45.32690228389606
3.418806601253948
-0.7893970238372958
17.213638508080976
33.82878357726969
10.479814392493324
12.183772591835409
2.487500845245563
-7.532087373062893
45.56174187924768
-16.391701070169177
48.39278218297648
13.665511884762624
31.710278311794355
27.50715425449596
-39.15410752427738
-15.256268145331148
16.30031228406017
20.75861589851229
-2.87184345906661
-10.08163337367472
-4.139859580920074
15.653643822317974
-0.8185937939478549
-16.947958492035298
14.4076431394775
-8.554249457504113
30.021256668352407
-13.265677626816512
-6.46944404004887
25.41456227809641
-31.70522013713969
21.018455912649472
46.50697281219834
7.800172429310294
32.81868008302229
23.44460044636668
-17.974556080784453
23.688916749809948
-20.06136765496024
2.644660558768635
9.3655699173446
-23.48039754242683
-1.3473005198614487
-11.63723590208781
-14.02417583681114
-13.494625786052325
-7.823794898181404
14.73654215059878
6.061923184030263
21.815910848525903
-9.389318002318532
-13.32400906535753
-1.9833463032949796
-8.599847415378292
52.392677751031215
17.096057932814574
-18.91479804326093
-28.58219462671616
-21.84217997284537
10.87680395527576
-50.80098304222543
10.72109164781864
6.0444325318249525
-3.0784260811184367
-25.02191688461221
-19.479134168191425
-23.1832811807588
-31.01113761792584
36.3162164437997
-6.430906587713707
53.67559499448538
13.493153099938809
-2.7549174403263805
3.3609143545344864
12.759811515511444
-44.12584398887469
22.945297244557366
-17.679533181262627
5.80906257422356
7.232719126852544
-10.6511935118059
35.045972407805664
-8.534555746388776
25.243800158077818
-16.97657955133002
-32.29430644482949
51.56893098144104
-3.751787196720784
-31.272976676812902
-20.22783797999915
21.410734464631616
-24.11770467236829
-13.559660712592516
-38.59631049760896
-1.4885680082031172
-31.121683759850495
14.18468461533945
-20.875622838077447
22.060455168722623
28.97327507009948
52.24946397549036
14.68509568917574
-28.415188677496587
-20.667350068232903
8.114352230780355
-18.53144535269888
-16.76251553249392
-8.097160245582643
40.3619752171445
17.32668783637331
-2.900939142353081
-9.339050881676656
-31.99369353973321
-66.3264515168176
4.425962744674052
-15.725003438802275
58.473220075471886
-24.31158656344178
-5.186769392868939
9.557126228843686
27.794789459837038
10.795310257524818
-19.759792260611448
-17.01069714697104
-1.3330978810206489
54.58511323890633
-32.15266350460382
31.24527814619364
14.20427252417096
25.15967909107269
-21.53180418899234
-14.527043667941712
-73.36507770861584
6.821652317386338
-6.1493629337993525
-28.27834957112213
53.36359273133832
-19.0973137426181
36.117296986228496
4.864666147710238
-1.830443872472756
8.582521399409927
-3.876210596209262
-3.4817947396154523
-13.3284629574419
13.110650650193293
35.6053014456013
2.701996245589044
-3.9528797493882735
9.282083278700496
-16.019641491965046
19.40146979706213
-37.474679646353536
-33.42766840057811
3.786975541660695
19.030234395370822
20.549669112945537
2.0796689783782654
-23.77465157783189
-2.6508735533057006
8.761662234767073
-14.651063832580462
-15.212338817132377
-22.045209875607892
-47.41919458928169
-12.812242533666904
55.70534684191131
-30.42840100716484
-46.65620595509085
-16.92926524504003
-19.6008302078688
40.71076253259929
34.70373831938821
-25.6013532430581
5.1946064113400325
-27.66034491759052
-34.357614310561814
15.089616453190558
-37.06846740097393
-16.297675543382752
0.561772628946926
-10.466826278257145
-14.699533519671718
-1.9653206792932565
69.23837810402335
23.210641566726053
-50.77284985719973
-8.658300148270143
-8.58634041110588
-38.42572545697942
12.911648728274317
-25.455565107634698
0.6405471418323145
-22.06432743062328
-1.5391498778500932
-77.35840834497668
-6.983115580432923
41.69395410461158
17.094310499553842
-12.175928679451772
-50.665454912938856
-14.551165710953114
-10.178832598582972
10.782925589945592
-21.015089321698383
22.756808935585525
-65.08384672061561
15.804901164417686
35.86854715611639
-20.26456003180164
3.864032273711586
0.1713727228175798
-14.817278755536051
36.47834340798158
-2.8547108406913253
32.92792174401103
15.180744350536033
-22.277078603205663
2.514713902971664
-74.87775585825017
12.879849499240493
19.07974698841741
-17.129529852807366
27.509349553238167
-8.12816748915634
-31.27253670868663
-1.442390602522153
87.0260413879572
35.88220773980811
22.22441041327812
35.758669233258445
3.942294166094314
10.089949492483868
0.5853864273239537
39.09281989736428
14.64478036676877
-9.586951634315255
23.23788781806593
-5.835855467528972
-13.307625309298942
42.248205613820176
-52.53599842422233
-23.365176859498604
-33.86868607173227
-1.458969084719456
-26.290081966644664
49.22491956092546
-2.138570333073403
-31.324912424887145
-0.2674928654309383
6.36034555035809
-20.245927371794323
-39.7145965961065
12.115416140760658
58.00084873700882
50.47147665556884
13.873629380015984
26.370024762655817
-17.687991298450584
-28.06435491715524
27.558596416060936
2.299668908661829
2.1115915326801087
46.78789658561982
29.29934928824173
12.018018710579495
34.60109413282436
16.26051946734458
50.7078416362632
-73.89130278204834
-24.069233800754034
-40.58798095893269
-49.87100708557045
-4.33464595548844
1.5480727157709566
16.406416170052466
-63.31529991570608
18.655422596999813
-10.175472753334418
-13.847628169812369
-29.77486311632464
1.2489183807272184
-30.581163020328688
15.447460324829478
30.99374023472336
4.450106953984459
-13.685085865536225
32.75474538244282
-40.50480556701774
12.635623447941214
-5.9023011527751805
-21.51230129948175
-1.1154290692129507
-34.36424845241305
0.4930671860407756
19.695009020014425
15.6682394797607
-17.34725025163783
-51.46290811393959
-24.387753205038905
25.132496168789373
29.78516314194536
-28.311884560355168
21.062526453952387
-16.06842541158113
-22.999825514003817
-13.09552649238458
-16.320546130075513
-5.706764566051049
2.63890502497668
43.49066641912202
16.628418021433617
3.4894067795665364
-34.45162712628462
-3.5010007136094146
-13.885545439752777
7.471902825177892
2.8498852183475947
-17.860533275240584
20.27072880865012
-7.167229255920688
-38.22065378362464
-11.18595146409956
-12.351006966512044
-39.21949439007085
-21.13699509753576
-17.742604565748877
13.094328674374252
-41.647321529644046
-7.327539013988883
1.1320714259740043
-14.823211135269162
-7.64635782035765
4.716416671705929
6.101458347981406
24.99539685042396
-40.12381776508806
25.82114773710549
15.902211284518216
11.105398311122997
43.60646475933521
9.252062456685678
-11.831199877052311
19.84268852754485
-6.41240792635017
-11.628897690026804
-3.5107679041914253
45.09101127772141
23.769057540646656
37.37339133169962
9.601380469520224
23.65910753808725
-8.42338603153945
8.393245657793727
-14.782129223618997
10.798380905116971
-0.4039190668814854
-10.183855813615253
30.322254036745733
48.39469070902828
9.878365850906732
-8.554964466338845
-23.551929309483683
-23.25697572134186
6.470101019892013
15.461291307467036
2.13458539092818
-37.8831781025504
-33.77122606530912
-15.871241619525447
-75.25300323882334
26.233933466448438
-9.465808183457682
-43.38461484975909
-6.270228397509754
50.15271215752142
23.73484848876302
38.4054926940766
22.290207987711256
29.60343881952116
18.629260946546992
-11.397230845158164
-43.47780263920578
-3.029166994653792
27.575755291883183
4.989163915593508
1.2632991645562015
16.28429123913969
54.00177816756752
26.565089634372956
16.594415770227954
5.583654389412175
-3.566741406351696
-3.329426381096823
-0.5006629987214524
1.935342671707076
-1.628467598515897
-9.910381180433037
57.534858425312336
0.2155640717210758
-4.966128179036787
21.049132302719045
-8.65438327358163
3.234475696719244
15.826725561920568
-6.396787404495228
-32.737792271874184
8.916021655722204
20.321688269530625
-2.646304089301111
25.46356728818779
18.25511906552009
49.046272368466816
33.105398872171804
-10.842568838361784
47.13827518982674
9.86619808056554
-17.34566482287954
25.649119463608315
-67.45092581625175
-2.089361778569753
-31.26289176996505
17.560908300637834
40.48436525406123
1.6216371022229057
2.0130450214511484
-16.151705003148948
-2.580701680215384
-22.31779377309141
50.08774862202495
10.094027935098609
2.4607453605482874
-20.146438007272536
36.07298132171803
-3.185029158038276
1.632344940940868
34.97510802712429
-28.51080728717534
40.05503329759324
31.746310522703027
-23.497141773525755
-26.47107505785317
47.59393691914971
-12.794950999782316
-7.387397233073386
-28.363124441931006
-6.823671584261263
31.538296374546064
10.230594521914554
36.3251514538544
24.867931010791608
-22.023200726485754
-22.90077077770792
-14.510019470995246
34.27630586026379
9.177991545382838
