averaged_values
6.464338510104426
-2.532634766830597
3.896740304582636
24.58107654503692
-14.549967160353845
5.166309704298328
-5.789784142063581
-19.024574542429036
-13.093983585407841
-45.334972968295915
7.026264610904036
-18.930867869930808
-21.657985506179102
13.555215915119334
12.030308936395159
14.194479768324527
-12.671981301289634
5.006171237320814
-19.059629871102516
-21.821012118241924
6.610384325023915
-31.38510765907995
-19.99328044806316
-27.906755598451127
12.528305873180216
-17.859291837754427
22.687709709403862
-24.562233794116764
6.037935820335406
18.540801332670526
16.042307750183678
-13.752744747958786
-14.475679238952582
1.5736520764476154
-21.206347449413443
-20.029333000908082
-10.742159258195898
-0.21467151718388777
-32.5746129274703
-21.06546975742458
39.251516974960396
-10.123573724282323
-17.308146280614892
0.27733111255656695
13.69032527240779
-26.30556629615603
13.761641389050055
5.650964966058382
-32.55458277060097
-10.391780360871053
10.891836768147186
-16.950032185355667
-7.0111220669641625
12.862250904396205
8.81607172312215
-18.517674783848634
-1.3391278827693895
13.150242595045711
13.520012985951325
9.281501855497481
46.68942936214444
10.62296226657054
-2.278758257591108
4.542945021858031
5.7350521125335945
-8.45647825144988
-19.862984477891587
-7.671890739631635
-5.390695163376222
16.037702640416683
2.6433626671059756
18.467499929225596
4.758491867156408
3.130337656722986
-14.585218355190591
-14.295364363795668
-9.015553027664282
34.06993505986611
-19.979621183752897
-3.043769224008429
-1.4347699181817004
0.7422309525281889
-41.07232902948817
5.8807232053004554
22.991976113546116
-9.338330226935796
18.613935469700664
-17.43941072567395
-6.217733534096624
-4.485118481476093
16.453376917408605
14.46299308189191
-21.228027837434638
1.8154181209101807
14.416669157515571
-14.072762783460348
-4.195105821905599
30.123787855329283
5.068144020595355
-1.5104443618984078
16.852313407725887
0.8391565880665439
19.17108850594377
8.845436375144345
38.34484295675793
-17.609841381512524
4.522974970081123
2.226984812390583
-11.597451427121996
6.161392758709553
-1.212604824810114
32.31787811282993
-7.306944593779917
17.672127532991
25.82010845522018
31.518969148506585
-35.502168712151615
-11.045156752275943
7.520325732832134
-5.28474149043177
-6.7690651164375595
0.3475591300884844
-0.22198261758603624
8.418862278886081
-48.31766993214842
-3.8895880909985863
20.871673398884013
-7.290155474911444
8.181727844421403
18.209753622853896
5.6914856602597865
41.461400391955976
-4.755121687550854
1.8411626040324336
32.65313592858729
-31.02154207736021
-37.16112916369093
-9.34333742976014
-31.671298539367854
1.4023765007732436
8.217667064578563
-11.263444787004119
-26.339839893080352
-2.8243709567104816
-1.4529226644226583
-38.55788124802348
-14.345012476274858
14.319206490108627
-52.46235442267789
-7.702003810154565
2.203592534875497
4.599031839876261
-0.6481900990693246
-13.472506221842195
-46.79026155287647
-3.255958540194115
-3.154631852710736
-23.490696578992356
-1.1095872897349182
-5.047650285268901
-19.96832223804813
-5.622783327497018
-16.290080687977024
-14.976456725227763
15.294357734004738
-38.93888249646989
-30.867988256533863
-12.284192695500678
-20.40139332247054
10.376428353112715
13.594711230136454
-10.333185615294497
10.532903820159843
-27.58155298402562
9.608722115684941
9.36838531306421
-10.121798791464244
0.925849264865974
31.7391352293198
-9.752503323783458
4.440014814841561
-9.235359534934105
-6.273313400321058
-8.483663185419573
-10.000661683850922
16.76738330848457
-23.77794704574626
-11.300126022324548
12.518790137452015
-18.258247873905926
18.42903451975144
-40.64985711202462
-10.176445720673655
-10.074776654066227
-17.36838332500338
-27.437863475373888
2.197264987815288
17.156760203528393
5.029627619296662
2.8944988706280133
4.364347149079549
-8.522821047292382
9.23960176068067
-3.47813198473159
-19.21433985736803
-12.768186541354225
23.91627473924018
5.277064665489888
-14.002448047911457
3.71646657535166
-19.433848762368143
1.1139224893049686
18.309475022797415
6.587548622104805
-24.06569751522329
18.90081987708254
-2.527685001507052
42.83545839854196
-17.60597706175031
-19.74016640548507
-7.727466904310859
7.033574723245692
-25.763253438410175
3.9097803687327533
-26.02437946278951
-7.878562769619748
5.379971702044713
0.3106583052285714
-13.700956865977789
19.946422305532906
-14.297002304549096
-9.470210441300878
7.321215592935914
1.3926543590423537
12.537404328795674
-14.34968591908546
23.24017904612265
-6.89032506125659
-13.02353453822434
11.229243593275896
-7.0775398066907655
-2.518419032203383
20.089847755367373
-13.76753409023513
32.320967311869026
-15.231028247377253
33.558985061361454
54.968771890722564
-35.03669739288307
17.13097696511977
-28.515755100474053
-4.264181926999299
-4.536388033993717
21.984499114572827
-5.260768141844892
1.0647031686385162
-26.629083117652044
15.599748162225298
15.70462152314576
-17.421576628970797
25.57138078752905
1.3760568284415058
10.310636255373538
7.876732080345391
-12.985461232019588
-1.2024716580490349
-25.08892170294712
6.545784368281602
-21.468687983120617
-8.76122749914066
-1.270946736545738
-13.105558228504378
-2.059619905834552
-1.8096985642405343
4.343707600404741
-34.849236821453815
1.703448261228914
5.5899595570372185
-20.566384837518854
-0.2938173222282785
14.191376418246366
-2.942027616292762
-50.318103377539956
1.4602557200923911
-21.365857577817224
5.670013863113127
12.221472530560277
14.682253588478488
-18.975758270673396
15.059191574720899
-26.72390595098841
-5.776958242160617
-5.901054596884933
-0.6512852944870247
-4.684405512736703
20.507470350145013
-16.076295202867186
29.327822775354434
-2.395826170926739
-8.021970534078719
21.763039166122326
7.5926860627077986
-5.7615255288474145
36.21136410980398
-4.841231024627633
12.089509318513592
2.443073102076596
-0.02008377575839404
-11.772157035091368
-16.559960136015434
-4.584559210117732
-24.73983854347898
13.474897392159619
-24.12152669311763
6.056852307432564
4.75754879739543
-17.44380344422825
0.012876955363026799
6.848650039486529
11.821420358442992
8.392746795507264
-14.54229725980258
19.829955152192266
4.8039289067965
-46.592400021363574
-8.396962985432765
16.42370310927072
5.586856791560422
-24.53497815557421
-16.25605550534965
-13.541017553885467
-1.9572911145005494
-40.99648585617979
1.5348063158016885
-23.32146204853052
-19.1330648088624
3.3289272811525734
15.27401570283837
18.40761721112358
9.862029606869328
-5.432194530367269
19.22852953463007
0.8783535979164299
4.510693391130189
-2.982354486041004
-30.82176820675886
-22.940978122584056
4.679936255677603
-3.5693674871581607
9.628026350510481
17.20156893011881
10.068210606921639
-10.604115892594564
2.1277352145625628
25.43842174472229
-25.226948753508623
-24.109141801436635
2.419217496422789
26.024307253741426
3.2789908969571115
-26.19352830368007
5.054172364449187
29.515415553731145
7.815421035338659
0.1569014857741422
-0.19008843271876685
-1.0903097832924686
10.978774448718468
9.426120235439157
-26.166029201725905
2.2921009735946423
0.6584585840901127
-14.752361509636103
29.77379276273132
-3.5143262754791067
14.68320443938137
28.388240393185697
6.878911692270776
-12.359061092080083
-30.993535136403807
-26.24927152205055
-1.17509829372284
8.205549965372484
27.156153039140918
-4.8124906861194185
-0.5733280889835441
1.2361565803512349
-26.095834374929836
1.5421394397853874
-1.4894774183849222
-9.4392253533224
-1.4352808774274308
-2.3543271854432533
25.688734325602127
-33.709027646749746
-3.767391716988641
13.218162046730866
-15.252432738940115
0.4860986002822756
-25.210746450335137
41.13989216487971
15.106301324551168
5.921085407215287
20.76477914943098
-23.113495509529457
-21.942475925996405
2.6058925854922563
6.001174852033728
10.302589492181141
-4.200475711044419
39.18319023097865
5.131167336287035
-6.291554009512765
-2.739339683917933
-8.427526087911247
-16.195168061902223
-0.20260448373301188
-42.53652429236536
25.83928326680325
0.9086777085758513
-2.1682276337523945
11.768603117416205
-28.32845231736428
-29.79995074502949
-17.00923927187978
3.4651126173412194
19.78981985172868
-40.90272618641029
-33.2401326562067
-16.259147297525487
-6.003234346862882
1.1710553086013533
-18.100245968278614
-6.73004538272653
-26.424052695991122
9.586255444701237
-27.338470685106586
5.752998355455929
1.1608461938449182
-22.937211960852437
-8.391010075079976
-6.020415618557308
-3.947881044448877
-29.801342322512937
-22.205477576932026
4.12519395093841
2.04346035868366
25.865460970599088
7.785788900626358
12.77354730231309
4.501697567327938
17.23436036126077
-10.293587899490376
-23.52960606139459
-12.940953567649558
16.05617562837142
-5.407933619557298
5.684782571232063
-0.6065872611870873
8.842330229665096
4.038508996942255
9.316794854246837
8.386788513504143
17.658397185528884
1.0756265483942116
1.0131772662934968
-13.976518593095534
0.888574575939856
15.206471239398526
25.28036616591271
-18.22153172223625
-34.20703654166573
2.4713491251895903
-7.758614306949312
-2.9736252139191492
12.264174333999108
-24.735104111154214
17.346435255996767
-9.700231473543681
17.515576010817313
13.067952960707771
-16.195651249152434
17.639975347396103
-11.231020153682039
0.04940380425978241
-6.407184252944717
-11.18475663659774
1.1261454279301688
4.062438338463835
-3.157364039449021
-0.6526356700851466
-12.302119173080428
-0.32708640716737136
-0.23804367426782846
-33.3128789235634
-27.506975943862926
-2.0781664839669247
17.07740164842835
-1.9746099202166079
27.784442604068317
-1.6423764963910799
6.8811917627754156
13.843809143698309
7.38622586249403
9.695908237226831
-5.124304493780074
-8.364263681454759
-6.678951907095325
17.37405236959603
-32.384180208573525
-20.58424513553473
17.38172426284291
-0.36537931609927915
4.634595022042049
1.3637544513840112
19.542166189989075
-23.41053116619878
-4.321120708013041
2.435185452661244
8.847534786858887
18.574670150359452
-15.510372375196312
-17.679244920371275
8.545531262963777
-34.3633293687526
2.622701519576367
21.60537781164021
-2.1692267780017573
-26.085057995383977
-3.35827771230106
9.280741684277018
-14.245124463661341
-0.06846946817677257
-14.371789804921718
9.777542899093532
3.8455065727612237
4.343655097356532
9.605498497883673
4.96274633675057
20.912439731248014
-24.96459939925262
19.04350987078942
15.517286793430685
-6.534709606970865
-23.711235024740745
-2.9573541480640415
-9.570578370927251
4.738908761581116
4.8768637223911355
-22.858113023910846
-8.0199405112362
-0.1860778556219883
9.506460107855673
5.740683759191597
-2.8941966231141123
-6.245205048195203
14.351082289518672
0.10335756158747245
42.22463594509463
-7.1174713034888555
-24.98832542310629
-1.797366811610118
-38.02902632408951
8.424344211896823
18.318983194803877
-21.40394157006085
11.007353801556746
-8.828544304858951
6.2345857716936735
1.1567786821760817
5.739463292375149
-29.599399598177115
2.0240214110453962
-24.540031031887338
-20.22353594541346
6.601966630318202
-3.089479602269421
2.3445462913732626
-21.2912593441215
19.60088151194941
25.416803673797403
-0.4997059594024904
-2.9552002496857313
26.134724731367896
-5.380094587264467
14.204752336372621
14.024856388728947
16.055247253141715
22.824324736662675
3.3600437366912956
13.587109254891402
16.345224004508054
-18.285785387379292
14.525038997511729
-19.44569540222437
17.0467941264651
5.4452631052045035
-22.031949529864505
23.063583817027393
-10.057792701445578
-30.296133344199916
39.418288212502375
-2.0408483319624793
16.535693809251825
-10.850881293721613
5.488809342110471
5.2103625033050776
4.284433738343068
-21.91853689411073
-12.331612937348837
-26.306359066129517
20.113900950396783
5.296762314013904
-13.06384143322066
-10.497711759409867
-10.770589283463778
9.177318178873975
12.40047240552667
-14.896932285366347
-6.961024488933616
-11.974704209504125
-26.909020818908175
-15.943257662875112
21.516314398228133
-19.2908039536851
31.413902023617993
0.15973527988171576
23.80257127218647
38.255764667082985
5.07114234384062
-15.473619227741437
-14.740326343388006
-39.715188393409335
-11.75048779741337
-26.538379743877158
4.565019125402614
-3.9434227635429124
10.077119291672716
-4.560943809789023
36.65381945725676
-25.02480207309418
27.422218943982443
26.41069049471844
-1.4074352081588586
1.5592947238110355
3.8840196861419827
9.01589697178133
-6.735873777062807
-7.133308418742672
30.773010483244434
-30.62520077372028
-2.353295171247737
-42.15820921170234
-10.530311071212054
7.494114162225742
6.0813076802114665
-22.48212099752709
-38.35427855556554
-10.897353722117257
40.629429883134435
0.69252695281466
-10.812762064044364
13.847829140497197
-7.426316093267815
5.031445642060135
-11.722445679180964
1.4152607021787844
3.6344447983683503
-15.746465410498786
-5.924220615917875
30.73939454275387
15.062243660628155
17.20901142112416
20.87872741973115
23.95107275627379
-11.823693671438377
-10.058211333973304
15.492658559451229
2.894975164090283
4.483022526546847
-17.289637129753828
0.6936558510788019
-11.65731047263398
-35.47651867427339
-1.8280755491869058
-25.62366830510291
22.007274541923834
9.379245734744472
-31.88150802857126
16.032410242893093
9.176201752750785
0.45024725794064574
-6.362693311311887
-0.8512788803709554
15.582413329546398
-4.261747062642826
18.458116266541765
-12.699762908610865
12.150845562857285
-6.676443322121486
20.07752333334065
-21.578673258365598
2.2951036728773033
-24.146437513911224
-0.9792224191696731
-17.24331789448479
-9.761302222934319
-12.918958176334854
-15.331557925775996
-45.72691463204319
11.995563192183909
-3.8496790066128597
-15.826424813218182
-5.370686154237774
13.929962652859103
-3.884956890709873
-15.652735260155168
-25.295052467008645
-4.63849551021849
-45.596345550598926
-13.541226353005186
30.9313873842475
0.3456762609130236
-9.813859919486276
-15.535317322312038
-0.029447202308802156
-15.005212807249336
-2.9984200492108357
-12.735581017182994
47.89424950085959
19.21092318018782
34.01837006686401
2.150942217769625
5.8618041225126944
1.8699846535091638
-32.408514793070935
-24.96618094627047
2.2044164586113766
7.670679326074605
-0.43335443690011743
-0.6049886118489667
18.712099657022918
-2.6983579293446383
-3.8013122506818036
-25.02528981498472
-0.24921658134553626
-14.093526121308969
-48.798743033192295
4.3741585695315734
-16.93886015244061
-1.7723568924993742
-16.120137927195174
-10.091317064630857
6.848981073962932
-26.169695123589918
-14.921220165080742
-29.572568232659258
12.898301529028686
29.22792453187867
6.629811596336367
13.998236036852177
19.653461655267165
9.534989207997569
-24.511611704685492
35.378982715184975
-2.545083045239153
-6.494902994731092
-19.137261065276107
-0.2989442334001069
17.04415818217967
33.574601918808185
10.215500862112094
-4.250861453518155
-56.99457642673951
-29.660044193660724
3.672853115545877
-11.015214391089103
-9.343693882336083
4.7387143283340265
-17.21512282096228
15.494059008575277
5.166445570146607
30.061384295557218
-16.413111666828627
11.895007282306324
3.35179038951901
7.379464982070204
-15.18013997300295
37.867780122214754
-32.58102370574488
-7.639182111859554
-13.128082554059802
18.829900778531737
23.47100739099551
-5.410096024970699
-18.228366105890018
-25.788928261772526
-3.9194947969226632
1.5535322022624314
27.355696500650083
3.076859556575073
-21.42620908572644
-1.8909077057032846
1.58449191996624
8.633789289800916
-13.125819105742266
18.257526992048952
1.59013752410101
-31.096743191737914
4.817699904313486
4.650964769462007
-8.129281750530936
-8.975257181678899
-20.95385854854976
1.229003791231662
-8.385241911251796
27.162908526035608
-16.332960077616008
-17.170420341695717
27.453950058661576
17.243381377324113
-0.15234843369398732
1.6403460470100981
-12.746209786404506
9.474684830995102
-21.591793345891347
-38.204238750895456
5.294751116263797
-25.25966320948646
-3.395510102280241
-2.0213353372746496
22.34840941739094
25.077603718149476
0.8182983412552858
-22.21930378696561
-1.328206456040789
-4.202215043478645
10.24410538929078
15.791702023045216
-16.49903369563981
-3.8874689503063564
-14.943833135883324
-0.043087416896014474
6.593403771381418
2.258577156200772
4.008140564255882
-3.6582107703434303
-0.96255718262546
-1.9320170954815694
11.421440755060758
35.16480226029671
24.37640351513255
-6.1733089776134875
-2.6489225754557992
3.4675795019211364
15.194946652412908
17.578924837114755
-12.027098391998152
1.1188564416297595
9.287479513477592
18.362747819432116
-0.17751521425816463
4.741480076598236
10.474164455023129
13.643299377385118
-17.62132925156766
6.23436374150333
-0.8671207376537495
-32.753621422070864
-2.555121420424257
-10.757706955111644
1.8340154987745334
-1.5250922786581214
-1.7173850968720217
26.78319744233886
-3.0252091577713145
-31.362289654654887
-28.21575682713592
-13.169913656205608
16.214898267131503
7.57326426749205
30.611864324433554
-23.509068430255866
30.199514296844427
1.5377055256249155
-0.37682164895522874
-20.117949095634685
-17.365335745107586
-23.164419503918907
19.5668477455838
-9.275985066116846
4.022062870411901
-10.381025658403814
48.25366617622785
15.344349063147092
-30.17710285204157
-12.54714169466024
-5.420021851918136
-0.8964651353380759
-19.57001949284313
10.031699889324955
-5.113166251809161
-14.875762622432376
34.738455896069354
26.274426508411125
-10.633602818794316
18.12005899374344
-0.9070628398039845
39.28989327212912
-9.534417339724314
-0.6174887426022904
21.98226800946577
-23.879661716877308
-12.554558991705562
11.751800761201594
-12.892108335137891
19.717924503078393
-9.63041807996342
-20.778567401634064
23.292461156568606
-24.414023504792567
-22.034515366045525
-38.025709973335324
-8.64185585330415
20.36293455802661
-13.997545580888984
4.370675799931632
-0.28793900184246013
2.434211203973973
10.749918669105682
34.03527269422921
-13.660097833337204
-5.90199532470433
9.839456051689922
12.422316288946604
17.85183646270889
17.949214804859366
16.310654508350126
-13.50206899279874
11.634705530457722
-9.008339295331098
18.19668433762854
3.432811464983388
-24.12585043915169
26.58953140523954
4.417362735992356
18.386644928898022
-8.520312955624831
-32.990435909014195
40.72283754486125
-34.613154439452046
-4.8480523692087445
-3.8149315272457898
6.069878650887404
-15.185032806373783
17.241409934904368
22.177123849229247
-10.32393179288192
15.812467104573443
-4.713074792554835
18.522072296662373
-1.6908751957598724
-22.21793081389478
-14.492074535672145
4.887406494406605
6.00239896880521
22.658051929363864
-4.433968174584152
17.57501398387103
16.513255874095194
-9.36662929654267
16.446248104650294
25.95264382399182
-19.735522159768152
-5.805879703293613
7.9388618482480515
60.08479245557828
4.804841656157805
-27.11094333292567
17.91744426153309
-23.15419732088776
6.4642308085094555
16.162497776560485
8.048832347238204
-9.679370458419726
0.44851653679506853
1.8516077110762126
-25.01966517590336
-7.203985838008521
17.91346853140567
-5.024917489121434
-14.206408144076704
-35.37366234606816
-20.511311106987705
-7.17435420610127
-1.7652636064667604
12.108731546610215
10.232436740610865
-12.939910203807813
-7.263498441716365
-35.981343940213264
6.353412089309131
-11.168322049859853
6.639989698836871
-19.545167775497248
13.428752561696456
-23.387414947101206
-9.123695084141218
-6.851303474773886
4.814662006312574
19.184997100885084
-5.3096459565349505
-14.416519756458001
4.070638524492097
20.097137630895304
18.728447043431515
-7.105623566894792
0.9399491808653693
-10.276182022556895
-11.909181302034995
21.918827446068462
-18.228335202278686
24.4146268274053
-1.8627051177172689
-0.3880739554806498
2.2727128872502362
-28.215259462267568
-9.546983463515062
15.14169585435593
28.06997593431879
14.679354326472094
33.141981532622594
25.249398962652776
1.793581840931438
-34.490119731621235
3.2848289969551843
-43.271415470437205
-32.66352998050206
-4.107242169928213
-12.80944137975166
-20.890346405198216
-35.24007641840217
-17.1544931548342
27.583393883724057
1.0607917272645864
10.589409809959761
-1.437570875903475
-7.959667602102854
18.252927079665824
-15.773205506317026
4.35008052628109
23.369996701498167
1.3169397184828995
-33.96613475598133
9.800579127411766
-17.99534104153281
-8.902586463464104
-18.433596797982318
6.9913786284887465
41.43264235487004
-15.04849332683807
-18.866762051162368
-12.074769395876501
12.114282792106678
-11.569232279012795
-11.112844578557997
-3.214086381078232
-3.378790264869167
13.415826379896316
1.0131566992931766
14.765509722674324
-4.144786885866779
-8.919624882822973
-20.205665520035836
-19.07584895646869
22.259333513327874
-3.018742766296782
-22.28195667295222
7.985850821562053
-2.9912794179726916
-21.407131055922946
-1.0037466100511665
-11.60674923969782
-1.4624398913983896
17.48855531584195
6.175075313454727
-24.584969528259535
-1.3039828185646911
6.981018889215193
4.715354256884893
5.211320043428714
-2.081726173797506
20.266984375521133
-3.693750399062992
6.586656432606105
-18.485584378475323
-8.467244858795311
-11.340544305985532
10.489158702228451
-12.382203226559795
24.67910394446517
11.85165692026203
-3.2449611058545997
-18.43664701542002
8.655311289869132
-12.876134489066317
-18.94302174913173
-12.285191759394365
10.686343770619715
-5.102507984243857
29.24498738624243
-18.479484662326286
17.625449163278972
33.83456611042493
-7.748643836363044
2.697385499312077
-15.081526446731004
-29.10055120199104
-23.059436550513055
-17.347855721214728
-17.844549112895038
14.333936855786305
-2.7598870757501572
14.545539199647465
-28.35198526033855
9.344295450049685
13.579767801296839
-11.485389660789224
-10.452431481924577
30.74937883408711
8.208376872702502
22.22671446849563
-2.58073998488544
21.66743340807443
7.134251715891877
-8.200501116727537
-14.480293065898877
27.203896594313846
-4.527727554450394
-18.20794794925314
-14.41841001886496
-3.8673510331718717
-10.770952298778866
-8.440038943259424
-6.555892232663609
19.209974104473076
15.140297289592127
-7.927019734204805
19.593962000042666
-8.683749987299962
-1.8215781794278882
13.787526217151026
4.319759935577167
6.109851512192108
13.645498570695054
-11.095603770721937
21.85885031073849
-18.034722802498436
6.6702326294835075
-10.259107044199482
15.011581139522605
13.375883031141711
8.612592877543648
-3.8239107122208225
26.54039631631167
38.09643465508998
-14.365897375071654
28.571779595971748
-4.092007193859899
22.30770077114721
34.22912743494089
8.733515654072107
-23.630845184190548
-32.24484924583521
18.56568329759466
13.69605359286652
-10.959191520567401
-3.494355495473428
15.965334661574161
26.9085465894168
4.605394769299892
30.78858913799195
-39.93750250794983
-15.536976199728088
5.803681955825596
24.328440166660585
-5.412280167700374
-6.771573905505648
-7.72737264373427
-16.87125044246932
-15.719120077155821
-7.671048360702116
6.553021368374175
-23.867673588792965
-24.73577420937363
-16.592405337432865
-19.601311149730464
9.78379372262134
47.34563932045421
-51.824660153255536
-11.02017804832576
2.2217184757246287
29.020653227977164
9.194198117751512
21.018053346284432
-1.0212696211456205
5.1398490438077715
-40.877161674008676
17.068412869215535
1.6617780829292315
-12.820153320837562
-17.198557399860874
-8.727897273216513
25.949988950422266
4.052670884906547
10.35257344187994
-12.330729267989227
14.652243821139564
-7.929236334188317
-10.405087500621448
10.235176398819021
11.920639952419151
-22.423284875796526
-13.712976661408902
19.132392385727144
-43.66857149680436
7.105709765215579
-11.193408999795793
-16.117783025314566
-8.464814474988088
-19.69493500670069
8.302499290090054
-11.71191719842318
33.91458169902762
-32.048041128600744
-4.963117261955631
36.65332552538166
-6.376918158744957
-63.13998052796887
2.3776452633101144
9.189023378079582
-25.736681085872988
-21.865533829579363
-15.187388701542659
6.362152572379273
-4.1418288866916555
-4.824737227954756
20.594576421142847
4.475577283665189
-4.165974142772029
39.50211951875826
-8.493994425269193
5.862448127612879
-18.97767127568659
-9.974684413755313
9.446280996016867
-4.958511110744439
-1.9659276404054253
-0.9717936145461858
14.33132066718099
-13.853892819090106
0.7373418852657778
1.227387075676234
-9.488819075188076
39.27400708630012
-13.135089868566865
27.62359086282231
15.587132921195005
-10.106342460756423
-18.616199820255133
29.12225177453365
-2.935989078505372
32.97282031789655
6.551614196316223
-4.835621678816096
53.11970904481859
0.22032667433813907
-40.24163398453675
-9.441687262071357
-4.296824830780679
5.392551335906319
-3.2706752197227615
-6.632439923410857
-13.086620773145114
14.680352476490953
-18.730046127653623
12.37426872690412
0.07658367793192156
-6.618229366798914
-20.005079411697807
4.362153679125186
-13.024531990889955
6.3449100860416365
17.887518216673925
-0.9313224781217287
-13.639608052173571
11.033531324130308
23.362107928973273
20.091251515954355
16.087680972967064
-10.117484411188343
14.183541208556562
10.13756784277939
-12.447350108064711
-13.900203527540725
9.857947016986145
-5.322756926980219
4.261019723999198
-12.007661516676308
3.020385496740346
-15.72932236892666
5.020260782039259
-13.674262518878097
7.005327322236553
-3.0230976491511683
-3.3405464620373095
-10.88296521762095
4.53006604789698
18.03980593612505
-19.140081106539583
-1.3934482141849003
-38.844785893146764
-8.543812051073473
11.84700169366988
-22.784331241389737
-32.825075716416904
-19.928896797133348
22.417761115037138
18.35383897490101
4.110218256217195
-29.991285765012435
22.126668041346417
-30.34489859538371
-7.168015523107897
-8.86000646919274
-20.626607816215255
2.7919973566094995
-18.27450931136991
-19.03358754060173
-19.26675051957136
1.1071878785005538
-10.760121539413376
2.0229014571232256
-6.03651822507527
14.832903023154358
4.4484325726516545
28.50705746933818
-13.309895191385294
-12.536587602560758
-27.47254190169042
14.67296723103209
28.39606676294352
2.66940274915396
24.42090157821804
5.02016281082615
5.161220858270099
-41.62619901857397
-37.780665583610244
3.278840383667557
15.766094713697385
-15.079484920963296
-14.896292568431818
18.069749328242324
14.35714620215731
22.173094778925588
4.966314171484555
-6.13082642856898
14.84615660290001
-3.5141647374111917
0.2422727205848788
25.131802447722293
33.41826890249649
-26.806001531345828
34.51352557773498
34.15868047018739
-9.56432406581007
7.296271890820207
1.3364880819644895
12.53102075951756
-30.566548619513924
5.513842765853042
-15.56776870041358
-17.400584801223886
9.915321828571905
-7.172932353321812
-1.9309208129707258
-23.592093763232697
30.783026152108505
6.955538995040115
6.905266472836956
27.115318663898506
7.657267840135319
-28.311843441992096
0.411917533056112
-13.778836992431025
5.563915610728145
29.122936709907663
3.973470665550848
29.82817241027078
-30.22906339279143
-29.19101200505247
-7.729783904913347
14.441915955489094
-13.856668962471305
14.969270340938237
-19.581915060371102
3.816690385072434
14.670729812285572
1.4515239575775922
16.80428864389978
38.43829820146129
11.224029755830998
3.5568133245251374
-4.246584241504024
9.073734805340791
-4.505696455467842
18.073284004931338
14.22054860672506
-5.175521178774943
3.414227603992913
-1.6585508662319626
-31.383526227269613
-7.384143261399004
30.922280250742915
11.474790382679203
18.56583237542509
7.231754069238377
-24.80874383565242
-27.60079210838012
15.796906023446354
-41.500524918148585
19.908414061239455
0.3802151445488562
-11.884198819418089
14.353979417006485
-7.905516956423526
29.241601372334117
-26.99748117922718
3.992290763591882
0.8898271751968423
22.97889637600747
-6.764821855664195
-2.4476009306708875
1.530274759967142
8.928175741806626
-23.838392749363265
29.775981566090195
-1.821939573776035
-5.383553284584195
-3.8373263196481275
-16.297386208112584
-3.7243622910027625
22.083534664459876
-15.583093849636498
-14.934122636310349
12.067205292427388
-4.064527854621701
0.17853841472242493
-11.707289537203906
8.576673220261
-7.927783243707381
-13.72504970285081
-18.504523268282355
-3.8453946606314275
2.0787652172366506
-3.2731862261425704
14.279107606169418
-15.204739639972104
-23.31773180685559
-6.832717610184773
1.5924072017078288
0.20297241980733816
-3.9085265400717617
-5.086843049866729
2.911516835782095
-9.544483244979347
6.96024694985681
1.0225577677192632
1.1952572926093123
5.879349118673417
7.421710860391614
-2.807709332155355
-3.7230552783294115
21.71881151247362
-2.679887334408704
-6.318637522374047
-7.886559179787582
1.9119349769025575
-22.830881662528554
23.17893347117206
-8.795678024216613
14.683892120148812
3.169021272271493
-4.927625685500971
6.1036253307029265
15.741401271152426
25.00379119181889
-4.622284254859551
8.648965331194631
-12.731440270516032
28.852660317475966
-12.724502928009315
2.428403569076181
-18.654501878088922
-23.48850008008594
25.72664743893256
4.936563008319354
0.4261556358833333
9.075368399870058
21.019767640340433
-23.277075587662694
13.322379274810373
-21.94012995808589
-7.512400921907101
3.592759934377682
2.042466238301131
-10.538593396297072
0.35562829334958224
-7.614050222146035
14.934311720993719
-5.096358493101434
13.465779804937483
0.8516861707757927
29.416172518031093
15.45875222147879
26.989762096949562
16.34158619633672
17.61445866750728
24.89225246103888
-16.71691822203138
-11.470110156289593
3.1278958245311514
23.388237360144558
28.941880361104268
24.543818314137752
-20.414664718213317
-2.588943836854014
-15.807129894139507
-13.15664714868035
49.11745479475212
-34.17898490931475
6.675282776239329
-9.157258221406664
9.8872608139136
12.219156343729992
-19.13069060116686
33.49935719947098
8.095069375660387
-13.413635858218186
-19.942549967185187
-36.90793290914371
-9.737636794670834
2.3514200358986264
-19.26819301463547
12.684986157983076
14.726873142586559
11.945023081323598
26.085863361695374
26.43193727119069
23.614254831329163
8.592662711605954
-15.92322012544173
-9.053379235396278
-31.961562002245046
-7.771290278818924
56.91901932832843
15.062420541369647
-23.12228980450527
-11.919953391115996
7.605960794389829
10.805511318059871
-8.960405019395694
16.805859964879346
-17.636742729438993
-1.4029479440796422
7.926509982004063
-0.6942559969538706
23.23707426401961
-18.628141907545796
-10.194525642153167
-11.433381613140227
-10.974960126804945
-14.593640776383836
-10.632880948978709
3.929113221092848
-12.921023500915908
-26.03389226942818
-3.116424149782688
-12.78646453426336
6.864786349542555
-6.64037893060231
-1.049541649626917
43.808157227722404
2.8530701184208738
-13.520659544883529
-29.778601485100808
19.248892089563014
9.074572722580342
12.328132520211511
-7.000416059410781
10.588027992656862
9.15695840362605
-8.496197935681266
-18.09243317160508
-24.25379425502615
1.2217242456245005
11.180800689333411
9.367431445360126
-13.837247817486059
9.466740498930449
19.278814944569604
-10.583343787293416
3.0637656660401262
14.32829647835024
13.942996105193743
-11.576522910327187
18.789350679173367
27.318442294541455
12.559154829039471
7.01561428426794
-0.6282421119685753
5.329818823171081
-6.27110227078083
5.846255244388885
20.715978485503
9.831670802101144
18.555863224399218
-4.470764250683715
9.955219560499245
28.23100733957108
13.593258171233174
-18.258589894241595
-13.735161809498095
-39.897230190083064
-27.923852821768378
-7.909937949021696
-20.216177985665126
-31.579896535444277
3.5492974842090916
-22.56953792823333
-21.170812574971933
0.9869490605087775
14.772812612558482
-10.495421188847104
-25.982781917995453
2.2191185948686325
-35.44044747029693
-18.965925706048438
-19.529470931993274
5.412412718840642
10.42426014412922
-11.895675677951658
2.8159452681065886
-19.727176379623415
-20.55248321396357
-20.166931186569855
-13.064436920016306
-24.73218679209458
-32.065066571907664
-43.54897591318877
11.82629527613608
-7.051807819014357
25.940354346290405
14.748019359743921
-8.005610785941826
-11.234322370910377
-8.544028852113115
14.757564077543066
11.77243937181629
16.81935606400657
19.89078195215552
7.411382984144439
11.642595359087863
-19.48080759269942
3.3078808892241796
-26.728151499868545
23.929571470831434
9.805582701992535
-1.238091990671819
-10.45278825215064
-8.871981940319529
-21.543616907056276
27.262963700726687
-0.5681484013111913
-11.222256320397719
26.12699462857563
-27.040246009884868
14.033412981581932
37.612606973198126
17.65490748613229
9.056840199642465
-40.414618110400625
14.220305628237838
-7.858605216522847
-1.9920660747229704
-0.032729158592701424
1.2581733454135249
-0.7950484664033866
22.66728050221718
27.25878916057991
14.545416962013405
-28.54143563946127
-13.413538218446774
22.60827085031633
4.539992603633436
21.22885092350043
14.165069446269626
17.109189241498825
-19.926672714715096
19.284338596065936
23.18581435505621
-11.258844668580423
-5.086454648346262
-13.753372270410182
-1.948368056815525
2.0040367458423134
-7.311616169958143
20.238899019714154
17.3724306051663
12.838232267626154
-20.831137736222445
16.11510546146019
-9.254971561935236
-3.4311662098189117
-1.8093234919433598
34.52931176733546
29.252154348694603
-3.8098852678449475
15.222556182365224
-15.720617853869044
6.845150141547492
-24.469339597202634
17.91674810796394
38.470900057618564
36.22104198618035
-21.16979969842214
-8.512694618017122
7.830811451749469
-12.539789574671886
-6.854670335567789
3.6673058444503113
19.52166819773265
-38.58196248312015
-22.066689575985947
9.982620663569833
-28.769820264325972
22.611695083011
34.07717263454106
-10.449519498477457
17.874840257893084
8.533395503720385
6.583093072957126
-22.971407691460627
0.5959151822062267
4.919630246178713
17.771026004433224
-7.943622473489086
1.3032329588822906
26.00457009919046
17.105378121086687
-3.6327576176045113
-8.848641936470813
7.752842934794899
-11.577259954727197
-10.84543493266392
10.764812884641287
12.412321080781112
-19.093841036243248
-17.23429005383514
-30.006651136522123
10.011539391744009
15.282781107925985
0.41729834643774666
-15.875057393845054
-4.494777634507045
7.526175230443187
-2.9473228473580093
-20.14045275812532
18.622372313700907
22.683613228313334
33.01146366570174
-20.08749649170204
-4.150800643714319
7.354482520844613
-28.574811653626966
-9.200883476805757
-18.017591207717487
-14.653451084021071
0.2976431530114496
21.01526672465843
2.6732094893595786
-12.022327823775413
-5.418629652951495
11.618595802385244
-9.670596676158311
-15.468553130805958
-24.78716783280106
-22.871164318516094
-4.721886866769637
9.498535007071041
6.2600890809626435
-8.469572966627311
-15.406243311354046
25.159352551905613
23.668017892108764
3.864141757141624
18.066652049492404
-10.661458824557485
19.02974632869882
5.798619289445924
12.149702129114303
-23.65407552444958
14.932575994251238
15.82014358660672
-2.6564980169932824
-15.575653242034605
-15.881580939319974
0.3138822107866872
7.917966532819264
-17.781658698680985
-55.69421500922908
9.926400146585365
-34.01833081962104
-4.977959739604557
-39.442936152307084
-5.253350316503202
-9.662815149495145
18.227950752116158
31.942259087838465
2.878361522794876
-11.88115597684373
14.740918132942172
-6.998159270846373
7.450846820487641
-0.9653899748882395
-8.030271608404291
30.29393776908546
5.125540459986951
4.624719895837188
16.81352468316618
-12.025104749474849
0.8479531266348204
-10.241937324855826
5.9927090933779255
-5.164346425459371
12.476089743897319
-15.197873699755291
10.821934394276468
18.390518253807386
-46.736223694402725
-14.819497366181167
20.713872903485022
-1.777089998133306
-11.966860674572672
17.228899875684874
23.17313065680355
18.48372136586113
-23.225327344727702
38.53777495382383
-6.471039985379321
-2.862227528610674
21.452475523859903
14.348923891084269
-4.128868021645758
-22.228032962848374
0.640000786221208
8.738858778255235
-4.494316116579284
-17.00968422422011
-48.10266591245454
-10.753244798703236
-40.73605470498296
-24.03494789167962
-9.043926539758104
15.708202041008917
9.529254346089147
-25.623960298478778
6.699306188587798
24.02548426533758
6.368637670915632
-16.90373474101216
-5.613233013071294
22.126165273293736
-27.35852495009749
23.845017943851417
-20.142091122041165
-6.839671184585313
-32.63532468532503
-31.48074331661337
-30.741018468455877
-1.6189255560311722
31.232231696951203
28.276365877944045
16.876686882125796
0.22316331107140286
-6.757714575076534
-39.473238982245675
39.78231947046879
14.457721614588081
13.590627235898864
25.369074526206532
-18.61570830256096
5.778237339844054
36.78921535876725
19.676809344411595
-17.87573256241012
-11.21510614046565
-9.17336317578156
-9.871868408561568
-10.768562464785646
-6.489793682529125
3.131801373565395
-33.67785009943327
-22.613258546974976
-22.27033490941176
1.6799984293029413
15.510819304887264
-27.40155517234598
-8.982146858521446
27.56992155712942
-15.509375150752021
-7.414561466786837
-7.005229607311776
30.183203411615978
-6.429271865737974
-24.58212080402882
22.8979382861653
2.6063932384349755
-13.399248697038276
23.091817468812224
-17.391819267737446
-11.446194077725522
39.03860767689912
16.609094122723036
5.705067203307408
-25.716703545640485
9.92225865497312
13.387370286291116
9.710426170779101
-4.580024542454339
-2.818779407218244
16.944966778944945
26.14508538231894
-26.800271615255042
-11.807174065586878
-33.4023945895824
8.036068442263058
16.789687402924756
-0.6008524118806235
-6.523528120909759
20.913131402630825
-15.045131306593248
-2.3114872960359207
6.605694520229008
23.257013820839347
7.498375631912495
41.99946070299484
20.86688523372868
11.11977731402294
-4.455474318419874
10.143664389070182
-6.733075098734844
16.918871090063476
-19.42207132891417
-1.5078298502412508
-23.319190384507237
13.249661347545041
33.89424494586274
0.7428823476584512
2.7502472541455063
7.46706804780115
5.705226332789607
-3.749045922235382
30.485930887589348
18.42648475679016
7.6416407570650335
20.112930059141945
-15.000677959964378
7.674741330876714
-11.079745524570171
46.047073986701434
-31.350769569755357
32.76940984495741
9.879740695359942
-23.1450719462664
-6.9383344775487785
24.019041286432184
8.930967252214032
3.6464585634239484
-32.244824845387484
-25.78453453982002
-32.15812557227764
-8.758314795450133
-5.0197000667321845
6.090237019452616
2.037507565029955
23.093162410536024
-26.711328909361328
-2.2349188438165584
14.636790586693678
