averaged_values
9.636240533713137
3.771407007385278
11.58102338349272
20.65427351697872
-19.62219554667536
6.55024291567679
-0.9044097990263252
-6.536295046578744
-10.206404488970293
-44.70309956344136
7.359179327817401
-12.18117463417002
-27.70458231784869
19.42428642748564
3.4591824429953704
15.41912116704043
-7.5055096859287005
11.303027921210742
-19.183698211360024
-22.941537892853376
4.786524723109324
-37.38418093169457
-11.938325345283374
-29.83803937045741
10.936007539115964
-6.8900369173061335
23.18966482585529
-26.922168835590128
19.157753069957835
23.834707601185077
14.144882770822733
-8.882691172562772
-4.668963718257146
-3.310019400334568
-20.764666448594653
-20.76294614833023
-18.070407567254733
2.8986715234350413
-24.188029814278707
-9.27449042221997
39.78202700089605
-9.608512663573492
-18.064459454326425
11.176551758966523
15.633461667530357
-27.20992087178456
4.684806147197378
8.936891885226942
-36.58365802640037
-3.356837119892589
10.858398626747658
-20.49890593040618
4.792917431899696
24.653349520274787
4.23629593703663
-15.431184544882854
-5.221694602034404
20.132907308710852
6.630791194838821
10.285369217250263
55.3011334672774
4.676021215578658
1.0471473444195
-1.7820221651782049
6.672460461733863
-18.094203305605333
-12.99074647706584
-20.34737489845429
-13.244222909212112
5.025239996437449
14.67470199915988
20.32103605524753
9.49597431816801
-1.8266594823508056
-28.41410645011638
-5.619801867447677
-6.72996904712636
27.100798012237647
-17.696922534974874
11.422738404202391
-13.878436616127146
0.4618740756559418
-29.505819819809403
7.986933441294241
29.259967323814635
4.380640088653308
26.386803309695097
-7.418650300081936
-1.6330369490024168
8.068076574345469
9.778303217943176
9.028566111432156
-31.54393486349727
2.8537936258799164
22.985143481069827
-12.811744898659526
-5.323362044888199
30.234082845578087
2.257730383615126
9.64851206188905
10.260531241452554
9.145263336075004
11.551967311577757
-4.60495896836801
39.86703724326799
-25.49287634238135
2.908395136400941
1.2920302190323127
-19.30516389579861
12.28918544323824
0.6004864589922363
25.670127165460144
-7.41159497971239
20.5793234565208
22.07139589036524
31.045652914704988
-34.9657218108041
-10.138270237395773
0.1313474663038505
-18.065977388134343
-9.38828966006986
-0.0187796995160169
0.7789309636718826
19.562650023814054
-46.36779018155357
-1.36207209614804
22.480510310459067
-7.047058755881153
10.405488467120447
18.028725928394124
6.198446185924695
39.79811828560196
-6.834518913470674
-10.241513323169784
26.558137698448263
-32.26015979514341
-39.86226402968168
-13.659960821270944
-38.37627468863502
-2.978951284530922
18.1998724204168
-5.171453495800961
-32.44481181852461
-12.75136696496338
-3.7713168939517354
-44.68006332994264
-8.394868564020726
13.024828639347106
-59.38664351665648
-2.1936547894147225
-4.388679474795936
0.3473836726188892
-10.508449594708509
-11.337340936093824
-51.7923065439536
-4.575760140753118
-8.163459727773443
-36.74848222271248
4.88146451835928
4.418463553243782
-23.20831505300885
-18.66236240373109
-28.702873887858004
-9.2432277102198
15.804754738288466
-31.433051733547472
-27.621205139308582
-1.7262887278193375
-17.33105902202078
9.204311744266306
23.5405952296278
-9.574183421980706
14.74470018966531
-29.2594529233902
17.81688173850125
12.564313918890548
-5.3635725708300015
4.767803804410505
22.660895584369428
-5.621864672517404
10.502332057716558
-13.2008570026519
-6.609605689634918
-16.915670231101103
-10.709440839549645
29.220511388863088
-27.67392905865563
-16.816906484018546
-3.887056379331625
-9.632236900142743
26.016343921844964
-45.9418253973854
-6.223739522218239
-11.517318944112048
-16.323997237341246
-30.308150046636
-2.2052673018188216
29.082692514450173
0.6571527490305016
6.356958683099947
4.880778356018709
-14.214939425946795
19.24828321188397
-3.382220755898743
-18.392547673822264
-10.559380927021266
26.673719418846304
2.7805608216876863
-8.067281871524756
0.7467853269918123
-19.91817387095944
12.88706544697925
13.21306816097058
4.854051394824637
-17.138659460048075
27.88055921785417
-1.5101567181845894
29.61211540283693
-17.015985213249223
-16.56324360583676
-3.5700037444185
10.82138553308323
-29.5343605397502
14.989765305028412
-24.40631510852836
-5.80830063195026
2.674740401416784
9.901364449338873
-6.950727563846158
22.765665947372327
-6.7193610532413
-6.718578534811968
-1.823897234222386
4.413938393918215
19.0100418117072
-12.96417142188875
7.589097432573908
-1.2081805377383716
-9.962959381387918
5.122106836148305
-11.05913565136143
-18.136740482601454
13.808497872625594
-4.572647036620765
16.81684296403546
-15.804710067182896
32.86128284025472
42.23137448616035
-39.28897964925272
18.50714146628161
-27.1936172995338
-2.834639084947412
-7.596328554966021
23.995357228894136
-11.113937475151031
-3.8949613517470425
-6.624856005553738
23.77530451270286
11.77948986265983
-0.9815394244651544
21.17108215710323
3.3028409092949005
9.624461486877408
10.065586494398303
-12.709912479956984
-12.459970049763797
-13.995174302603118
7.363601512479363
-24.28864331418299
-3.107546445680782
-13.712178840884008
-13.01181823076331
5.809695777890738
-11.738431763325934
9.69910833875474
-42.09285985023598
-0.7451069311209721
7.397318889881717
-23.679817791024107
8.607168802249362
3.4192939781496534
-4.753098371307715
-43.50790286694246
-3.1262734320334857
-18.73444778824341
6.204626445498434
18.256562299997317
21.32667447325366
-10.74027240475698
16.238126410607947
-34.96697491280793
0.1056856103678001
-9.603554707733563
-9.475193788428442
-2.86725096446753
16.968064397282433
-18.384723375973408
26.693660903038108
0.7573859530239133
-12.4784764386568
16.125373438495444
1.225188552911277
-13.349897348016384
34.01866134341981
-1.3942352546728216
18.530169165460396
12.54408120152948
-3.665732519715675
-13.328424609149806
-22.009987093289965
-12.235690197892836
-26.63931325158046
20.204492194621707
-9.0873095717252
-6.5175997685146285
9.029481166915502
-7.756794009052101
-3.051532733530621
4.444337121662102
24.237300236622104
9.926890261587689
-7.549945932347327
21.751686742980382
17.96056162948662
-49.34373141077231
-6.994685815661796
17.907233089892543
4.096327756604296
-13.645978437140002
-11.377871671618776
-20.990420625763363
-1.2652859361987794
-35.98898875690065
0.3070294684293913
-26.79377152454981
-17.239995827389066
-1.7780362041230546
11.242500443724566
14.721029997162988
3.710524137466564
-0.7601658803614555
16.47244137027883
2.533585081298952
3.3706504566944204
9.965282437842689
-16.347695986085455
-26.85970484331483
14.272208711510755
-7.986547999666072
-0.32951872664853
9.742774050086156
11.40302117286774
-8.668154192215297
14.430486476034275
16.7725539830426
-28.42974960002175
-15.8257978384936
-0.6574569365911884
22.179781364975497
3.420530401490396
-28.17218247555138
7.324090028763749
27.2093345723988
8.940409265575
2.8100235053134384
-10.381585247814655
-3.980817109011696
8.425093253448722
11.476740654252351
-25.09866318582499
-8.255653648491716
-2.0668079514289275
-3.008111618240946
33.164688628239674
-5.377039063707343
8.170943554810947
23.51744407058868
16.402453154994873
-21.77591651264811
-29.748242948116967
-33.48712680491735
-1.1741965905966936
16.3068860990752
34.896807280310895
-6.880591050066869
-4.823879945499357
3.992732363243704
-26.52834644143877
-3.600457694352372
-6.919072105461964
-11.6535770604969
-4.935520277387695
-2.115566401582328
6.874502805512748
-28.37836682763009
12.199499399823251
12.013685458383408
-12.305461045951231
-2.393842833611416
-18.52507381986652
37.8950992848404
17.541924336881493
9.174757215558202
21.57994442911877
-18.024167338808184
-18.85821861308068
0.3644495013868436
-0.0559674694377463
12.325567582753138
0.8985338957427302
45.48474444435851
5.959163160485332
-10.41608357267978
-7.619347044819733
-6.5032125030847965
-25.30942593578948
11.60483228128578
-46.09400200423261
39.56339349626796
8.744723393087042
-11.484669891025987
24.982967132455087
-26.76844021104625
-29.00693596963538
-15.642774052117602
1.5424889153218828
26.467607203056104
-50.83029178441211
-39.64788941935694
-11.314402447183966
-6.01124226252432
-5.78583766160591
-21.98723805573536
-7.550009484926704
-26.699710240965945
8.052691104880068
-34.979093116300646
2.3520430251810467
0.185990995450993
-30.220534130538
-11.423346474781283
-11.890766230746522
0.5586657644162187
-35.57800569140818
-15.608331886251108
-0.4205479980882955
7.448301483949763
34.187494276149664
0.4813398950791452
9.979568291615578
-3.4577581137564266
21.45656509685796
-5.943700055373483
-30.894293225515867
-12.885026223171735
18.517399832431693
-7.714762712290394
6.865565687272465
-5.0056727164192125
17.606817328036414
3.326978797937045
11.024626724800328
10.579721874179086
12.01127135725983
-0.4355065509007545
-8.444251987646567
-9.734389340126654
-1.2474338511237877
32.94543454704399
25.396988716936903
-13.77033035241766
-33.59416444892122
7.506751857436029
-18.37296063543181
-6.109854312293464
13.609940726513742
-7.535268486753921
16.049099513547844
-6.201022711000405
6.461096446990268
11.670589703382577
-7.131285330673563
10.330404101274326
-13.641896260669457
4.463680045111687
-18.49488013649534
-13.295357365350355
11.204754418024097
-2.8363416872307425
-4.561445967337932
0.938420445731026
-15.840751592913875
-6.040981051977724
-4.706374276283896
-32.73838333360618
-40.25358408610919
-1.1223259569815127
15.880901603290113
-4.091449199040653
22.443720243914868
10.116515787740354
4.27572934384807
4.974279238653253
9.05431934678927
11.533831037930211
3.073704035996343
-6.845979041157989
-3.818384656507988
10.418983202180245
-36.32657148370345
-18.261185157913133
26.710431526385943
-1.535648319433676
10.018615389009938
6.969118709632312
20.727767200150996
-25.530163337869453
-9.8346677475638
-5.655032840673812
6.453382935622358
13.76694126620714
-10.00203914179292
-3.1482988836214645
-1.6694170358823612
-35.85633470612811
11.402088868431749
21.484086461365223
4.189458369452041
-20.56471622562094
-0.9241403713531328
12.052973694400862
-4.527960056962911
0.6554238707612967
-24.570497856795555
8.470227260928368
6.09180232307699
-1.0587910542526515
16.970622842141893
-2.0744238718325505
23.491481521821697
-19.15707054750237
20.10797477925371
11.21883331789286
-10.641997518279824
-25.43493681777909
1.971388370599016
-8.367010762754944
-11.350808259041514
5.386133796069771
-19.24820772520616
-13.636119129310828
3.448016739086597
8.362295830636867
10.54868007094774
-4.26545185566647
-5.458653331632377
22.319030448285048
8.433110310084885
35.16403128592356
-4.844254769195686
-22.553475337146665
1.5332159390527522
-31.344097605906427
13.587045348322135
20.43267874137382
-22.408969812837316
9.796935244012277
-8.968058041180484
3.4592842963611474
-5.279016923319432
3.766618602414383
-26.323247092295787
7.910255127077107
-37.7983792435989
-22.719070996157825
7.483001742555643
-4.12372290888743
1.6002575820020866
-10.641353787636035
14.011840732448036
9.924204316135729
-1.4643335129367188
-18.969892597480797
23.625383591715945
-16.623546229471685
11.158432801894378
18.504332133758
11.128913731809009
14.372934568236817
-0.0757932446867926
12.576700373072526
9.72346231697884
-20.575769888659124
23.775653693272037
-14.018515805728384
9.226813143235631
0.4215136542770779
-22.824724037767737
36.51699596259277
-11.747054868726991
-32.5873392001231
35.57354269598727
8.87505221729225
22.77354394001304
-11.009330101500382
13.658590651248232
4.189567988534691
9.124888044665568
-16.63842191180447
-13.376099562781746
-33.36237782075477
23.81210021674633
2.908594107153476
-14.070131475978997
1.0847295407875208
-12.125269108451905
0.6728135114972247
5.604087162879296
-27.184915657591773
-10.969583769576277
-11.0660012596054
-19.544038150153938
-18.17700812316616
14.721566854976118
-19.16989025543444
27.983064270039904
-12.379881932283752
22.539736186066875
39.30113394536602
8.944954232647433
-13.572342744577329
-19.64603947859723
-34.17085779491754
-7.718162829332869
-23.46234842123522
5.449156553964713
-3.4511147330194945
20.24971292282862
4.489193340952625
29.665344869790715
-25.303633348434232
20.58851033232349
14.935082146315835
-5.811600689703482
-7.044825129341916
2.6902347097638994
7.6955796637194
-19.845198922994317
-15.182858920132276
33.97647046903148
-30.04664711782243
1.909809705641237
-38.40672404259385
-12.203014627069932
10.66614340727392
5.404481964753359
-21.13611201666936
-28.792454406022443
-1.170974679698702
33.086704966961406
-9.730627432771144
-4.7936166173021775
10.284443785480107
-7.3804195534467
8.05459012236679
6.047327166001196
0.3761948056926485
-1.6723671306244796
-25.479915060466737
-3.5633111083734548
23.958388418279355
19.945046722481493
32.108401786274044
17.429382066096878
20.28237260633614
-7.068608171350206
-3.9710852157586487
14.499205556567176
4.431000842974754
-4.897006347659044
-0.7701040123356506
-5.37387435954588
-25.319760357771884
-38.74194509079098
5.164549494540552
-30.14781880607188
26.825620552845063
16.730012291678577
-37.70624585756741
12.885893926315475
1.6820058496086858
3.255672022904037
-3.8620441824605214
4.5643506609631
24.079475327715045
-17.06005152106809
19.54621036659228
-13.441064740356524
11.076809212419905
-1.2513855047145626
18.495601413436816
-15.00158909035963
3.531023824980366
-23.9777456727752
-1.336089316799189
-17.842150519762072
-11.23739482514793
-14.362439702788834
-17.92860000138171
-38.48466327729693
8.75769516605942
-5.023489787810831
-11.85982024826808
-1.9623648258129835
19.97652306639065
-14.787438228246174
-11.1582664999587
-25.166339290779437
-18.13891476496065
-39.28046756445838
-12.838325585864368
30.531874210966635
-1.822764816330164
-9.951970343114226
-10.412693268357543
-5.881435604344006
-19.82064299409103
9.792935000776197
-6.050022737807012
40.02813074346341
18.688644327557995
32.7816987370461
4.262207196879899
-9.09844079936738
3.2316616670577787
-31.04565496068972
-15.29477805935312
2.8345859414548613
15.61042080030893
-13.418924197598244
-6.871960339762154
30.197154233101173
4.737603378656786
7.547089555111597
-26.53840696903353
12.812079308656394
-13.490743890710291
-51.16342158899352
5.3255258688441245
-17.6675323821255
-0.0321151096723042
0.4926134744164301
-1.32587682029407
5.275061948050279
-30.711471119968337
-20.295048813102767
-19.420130794955185
7.182166182712535
24.900643739572843
-0.6040676980192075
4.403858594261692
13.732184196385788
2.2228975823963992
-21.716799517947948
32.71697147034865
-8.950628080507158
-12.60237428516848
-10.282347589236451
-8.754403483559145
18.337854014869663
26.58505734137725
17.406320046662586
-4.640008550151833
-63.83770085766446
-24.198597666894784
-2.8128576132730814
-20.80287734333251
-7.151307629101211
21.10792378113547
-17.036847579525784
12.005198864586418
3.914627103411476
36.350715574400965
-6.715174401353579
1.367240902138292
2.915574082071544
6.463069540521246
-19.409611341397977
40.05961510745692
-29.68262809944281
-13.452272446811548
-9.486970539364847
22.65458134432265
22.43740464540315
-8.015650459725293
-13.248417073031304
-28.07343083116575
-5.102695589186624
-1.5562573591741966
5.771024699060945
12.041717183412402
-26.29051195824286
-1.6436185084166937
-3.766617727887933
4.693774746599956
-8.816960940384888
32.32757701507944
5.611775864104857
-27.567281747280504
8.362860647350317
-0.9974564046569868
-10.720776111775194
-16.63851338926179
-24.50721882469952
1.5715550708409864
-13.691178217777631
25.85673712688731
-8.132257142060553
-16.05457954738813
26.584947106894106
2.2428158219263423
2.7185445780924056
-9.389391234595678
-21.096736357314512
-0.9250304638553644
-17.346647207275964
-45.20204116443347
2.126039884475176
-28.023044185800245
-15.000504086798172
2.025256845445256
23.260625599185005
25.821156378660817
-5.152982281419099
-19.748709859108203
3.918274274095893
-9.186445383922546
17.662065787633765
9.26485785235127
-16.208430927799782
-1.6810469353658846
-14.19307597023726
-1.0126243080885615
13.160468199916068
16.183347886195406
-8.122969584830571
4.773958884368767
-0.6806576183444122
-15.92432070542418
8.344998328379006
32.010203587051365
20.028984959659283
-8.165978671910125
-6.825844683189644
-5.0386899059667485
22.95628509167
14.58701547657256
-10.098638008741544
3.485174670626293
9.590127666233457
10.089422866381938
0.1355079211789416
9.772765834772144
13.111722623347305
0.2182290187774924
-19.119367275226978
20.507899341362645
-9.47451538669702
-40.06728588306578
9.201606020375038
-8.082846216464532
12.523710871246294
1.7521444168960445
-11.373978093033656
21.100934363130364
1.9991497196024284
-36.25491142601823
-28.40606755967019
-2.5636851529416163
22.325421137487865
16.384462550238823
32.11439875823271
-33.20784444466699
20.42802364451927
-5.1935563144797925
2.880978926885291
-7.229515852101031
-20.190382405213317
-23.328289369281265
10.088196296957904
0.8133381692168768
-2.291098638990661
-13.0917217873357
48.456850715287146
24.50055526001961
-25.96065310864651
-11.781370005046483
2.4731831213866826
-13.048222964644085
-22.36305837026157
4.976854283711873
-19.61405801582441
-13.770471563737374
31.52271948622365
20.725954677400296
-0.1254940393409924
13.05562189379998
9.46700694350875
34.51153947837884
-20.96128835718264
12.08384237687278
18.51868673232093
-27.195241862602412
-12.992393901920876
15.628095086067333
-6.247221881247242
16.359335166882374
-14.61873201567505
-23.34215502192092
20.5518055146822
-25.52278707634832
-26.241588402786878
-38.01822768164857
2.705241318559274
13.174432624247856
-6.394621132058092
-3.298534206172917
0.5255834362033056
3.472940264036879
12.163676045383909
20.57412854798895
-17.412649178746506
-7.201689279521816
-3.2029397859296296
11.82403165078722
21.14345101091021
15.786860419946606
18.99686980372644
-21.19926652660069
13.24136637535412
-11.62634229764808
25.78004040975065
13.30731218479923
-11.778272811847271
29.64957212806621
0.2139523796213325
18.25599097454688
-16.158571333959117
-30.790074691016343
46.02007639165095
-44.87172452756204
1.071036921814084
-6.761124112890684
10.358881448337344
-18.1508434379939
17.14621799219458
14.917110433932976
2.5360604744928423
5.792796532812645
-5.5263139353337465
20.70919781214616
-2.737707863780088
-24.2550627059245
-1.0678949423599988
11.394024752589758
12.192240248492451
28.34534512112441
0.6414532552444143
23.37425962553243
16.447020432256977
-1.01745717151789
18.75974040888832
21.25642971454363
-7.291653127365862
3.0292920171195874
3.723468138210592
60.54826323248562
18.65893171705829
-33.7532045339176
21.19817062150105
-19.52768751438998
15.43592237860139
13.383924219626351
7.245400324973161
-10.05483213905245
-15.495408043410862
-3.168399050162406
-20.84296293543593
-0.8316610012989258
5.496623299753992
4.208676265727263
-27.13609274443297
-29.970643308741277
-23.245458902601968
-21.15377785329474
3.5991175404633395
19.568134181652567
20.877769969927613
-18.59866223570134
-6.235942600251292
-30.665203967757407
10.279049305405351
-10.488676370572648
1.3108315071003744
-2.2264775981311686
13.205609298122
-21.691427104000468
-13.112476562906522
-1.1396330765710443
-5.038079225370893
18.974601556939888
2.854762531089364
-11.990265649481444
11.81901328531967
7.126235733245267
23.340836007671896
-8.099362814318738
-11.986527383021894
-6.758837930945447
-20.06665623682784
26.234118572450825
-16.306069607642712
13.944256972434232
-3.631629258597968
-7.061303401031182
-10.610123309568737
-30.18537879892392
-11.05703902519599
10.668877602845896
28.4766218058503
15.174891837828907
24.3649994222651
20.493034480401548
-8.177271738662967
-32.43019217703841
15.23037766633206
-39.3835632311384
-37.704342138094944
-2.6480079973553075
-16.978955757746007
-20.76383837420144
-30.539348990561848
-23.945503528695557
24.87209689246083
-2.3204004259896465
2.645893155451631
-5.551517042345949
-11.33856518077664
24.97878843640501
-20.37313792509667
19.65192975664104
24.5419196075236
-3.361086046192213
-30.95274164987495
3.8945891251642015
-24.8817378267122
-19.1513054590323
-19.606743130178074
9.466482160161831
40.23483171184489
-10.473723236937076
-12.416306720857392
5.304932118247962
14.73338056038483
-11.134634063317208
-25.29640209692297
-3.572630123962881
-6.859973076847382
2.5995842489646748
-0.3839234678162029
12.254992041547666
-3.969213515709271
-13.170541836036136
-25.166813366740826
-11.851379751053171
14.612607824412407
3.99874355031352
-10.850435926768114
13.281986355315894
-14.40315754940093
-12.86485857810476
-8.466701374170952
-13.791103850802756
-1.6741863938659662
14.23517926382192
9.644679407429066
-20.849664460562053
-4.945820630309754
2.977169036006672
7.127456295478623
2.5261814386758488
5.343703287799144
22.218535876017995
-11.170171827499871
8.149249189751572
-15.071475607066532
-15.58267463487573
-10.565153642266525
3.621336117183091
-16.054255052426015
31.20407755272754
7.223578221717616
-0.2794103123305831
-17.828022701593
16.787536221381743
-10.375105610728497
-11.2653411202773
-25.647285432030912
18.840287798680947
-5.500063945175498
28.4500268575066
-24.80742088551051
8.531912934951833
38.85954641470744
-3.924088555693743
7.250440470685135
-6.340463915126748
-26.09243687034177
-33.835092573586735
-22.94941338193894
-22.40292913009762
13.405076187409575
-3.534643364851945
16.083587882792926
-24.873613533563912
1.1122607665893156
15.4485931446834
-8.198421066161245
-6.159812403959222
44.80173963184643
-5.629641131177777
20.455176472241877
-5.147956658358453
25.123183839212288
12.115453684295062
-11.470339893436176
-12.41152655010228
27.50624007159786
-13.516827924919198
-21.780874187286827
-5.80646184294892
0.3521543916285736
-16.958725145974313
-16.633864136674674
-11.956807237569592
14.708096283473424
24.873783011484196
-2.8752189191873185
22.94866519435891
-2.48187971682637
11.3626285737555
18.13069145962072
4.312409742880845
4.672052358582732
29.144808717857813
-10.35228088691656
21.05292017532338
-22.580807292222744
0.92246639203222
-8.520340036935522
14.125371725676814
15.357773239709786
-0.5132647627760889
-9.96450805083441
23.7132584657229
38.42319638277695
-13.020950727033778
21.201285897681373
-2.284573654338601
33.91867906722473
47.449020658037625
18.892181818038807
-28.524110743645
-25.850642473553307
20.12356610673305
12.552642943745012
-11.497551449996536
0.2399979137408081
14.633695746902958
17.567728705660556
1.851029973680852
22.17187156972068
-30.881769250685466
-16.702948168298462
10.354095224101911
24.71663922260632
-7.557955220559961
-24.169032863646866
-4.581725057883887
-15.517995754576988
-22.653166195304948
2.571163379441714
5.181617962065502
-18.19916458432272
-21.29969629556581
-17.591926128880004
-11.00044483509555
11.1737524933269
51.028924332538736
-57.76771555596497
-22.61511452622653
10.761809607662144
38.58923084824346
20.52256547556317
14.475849805414327
-5.889883917116094
12.03746891670744
-42.03677515448362
12.34682195611822
1.3038942310668062
-11.514867005695123
-21.069723443244584
-11.79791753657628
29.19330710024224
5.509391313942615
19.240083033888368
-14.5954328521766
10.862832037833869
-11.552686805342091
-11.563780835844227
1.6920816843921784
-0.0306665478565264
-15.632600868644658
-15.57390720922558
15.509186606330331
-31.19595454508089
1.785317222980666
-6.456317662479705
-13.89678787245066
8.33602286959649
-13.165523301489884
4.945785496514873
-14.730848765408156
39.82551074033836
-36.38563157481258
1.1827241816499736
36.76803436789487
2.055526931086206
-62.62793979095295
7.868490677923546
5.446328306934447
-22.99016303688404
-22.17847106941917
-16.9192199990066
4.530594000083511
-7.785045033990173
-8.314320519610192
23.50053299345018
-6.350152137398254
1.6009246480534784
37.99213612072344
-10.198477758618536
8.578032981182332
-6.46011732990155
-2.214610721115605
4.970096239238046
7.142780865629902
-2.253132036217721
-15.274467749812176
13.27808941755211
-17.827262612627237
-7.86753787692578
-12.032614253941574
-13.450410595512947
35.49395084969001
-11.563330551798572
31.674841257336084
15.856271236814791
-14.989018149106414
-17.155532611446688
25.27307192244916
6.138819646090269
29.97506647631235
7.004119273769902
-7.315762863843702
51.739333416117006
-2.309395584699814
-34.78217662010866
-10.24210269728792
-15.70358011907956
6.996639167380636
9.82509408435726
-3.2159799186047167
-5.0279821617587
26.151109702550457
-14.008778442395853
10.217842195910634
16.483616312703816
-14.1607909884915
-24.87923302678973
22.52090728780604
-15.60466835758416
11.371100380114513
17.982954767372576
-3.899191471311497
-9.15592320309952
8.683704854352982
14.18715632079693
9.13253375653585
12.75168870780908
-9.111141321292962
16.68475983494136
2.602180791014689
-16.278821803149185
-15.068428539001616
12.163642916435492
-5.571424270383432
2.422513874829747
-11.126343631054624
2.995258717171964
-23.455126272398047
17.9755207899143
-17.772019645926775
17.56818575541547
1.668472823963384
-18.76991542882752
-9.06821372146078
4.864622720895568
15.589416672461084
-20.65773701711441
4.056498571866541
-37.16660016681999
-7.381251267172047
18.225519004030502
-32.5237306264753
-32.851120702995104
-13.07068229507422
19.95228119181411
15.560585780607653
12.10812016442651
-21.728782978709205
20.318231964862207
-34.59779523516772
-10.670755574683426
-12.51098688710772
-21.614803805336123
-2.2213940591173014
0.6833737440611003
-17.881240006317967
-27.547741027985467
1.8366604214679685
-17.44208284164779
-1.159816634259187
-11.6840427305724
11.278462502363254
1.379812838640646
27.62340408936143
-10.138973813329358
-10.083436550426995
-36.2300148493232
15.262186315463625
17.075265021048835
6.471354325898574
24.90275481037679
2.01513909555797
3.71338131876837
-45.55635268223705
-38.80571090901503
10.99207284206932
27.025826110271737
-18.128438707455643
-25.253398764209123
7.218682057588012
16.73348894547962
12.124151018622795
4.776925910307909
-3.219495466008084
13.641690713498974
3.425106473863707
7.957815709305578
31.393060165282805
46.04604227065283
-35.00365794161917
31.737344746143208
28.55727766743803
-6.241655952835572
7.950063146170578
6.619229075717158
-5.488118278779439
-26.08187113251188
3.821285295212874
-11.524364704731852
-16.91613755002618
11.253771268486162
-16.332572465471458
-0.3512124698900152
-18.862038679988476
30.90390444129298
-16.612894836303894
-6.506700823651045
29.513629437991767
12.200212947573164
-21.507736013256363
1.5447048493369948
-11.462116240363684
12.284314161239308
41.12405317983939
11.48953542210802
27.62491186727129
-30.906169097099337
-23.60288148374821
-20.436616809660336
14.61645100383612
1.308442894325708
14.577975649706786
-16.971078743270482
-1.99020690661564
10.14872825758357
2.131318261686829
21.44494201541238
36.07992293596908
5.68402394313307
13.094608048268128
-9.479679323572782
29.169842536721266
8.901902423502179
14.941817472368712
7.837451031256933
-2.5179651496437145
5.819709480318124
-4.174367190571502
-25.79651396787085
-2.175877837886219
33.84810708949226
12.4160887007165
-0.5335278379061492
-3.4242375699977856
-17.657122509743203
-22.27956225948583
0.7580082788772415
-41.54064288992959
14.816198425527546
-0.5334752121998463
-19.058388916339027
10.424476492305985
-5.907479803383467
27.669315909719444
-22.47479514715087
13.39502975027426
-3.985534159321105
33.03708048388944
-2.9907579096325208
-7.640400458170916
4.265872920732363
-2.7142620947997784
-16.54441005915578
37.03847370472795
-9.575581362340015
-2.650969794849516
-0.5651253413088853
-25.80379055389494
-5.836302981930203
23.434495956695173
-20.98362725514744
-11.602783672788064
17.398531920742244
3.3216865670401603
4.326506825804245
-12.33532775878848
6.458307147913729
-8.478704194028978
-0.4805639340629568
-34.05113247426925
1.491228084269096
-7.975262983920402
-4.3557145719532855
13.107297355949411
-18.18597820184368
-16.597206294434727
2.6731116674782243
-12.293632575194351
3.89615282988234
10.5740659332223
-9.512104520064897
4.615437466651201
0.690042351721786
1.7248792001628317
-0.7087922939244891
-1.4324623950815294
5.644840139822918
4.847152025424293
-11.517474537075032
-4.839073019713396
18.55784187164681
-0.1243423562264069
-8.128817834862275
-10.78722196824674
2.957956043581362
-21.73484033429122
22.679124738438983
-8.978693713797838
8.719959554029629
-0.1657877341640414
3.999289480823791
19.237122016304056
4.693860014915117
15.59329356852686
-5.653387123194989
6.336851007305086
-10.048794980466482
34.93476723403728
-12.740995102169109
-0.156603378636646
-9.769280944834463
-23.62673216190888
23.10564764363517
10.906421207619132
4.813325504408567
0.335633080030675
11.212781566209742
-22.53320784951211
15.035413543504546
-14.237332420641906
-13.898275330240722
2.3060634542343905
-4.097782003169414
0.3761827302369056
4.962581853251322
-7.4259764380258275
16.64099028063356
-3.5183898604736896
4.187608186955913
-3.5001640848931856
19.255537096527405
16.335308183930465
19.79133394600649
17.50646846339805
9.64766947181488
26.802809667555263
-13.340915035223588
-16.294551571889315
0.0339323918160516
9.358184554468608
42.28381508043094
26.17690534751455
-20.48470554275264
-0.5089286457077833
-14.20186511351494
-5.509916565497406
40.35692898662819
-28.91775792822591
4.345271746497019
-8.99021691775124
-1.3033522363984955
8.258713756760699
-11.336645242656232
27.16698699672997
12.894863709414494
-17.847133920979104
-7.95673011445615
-29.334191053188988
-22.569271164466045
18.10681630874751
-17.403839557271567
24.94986244982283
18.284181813753094
34.26503873993352
22.746505638497183
24.607614510459825
7.819045465948875
16.006441980745876
-13.86277261559735
-15.244284399610478
-34.4952069408464
-2.0324793215986574
44.61963185410423
26.187509129551472
-15.66047686393722
-15.572326403751504
6.702371722931275
18.43835063977167
-14.59556720398541
17.179836777897435
-4.661001959189889
2.332856459455797
-0.3345805960998405
6.021684285005904
17.55747273558518
-22.503583549900213
-16.71278973086737
-4.144392821457586
-13.18935479344509
-9.12987143950886
-8.610655798445805
3.62349523253215
-11.571411831871956
-20.154282331015565
-1.3633327227289556
-14.845501420320945
-1.0010389322269475
-6.694011268831673
2.7184392183844466
45.710928462518496
5.941383660450811
-22.07344875198032
-27.82958327108645
12.890222832604197
9.783170196256831
17.435999469656963
-8.851875855631079
-10.194319145768532
2.038069608155638
-20.94184427348955
-15.439735893116447
-20.409521019479143
10.815412071271568
-4.968902586057084
12.471199456311297
-11.12954445782816
-2.534461804301827
9.201050620671596
-19.20973038543889
10.039007565690554
18.82601459386933
14.410050808015512
-8.410283504679683
15.93442988677998
20.92716446930717
6.688405564025743
-5.3482111294870265
10.93464143681922
2.117645851598354
-8.343841471622
10.78865377890179
15.711069745448183
8.718718625299516
27.5519465416146
5.662479811217054
7.389995382094639
29.97514238300209
17.474311945654335
-11.602801594795892
-2.050032869752613
-27.85790517491114
-22.94293158245273
-14.239485431884532
-6.131348417067784
-31.257129127145163
3.203728058811976
-23.730186544155004
-29.163122774480144
4.157169106358197
22.101299433066742
-11.654781790304696
-14.819131890602876
8.248258324689232
-32.90273640594387
-8.177510964800604
-21.13790804882592
6.010508404695429
11.399960385009765
-6.296490713692037
7.808131922720349
-10.967456747966937
-12.56520778061531
-22.827170960386866
-26.917006446965388
-29.006651764619164
-23.266025680379244
-47.30915130925132
20.115525837652967
-11.194297708498198
30.03186135891883
20.902898505533813
-9.377200064845963
-15.879908715258352
-15.84971787611721
25.143891666579293
13.239021929490264
26.26527533022454
10.43739067428396
21.435779027058743
7.231760963011766
-22.49708164574986
-1.4652172847854672
-29.189463466056623
19.542170797663857
9.115574657029356
4.96422268897004
-10.469053479973809
1.962536861130502
-24.16191717746551
35.30623979096708
0.5579748616728466
-4.109318912291201
16.657866531182663
-26.41645492159296
9.225577636316302
31.490064986384823
19.38612229078717
19.363051273074237
-35.14740388779319
9.38826013499056
-6.049903254213859
-6.355635684594745
11.498215335173882
-8.22739685702254
-12.895715790917166
11.646078651305288
19.245191863534277
15.475536288009607
-24.959662859750097
-11.368034868821267
21.96319857811613
2.7026607940206304
21.017355320844217
8.834476066927891
13.452558367775056
-15.273721046120045
22.568746491961065
19.855899176254752
-15.188621486988268
2.1430955947580514
-18.49457190437533
-0.0317554127977928
20.75659967366664
-4.738597026429488
7.928890932467766
13.72649715190346
8.6063776359224
-15.85321144653426
20.03559311859135
-8.433307660146966
-3.967981383131701
-5.919579146197066
34.70584072498605
13.98445931932656
-4.491543656869908
14.085399512507138
-14.502267919146108
6.306155171987484
-16.13343720084231
25.939797139391885
37.08052899694303
39.09300373739097
-33.249662145681214
-12.909770647806
5.384479273474426
-13.165613646182464
-9.547430405480554
-1.9662896675872616
19.90286541309615
-39.327489168339525
-21.27839331681025
8.375905736975255
-24.756570275945705
25.43703393098258
28.578754813424894
-8.71479511706275
18.17171805718681
-10.58335290735704
-1.0656914644496285
-17.20258069015108
-11.206113601656398
-2.139213751506759
15.3412011332548
-7.815536759342649
-0.0505317048373399
14.02723779543885
17.44930198819202
-11.091669913803344
-14.764085354210692
3.463430433839676
-17.33908392736339
-9.078239879920147
10.70063085728907
1.6424860290135257
-26.385649848525645
-15.97559775445552
-30.01788634819968
8.272637824542471
32.91154335629835
11.586384359703516
-11.401161142464844
-6.184264659037581
3.8536671259935247
0.7267164518561913
-15.791655710025225
21.23406062980939
27.233594691890172
36.0534635627846
-16.1468177845818
-0.4572242549766088
6.21402339557244
-23.24928175759851
-4.530343497914146
-24.192634705541423
-21.3757187131414
-0.4208030852751108
4.299670193780912
7.3774984993215185
-9.369359371601604
-7.476845330296783
4.4694256966758985
-1.4238363847107394
-8.230800099263433
-14.502697076939512
-24.47552207679837
3.2391481303202454
18.27161424799124
5.954922443823307
-14.112372210714966
-19.78433708143712
28.13360833654588
22.040464358142344
-3.677100094602793
12.803997858180082
0.0795319993048906
17.991386483132374
8.984629073078395
5.958941789591336
-23.40457443120249
11.51091274213104
6.207666402449831
-0.4103758520359406
-17.877378604302066
-19.58101226332656
1.0013093059387757
12.661812423189986
-14.811587938223964
-55.89943161813426
25.729781449394068
-39.86553273687605
-7.107010364648886
-27.89316584453627
3.612296355087892
-6.023444486083463
27.89209577089059
30.14895040806732
-5.829660016403068
-9.648185686775832
6.973860895581311
-19.776148690929404
8.227383332603495
-3.31743408057082
2.289147444083937
14.479093557296435
1.644724181809579
-3.3976141516614007
11.305289116105996
-15.781008338744869
-9.924285203742327
-16.739915812868276
4.090130118231173
5.776483892856049
12.42327517006197
-21.252290519711096
18.26489934924757
18.215445457492024
-34.69294974773948
-14.01308279397199
9.82561909474316
0.4585964563011657
-15.974452939801267
6.220177961367881
23.149470678705256
18.80782546641421
-13.369443727395264
36.72288462665165
-12.143857773407944
-0.3380075655149994
19.187859727666364
15.98374237412645
4.797663333854871
-24.05518167252012
3.619541264954023
1.1852812284923857
-8.296615633007605
-25.878887021841365
-42.525208703940734
-9.18386356982228
-39.09655925324478
-30.28311147185741
-12.152239812960032
19.291937275076634
-9.8366622505564
-31.13438373594545
1.4276983451709384
27.54406705283327
17.508352614662726
-22.12132996477885
0.5457214888447197
20.86341347701091
-9.346066811020137
19.23308862974227
-31.19150810106657
-4.304179952785489
-45.616984869964654
-20.44720778905321
-31.287993585545337
3.698837073912728
37.4553642400424
22.74447862384841
19.67068614911113
-0.4380863566329935
3.5723710390011547
-41.79038956433942
29.365045010243197
23.609898900220287
9.501095476865885
24.5981827047508
-18.93340460464242
15.583190869321696
42.90871795575367
23.70150786580052
-13.609848085980047
-3.0670352975430437
-20.42014632326027
-15.207354077632772
-4.08842900939635
-2.942728194902884
-3.162308887724066
-37.605168692112784
-19.731497991801007
-25.84559559948684
2.669333415396977
18.976215075934302
-23.63431526518252
-12.712556609592866
28.2040688876732
-11.656591240287526
-22.613458072257345
-15.204835621931124
16.08231212494138
1.4430650113354204
-15.572064135820256
13.723798713675931
4.0066751103440765
-14.717826486332342
11.42792447193642
-14.637999301994569
-9.92209102754714
52.7749147193972
20.83789332110609
-0.482452642856515
-23.400413277340704
3.604825202084612
17.21464454330271
5.229745687378454
-13.759015988616738
-2.5717174170422368
12.848628221690888
28.491868645360228
-27.398684891755693
-5.214392323148786
-33.06615548515401
12.191651632223511
25.862596067527196
7.441666417609667
-6.550076167943189
13.083861244216678
-10.735973360118804
-0.2150362128013512
20.07871330341732
25.992844331936794
-7.304541657256777
37.93871676512936
30.86727145939949
8.335433171247132
9.706935748356043
5.151224611472571
-4.156140589082497
20.74493395043828
-24.56393392580503
-4.7340832867485005
-19.99278969530133
10.114890889948583
22.071585552825127
0.591215356849716
1.0256662800820775
-5.234448509174399
2.880731121142162
-5.204283992890851
34.171715295204194
9.878432570651055
-0.0707663767534541
18.681377152403
-16.589544324218878
4.689023711543996
-15.01047035040392
53.32207502824895
-34.25151708482008
42.35085184806667
4.6154457730735885
-28.58583661502053
-7.4016386951407185
32.84608877726714
-1.6038305139372824
10.27543931157561
-38.284882135048974
-28.248566284921253
-26.228491247689817
-5.481877735626767
2.981952580899815
3.3736560885299696
10.476296390756032
25.08954549262125
-22.8071058276837
-2.3161639038298745
8.013707930629607
