averaged_values
6.3840059701760765
7.252917860692833
4.381687319371849
8.403830540075433
-14.99891366789234
3.997763229141128
7.337772628161474
-8.54256380640436
-25.900430609079194
-45.126920327486005
19.827394770924
-24.674262169617577
-21.00417044361529
27.61015865392983
4.239835574990138
10.662084307943587
-14.525744301368832
-6.319459828344407
-15.692788090760589
-20.10811324963288
-5.739906798058655
-32.133802477270365
-8.792156364841503
-24.527794532754346
0.5264155031618429
-26.30318895507662
29.543615994800348
9.97308056744805
7.571897410321981
23.89902358976542
33.87337070990179
-28.285479999278323
-9.023002729649306
6.513089251529891
-13.14951691342867
-29.170814422279363
-18.975484223949024
5.675424142449629
-38.36364395622513
-24.3605898040114
31.216464742770768
-15.19247562601231
0.1376845828926889
-0.2090697087551234
12.776373448446977
0.9547769020718988
2.0065799970470835
12.429325694785804
-43.58948020110256
-11.064761145127704
17.62922245550726
-17.0675222161517
-3.501019456249196
16.996716213980108
-5.167407732398715
-13.680998877229284
-21.856570464515244
12.935841789992992
19.277995829528663
-0.9567538322007748
40.69483611889882
24.546008841818548
3.123777617423912
-11.539276309631532
5.868152548035141
-7.222186319850152
-31.915376145014307
-14.591767201098264
7.237295087514212
27.99949500219373
-11.35180655073782
18.496106978564057
13.90243323953473
-3.5569377230131067
-17.002083064377075
-4.363036405702587
6.637108078037272
35.02655806536495
-1.6039784671302186
-4.557907704191166
-1.869947996819974
-10.654440418991726
-42.3168396405672
2.9599963646760443
18.646644427863063
-6.490938375209225
19.429795810210635
-30.352628783119144
1.3644772475527134
2.3260665939887986
5.663008815550711
15.154556856432464
-11.459819034003884
1.8537621331634
25.04456948157167
-31.778729549972923
10.025221129704732
38.559644466949976
13.57686706937966
10.224203083023896
-4.199819069108344
21.039840435318183
2.11406193242874
-1.8943929004308304
39.62762351887068
-23.81501000127173
-22.39852849081217
12.378252019538197
-19.72705813280481
4.946582486329135
-17.37116489924665
38.535123997426126
-13.994153070481843
11.825461982589331
16.939862041035667
37.00569025846198
-36.646982843391015
0.2624974546924932
4.173515508970013
-21.10128620050091
1.7759179275744827
5.427792073256569
-7.413635994205833
16.40059290410136
-42.32297802282847
-19.294434423354687
18.71990274466225
-17.339867734946893
-3.3686320365668507
10.923429262969876
0.1676359537959797
50.57843838375993
-13.154185995721493
-8.193543094821507
20.43513383049867
-34.888833237229846
-22.061107543340768
-0.8956132502644323
-29.01262873003725
-1.876929703837959
15.38432086892135
-8.911044676613528
-13.35134588846995
-13.697790518242982
-18.430482055831817
-36.22888502999558
-25.8149364546407
22.507792262753355
-42.15101171752031
-19.052731020143256
6.915930820716312
3.780028111592401
12.2094660984003
8.269428453044384
-45.54982387165364
-11.65406104158319
-4.390611282316968
-18.84268005148624
8.406242548924638
0.462736276895157
-15.108038001548266
-11.316902243313962
-15.554200751066674
-15.652979834092548
14.87698683020426
-26.38893543697486
-31.54907061853737
-8.4926521772868
-28.702318071955236
7.895739209387102
22.84893887974613
1.9714963368169265
6.243425368753378
-18.829705770214787
8.859591097163502
-0.1118134651042055
1.0815926132781897
16.331637274692184
12.684142220488866
-1.9629349145834567
7.85542137833545
-16.411598438207875
6.243157637902186
-2.3635380827472545
-6.810580297882552
16.084166587155778
-37.528222724518855
-20.569008825579655
-7.413055229466408
-1.3858786464261357
23.631825727032265
-37.294241534909816
-11.55003003301681
-3.804253986498225
-32.61723600116966
-27.106103085301584
10.183907230355544
23.042649023147533
-6.865316150215222
3.1792562601767718
8.413141301614814
-8.495151780647575
15.596149373290244
3.6138331179099614
-6.841483283380512
-6.401687657475122
26.62612169823842
1.125694548638421
-13.338182828490972
-3.8153216800128575
-14.730729021030127
12.091237874978106
32.304953813232714
0.0456092806125525
-6.579649791397969
23.6136713338783
-2.0862329436204163
29.49430897847924
-20.78279424905486
-14.50932631645992
-4.099937925871927
13.1233177727554
-53.7983793271851
2.3948391383019043
-8.807342210464412
4.076829858939163
-9.037903708187514
16.420144012678065
-21.740837533812737
12.051254087258712
-7.921820905496133
-5.538425051650847
-10.94917991136026
-8.041682263283292
26.15923888741236
-2.8311754036549246
15.5880405841599
-15.550388032381306
-22.088270546257263
2.2497294392669573
-9.309011908742832
-17.357289224673877
17.02563176890544
2.8035221138125053
16.46267097714008
-17.55830270893057
17.384747334741405
25.276270647911588
-40.85090842671343
7.243502405224717
-30.12048409093404
5.316589107053005
11.982842388169956
3.419652106182184
-15.162944960626191
7.686760490949382
-8.185351913722116
4.480498879274819
11.79996849334566
-12.851641262910562
17.943235450962675
-3.0270879981690086
18.999487797394977
-0.2478992021642625
-7.124085781993927
4.378838237636956
-19.186984360116185
0.4148084335174644
-19.422477341402555
-6.104783464805223
16.116406942572212
-20.96718730458815
-22.31749018588744
-26.42354987091676
4.743307577533415
-29.247603924683062
8.475458656990668
5.136623295315076
-13.110497168352596
-11.759688206293504
-6.055164278281154
-14.954037477698876
-55.09575206755835
-15.764701114065248
-11.656642489120712
5.839060179001535
12.880930378480116
17.590921126524336
-35.34824323796784
23.924430488841608
-24.91271387036249
-10.38560697052162
-1.3028533304895973
-19.38333661564684
4.087876419929671
19.179821135345264
-30.16662789028487
37.0463885665522
1.2869169243931535
-15.076704464037904
7.274989402198116
-16.03384365493548
10.423499658587389
16.970828263292788
-24.30447381050908
24.90162214029988
19.872841580290697
-1.07522362099553
-18.512033704129863
-26.26510337939544
2.421565270546125
-21.337500917026773
-9.210774631181266
-21.231741463692742
-1.674414583860198
1.6262658509222092
-17.899372804386076
-0.6638741658534855
19.854700992131256
-1.739002466216334
2.560776535261539
-9.219273876107763
39.79472960262501
8.236846621453878
-43.48102530243341
-9.95245255228656
4.556020251155132
18.644178033879143
-16.10378155694343
-13.030481063266052
-23.85878174941172
8.68782277572609
-21.648462893106625
-17.060392377941753
-27.29698981376714
-17.301104317608406
19.019123448000755
21.316184081864776
32.74186300254951
3.923893185536144
17.078380308608757
22.93965977264452
3.4862771931220777
8.368331447156379
-15.83875906211324
-2.238321267461288
-6.743427434674231
14.979173732368508
-20.01927408817573
5.297230005293386
20.693982025812147
6.9975828229944455
-12.622786074934991
3.113709018653026
10.289450212323572
-23.03317886083096
-11.585836003097938
-12.580826770121348
32.838639500696445
-2.048915353298071
-36.65664024944999
-1.6137856927962275
34.89952765137423
-3.268655682652025
-2.503470754745649
11.967438553780084
-4.311103784290026
16.045155824627727
4.303143552097026
-29.7145094069856
-7.477585118045681
-11.117228087969124
-25.121864236003603
11.5230080121255
5.302306396464701
20.600616843541506
26.840533962997142
-0.4802488265704596
-19.01041425029689
-14.986923127813498
-19.50817127073242
-1.745490060915472
25.352001532592112
29.810034513444407
-2.475688296894077
-0.1478674959362251
-6.7271878470201045
-18.613819528880413
-12.29382105640252
2.923679678118788
-3.7860298529849383
-12.602977011483745
-0.2674728342390153
11.259265365908504
-40.55634079470474
1.5238600613665767
15.44173637847416
-9.584197736447097
3.406024198251544
-14.91785743292712
47.80935185664566
2.22194531893183
-0.6175358275941107
21.36869449641381
-6.771902784195845
-19.07944150744879
11.706575104981312
6.788885497866431
17.926065478066448
-8.5055272228783
27.026065506244777
5.997117770210025
-26.12308730368386
6.003432229190366
-7.0345673462579725
-1.3949626533867558
6.413614638804575
-35.668049052590504
45.833500621287385
7.122148240203387
20.30433798229205
12.552281037977082
-18.014085647839238
-3.9184768946579434
-17.94358954631025
-2.890809724878636
13.164528157649327
-38.19469011308684
-40.00607005285565
6.381969267895329
-0.8301633073424455
-6.182236200678744
-15.602964048433932
-13.000004477085897
-25.645592521410435
14.586117844708497
-37.05199035670376
-4.055979924974963
-0.9301560908497776
-9.178930262860376
-13.277139061829075
-15.30875890988682
-3.095032974786591
-12.09142828756012
-26.153710921367747
-12.846305436760304
24.178280560212443
27.62106013018638
11.357863099969109
24.90496456043911
5.192436251672916
6.390507321455516
-4.262183644575998
-6.192616318774526
-5.792625717644114
5.858081546000904
6.211307992678485
-9.594490913543268
-8.085060249417438
12.78980156565376
3.757293383969227
10.222481504781172
11.876760536120855
15.632077336093062
11.906233808622346
-33.494200067347265
-1.63361765773152
6.228709388960851
23.361459296473186
39.66959893377498
-5.72924371699628
-34.991088844049955
8.139522507815855
-16.812867465268937
9.659144761477364
11.374116379520274
-19.236921551870186
23.21777155820746
-1.187042901176028
-0.0355978444422362
8.67898949071241
-28.57884296326665
14.284608251560712
-24.50258589585428
-1.7735840230889153
-18.714570735159214
-18.50962341413833
-0.7724118687619921
5.663222857096116
-17.56229082713253
-2.072057209108607
-25.776509080955293
-6.134284000276239
-0.5726542799384333
-7.444460722545045
-36.85111660056282
-19.763229899966973
2.569655379920732
-7.689565612046863
11.538511062171892
-12.11705689180235
6.901112239982467
4.960953834452084
3.35081457036722
-3.7677278417977504
10.567760839127004
2.3579383777978364
-9.729905372514622
21.87673986176378
-11.594016307324637
-18.834939007545472
25.960272301847
7.986425916053122
6.061061941378284
6.644249505450716
8.092254724731902
-24.71726510890585
4.670652492641239
0.3695378112606704
18.01146042329492
5.086298824156984
-13.7343179853342
-0.6905556352867279
0.3948835293558659
-35.369563592699706
11.795754552280414
21.60726210090797
0.5448857324954588
-13.099976355195396
-6.345970076785306
12.707341510729748
-19.563832232845016
7.391351766971638
-8.751528919296106
-11.330524452976531
-11.035672854966831
16.025398425903404
19.23572771824547
-4.484705239578034
13.95603418040264
-22.320717901398893
22.44003601121949
20.444950725272065
1.9419083733519076
-18.436870103294492
-1.4991803304001223
-11.692579505295726
-11.856445570694632
-12.195027976325946
-35.22771889073192
7.090674998966279
-8.194184528998449
10.367709281796124
6.312837374047376
7.201256473344984
-28.25964286224917
21.97766630658589
-9.998273804259952
22.18260884353367
-0.7521777558431495
-8.835440491719055
13.884377352282172
-14.205632760509616
29.47825578245101
-2.992822379252175
-29.068899632111425
1.060941899108002
-13.171836967449051
8.237243592942832
13.120433723961469
19.364611903147303
-20.671769016844337
11.208066606195644
-44.72348063172831
-24.913680833473336
25.28056324471254
-12.05318264089874
16.971547713998007
-5.166807866946328
12.606398691117649
19.46548785518098
-7.462339246543706
-26.36146518791793
19.681409648779663
-13.31796331545047
21.30457902936905
13.09892927511828
14.646869939417227
1.4770781661354704
-2.664924141005031
27.160680866843904
7.859647622302873
-20.032984524863423
12.96725484491617
-29.902132626622915
3.43216973701783
-1.7190251071733655
-25.684561827642028
24.24151302850805
-3.8553641045728
-30.215170254770783
36.06867247966875
8.141800383556983
13.483543419759371
-28.95452335267328
5.796787582643447
-1.0497603631665695
18.537090125246323
-38.098370597843314
-0.7639340351743158
-24.329345535341417
35.03950601586257
-3.242699182330398
-17.200536582473433
-9.244681780022802
3.5980355876963586
12.744901589976507
14.206145670526894
-1.1529216519847978
1.9170012115646389
-0.218509515048936
-30.556724657231825
-36.12040009156044
9.974199421543744
-14.06181710519013
18.74825125282223
13.449234782034182
17.651606152954628
20.221328060346423
22.981848950090352
-17.29047207334952
-33.606048523797654
-38.20561957769678
-25.391942356698564
-26.238631833635736
-0.6966945854801452
-14.49082961435488
21.113810038921656
9.969790915871272
23.045680905721383
-33.366565306670964
26.1874163117609
9.014269768522354
-3.1041462775465334
-14.647379829009878
-0.0827581474150065
-8.507660550108994
-5.193273929835414
-4.843374609699822
28.346634104382247
-22.127691606001463
-7.675369533186313
-41.110244272626005
12.808753020130098
-0.8900837369001238
23.036058865269297
-23.99411748006241
-16.721964204858523
-1.8126613694621485
29.49158187638386
-11.44289283969556
-15.553652333415812
-5.172131929459283
-4.22463645823882
-9.47669838751608
-7.2820911964954576
-6.791460721171461
-2.9749044011550723
-12.45249924530799
12.563031142213733
20.785296763977385
23.785749972754274
15.859648409255897
25.61171573518368
22.511783461653977
1.2028188498225063
8.612755983383977
-9.655943619072788
21.02109773576376
-8.412276947157807
-8.729533746809466
-10.108938882258371
-26.210565949309967
-27.18634772382211
3.16559477467672
-18.795274407530087
26.948410979865
4.585879626465612
-21.20569031116611
14.629808420169866
15.460524685579005
4.5049899076111615
-10.487934985518224
-2.494044448118075
26.83219100725546
-4.516605638535111
9.100644076490426
-13.081386060570368
-2.5207199193682754
2.4468622945132665
23.44057728550979
-4.411474003558396
23.48643268518208
-13.538452796274214
0.408643543778453
-22.737670771282865
-12.268815270683262
-7.188933279656339
-4.6803054460615385
-31.11661052169802
0.3890309165726648
14.506434315087972
-8.993793040135643
-21.11997771183087
23.28745848449762
-1.0466786489414517
-20.693826675764285
-3.5808561416051816
-5.200712720892625
-34.43406650182442
-14.33371166829602
39.31742133574153
4.004686213156674
9.343662293176749
-6.952135002560681
0.9223124003474368
-0.4862912878597853
10.256881206631078
-1.4682746749313085
40.45688052095648
24.98953879403416
32.24657641246449
-0.2358488730096724
-14.019681633115397
-3.860414650451276
-32.61822816450149
-10.73767067521112
19.19565968407551
-17.420002038474195
-26.43191121828568
-1.9459496369818223
6.624775162796141
8.330113004165469
-5.349199957330711
-6.7599736132106045
7.088080384070054
-7.843546995994984
-65.82108338770922
10.613267701715811
-19.95833576509904
-13.006022095039953
4.623745438759215
-1.3560977447486948
6.61052623251453
-18.74334219979937
-15.63754467794206
-19.577701037749648
23.088485060769017
39.56425470110844
-18.596224539534887
9.23691878876707
20.81981208024081
12.286446243961109
-27.758391976807616
41.03797454999585
-0.3593322538217762
1.657555753175984
-29.858632063682307
-0.4471572152979206
1.9636127038684208
25.22466233755404
12.560196742604605
14.261203838614165
-45.99416183300491
-31.262522986187832
0.2882969472266268
-10.879455429269
11.030335821444169
6.1608093877875945
1.58572685510444
21.89951738975651
8.97375588628347
34.6959423560038
-8.134732646984048
-0.921610001270892
4.187117957219016
3.1742900814133463
-6.537288977240678
25.853830991720315
-23.439647709863493
-12.361430582401226
-7.177574364104657
1.117665421785205
28.46386323413753
-25.235568771269755
-12.86914146086201
-24.08409097773256
-4.546914381280658
-3.9468663017905774
25.908645650561084
1.6993351474375231
-6.073766915302258
-24.2333953602938
-4.439242432097672
19.73458230237884
-3.87101857792004
-2.2857456522760917
10.07762366438692
-54.65186685175286
-1.1799225454597035
13.226062413406908
-35.18250653205905
6.181212964118458
-9.608837059990035
-16.7074197473994
-26.441629381515668
26.66371627499757
10.18746989403735
-32.26403032390226
25.70539185470261
-3.159038886369672
-6.6615351356740575
-2.338953846730874
-18.70153774418577
-10.047132618361502
-20.88186857153778
-50.99192597746151
-10.053969812230209
-38.9421234078909
-14.10978981477092
28.573308225895744
12.621792155507135
20.656318467183155
-5.10312826243171
-29.161127686078544
10.393075969899655
10.645082128306967
29.87700085091637
8.570561364089372
-9.896320771615136
-8.03258968341106
-30.472606201466988
19.622100637032418
-8.113503572298214
1.7717241823847871
-1.631858671811642
-7.148654130083742
2.764683935442008
5.946689442062052
-1.8646866094932195
23.98824493466236
-2.495753583832993
-7.976683333006804
-10.585327663415228
-1.9342060140770627
14.133136775431922
7.058514475662378
-17.111870029359125
-2.803923884770484
-6.526613279551384
4.155104522345937
1.074157792434562
12.609168154624058
18.728726360524888
-5.550118390165153
-11.693731565625058
15.239614575490124
-8.424335439092829
-57.61763060360681
17.839144530255
-7.411302238324424
9.065822677366668
-17.356431752385106
4.619575573218754
28.30698201886844
5.860541364250821
-18.082017050342984
-20.593893177239806
-1.536742212221725
23.92394665455504
15.2122916909575
15.282551762094954
-27.260007221615524
25.05770721079898
3.5072578412800794
0.7786204402364092
-15.979713591194011
-19.83204672734428
-16.733686359293642
13.733610191848127
1.2926669991284143
18.137293750958637
-13.15790796589863
37.410737458689255
15.985517914887168
-26.54835548017581
-7.089210300517152
9.019689351887791
0.4463424932037014
-28.09703777040704
9.805532201833556
-18.904624115035404
-0.9874446955218446
27.06080986425513
21.363376966968644
-6.963944510818692
25.862142220023088
-1.4421405315952145
18.44007271649025
-23.504090271380846
-11.181520326499594
23.39956925243314
-15.682817224907922
-6.833489413082134
6.284510925703216
-11.952653534564888
-9.355910405342
-18.633483320998494
-10.96420695920824
11.899091002196656
-24.57011395628797
-35.18467334576417
-22.145381303067552
10.415295305967447
15.816736476568622
2.829553918156307
-7.903262255946174
7.264448263813392
-2.6906876595312497
9.452134298175224
32.26331802937784
-10.256639922969043
6.058846115978668
0.1058849885303061
6.474601537702256
6.401800808511325
19.77066463700612
17.474259321432328
-4.960947410145309
9.903359330652163
0.9464460470917402
27.831452989776157
16.58263153603184
-13.51039043351193
41.48887864858261
-13.939172135273113
19.868421482111444
9.383621955799754
-28.216259722044924
27.158690158627
-30.575847013140447
16.64666055435373
-19.092744055291405
0.4764344497525599
-27.910269716521725
5.980488551460439
7.648902982327854
-20.27452506110421
7.96123350081325
-2.104882663377793
-2.3248472190462053
-8.885325934694265
-23.582443838371542
-3.601036450039828
17.35730549057189
-11.226581098730094
6.278957726215594
6.053168774073129
0.0630185053887544
6.522284911858151
-7.720673210031236
-0.6053222491173074
25.69647593170521
-11.88338766625384
3.358465886398335
-14.36046726666973
42.868529060229775
-0.3565079362160759
-25.22363029292319
9.005749591335189
-23.718607459086343
12.539000672579276
0.369188478362048
11.636945770384044
-4.050690607575234
-6.756738877447788
-5.642145835648989
-24.94427039186121
10.235693020920737
9.71875479251321
5.8590683899092255
-20.9118563188822
-27.527685337117877
-18.28111551195616
-16.50639232438698
5.283088045340264
12.73570645849395
7.912243471626425
-27.060830324029663
-7.348705818949384
-32.534283749206224
-4.920552225943538
-25.024087320416584
9.950421581204864
-25.94057598960353
16.631518842827063
-8.415875616730773
0.5096775126003195
-9.97444095017272
-9.876200060840349
16.802005352496053
8.803242292095092
-4.701988284912659
-21.67353139919578
8.804262828984065
3.984542048041476
2.933836461757892
0.2276865947205806
-21.96885044881492
-16.830695991026005
17.31089482846437
-3.2983449878229294
29.0002742093493
14.80642780305061
-11.328229227641714
10.899800019542454
-25.41221976376255
0.3098722604481736
22.64534720229858
4.994329478620784
-4.411171447834931
26.52954172679165
25.889424382563448
-11.263364681391977
-34.6295603679755
18.08081973422668
-30.18850668874802
-33.114540819165995
-16.338807378255296
6.184691223606933
-18.46789064265613
-19.6692209969915
-18.157534167796257
14.457983712098212
-1.8099345289956543
-2.6277792926557595
-1.2291145099152343
-34.25016000359028
10.534032729585306
-17.55273308190226
18.93369448275189
30.255132932405104
-9.32799995802634
-23.915680376201635
14.901771692631884
-4.481932274124119
-16.113113747385796
-11.757807669171598
-3.684032880963059
34.79761197771586
-20.78255528931913
-13.173364269328886
-19.32481723724049
21.312672501648198
-30.57004795683315
-18.218852651581983
4.2925247684906935
-0.5841279717715224
3.422911676490912
13.428689778302214
1.83091899153078
0.3367804644076386
1.3913568949501496
-38.978091233278974
-17.8458629410743
-3.1683226871537045
5.7745616865722695
-13.748729094339067
14.45362152713642
7.387636101746466
-18.782892257586354
-4.521332369069569
-10.528098362818127
-8.930025837835274
15.238243136263918
22.87317656201776
-24.464122500576195
-9.466860564454691
6.256938182923477
2.553527157448116
-3.37119503095164
-4.799024293533876
18.45084031434089
6.550368215583148
11.018266978077008
-8.330361854386865
-11.776410980790388
-10.610469595776522
10.738391729188152
0.3264889613637933
19.1010068821779
5.571195387805346
-2.573670095182024
-21.031020255715703
13.63937952456763
-5.386200037697563
-27.770855911570838
-26.497455390141116
23.510940289328573
-6.010112622156157
22.97297922809957
-35.4756457368203
2.0320085347775603
15.403207227340316
1.1134220784006177
17.127216031134594
8.467393900733441
-34.21851686912123
-10.315734353396692
-33.09567098406842
-13.254977496355425
20.11957694280136
-4.158748545596609
20.78909058046702
-26.114377098725527
3.8791184997244272
8.26751242262253
-37.66872965189396
-3.6532128090038896
27.18965901187039
2.9929403280257247
17.41159274385427
-17.43580406755791
20.07333256138372
15.155507065879648
6.36930475619738
-21.7955937259685
19.06403009538189
1.4635940846637825
-23.24809036168153
-18.543613290879875
1.3029800219665049
-14.052001257514348
4.608229034944088
11.55551063119492
15.953685199492613
41.10961407615105
-18.250831417157315
26.19935889550834
12.70408130364376
20.57666392152896
21.74560697410197
-14.982977740524802
-2.963848910396337
21.88582464953652
-23.87149100723036
8.447560758388136
-5.175872031017207
12.26212755618326
7.273588319134433
14.061864921983217
6.745055374267395
-2.2954594274633564
-0.1943069407861912
11.672906263775076
47.46864813251887
-13.294840307033155
25.49750624744047
-20.319042534625623
22.05074454829446
37.79835753548832
15.287041487928946
-25.914419342545443
-15.248042968218217
6.627129108528607
22.911686922991063
-9.282425113604404
-3.2038366354099708
15.128905957826646
21.29167303108261
6.445831618795637
12.131710049332469
-37.37158256125986
-3.912370167658082
6.24801242929243
34.9403067282401
-4.215558714189683
-19.12580800791329
-2.858138740499271
-27.29281757961144
-12.164638777423534
-5.72297487090691
21.94982437316503
-24.794822797426605
-16.546061763656326
-17.712505941060954
-14.879496087291043
13.76754081924446
37.96893234857998
-54.18853327156103
-15.650309591728728
10.299524141519214
15.073116012557875
10.602141555107664
-7.650517668516841
-2.1754575020604534
-25.191247905851924
-42.46319931546168
18.32584413024597
8.723833671407192
12.5903613356204
-9.242285565356724
-2.2205349710420705
14.885908388445388
18.16682394422241
7.308394267820404
-23.419476249240688
-0.2098277869517915
-12.21461597843154
-13.445506601157833
9.486288901767692
0.4315474668692332
-13.496117237082215
-11.290157368042856
9.881445928884204
-8.13030317662924
6.73937833996024
-5.563523210628773
-4.098882578167832
3.162457378653926
-1.8103086189803437
4.970255905922386
2.3449576201091986
44.96966056818201
-33.461039091824205
1.864660899649607
35.96148340971558
7.64544838029542
-71.95981872577977
15.706129784492076
23.32030297837628
-45.43506581665133
-1.8615108990925364
-15.259572138107616
14.656496875046289
-12.169655300473096
10.238950503524393
11.733663959166734
8.549646352272248
12.471334680041764
27.46188909134071
-8.087901012753719
-2.384332077432191
-12.359502189152408
-13.334118207203574
15.13171419329592
0.0195289426337694
5.950640967232175
-9.61866272050247
16.245338016669848
2.870628021846642
12.262433158612112
-7.122348620192497
0.227465042102267
33.273508438651334
-14.578834777596056
33.61534103505255
26.057884853886208
-8.477054474526085
-27.484553461981704
36.523407780972775
6.776881964557106
13.501334903136012
2.720076802521362
2.501237266289536
35.61047872497875
-6.025594652775908
-35.89144230133388
-1.803108349602553
2.735720143231447
11.710463288240136
-4.9432991041685455
-9.014333807353978
-4.303499412097153
19.13649003150931
-33.522109188415925
26.46627920793253
-9.96993236753042
16.60657314847049
-30.356600965940743
5.994889115405385
-0.3336529628577409
7.80605614191154
17.68650628811156
-0.563663123481092
-6.848291337650153
0.9511478344502392
1.782629683293635
7.453483230769052
29.200619199182256
-3.738283801663784
20.681166475231294
3.1473670190607663
-6.512650562624913
-6.408576850488316
-4.524573860850069
-7.139546095364494
5.835394060748513
-23.035234944196414
18.373562137247063
-16.673673467055778
-12.477125521632844
-18.89263044734253
13.961665461960363
-9.674640700424789
-9.760747387917943
-0.0762920552078867
3.918140356297954
11.919389406990376
-37.94717552547809
10.317114158009645
-43.07554966302996
-7.732591224397765
-5.723796415506513
-29.09682516317116
-7.361285690742079
-14.57142999995267
16.322373175644316
33.58309326034214
8.749933407874778
-29.443530206059226
28.75058808379981
-21.102291835399228
-21.711713170734583
-9.161133339934167
8.160189445945434
16.246683711433434
-14.203714767776546
-17.875294077559374
-18.3178913222946
-5.481009219860425
18.631511236104416
2.965615544060711
-3.250510148704052
14.0873801837879
18.917019344153232
20.07399670788436
-17.464670997680514
-13.21818567290029
-19.53190081239154
20.501078219953342
24.78216923198488
17.769150759399054
0.0972970833536237
5.3448155781807145
8.74669584215735
-25.63152201652701
-37.36337193440704
-3.374838429474039
-3.759141277798335
-12.134697110101117
-29.96616739066667
16.44554038971546
17.92141631821869
4.080624855705537
-2.575025280180853
1.3884141408052528
7.395751961841597
-0.7722400852653664
-23.043274181545712
31.860648306668736
57.18742263058084
-16.671730069923797
24.566334011266008
26.86851528545958
-12.29344627566752
14.160821888930514
16.44977225366165
0.5602275897254003
-32.43009778823762
-0.2144303340173792
-10.127523770017431
-3.758892274083337
6.917213756649289
-20.81120989480405
9.080219359297187
-22.006148384156404
38.984579944764846
-0.4403752217622241
17.94708077555697
18.654700729894103
2.9910279038740555
-17.595085333334282
-1.6174735369422706
-17.73733739394811
15.129449518644831
17.225471239813487
-10.286534230792313
43.764323609371786
-21.540785241581037
-19.06665187695762
-20.723149621931952
29.497006973688254
-6.268229980720207
15.735160738535342
-9.780435981898336
4.075164348309045
3.4732605782774044
4.280287989997305
15.710331578564364
50.8424589583592
-4.025383893269463
3.687579611505498
-12.595509223014233
10.04512875591172
0.9809029571333668
22.106581727202865
25.191887732726173
-17.250679715391016
21.710599091631597
-9.397094480416854
-22.15688356112514
0.8438508428516798
14.909003790380666
-9.005481577361934
9.912648014666049
3.5857778706849786
-6.4386908741144
-26.47070042679843
5.250354396586772
-42.510349860516726
-5.017255118407775
-9.472587638534606
-9.630995510757202
12.630836641706992
-12.635454319388373
28.27165967981273
-14.475008412598982
18.156676038735892
-0.0780544291483238
33.89209739287617
-10.32920020489837
0.3943424066674197
2.878533830255037
-6.1683504215907305
-9.581480156775797
28.530464117633528
-4.070375932977186
-4.18840509004076
14.233450676198116
-22.0734451837634
8.685055772250053
15.337619615354924
-8.313906979034073
7.53997349004203
3.796194029273465
-2.774311616347404
7.949036041274667
-10.485361905273749
-15.723014090224751
-19.55935076645983
-7.005258793506073
-44.422014012845466
-10.132007221036474
-15.305461490148446
-0.863297494041035
11.905657042108942
-13.442697605205469
-19.38423956537736
-1.8177697206556327
-17.44581267380272
1.4895926050521666
-12.85591886426846
-22.242687983016367
-2.2022330991458148
1.704022268721019
4.101816727634287
6.850523362751119
-7.338279434654396
12.302642508497229
-6.788427763574873
-2.028201735607581
23.709055883809924
11.691229566698894
-10.817459693105777
-16.47115107632999
-5.540475329064066
3.275855069034151
-20.474047352166963
12.625675923918608
-15.848728308963471
18.39315275193076
-2.193200915819034
7.851414261560421
23.815678586208374
20.43773010993027
23.928161536110565
-13.525012166719534
3.8342698489286704
-25.083928565407405
32.93864219385432
-3.7931902389245806
27.43257641380478
-8.42354160278046
-31.055936102216947
24.404373285302427
21.489795403686003
2.32439348429034
12.788895149511518
14.981003305103512
-21.998966574508813
4.774724680246436
-1.562865601372323
-10.918737249900005
-5.299118775204988
-6.498944075938198
-3.257773607037961
15.293578256474577
-6.399159943073755
11.67648920364445
4.473504330206197
-2.8014906749885995
0.115848858753452
14.21044521521253
26.21960276144091
35.298247666389216
0.2009948621416697
15.56353008118458
20.99747900594957
2.1103250062442385
8.87462589428469
-2.789325679288595
3.777642888497212
13.415797075736918
15.94761064479826
-17.562757703562966
-3.017630592497881
-10.888143516189302
-3.233035135010141
33.764270654297434
-9.883512820859323
-14.66991709083959
-29.06054388056509
20.615672479078057
6.684136887066416
-2.45702067235834
26.54521302251669
7.368597729247995
-20.33345343293331
-16.630879967997316
-28.28741075351718
-22.43445830064593
2.1623265959642595
-14.113134018931303
1.9275554607156664
6.582622027694015
7.523011250814306
17.160071985563263
40.624764373584185
21.85756938785198
8.130909654151765
-25.328799237977364
-15.583915502968011
-30.31223874707939
-12.783250790889724
39.62042540592665
24.211752986404463
-13.234214822325155
-22.17096967092948
3.033606343815336
14.157880642233067
-1.6777358413819456
17.652608054093434
-9.723708945355613
13.593287005118327
-3.560501017855131
-12.865449172139051
22.916545970801963
-38.01277631257835
-26.597163345577428
3.457168034394272
-16.133520058196154
-2.007465689239325
-3.0057507917663315
5.600989581449539
-0.7908420186140575
-18.28375965253508
5.813690734503325
-5.929698274136172
5.350323510443559
-19.95850587736641
7.011982007476036
45.90726418026316
0.024327293242095
-17.462581973086344
-22.20472918023006
13.32962295980542
22.81458210578421
-5.331937588314759
-9.974771383189363
0.495464599240222
9.946145835128846
-14.061430805348207
-26.47360456880415
4.974981256353203
10.06067841310869
-12.656125300301936
15.035780770762358
-4.009337948999018
-0.1200920027768006
15.366569917066954
-6.097022086090874
1.2017624285363129
21.37453363723762
-5.245457081211498
-1.1901859190838875
18.286464307282586
26.9148618048348
4.371855116740335
13.168154332859558
-1.2293882719968678
2.49117907670734
-12.793715779509512
14.807013244906557
34.09150915304781
-13.10302164957102
32.46127931369119
-11.590179904087565
12.700940074500975
41.14198293504887
2.711137637976208
-13.664693427985185
11.15518621924275
-31.874683676534914
-36.31110497035843
-9.239584884184296
-8.213367526521324
-23.95279205206316
-5.112070057293749
-10.647168736846652
-31.895747882765136
13.495518090363475
16.809930182716926
-27.040951723072794
-57.24374138402345
16.31276700278977
-24.344051290725474
-0.6946507458342239
-12.591692078276536
19.333273354830453
21.83191589130729
10.44490181740548
-4.393535754890763
-25.85761329026718
-3.240860419740784
-16.644970285342424
-12.985027777860523
-8.779939757368993
-19.19743311475031
-48.64174909151916
-2.0566440554102883
1.393410661694361
31.45514402957633
21.5664051395288
-15.194071524761966
-25.06357205923996
1.4201198363880394
27.549339975827024
20.704468632058703
8.028189946795464
25.103665181668475
6.911120835793554
7.366883288050303
-33.91384470538469
16.010336967767216
-26.21017925508204
48.23750593997829
6.176098441050272
3.717124958318891
2.7529040973604424
-15.8366634992708
-29.655363710640813
17.525382892010384
-1.2672151044680504
-2.9923700903891586
14.185996831656666
-23.27730984360096
14.133200733238482
43.73814915827825
8.13431643768854
1.7780614410585258
-34.00217721385707
20.790908428069088
-11.52744210648234
-12.832511248911032
8.259002854683786
10.01283169927774
-3.9457653048011703
7.357674690312706
21.023403816885548
8.877879540144932
-26.61152558817412
-4.582823194199591
22.01350868948793
1.447792911232682
24.181053010572214
8.728258970135357
21.98161922550935
1.0291049404622754
27.023683854364208
1.4000226854113862
-2.321682328096358
12.578334167294088
-20.451842889320687
3.1077941646653926
8.950333122353186
-7.711251762317261
23.440448797831777
12.37549916023272
16.21264935088402
-2.2326235685759457
22.509266775057768
2.1867311613314087
11.204706156044267
-2.0979192364175105
30.26355864739162
28.146925467590336
-0.849515281181084
-10.444958859443432
-26.714219454224803
26.552461779865556
-17.50261609889276
34.475152202139725
41.27561605279334
42.9993443536514
-28.11457318818429
-12.44166925078025
15.197459871371391
-9.686680468803388
14.982437023616512
-1.3766921155183809
16.12773013788683
-42.66176653768344
-12.25978165747074
31.09231869125506
-15.66063473658869
33.82984109851532
22.72303593608376
-7.818422259137151
14.112348388123792
15.59647634185967
-3.914594085552381
-34.71756421511236
-0.7807760753203183
-3.8224791765678674
13.51202740718145
-9.085553480574164
-16.110031822288875
12.687052768975263
5.780580384234781
-11.548458456789376
-3.2771885064721573
9.292597696126904
8.514680994921946
-12.465262189056377
13.579791335534535
8.002207456636825
-36.03311373200268
-19.174404310950194
-12.899092100415146
10.787032280437415
7.573298472401802
-0.451168247818714
-22.3249794140138
-25.091688927539508
-8.333688356273342
-6.639899351081112
-20.58587594605342
11.28860737021023
19.675696052785497
37.92733504062926
-26.18005986516073
2.067723953499808
8.97812614373106
-45.54594851026195
14.982420134780114
-12.75406914697669
-4.842687621188816
2.7319058595749084
17.438858451510896
-13.899651382613229
-9.480912764222012
-0.5847239339491352
7.678737981346785
-12.892551907454616
-0.905292387426016
-6.007900345226517
-42.68249195441604
-23.593695782270515
2.860413137212163
14.865199528590892
-19.80477005468856
-11.716000346990768
36.96873951224552
17.131715623632772
3.7931267685926287
12.610404983191984
-24.123837757331785
9.846592055590008
7.244579175836407
1.1319315983564593
-35.38015265499416
-12.766951984114712
40.26911161415046
0.6286256940366002
2.8292654536489863
0.0301423928467556
7.018447088659741
9.469158018691816
-21.66071349971753
-35.81949096158496
21.73168727927259
-26.225093861299683
-0.2226383372035343
-13.577682237475528
0.1224338319152593
8.942100100539392
27.21105380236986
23.34303703025216
-13.581863733474163
-6.333357489595073
-9.043350138003008
-6.132421266942401
16.528457759763114
2.718190459010657
7.798118859020178
18.669258672220167
15.560826603730677
-1.7615345220256131
2.733315744495485
-23.345609664494987
-1.6808743292785948
-0.502735799367656
23.43213455923251
-2.081255636905553
3.1113861879712204
-17.09234208773705
13.09105428212206
17.61312704725424
-29.9637214812974
-11.186995377240237
22.99664211978961
-2.6922594720235797
-19.567009227132075
-11.910410044394666
9.026118701920495
18.64146497483307
-10.656544688536089
38.907335537835024
-5.898140522986068
-12.94908891263185
20.73319173476193
21.425282165640965
5.684704397659516
-9.014397410559468
19.99896550868289
-0.6101712918753037
0.169286614167504
-22.169285273586866
-42.21944916335633
-0.054374693922
-44.057005986833246
-17.62097579181136
-11.359799279845902
27.02323064699885
0.8071249385247938
-31.024734521488423
-0.3324662417871877
22.152352348944987
12.084971820557255
-4.395343996744487
-8.276028564228909
11.3432853496779
-11.893953357299324
2.3328596645442303
-37.57698045177676
-7.173353898891946
-44.33112899241678
-6.272952700586757
-34.99992408024264
6.903800010972191
28.8739499039948
5.746023514162516
3.904882984759752
0.8798068436444737
-4.313738183001988
-34.585281513267546
25.865728928009048
22.67208469452453
-0.2255987009848468
16.79348378731811
-19.94264368704171
-0.3005137323198141
22.42323010727705
17.403852884468506
-9.241504909892685
6.416484666129691
-7.624293867396773
-26.184496930975
-10.326609407216893
-8.02772678375186
19.49960514638224
-26.67510796498391
-16.843780563009204
-9.410146381676896
-14.911643961124357
23.728901505543035
-0.2425766943051712
-6.889525474107359
11.651733183665783
-20.86537796461198
-38.10761565864959
-25.736059769318672
3.674964767575148
-5.185802503139712
-11.39722164660634
34.40068519632041
2.685953229854931
-23.141024461219786
18.53801728459075
-9.985524648654971
-16.543858290984645
23.600588426706963
13.52008982314146
-6.682079942780547
-36.256700859215925
-3.99120500353456
26.893655089021195
3.774817726851325
-19.34339278229163
-11.870768513617804
9.497919306188123
6.662542966572801
-24.676036262419075
-0.8968907378730364
-40.08037276251707
17.176123597382684
12.80545263143722
1.0175424875342287
-0.0045538317936006
27.20686972673866
-9.594139280015952
-3.256924019588041
17.841587392031215
25.65863364249526
-14.646590825534076
18.64128335256828
23.151255139615387
17.364723207821953
-11.365779557090718
6.384040811099112
-5.865330305241514
14.354688892926788
-8.613790275310748
-0.3123814070277149
-10.975461040594382
6.808176056161756
16.932333844539244
4.863875226510572
-5.6232438419392565
0.6892335725424346
-6.423825776044396
-0.4046808760322165
14.902677001591655
4.223902381316293
1.374495003532502
36.475102708893246
-33.79760607279604
2.542496717927861
-9.96784932454466
40.19109705410665
-21.18143078824505
26.3376726397546
-8.596695439540781
-14.305785524338717
-1.3120127849979326
10.527686628309311
7.968641395695158
12.965193106763763
-25.861506259345333
-27.491960747909616
-41.62871059769532
-3.3238981682952726
-9.723696419765474
-8.80164417513879
21.005979695823044
46.52180548614706
-19.086356969128246
-16.3257603484235
8.184840019472176
