averaged_values
66.69104830664946
-7.8806947834406555
10.452382771499591
-2.367046240363076
8.697911140200935
16.217874382215086
36.07344038510443
53.364197723498364
17.98664222558
-21.17304860570827
32.940131141163874
-35.65400052087838
-24.86078044108338
18.08455083243219
15.065867399765315
-27.13053069645684
-2.3007559941203604
8.299184103857746
-43.14695564148375
78.5249343423008
-32.988891178087215
-14.293661944917403
-25.799476324495725
-20.24738287079769
9.944942511356203
-21.504731544848863
-57.03228329656364
1.8044817903913397
6.100501685366908
66.31441797915492
-39.12414696944567
-16.316265602455434
10.497525637086559
-9.123168379393368
-20.73583814599503
-42.12306258826477
-6.565503777029032
-7.304129816468048
-75.44050197162142
57.251813892007085
-8.531943749044627
-26.51456262674037
-0.08653726450332518
19.686201489952506
0.12456307921820553
-11.293401539500339
-17.14749524208067
-28.647056990109075
-15.519700328128238
10.112502156936293
37.54716934028935
24.587581053992228
-43.32044391966095
49.24090479558193
-2.6060756550335396
-83.5453798717305
-63.16124040906047
-20.34785355471104
3.264704360713949
-21.92618214876711
-41.02162907933234
6.702301222462363
42.38858113046445
20.212489974255732
31.193986805580305
-53.16717917641896
38.50436798088534
51.74244206370471
30.551699828730005
51.476508994904485
30.146593097265093
-11.194981703088464
-7.279521078601344
-6.881909752723004
28.2485165582378
7.39707461722719
41.876811245443
19.639910538925808
6.299666707893873
-45.22071172401047
19.4549117714123
22.249512742761
-14.621689165943584
12.755136969123365
28.11013104263111
-11.242811397588715
-23.961335528569183
-94.6357672708303
33.56566723769841
51.88265919904614
39.49114143646633
-73.39307897221686
35.856277658976374
-25.851500527457876
19.5999744454942
39.89037865063073
-33.20337743604614
-0.5957906082694558
17.76950981680178
-35.57690413720896
41.11660998205965
50.16838045057375
-64.93304161523702
-19.256971424908745
23.402042198916508
-24.52880261824127
-15.49428672373324
-72.00806687505245
23.82779208717693
-2.1864466059729843
121.59724311290726
24.0040462785643
49.86759890602358
6.423088242236797
10.30665716023941
66.45615320854752
4.297724203743807
-6.47666468162303
39.26221151167556
-33.93327435650766
36.44833848832787
8.571459748066749
34.874203258077614
3.2989703202886935
-61.444722619256936
-28.74998736285488
22.82466889209657
-0.30284448340535164
-53.28074191267903
-59.761159463506665
-38.02238375916689
-11.513309265569356
10.406543191903134
10.7393009514999
-7.525781414207207
-41.54980741418452
28.435679309345385
31.040412572214947
16.209827340045493
27.121090064751723
-23.02839731930726
90.71199240723097
-16.11361228838602
-35.00795023242002
37.79656922744956
-20.714074122304737
-76.29808012715269
-29.142049813415124
-24.22863255499639
-46.70068750038141
29.20772122455431
-22.52600836502582
-0.520529155988091
-29.10810936071842
29.117762700958945
40.92575421263488
11.394333801659135
-11.99044334209369
35.3323113005196
-109.61511900603121
-11.940001541799575
30.08703738700812
-40.60278735007887
18.684120146041096
53.32445553671763
-78.71215559656169
-46.11225904712046
-36.44890018388833
-40.3688142089571
20.481962934636005
-2.6859559901276953
-68.99557545668115
29.87237103217194
-50.302991850987986
-78.00187704176884
-17.238238868507324
-7.526430414533631
13.500699602581639
-102.61849525647267
9.576591387342583
-34.89517327181238
-36.341806706523734
-28.638271672602666
-85.34919828463899
-47.55694036825784
12.34736629446949
-43.879120517946525
-52.26842463942254
-0.632605936092053
33.039137708212365
-71.26403915254195
39.71162598252704
-9.925834073854881
-56.78732778872654
-38.49429192631457
-32.97317576946807
-19.50127773396768
-5.505605641902851
-19.468859939835966
54.01934093244199
1.120971856507822
16.349184488225244
2.240769018433639
-1.557188701243528
-12.844750502964112
-9.743164284605882
-58.76879144254781
15.944337350852342
2.6834828171146583
10.806820912645586
-32.346868966056114
46.75330299209842
74.66107853351666
40.38012345806055
18.864326583728445
24.78073839955808
32.65951079299703
37.17086700203557
-22.254681308014067
-7.9668409440540335
-3.2749809518257584
-0.13417084574030044
-13.63658969616275
-64.38891039865364
54.91839868099243
-0.4004154089464767
17.967813308552042
-21.66783468037708
-38.7093445696058
61.3490281389968
-12.159340388735776
-53.0765132136706
30.372134488883603
-10.168775543822752
-20.25219864500832
-19.146381237199723
-61.06291735945948
-7.89230595081123
15.520454453762795
19.500925791937334
18.705534577990573
-39.989121676168
73.80849617705947
-37.13250311469407
2.6297393363323196
-2.1625451219006213
-61.96770131955418
-44.12951901935594
26.89654051094597
-34.175952406340606
-56.17878041822405
47.456783983909794
-21.29094834719096
-20.664537186996313
-46.632921450521586
-0.3512714878622016
-63.805858907670576
-57.9853366865597
39.62092086371073
-37.45382446549532
-29.436342613318022
34.94878351106794
33.95172187385227
-47.147513700651565
-41.783682765172365
-62.167712982506295
-68.109233218187
-7.9111033890634035
-45.40032386407256
-51.57680379433683
56.82668071996765
-22.455823470891726
-35.713773233328546
2.7574066463615363
-21.462479178745223
25.127029459175294
-21.357964156280406
38.23629725645151
10.37423299439009
-27.41223698943698
31.94427270432061
-51.820719231235365
-52.103422443423675
-20.994945362188446
-51.66927387303925
-58.47447467043336
-38.78874129675872
-36.03375957985069
-22.542695152672724
21.54060629386125
7.066704138870894
-83.32298168607183
-75.47409134532306
-29.15329124773901
18.298102972898047
-18.062453448258264
-12.821303612654447
16.74647403639392
-69.12785598883299
1.724127768165393
35.48175638404791
25.46792312941155
53.87273596536155
-38.16512051435712
-57.49651507810146
64.19578313040377
8.796927808216424
-20.781743591255996
1.752703551290324
-68.68129029825165
-12.840873896544508
-94.49109697951401
-22.378833400514846
-24.07184332077789
5.319602418331972
13.071142802155615
-6.054619564158202
-13.176735347835347
-0.7189772093479411
-79.67816793664922
-59.19532814113336
-73.73327511326109
-37.98093682935238
-14.351466119497976
-27.890147112516086
-17.285338745256013
50.63959809551549
57.1140350038792
13.124572326672933
15.973340894039817
91.71861230336314
32.268506262531446
30.266787328924693
-17.951805420392095
21.26758499050872
-72.36780453740842
95.57206625874339
37.70154159099426
-9.771490314577628
0.889364818004348
70.29178090148345
-18.829028069031974
24.35692203912186
-48.3054828500511
11.460508603369817
24.39081601331539
-43.59169296539282
58.87303412081625
0.5912152068024928
23.70782321429336
-14.482572438411202
-101.62931460546436
23.345628049062118
24.015763252815912
46.26051541676861
-15.649406006763456
36.98364516634683
59.44560947866436
-11.450536191179703
18.166372979018586
-43.73926815602075
49.39500074304184
47.90516513725743
49.97577844079448
-40.54575726996215
5.424502632192646
19.350947048224043
32.04108854731263
-5.417906804366794
-18.24534422052481
-29.08135279306589
29.80019715165933
-36.641037739883664
-2.763088460182189
-10.220586608438074
43.95700562986409
-102.61878883213164
-56.21810965604285
-9.54136786779903
-42.31208924789826
34.86019236288121
-34.04645346482721
71.26189705254365
55.491678586161775
45.51456142680399
19.20049038608704
-49.52598627208985
25.096766718212166
-24.29386351502762
5.021726425176894
-8.739557824313428
32.147029681354375
36.235438345960574
52.542950608023
-13.671915244716123
-0.6177575086355022
48.80453643089277
-11.203851779925268
29.688642927122903
12.063294726705257
23.735805668349105
26.563223744999657
-23.021042829486152
13.173964032238777
44.65746441332279
20.000937926259212
51.9691486699121
-18.304387296380202
10.09071073718951
50.20698801503627
-13.431833104700976
38.059755694269064
-52.626851381542416
29.562072425377362
36.54221439325557
-30.911372156464495
52.595875773916
-18.805214932840805
-40.01256634804546
-21.0822796333717
42.950518394410516
-51.106215253503855
-12.86636622263662
0.779216053216563
10.740632977690742
53.26988308919681
-12.67441453406112
40.94786771680083
34.82242162688757
-12.93384786623695
18.08837226494749
68.13509747411445
-84.50926099039984
-130.24789882717837
-9.729105194560058
10.641272298363523
30.647870367259504
-45.65098373286552
-20.485130615537248
7.438356751828299
22.192751134985883
-11.582225680814494
40.23945361774046
-19.18599291794332
51.243168066686245
-26.0442039451785
-12.934612317330902
27.131287383412808
24.224885900781377
60.99907168920132
21.491086040300917
-107.44554648472938
-0.9531000671292231
23.647337589157058
51.09011027149609
2.984236934573952
28.252289751530043
-4.784755954841482
-26.874111416133626
-3.8051369351621056
-29.04311165602606
-8.988623198742667
-41.83939559916811
4.586708542493095
31.658142525377723
-37.61122022416627
-50.98588076619247
-12.221074514137095
-32.4408559885948
52.82184213597793
-92.03961939353515
-64.5022167476903
31.077009860794835
6.3032132116616895
10.818043014859237
-1.092892279259104
-19.689472400622133
31.370307893768768
5.426056751767949
-39.34112258279007
-40.93281987499601
39.25641937629795
37.01233600332004
40.12251597522603
6.994793647216285
25.93880944549892
-19.50675967967254
-2.7555599398595714
40.42714867865046
-23.338996950522414
8.612456912669586
1.5341323476532125
-70.19229511588249
-4.615137429781803
35.94800232005219
6.734478155968342
-91.25021014266046
-3.8275168019220778
8.756174915290709
-64.70124199918791
5.552258767141514
14.27038285638749
31.678021844495863
-12.000817310057755
-19.02466694526326
-16.68771573391132
-41.00275718995302
-2.462172096253198
56.733814613546805
-2.581880816248789
23.758006111796323
-19.626004133213428
-13.024482840301062
-33.73731985563791
-15.713660244320636
-60.27122240341365
-38.632175403293026
64.91099465649675
40.034428872488206
8.882820746759535
53.77764902032262
-76.78772619918648
-12.281294575002297
3.696251038915459
-87.33761715411674
64.3893465912964
-115.3742505505652
-29.575599065433682
-50.514473193562786
-38.87473167093898
-1.525317656431677
-19.275648978330235
-33.16427315412633
26.555164906518865
-60.714644609002185
-66.13828534267911
44.73671306051256
-14.971408191384398
-52.460649397253285
38.46719672304365
-44.23723843281914
-9.304760278221996
-16.099617110228184
61.66622135802633
-19.842903149440343
16.19258442303059
-5.125753275288541
32.45158141882712
-0.23453923905375026
-16.109840558245196
26.016569186976994
-20.750453718821515
10.078204036224633
-44.35076809694389
37.95791433165384
-48.370312456322914
-38.56821390533393
3.388618591345827
-10.812348816866384
49.357166562630795
58.123704908091895
1.4278174721451553
-37.87435106661724
5.015782217364177
-51.586337528533484
-20.34445302105208
-29.393698390325877
-67.82473660383646
-24.964117476753017
12.654763254708087
-44.64965487257481
-19.251872945256764
35.19775389702894
17.68037077386301
-37.070850069178654
-27.78990875478242
-7.769735616566322
-25.837025883835548
-40.58085689919244
-24.916301935518277
22.550935662290915
-6.462405792597565
12.896908794323585
2.060313708563624
-29.359267486744404
4.319134601559199
16.985122749727452
70.4199135002491
9.143326006742427
-8.218717714090113
-19.565966181646218
2.5461580461803046
-48.89517409830296
22.17964317729881
-54.903676482349205
50.41264182958063
10.060409851022996
25.641453522804422
41.90099711338795
-48.474013016682875
51.50891495232403
22.870810361353506
-21.813913580859662
-58.89368453217321
0.9292696067738385
-33.23274725129644
12.860762879143294
43.52507711093252
31.345017468064423
0.8624031845489905
56.119442460693485
12.51097396161155
23.41421470889327
-39.46558487901348
-42.19326558622803
18.06755127631186
49.15946312990369
-26.432215191867726
44.504594227153575
4.409997212523497
-1.0945632192936798
-63.657776507291906
-20.99002195600042
32.00120192017251
-6.564285096959793
-6.703739067069061
66.67013040146048
21.645678784446016
-12.021870910774547
36.690768983634676
-21.022162744319456
-14.340083644992168
11.22569768663258
16.59698692099725
-29.523553848346637
-22.354569120868593
-31.527793361000175
-6.09150330919753
-4.06277128906125
32.77093352963129
11.817647135302346
37.85134656708639
86.17645094625429
24.52304846920985
-37.739571636979235
27.61484087794088
-54.26729330593662
27.632789460411004
-32.04160693635641
8.176505018680473
25.12300942700919
14.955361191302169
-51.31366600437468
24.013099357585208
50.21227218018854
79.5254927919729
23.955114436491076
-2.535013569226676
21.488124000716198
49.51604812566802
-16.92756950371889
-27.86637831256424
-5.7892967903778
43.16305460599687
-10.218704442896218
-55.87176892999074
66.44528217618426
59.478424502006725
26.03801340458206
18.470123767474433
25.869575115699263
16.353561515655503
44.874435804500536
5.368019656789937
53.94985143660597
-63.29373707314031
60.26317838081135
-38.207525507343234
14.375551056890496
57.29529975842403
-8.404202735422587
9.263636690137597
-44.8996604665687
27.50813880150963
-1.186482736981513
-6.863406366668642
-13.64727865424114
-65.397270988006
60.04419719366948
-65.40384603784817
-17.749987916099297
65.869564356976
16.240981019766576
-80.30086204691906
-40.87452298427282
29.90179808428123
30.110427361866943
-31.53789808917645
-57.38233822311789
45.73848254640446
14.677139899749212
-22.30321869708132
-21.295251786757337
36.01361175535567
-5.188936641519831
8.019926775778004
-51.86142610797833
-48.76027634631949
63.05864904134311
-15.528859402144008
34.514240483877074
35.42712931460604
-13.843646460448022
10.042885510680208
-35.8957528999866
-37.89986501143479
-18.33641940402352
7.614994382301423
77.69333702812582
-100.9157940213845
29.282781516270916
70.57298765708886
-5.588331639458677
20.843509442665283
7.536355460809621
34.64998291487427
37.53867422623686
8.8434946470079
31.668017060873044
7.152965726088344
-32.430122423735156
45.233359203557484
17.48422910016476
17.8152772202302
-46.4147208954746
41.05853835177186
-16.042557264530235
-45.88668347902179
-59.33705890723892
26.080604482573108
-6.047541553035747
-36.11965723905209
-25.191419102746295
-18.64463983107756
11.96329510055269
-22.71791110102883
15.625250004227079
-41.568350558045495
17.442011374955957
-5.3813231837145095
-23.284632778619805
-103.70254290290661
-8.534168353932424
6.05848931454481
58.31186059391499
11.187850709810546
-8.43783872249575
21.2810504129399
78.69774006500666
-71.19269311837706
-51.187139056477456
12.908560707772267
38.633725356725336
-42.245110729706845
25.240308258202276
40.15296116927251
1.108309620418975
-47.6820305683456
-5.6954595077016466
-27.49641423952077
12.023416720786676
27.854525831714756
-30.93866019583705
38.57660901290122
-34.72712396495626
-73.82582852736475
-19.383564070114517
-11.363907643705412
-29.04360667411917
2.869271231841898
-60.21576413159588
25.923196200099483
-37.859070582070366
-61.70681852619358
59.50631975737148
-27.787352377577918
35.26064103837416
56.739622528427084
49.99827431897089
12.80793591899419
42.46634456571094
-12.672176834212829
-17.798108350769326
37.2049256723379
25.03132500492211
-33.483680574887934
28.14900803774678
0.11106707635917701
74.64632031837391
-0.12710268301210212
0.34792013971794705
20.819828942562406
18.96894307263089
-12.2541419786794
44.50810271581335
19.390032297490205
-75.61376141914177
22.901534554550988
0.31413652952081544
-22.4837693842904
30.68577912128482
-53.54626259813813
0.22095126391165346
-25.068884129597183
-100.71665079729428
0.9405123631634827
64.1991104396681
22.601261622278496
26.40220016893727
59.737474713552125
7.124139524508792
-33.01238824564401
-14.810993376556631
-67.58569020345749
17.43774359819751
-49.84042239618915
20.69653365207463
7.965459004449561
-11.034622113329533
27.58112182154097
1.2552337639256923
-5.087000586820068
-6.836246384499343
8.929233515817032
-35.168068497936474
-29.365831338191736
-32.71129733732232
22.629825391665992
31.117074663011106
-17.350704574836225
14.752102776576066
-9.433780453788737
44.17459067615952
-68.44233483305045
-58.789277591754704
30.32680889584056
-27.82679400350268
5.804646454295532
41.80198708328923
-19.292556146938296
49.01471613486501
-0.9339516160446948
39.273629195894806
-10.710407651764399
15.136556356708752
56.236963879238225
38.12473294622517
-33.74154726699877
91.93348149077549
-26.345950187441
-9.283261338442875
12.71089931219467
5.000238641092438
7.2666899918864765
1.0681348887083004
6.83669253042414
-35.54953585756447
-27.057567466673692
53.52301377588083
22.67911999349357
-36.39505172915233
1.324401237773903
-45.663672169330916
64.25720694987952
38.62205855382975
30.961568152151205
90.52592161822031
-101.75037839021631
30.615293555806904
70.81784401029897
-6.1889658515404635
-85.6791540081831
-18.357621144338435
74.75278504430996
8.564737470755063
0.1357664099026196
44.5570065816913
40.67585259778449
-104.00356478467195
46.42615832909845
12.897931333289307
-37.99329142422357
27.086364797253434
22.03071169123238
-34.35341085744343
9.692500926805224
18.20086050408281
18.973610878453957
25.08272580214786
-2.987711652293607
24.62076413129883
-4.296498871961376
12.18184510642459
16.464312712887477
-18.330998738628598
-20.508626768341248
43.003060523731016
-20.840537752146094
-0.5113287641797749
-53.97214929672191
-23.96502393103583
36.745120091594195
-11.823544327538306
32.685131097817546
-25.192601192529164
0.6437433113605971
10.477581876218514
2.5120160343382545
-41.34115164718484
8.736323285872157
51.85024994674435
2.6246923939324915
26.47227666207134
19.45586154485257
23.5384412660084
-9.10913984340732
-20.432100486298925
25.08556746680794
-1.480408217190415
0.09639368555751175
-14.812901826226152
-41.724495802649464
23.717078191092394
26.81948218928058
1.0225628323799656
-10.601978971285765
14.554696740148453
-39.839437252359254
-29.561523854737363
-71.75804276933195
-12.469399291663043
-42.356949770340485
18.67237271278039
-2.1082146436626026
25.19663355309846
-0.43986382897613413
-1.8135405045516866
15.487259791429096
-26.751909290064457
18.728777855569202
19.408287162890094
39.239672418527334
-73.45357043971794
7.4547488197131315
18.22547553973709
32.56825608988098
41.02801415641928
-65.65404775930558
-7.1120200076281135
10.907711481173466
23.03010375300558
23.259317667342355
12.756075632021142
-0.45914631650035886
88.06021586348288
0.8132253881461414
82.02429284866473
39.12328259048809
48.01449721965764
-0.23441738231243647
14.387876800506396
-4.738158710196633
90.70963656053694
-30.76250010961424
25.976899701005703
8.301899222897191
55.1025904191653
-38.82133079257134
-4.734348371224769
37.64840544789089
-55.43393071782339
-51.62936918860942
-8.967316503954256
1.8148577249521622
57.18073327549064
30.17680842190748
33.22233657533798
25.60654990366068
-44.892504126374355
63.65274134532228
-13.944600505378427
28.129631861629605
45.11861181126855
-71.94073325761565
20.683547679907257
-39.73349916585721
76.06181161432687
-58.6155213639698
-8.487752421550491
14.950195263062293
-52.2579253337802
20.99575835943445
46.760021155670984
-5.072905794545174
-71.7162326656083
12.957832982186423
4.878908137672018
10.871377628136544
-28.719215449607873
-18.387292632168585
-34.71551860521625
-29.211720662877877
3.0523065870147525
-88.5805683223225
15.267490057228619
-23.086476583783224
7.239851930421231
-19.601636903399292
-29.476011957842275
49.879558984102914
42.33156591157118
15.677004946296321
70.36219111549387
8.056923512818079
12.899832877163135
51.611857621838375
66.47899789960502
12.45348073625064
9.339277862268014
25.368061427422315
0.12469330831663683
2.5823959667007634
20.428592233840998
-18.033677503774623
0.9096244894317351
-45.18485244495969
-13.471791265619686
24.55242571251074
-27.162328009030414
28.882102834274217
9.888712935755999
101.63272717989821
-2.3027182431275537
-39.94537465615819
-25.572086080848138
26.12758330906945
17.007463728458486
-43.980924750489066
-41.397101118263286
25.437688654058245
7.423654055509057
55.595935497820996
36.27602735707478
-13.959146615811429
4.754631063435227
-79.07994542815868
56.92320134942929
38.19099035616455
2.8362007515485548
57.22260308348147
-3.2722970903390283
48.75600713303235
-88.02573258458627
-9.559946022265649
-15.353431389931453
-46.69765103347405
27.068403617915465
-33.77566954140881
-4.019119150272066
-5.246818926035
28.680602048938454
-7.5362013856865815
5.809347236233104
-63.80533048504003
7.201969599314907
-5.892621925966523
-18.824821693810616
-48.93033833744994
-13.191913216357838
81.1341651770211
-35.14227459283817
68.39567161167724
30.327017383070295
44.85905907988126
71.64412632247088
1.7027291109455593
-49.64337090706007
-42.958622986749106
1.7198383803697652
-7.966358790739226
68.13458787020136
19.30332399000569
-11.686525927213856
6.039618745434079
8.493804760119625
-12.501252222619465
-32.81984981859811
70.83986339706341
3.091815552317712
-25.946704312693328
-13.267609487573884
-14.825196990794211
44.304003981119116
-34.96782111506278
-5.826926798979305
-22.763919345061975
-33.283170586556174
15.229063735052478
42.720689700897005
-27.859298963490193
-16.233984358477755
-14.573328739046701
10.870270063894472
24.028450815632823
11.795529254932868
22.732479742172774
88.07706433740775
1.5312593305740545
33.67692238704694
-6.002198199564494
50.19240437461607
-52.457159295673286
29.227047582319454
59.10614650541902
101.47325034641472
-46.938917505566984
3.8614792298685643
-24.80879473327271
42.08655262828082
19.2690215313584
37.394777509575455
54.155611746294504
-8.625611912410628
-10.910496195843734
-4.812752840050962
16.735961674431262
-19.88383189729696
22.821912843537575
-7.315935195236913
46.53315863348447
-85.18853562430498
31.912844843915085
24.24453774092156
49.262673642395384
94.78723440425408
14.416213192506499
56.058051705907324
3.2338202631508466
-8.028198530167478
9.43911934306137
-3.6509342532178075
24.909206662913977
18.075643849120144
2.8663834659722247
-48.052948930681545
34.48463079253512
-77.13772431741381
4.33190294574888
-20.72116228197653
7.575873093213883
13.839443549409529
19.97646727917163
-17.294512506244548
-55.82342530389966
15.844570074390504
6.789676758472827
10.780620514635908
43.71239399565093
19.197594883759546
-44.202867504165624
-25.112766771395396
-34.551932506811376
-3.0976407229463807
-18.84721756817453
2.6985170549063064
39.812758038671745
-3.6919668758564512
-2.318621585717968
50.96347268468526
-8.65869264035912
17.927022065334313
8.933359391747217
-71.31622070621476
-34.541107008621715
31.707473413601594
7.433779565983666
11.95380006716247
13.080205770946728
-6.317395991235874
22.269272886473725
-74.24505707488181
8.828539759051637
5.369980236362608
-51.815064416470705
-46.734658884415694
-85.69978198402048
-5.407205291841819
-56.99956877732378
-9.191970302289215
30.874489511112188
0.016420842250226702
8.355411407074522
11.472806397929768
4.385931968618631
8.902195409866787
-59.19687449343474
-87.7348530072195
20.314149408323527
-46.04557774567123
96.52388535946254
57.343496654496754
-0.22558185118881133
-12.46032495815598
-43.0370607463968
-27.08062097673246
4.822562366095856
66.34608041512548
-44.15876359585187
26.431388188012836
-17.526240274210675
24.460468768467155
-96.33261528910468
-9.447391941219394
84.171173428828
-7.642400294838201
88.57647007616227
0.27369109366554706
18.34790301957643
-5.054121053772784
4.167915705838823
23.550448911526473
-18.094283572238055
22.541639710939005
44.48810327997975
41.57993569112417
-11.274747106869958
92.67711288657058
50.15045435877861
21.593607471636158
-8.510386063925884
45.54983254032413
-39.80243869843738
-15.355589830464547
59.78986589881121
65.68490494796424
49.72535211572298
47.966310843225074
-23.042102012679006
11.953469677551766
37.62658282691215
67.49880459000269
17.023797458338475
-33.270963344414966
-1.368507047552459
-14.72459025940043
43.16984224602493
20.172118655992865
35.42185228389766
-21.915380110908398
24.571081608427146
67.01636864454001
-66.46416325877605
-21.555158704941277
-4.637931030866942
121.17828588575988
53.29563984961351
23.097022412623726
12.744030929696843
26.09637581984134
20.16252764277427
9.30833425600334
-8.42931489682572
17.788749437119503
-33.854311077256476
-30.677390299114148
35.34630296129035
-15.983675232358413
-24.63343218187462
6.300097916893719
17.838742041931255
40.17225266470631
21.44180596700971
47.185640341217855
10.089039890886246
19.22640728567785
43.99986122449142
34.779556489595656
-44.67604408858218
74.98685655067797
-48.97239470052349
-38.79364591728032
49.27599631781413
55.750575392302075
34.09281660034321
-9.097731821522757
15.432117959962246
-52.54860870150637
-27.90549600200514
102.65109613661843
-14.796854561316044
-41.06769830851166
5.00934063163974
3.073269309102519
26.06572051748905
-5.546998177941229
-1.7229152173046411
-23.54379602910679
-28.277338541821038
38.12210094049078
8.524756047763125
-20.172891218060006
-11.94349479618783
22.96970211480948
-25.248356951778987
17.25951718557432
25.736393126690626
-11.675797331219655
60.97995401602869
18.91753993229213
-9.127216982240498
8.908376843510874
-60.24465672255368
35.99508871762374
-46.22120459757813
2.954585300052713
92.24466907029637
54.49469586943815
-4.0758491901287925
63.06050997924225
21.284186350979628
-15.769135506716944
41.33561969114089
62.77893509319862
-4.586139403465495
44.87692780544361
3.179182474855532
-10.107085838038378
-109.69947214420002
-27.10253459734425
-19.31160953647486
-55.49978880121004
43.66579788936724
-18.94621858858106
-8.634309947192378
68.00549907607153
39.78570973994647
14.703026366146029
-11.549652786728984
-26.531978856968635
-32.941204292275266
37.71247400406961
68.08730091504064
34.29977939285891
-14.3657959055854
66.77329919135566
49.56349263069933
-62.65350759926999
39.436585978815856
-23.846512586057845
-47.37364666924501
-3.2098172315018005
-22.587574038950454
55.615758928996605
35.36368117896685
20.832686089391547
-30.065870878614078
23.20419968583883
1.1691755211213575
-1.115787309507141
-13.382689367249744
6.48863973649956
13.144225670893016
-7.320073673528289
35.75212002300638
28.454134630245488
-36.25789006661216
70.80160147286006
-0.05896434121677885
-18.04749732643783
43.771373162657255
-15.434997806657824
81.43725800411387
-7.812544203210564
23.94585617678725
-2.5416574903889946
8.863137815899487
-5.0309829326797635
47.638715875575144
16.09709940921554
39.3367904843617
19.186750970322464
-74.81443659898407
13.014975097543356
26.21776201171694
-54.5740271352964
-18.806652654299494
-18.63156260995068
-22.90455343303135
20.367033562576882
-22.568247362830636
12.676145940019827
47.186956173017585
45.46220792253249
-37.45359654809969
52.984916444130555
-15.27966719688508
-1.7906170799421186
-2.3011450370298316
10.63572639211634
-44.70217614788029
102.16784239285214
20.137284197388606
2.394140201919072
-24.048840066374396
30.647503273354232
7.8714130086834
15.995551722417682
-17.322495223117585
-80.93025176201627
-27.24625953607271
-36.70188015239304
-13.790094684021218
-67.3303141739234
-25.16640830300214
11.95138021788201
8.848643640706237
-21.81823274863321
-14.97142116848651
-49.70992518060181
-25.011647491827414
-28.21727243468437
32.236044543501826
58.16120176117207
-25.47139758282962
36.77008662522712
-31.744819557628944
30.816929874330526
0.34330699876348564
-46.36216093428326
-31.147622757341498
44.22318346468577
-25.337185085268477
59.58945602287349
52.38771859741852
-7.006969969494094
29.33316075742429
61.44282264342231
3.4373984351283675
-86.67963086850068
14.82010719056901
3.962924232284422
17.131999979559623
-74.54041286623396
-28.20675346855084
15.620833820115275
-55.27547465496658
-64.85773074294654
-36.35965994592698
-82.2504965750777
-69.79680637077884
-1.7678175522426802
-2.3990285021548847
16.67164177856709
-35.399497741670835
-19.507102255816182
6.056573911555461
41.25320091793643
40.59267861043433
-12.416616914071104
28.19462348262338
-12.2975698075849
-19.508916768175066
-71.87740544082044
-6.840876209442892
19.433692388282605
-8.981303351666915
-24.88365737220253
-8.214298594223996
-48.976370543280304
-43.259864215794856
21.614915264869826
12.603357383879484
87.8252735985346
-14.1007351074198
-9.048218964897387
-55.564517033237884
18.169813426815377
64.64556882871936
-44.97415323845538
-46.093690744763684
19.737783940082107
-38.47274326965756
72.88077007399625
7.436923971081948
72.4925202256127
7.818682115139379
28.66476108082861
-15.035483029544897
70.46170445130701
-95.48310260961686
-25.79877717213579
-22.87928107450959
53.948295459399866
-44.71068765552142
-5.878798563603293
44.67238540231483
21.024513538143463
-17.306206511355413
30.413591312668967
46.91322009244565
-46.93277508375953
-8.643976741528602
48.75003837299543
-19.927397787398757
-55.51243383379188
-24.340665841732218
-13.68702417875223
-4.77047883112391
21.60629530258787
-38.60955833713282
-21.196026637558436
21.36115790370968
9.768167802644408
-55.0210182337978
23.701687873656436
15.289244326372378
-51.40794307835313
-62.89166536569974
-26.653406809370306
-57.95160901078634
50.11905040315954
49.68378257229779
3.380406479945426
9.345652399625882
-0.91837314915756
-29.20678283451707
-60.5961468581639
49.32033200714189
25.713838061509406
79.46189716243923
32.460860428874476
-2.1252469875034876
-52.46578684052171
20.33206074230596
34.975214258585765
-45.28076009619205
-76.17047586677897
-33.981460613157346
-27.3377985339442
10.929992780057853
-0.5477840709997217
10.37071037827991
-39.47222250615838
-14.19729177691867
-17.83748300001268
-14.095074857800986
50.1576005080157
3.2079278015977883
-0.3260578393213409
-14.949135818855817
11.933003434205602
-25.485525411624014
6.261574190005679
10.807470011587915
55.04326391318318
2.2022487595725884
17.517652487525385
14.577660730769518
-16.281300691851357
36.400255308406486
-75.7294629898291
8.484504000203744
49.44090025313684
-62.77286168089631
12.591249549933613
-28.86881777254651
-13.732021767165861
-53.433032565291796
-60.79735783958798
-11.660485149375745
15.375252638339589
-38.32475179729954
25.17005680293248
-10.527463508726214
-52.24877559272621
8.15626799322005
4.912290762008827
18.06822299551762
-54.59221748034664
3.222852987710212
71.01722357610683
-41.94781923960303
43.78773395717629
-10.189491238088522
34.33608073593739
-37.983379577107065
-3.0443606688058935
-34.6616369599554
-45.64364029533318
-37.20412788194759
20.504554702706326
65.80058469058713
37.40401227020872
36.72060234289165
-14.28921368211013
-33.81434350729736
30.044646649439528
-33.06348325450866
12.751249298805002
9.56100350155854
49.05057950819901
19.009518071967857
-58.91627304345699
6.463221329046064
-39.333831431778286
-23.703323364240834
4.205234132641635
42.16644350579494
-32.892790150675864
35.1499214418703
-9.153365589797128
76.47044907747234
3.948425959376133
-60.0346338534946
-32.61644575955385
-6.330038212397388
27.45428351485316
-13.991612951021429
32.95119031673918
49.519816334121664
-69.371604955566
-29.35534020833681
0.7771783809342511
45.453775859800466
3.2934798987140916
29.561093710375037
21.784376444366597
21.735292590542183
65.45399572436993
14.671219366864534
0.16315158563035462
41.90711936109316
-29.395379948012607
4.668170066222956
42.25847882619686
-41.10071445352514
-9.582122646543818
42.84986571058349
-109.72906086280516
30.699815219670807
-1.721382907356503
-57.17599613169781
-19.581782534924667
-45.900482108021
-35.12276228644381
-23.711219725034123
9.56953007690754
47.9009678548961
-54.96663874368096
62.41135447852624
-60.955254249830126
28.74376695733372
42.06676643716734
24.026286628296173
-27.551517174314842
5.684950684439779
-28.361180101392772
58.33273110210939
-22.28105304909938
-33.21172368972475
22.663623318612128
-14.036884242945234
-7.054857357245052
-25.918905642220732
-17.50008182333598
-18.219140722319327
96.49118265912087
1.4800247574700427
20.553194351091708
-5.6012433155313675
-71.19303001311589
54.61593047914963
22.897929205367593
-1.8907262733870691
-24.1286406174501
8.541969828625346
-18.975946414767048
-54.42280459280058
3.535657435658019
29.58181186446988
9.204860020525908
-51.45952685929418
-51.99836475361614
33.60570467697471
94.67750521594765
-41.19216552113843
13.373579534178134
31.3428080697898
19.185052618697227
-31.67894398701901
-19.704478357207936
-19.22210438027105
33.56968378904761
33.686526617986
-17.721643090092886
39.46107642490824
84.90934615301983
28.013129065395333
62.174072721962155
63.1859883723082
-46.72593608690902
38.720569646753574
54.37425147080285
38.85644626478461
32.10608122018554
-48.41078848231458
-89.0984438540254
33.99327601067004
1.0774747723165394
39.308126028062055
33.765725063757905
-31.424719050174946
33.30983586378837
-28.298842432804424
-22.775513873316715
49.70366635780132
5.896130646644451
-39.68394256577691
-91.48610628720537
-6.653206648307484
56.17773604640388
24.81804802415839
28.785853740633076
85.03226219873129
-44.040418773552425
27.423834838227776
-16.7779957507834
6.95207664968378
0.9025307378930544
74.04655362535657
14.43148468688014
-72.77286684394737
-64.59025997766246
-34.224918341858334
65.93457815298704
8.69891455180308
38.15047645193408
3.9287866195154444
18.546288688063214
-70.81349099161405
70.93684889678359
-7.994074026001424
-25.102759342242887
58.1297935738124
5.4913849675309985
65.92866234600903
57.54144658434719
-9.319535125815797
36.058724478255805
-30.00906816724213
-24.110388760510734
23.702141147417326
-9.775429511573748
74.48403948698251
22.176535734475085
-69.95089543913734
20.146948590076743
-7.29038993291033
5.745508729853706
-30.269029196208674
21.17629984004937
-81.32093729154683
-46.459657676154166
-9.698190652935105
-0.09391562449551809
47.75461634616901
2.3525023891779715
26.840898571048456
-32.34581243662493
14.828186172312902
29.160390662548405
-41.105990352278845
3.9883430698998077
30.845874529593857
-41.16169258632726
85.27218962634409
-6.382201187087048
-1.4051481727825983
5.272563590044835
-1.9212375334827823
-60.07091563950477
-30.55750738656934
82.22561143453883
-36.45853089447093
9.51327713082234
10.158716254901568
45.751922336521005
7.47849783783992
-65.77370105973871
-29.202288005712035
-12.066120214527473
-41.07071917659535
39.658135366256225
67.63294143831445
-27.644405741749022
-27.94233126634208
-15.402728736468513
-24.789528557300702
11.122029030569442
-44.1418620447051
-67.52719966533185
-10.616893167119995
-14.974464174267874
51.908607075340115
42.143433904796744
14.711022467929675
20.758154185823514
10.157028538589657
40.107215558544944
-6.821059059448696
58.509406928623015
-34.33417353449234
-57.16990948759243
0.10360319436343464
-20.070855710483254
0.3824281850393169
35.29650125254073
2.456220822476705
-36.56264640502195
33.203907559334766
1.8213048200438304
8.5103062975589
51.3947097221159
-70.03024744034094
-12.940318765109017
-21.920295646853145
-0.2434873602105642
14.682625191300758
-39.94648325758559
1.3057320888910937
-12.06218973507445
3.1265796859467314
6.1165204942468945
-53.137556663352974
-20.404584333128394
-5.556591801806159
4.574714462927659
-9.419562446940594
104.59548919831043
-26.551868193261424
30.33067396641127
-9.957931959960368
30.6678014227485
39.84048201490199
-21.36815626058281
40.25760062642561
-11.871903745850432
50.06668672175389
31.245872037218458
-3.5526460693048043
-3.8439569947562027
36.80487352967126
20.465123517637647
-61.35649575721376
-31.7596769251201
40.0877132411127
36.960322950294845
-18.047140269511146
91.92961786486073
19.146894732150646
-16.302958135163255
-59.124671167650376
24.482082698667607
-6.918613228772301
-79.35238255562581
3.4114712837205565
22.067849437111974
3.56791210348941
30.278156842257886
-16.165051568464452
15.536292334715355
-32.7329230565374
5.461051301434054
-36.53754141505973
-66.6010543163793
-8.104140982982548
20.673904080103966
-54.37457543425262
-85.01796974007205
0.5114401169776102
-6.054442312112466
-62.45954937622688
41.12752338627373
-33.36302586457168
-14.48144257213668
-9.861106107857873
-28.107999008704308
10.056843394178335
59.527735343056214
20.776983130201796
50.04637272467274
14.544822905719533
-7.7938097694592825
9.5200584419581
21.499811379828316
-23.94456532550248
15.083036790393331
-13.199686962553338
1.3575815035413445
0.8866025984170847
8.131400286872426
-7.397734091233967
-28.379479625589738
9.458038493294831
80.23098852953383
-6.008391009178013
-2.936294271804703
10.748208531902492
15.078932406691216
-43.678044689744034
-31.804404557619517
-36.372272563727165
-9.964966853335985
3.5230916671910877
-20.539151320372184
0.6445953466003024
46.81469511236113
3.397413282871033
-45.13880672343657
-30.01325209135636
-64.77962419219693
-15.512242374585185
21.329011780631845
-39.32199788608947
-11.882704017708116
32.1638462991262
41.61134497203117
-0.3472586005664198
6.701711229169935
-15.553731871407459
45.265860685165535
26.368206126377725
-14.863532083312743
-67.58453664103097
15.967615818978325
-40.505998372211856
5.111359176407859
34.80084428169115
11.328934543732126
-1.2543428136874963
39.07685431538266
-31.386413661867362
-42.7309713945142
22.833265408972995
-52.94989151932776
-5.165930719219129
21.805690153807518
-19.182652862856532
-8.750867736089276
-48.46497738039519
-36.32680913938869
35.60054460061049
-38.06611028861759
88.68404045798404
-30.449956739706977
66.3914139830619
-56.32420315190393
-28.778581559500413
4.061394226397776
48.06447319033032
54.16290970244154
55.27167828557746
53.7669996507478
-16.16155657217314
-11.090081172939483
-7.132741549175992
-3.289850877930197
-55.54574556926673
46.2198141473588
0.8159957278742999
-2.31775440670269
-18.59990852246604
-19.07789759533868
-51.307674491288104
-16.96790293853701
60.070024432740574
12.451686003769282
17.626932496420824
8.782135293811734
-29.1785517528527
31.36835966871028
-32.252708295418415
-23.893033388980257
-28.385440798859538
-32.48476452841472
35.81726472458831
-26.751909924688036
3.6265135514598423
-28.76376048068293
-18.733271344433884
