averaged_values
11.01859540594887
-6.8568024140258785
0.00756044816080248
39.48192156358709
-12.327313663969107
4.446788984307204
-6.456219943662291
-35.260672835189325
-13.391807883723231
-65.81326198793977
3.9285631350212498
-36.57014339486341
-28.581202478679188
17.32582928193733
17.96259437315166
17.72022342292621
-24.709719066377147
-4.049304099164147
-17.649008851411054
-20.96746401695418
15.381680058664644
-37.70942138349346
-34.566007905952574
-32.26381550075894
9.483523529859667
-31.740049264182744
27.471580091078067
-14.090221105769162
0.7484236300588236
18.213184240499686
33.993437822922715
-22.118063351517776
-32.66096137279965
7.563296519321738
-25.877859261796402
-19.057255935898866
-10.552807869877142
-4.968074817959859
-48.158549928324646
-41.32995066309377
41.68612059366569
-20.325265290157404
-10.302854096284136
-3.8465859010393615
13.644303825691168
-23.873137602146016
32.93592005981918
8.293265108521155
-40.41823447646311
-20.83005472381774
8.552641771420895
-9.343773200365831
-26.93538795913628
0.8519126785395201
9.070939236822596
-34.223072325192334
0.9572667575484948
9.470616312224593
20.504611493415723
1.4903059892094461
46.62220094267832
29.290456550406816
-11.576923796339544
8.627102206766722
3.0678950785222696
3.369126496312674
-30.728446507542685
-3.8081086828606203
2.8715109188124197
43.773632825344976
-8.642445810291974
16.69418020601006
10.165258730339701
8.78693990236934
-7.396661924307409
-23.35556500144594
-9.708933489571791
58.02466012114019
-26.518978941217938
-17.825802277489856
13.84529911386926
-6.532126514619449
-65.65196522174665
-3.481696421491506
10.077890420128824
-29.3906901299124
11.619230356736807
-30.549025395834178
-4.973262008461461
-19.539565847248014
24.807852068304783
31.017877386948385
-15.42270963719784
4.344595956325065
15.988001956327935
-16.62039004318649
-8.39228607575933
31.90784464875469
6.605128323448297
-8.74111575117422
13.73249585713347
2.3487130338835414
28.336656453488104
24.538986561638012
43.49826362950262
-16.09891654666717
-0.7835500305445748
0.3116246053396025
-3.0427277743729064
-2.006484619611001
-7.449861356137262
47.715900806600985
-12.924939359902055
15.029049045850115
28.9518455724683
39.737272119760746
-44.62663768264611
-0.1207875206455355
11.692625262883666
8.279439090758387
-1.23619583848631
-2.0459637737221783
-1.198493499396136
5.68230070824211
-67.66508914290898
-18.220942956220824
28.162516542703088
-8.307468607621558
2.2359304816345684
23.095133899056236
7.5418565791260335
53.045024034356175
-2.625548558498849
19.462402780096454
38.476895932144544
-42.63834230188513
-41.24341633843142
-5.161183254866046
-28.00070382645208
-0.6036817740387049
-3.2201157341041835
-20.733417617404484
-30.76916984063428
3.4282307878747806
-0.626714260179142
-58.82805073651252
-34.945121143289725
23.09207862096082
-51.90261748512421
-20.33735836946289
8.762531254331407
13.336159625338041
5.797212297002261
-20.115701354530756
-48.93352382235025
-2.0537060366405058
6.5227068258900545
-21.08645231423725
0.6034450802399078
-5.020982625508623
-21.488525779037445
8.017884471206344
-3.5964727347818553
-22.8328754379545
24.279226942671812
-55.07228068914992
-38.483880783351196
-38.52823792503477
-31.373748035846802
11.175857719317719
8.034052979921398
-14.312640428186569
3.296719814410608
-31.248492382605036
3.3532039003112004
10.930809772711655
-9.937307377105753
-1.960003256390336
37.03657291392301
-13.170900951634394
0.16557396110874834
-8.964130465436028
1.3430851005468867
4.444828016756219
-7.42503911631502
9.486897278948163
-26.851239052055462
-2.060757137842301
33.8759145551885
-22.76202887319232
16.506893363635754
-44.55218291939673
-23.938430703638005
-5.616613679812872
-31.068257537539466
-29.838028172300255
8.839814003600623
9.061008260767267
9.255094156927953
-5.3440915949540795
10.668666481826222
-4.177932220452931
-4.891329060454154
-5.112586731447663
-25.107869936044153
-15.464817205720465
17.594499269340304
14.91014105353679
-25.409719294839306
9.10914892157598
-23.377888356873882
-13.018470276198059
29.431446250498993
12.102209766446322
-40.21906249968015
9.623352604998217
-2.5158687175353407
56.223981664057646
-26.272362768198946
-17.648925119538035
-11.339681619843759
6.111744996975177
-34.46909681321995
-7.340643871677457
-23.712819575383037
-10.980956803177833
6.0787035211978955
-7.518580029667646
-27.796637252926303
14.720418738441367
-27.91975891873153
-14.290026735900028
12.343174168738187
-3.5786682640828076
12.847270801707054
-21.28642635273718
47.463973637139134
-22.406396912861965
-25.05760017663124
17.664720612832753
-8.941106919686717
1.2933896820613882
30.130681757073035
-23.201950442678935
48.79487374077871
-14.202250899994397
49.00528287376801
72.18153784542665
-45.641768273097114
20.483764886666904
-37.85301911167335
-3.568941066878324
-1.3378670223755762
15.935968545993092
-7.715205831969797
6.582256647161557
-48.47744285542285
5.75730203596322
19.978011057937692
-32.04355313738779
32.33968589825236
2.916577466625313
17.464577398182882
7.9110957575030625
-15.635516598238612
13.017868272203486
-37.35171543821343
0.22711881927534705
-27.661723103752593
-11.516913303647016
16.60874627749581
-22.720233870160882
-13.431754735072902
6.4746802875743015
-1.0669894707025378
-32.38996008815593
13.080879580295004
-3.161330920920591
-16.774550791888032
-12.601746921580343
22.844710908611887
1.3125085388674052
-77.76160611142404
5.626903255615617
-25.174504052702105
12.397986801457591
9.862145011553366
11.147659481168375
-37.323677030297404
12.004026577655168
-18.302748997441086
-9.085939344135113
-0.1718097550256057
4.274399214162258
-6.908629474201007
28.52465491516341
-13.882485767273465
40.372256749462395
-7.1784356859498075
-2.0413212048224523
30.0806053443157
-2.1183775793397217
1.9584939108026447
55.473590550718654
-19.157303461339325
6.178152320266236
-11.334568996280723
3.3494260272491374
-13.558045894918905
-10.895503611485767
4.336185125597694
-20.960658568663348
1.415059565086267
-51.49733321386884
27.571418577012082
5.866774601381621
-32.235302064458665
9.571280055155512
22.084299498499604
-1.0135786416722112
10.137335413011897
-24.102140883886022
33.2561929522999
-5.122928505035816
-58.24317217765201
-6.322086649488483
21.629141718418396
7.640935914860164
-39.44203569579258
-12.97681191391166
-10.235307475784793
-1.1907323027699022
-44.62630326359067
-1.819759549209265
-19.262074175363523
-27.786207988458045
12.863058788607304
8.210462549170188
30.68180052835669
22.310755609054468
-11.35357575954549
34.91811353524827
0.9917860674686381
1.020452385317185
-18.486013402791286
-44.111237709184934
-27.15455190011562
5.125772856154071
-3.8406695856829174
27.232056697335793
25.62540424085455
11.950496990997635
-19.005903066688916
-10.55864162799844
36.88381245023629
-23.61114481140976
-34.73908164750174
5.9137342117974185
40.28286376545293
4.148585004637425
-27.77296296772693
5.9935436736632255
38.865088402577385
11.278832556519774
0.5442983005559656
24.548745358864835
-4.471185152375256
23.669733412178175
8.321164389846672
-23.750775417938712
2.8147461785774794
2.313615057973948
-33.664765220361005
29.790160756943806
5.457201838005858
26.55415016492043
43.7254635043646
-6.84878496202873
-2.3415642013351317
-37.7048480528174
-18.85545906990592
-3.3302356356361997
0.7010268297963194
22.440855980006745
-13.729441336188756
4.035480240403558
6.32247719605948
-31.75371383444144
-4.456935686190263
0.20732744258566527
-7.869800295367894
5.906954608624801
-4.439037221527542
48.714885755907744
-52.74141207749926
-22.171234446439485
21.817587539153465
-16.33451673163654
3.168090513034258
-31.226534902241838
47.07176803439506
16.748786107877095
-0.12129704993276388
25.980298145281267
-23.83037308949133
-30.9026881001555
9.711757056233182
10.164484933149652
4.554973209182207
-6.6861075162669295
37.32356494090345
-1.6536857096652966
-5.294842142960988
3.5369595940210274
-13.17939180322719
-6.843809637699451
-12.698174131473934
-49.59858089743648
19.238479505525902
-0.22919506714242743
10.427387699055544
3.0080834153704927
-25.067141385326977
-33.53730300276948
-15.754174678259005
2.86163091398339
9.415363545398577
-42.67750788545527
-38.65442205902946
-19.68351944976166
-10.967907341699174
14.538353110045136
-16.678371443274955
-3.193648365311674
-32.44086390895245
9.093326147500193
-27.55304278498079
18.551052254260867
-3.1497897148146876
-2.8494260229563224
-12.987870450080663
0.466357484801847
-16.451542467948457
-27.590458217870037
-27.274493679033185
-1.689824756605958
2.063835548637144
27.482871949177934
15.404137908190023
32.21057832705992
7.50446597069822
16.543728481890867
-18.02122604026954
-19.82732802265673
-10.362004687231092
17.372434622477158
-3.404103324857715
0.32914954227453563
2.4030772098194575
-0.030100107462203596
5.093198930248036
6.285419939180429
13.136611404574069
33.18171659525251
-0.3940428966598115
7.749497851305932
-18.551813347978168
-0.44764751465118024
1.3190987418129225
30.283377438565367
-29.64251566384337
-45.11480519075849
-0.3419383426735294
0.02975043652986642
-5.40122280439391
17.911527112817566
-50.732632458995795
24.093479379334894
-3.8035694171703653
39.70899847198598
14.565484715691127
-26.367018515840755
34.25494670478656
-10.957072485733077
-10.417689405512647
8.447461085605028
-11.922944576755981
-9.059766119884443
16.29692084848648
-8.929488725480041
0.23098948995902902
-7.83717603446712
9.441141508934379
11.46082497012685
-42.55185029513814
-36.481552312463464
-8.812725514108024
13.872292545886012
1.5246146990102716
37.28420692473446
-14.897554859933734
4.3281775092254975
19.521882826338697
3.021334338322049
8.07398816429486
-16.40888959004951
-15.587883676831552
-16.03470151600777
27.745634128405072
-38.3301612356081
-19.958036502277537
23.3013799171531
1.38035766032408
-0.8097725749685197
0.6765885669010459
24.415964214444102
-24.985290408971196
-5.210548779643432
6.894015530415345
11.453178821051551
29.516453089701827
-23.363744817448605
-23.579158832675603
19.35936203145684
-41.18263290594041
-9.859014900575858
20.50144373387593
-10.510117447302036
-30.27307402149745
-5.484585217018321
-1.4802637670873082
-26.49616334496386
-2.161771975988813
-2.7121221703710034
17.08213781825907
3.0833674250679906
11.004656409248128
0.37315259709430393
10.079171042671078
18.115491400123574
-26.777197805582546
24.906450184760615
28.118861729992204
-3.6173210808628937
-26.08928808465862
-8.948137823455909
-11.318519758598995
28.2399059348827
2.656535299458482
-37.9812371203152
6.725152824888938
-8.945812830250361
18.500562481938687
4.028867917273601
-2.1109430811266066
-15.13107606133417
9.905514258098265
-5.708772704718285
57.465335290100484
-10.16164275677147
-37.067813942587236
-1.7614489620245877
-45.3842999369881
11.759331777029729
17.982535030227154
-22.682368426518224
8.22058077406109
-19.821202074301254
16.712653609305562
10.018499072531995
17.634561208687956
-40.384283926614444
5.607625661512429
-23.587441185874923
-34.17419789554697
10.755869736101886
-12.186429324938217
9.54798544152436
-42.10519678791752
28.12209509517561
43.166283548598585
1.8109778870057203
8.672448674107727
31.284779636145686
10.498518172971671
20.657984404373565
14.35942797336611
26.510718143341364
37.38592149240867
10.405899824785593
12.082557647605427
32.0922364866492
-18.498309671755123
15.967713406032999
-29.16140948668908
20.53434355846548
12.000710585045454
-24.971836371121753
8.069294578570407
-9.715022650372703
-30.206285824046063
49.429657016153214
-8.464607244430226
20.739705726125976
-18.595042111170187
-5.563915810722392
-3.102817283819604
-3.9685595301925787
-34.25756078521954
-11.946970127428358
-28.48651765550312
27.12590520111553
7.056228633933642
-11.63865542098938
-20.259307970351074
-3.2414396855674568
27.14697887190414
16.431244363135193
-1.2886471167439595
-6.536142297001789
-16.78613205846341
-46.419097044061346
-24.72971714916639
40.38651236349688
-24.391676819170243
44.86165367887588
13.40100817309576
31.766640322093735
39.402957018784946
9.747123115841532
-22.32797172332357
-20.00113849207264
-56.28669492412155
-28.51177398517757
-34.523325112364546
7.010847644516616
-0.7530275028038877
-3.48421668435185
-15.277963942964561
55.14834446042369
-30.870374482641637
39.45263325448468
40.837346781554515
3.267382847443514
7.198972145837615
-0.3242888447130099
6.969115842039173
9.737314409452665
0.12395084351737728
33.37520121920534
-28.99972861504648
-11.55578931816126
-45.48152504982863
-12.917580007211656
8.625220434558287
-6.5413162572003785
-31.29835812788224
-48.89163802510302
-14.971049923624378
52.33124823302933
5.877229978519608
-20.259994547479437
17.683772724187293
-15.203295176499523
-2.121531701879576
-38.085770424651855
4.957854218511784
8.10055158027535
-9.009778766987438
-8.143508586836106
43.82683521536819
18.20737148731132
8.533529939835717
36.649613542773295
39.7991963167442
-12.845890332879208
-17.71923750494898
14.998911530150508
8.738941558920486
15.416882632467605
-36.500052008457715
3.5803009913433925
-5.378724027024873
-35.620477986565675
-13.539383628536598
-22.440345187271305
26.860662992869038
4.306313749577385
-33.90268724587804
20.3945358536439
17.998977563969675
-4.441958138908376
-12.836500346005778
-10.849661283755268
15.006014695463818
14.08110528402176
26.418850098518305
-19.263965986472613
11.769317693469931
-5.497683977613634
31.88848291886825
-28.97432321048109
4.393698268671868
-29.314067946266732
-9.374023297787062
-20.73620084754657
-12.11029470966605
-17.189385653888166
-22.672468227465288
-62.27625306388654
14.718150143220555
1.5845692033763044
-30.218308905044978
-7.555431822445826
7.752199673202995
2.524317471026734
-25.92512841286225
-30.122027470963076
-0.17324304378416855
-58.08423769297224
-17.464298754013726
45.28764688922092
3.010129487636732
-11.77921724718908
-31.29510001136077
7.219911391432106
-4.043119647380081
-12.71526724393334
-11.40878611500375
63.78500557861844
25.189639258293028
38.78082250197622
0.9418628318380797
17.78147134874598
-16.397737860534107
-39.68191561387357
-39.398531697675935
9.017038885576767
-0.9295495599435526
14.506279815323069
1.3046863121489876
9.659337660355959
-16.13214690802124
-23.184956050652545
-17.20524108443351
-13.282173456973396
-15.906102814631595
-58.625224829222134
-1.485967481014086
-19.548832034030056
-3.1248594509306713
-29.090277548413727
-17.994292572642735
9.62407514185179
-25.254516913337284
-3.49545446371485
-47.312743891707214
26.717099164932733
41.05798573591164
4.1680234848026885
33.928469344289624
34.28215264577011
22.178224610099278
-30.36642056956043
54.38619319420832
2.2953485656398698
-8.049762615992222
-40.37667198784038
1.9109290965061518
17.856733741005883
51.57453891615296
10.623470890786848
-8.33340052532003
-52.7046296421031
-44.22159756901966
9.532513302452571
-1.6093913610893646
-9.755037902468757
-7.338816723175115
-18.306832782800484
25.003194021395757
13.400971195653256
40.82948655857763
-29.94461918802699
17.983881330816075
2.2129220050555887
9.897807721885329
1.577226662375324
45.1966104670355
-40.60692642941285
-11.48558686011529
-13.601670557829493
9.773073820397258
31.50474704523367
-11.21720688924688
-33.59444378556509
-36.08600878350262
-3.2214577941267635
-8.483273301986628
55.555589950294234
-5.19520295336406
-25.00228113157209
-2.016980926578981
2.1570895971235586
13.637671188618699
-22.248258821600757
1.5196329114332912
-1.7729809108859627
-42.01635797796189
7.9823803925319226
15.393053115840305
-7.14670467950782
7.4618171897309375
-23.757573734488684
-3.841572226978313
-12.872561565622163
34.97270368703903
-13.712489901241497
-28.341281536908355
27.5959887393401
33.1107174666904
-10.127503315190552
13.569887809084321
0.8713844610319939
21.352172293329204
-35.59864348486735
-36.11646766942431
5.42097539446695
-33.048234715955914
-0.5621508964541135
3.52950395096559
24.74242700609466
30.982509418310656
5.1411331226554475
-27.80359269175824
-1.8138028239482082
3.636878722361871
4.175574961751408
25.273742649063934
-18.32975998047914
-14.178767649325891
-21.588759169790137
15.246361263569268
-0.9214183500444033
-1.5262569239494042
11.451565108298382
-18.695321765095287
0.7203960635524709
18.56080985644803
13.481691045039044
41.216609001814504
26.200886138503847
-2.675696823906037
4.9191277087520575
6.412125351685972
6.27632219941006
11.582177509466419
-16.14427491719107
1.469407004529785
3.074402339043445
34.823623627955385
6.98095386922796
-0.9288882150285644
4.267653055372649
24.730572706735984
-28.348360818788933
-7.0701226514793225
-0.936982465791516
-39.502384082101344
-9.893986801580468
-16.05056412034901
-10.065224160840444
-7.0810991530670435
12.340447288937867
31.674682271419442
-6.839637273704284
-27.178292277356377
-32.448076426560874
-21.97436458140146
10.437667845028045
-2.2677418933308218
30.457578948975424
-13.628520469734212
52.28994349752611
12.036618719881517
-5.014903031587892
-39.41609821313614
-7.325133794525755
-30.626622958145163
36.42033677771542
-21.570805954223033
12.147408404518501
-2.1454964697841206
52.978416900536104
13.855682739798795
-43.27753328118706
-8.338550729356939
-3.459701794985449
11.132097862988303
-25.415308654228284
10.029875247819291
15.123506532901956
-19.63238907334744
47.107243694110366
33.779033672457444
-32.68696800546604
25.796114884935378
-4.842486202811415
56.130776417172456
-8.823277521652926
-19.42215108579694
31.14275215115049
-19.790128196451406
-18.670976228255313
15.311876274550741
-23.41857713972422
29.3496438640941
-14.954828733993054
-17.319037587258208
25.154764220533252
-21.877485695942596
-25.913349731461494
-47.0427817098971
-14.714607291680295
27.459067615156528
-27.616841349336028
11.443204959701688
0.9570980485004839
-1.0827682994568022
3.0027232668435317
58.90614162627753
-11.428494396830502
-0.8416747148585269
25.059451532230014
16.940579062684264
25.119252190743282
15.79281927971897
13.480397390660073
-2.33728692871955
12.04909878619219
-4.511413452790293
20.19372634053434
-2.411617903249862
-40.86951718907221
34.57831143411022
0.9443725889650523
24.545987725563464
4.8646352906071115
-45.32404737642355
42.49561611799436
-24.387696257865173
-12.844140852088458
-4.238414905870741
0.272093123596278
-20.144618930055003
26.416758454848605
26.62576507187623
-35.01357301238022
36.499460647006345
-10.107790381152881
23.294708587658533
-0.7830960085120751
-20.712638375058305
-20.243485398648772
-1.1928776843633386
-1.291397201930522
22.9681881913275
-16.000887285757926
9.568374241927813
22.18563166349486
-23.43667831608036
15.597948791837553
36.58663278441236
-34.94177933740866
-9.873751039158378
11.32799204102048
68.11818686705374
-10.218147472347482
-28.084118168917485
21.067119322811777
-31.155260033345257
5.447391824185615
20.266948727308773
17.5624753427619
-8.079956399655202
18.77938817543327
8.607896572058962
-36.61600724429445
-3.9986780305043794
30.602058505348396
-23.70479758027068
5.972446951869642
-50.534909481990326
-23.555649038440606
2.0694004073302494
-3.4772693095801515
8.657438437090605
0.32220343435619725
-8.709775795359747
-9.764077151754464
-48.78888018467842
-3.4323404823589954
-18.60267465835932
11.931054380846033
-44.46985800676339
13.15908499003126
-23.230570279461972
1.0965715251077195
-10.104622079401452
17.200022198085207
22.95607660737005
-7.21993877019122
-18.855533325906435
-3.835887637840643
41.46791906389262
22.042133153940085
-7.495822871176642
5.477552848904453
-10.811403538806188
-10.25202141929185
23.72994919463963
-20.170374341447314
38.565887855955225
0.9600423619922367
1.7308617934832
12.3036449961146
-38.649741632725636
-13.354961777193239
30.050817865951103
27.89212224822404
10.927607890858782
45.433831447204284
35.8241491666995
7.242967450329161
-41.72312071461056
-3.829449921482592
-52.436963292682776
-43.114585181589064
-18.968755613233952
-5.285832073932397
-33.58715297699382
-49.949597262871976
-13.698617633395772
39.34422636940144
11.235070439106494
16.000361784899724
13.647148190619191
-13.943581432511564
16.541074782784566
-9.27517024732515
-3.6111111616992275
25.631012222474965
1.3885224038676824
-50.90609117900749
19.126725273679767
-16.922309495574154
-3.6625584922658163
-8.061331884477113
7.187171458914236
48.600631282577524
-25.31373080240155
-36.68601389612013
-34.778494194790255
9.84617918679578
-12.945143160926818
2.38050984977599
1.7703828479716321
0.963412892910128
20.195076233096188
-3.361445138754789
21.37847078361665
5.616775049515127
-8.746336169984716
-21.06437597367767
-36.97403857881727
36.35700082589756
-12.55038730722299
-36.09446385531919
9.628428174837609
11.486556199546612
-30.009279988065828
10.15462239972112
-15.70352617269964
0.944983121160476
28.455377725651488
9.150140088269836
-34.66807195739966
-0.08244043804006695
11.312199027255701
3.728844550110807
3.1606653798517073
-10.32160225899861
16.08886844364315
4.19858858333464
5.939006819025963
-19.45215050859406
2.6296805105448584
-14.474183491664007
16.916706380863616
-5.26898843244271
24.380119463392475
21.4315440881619
-6.9956797329941764
-25.22353646634292
3.126998325184104
-19.12195374385192
-36.590436845304794
-10.844255374096974
2.185938429320231
-18.02548545994796
43.431237788230646
-24.344331508160394
21.955583672788638
33.582142708408355
-15.013820368221786
-5.021240775800834
-21.707564739765076
-36.94809117135446
-17.651951643601933
-17.530606352127506
-11.939792069795658
21.153763255402737
-4.669092757125327
10.925415030156728
-51.22602809724776
14.14758643170353
19.028947616869118
-23.788010844051314
-12.715116546962236
23.33090851873567
27.37925345308031
28.643457427970134
-4.702835039264755
19.450547902648395
0.7289769185808836
5.719009341184573
-22.209805776306894
22.821640677815594
5.431233313393022
-14.487374307660502
-22.486322923992702
-3.540955204589409
3.1921729633177165
9.401445187344507
4.039663484298217
17.29933580227953
10.862015518476255
-18.550607418015716
21.78154152136267
-10.503311150401712
-11.169604912196519
16.57221182788635
-7.922428789381229
5.564898467047897
-1.8986652694366057
-15.249070438301715
12.284080796249325
-16.39950023766869
12.13104812639358
-4.534757226407238
27.604346074302157
8.44492869147507
24.84352314042917
3.061896106308268
34.608645572312525
57.556221746890515
-16.881604648850043
43.148414209303155
-6.965830534143605
15.524881637989893
32.98484708731121
5.238362204283476
-13.689159051420575
-43.33177036228153
27.324006169379572
15.259100886680242
-23.5340290180975
-8.823092851875117
20.613467916431546
40.66702295108553
6.786444376128202
45.1090304756508
-59.34064313695126
-21.03851066914649
-3.474880566333013
40.36202195668011
-2.563939026600565
5.11409961336176
-6.548186083455221
-30.955760923177877
2.767716788534017
-19.8138770032092
9.778792914468795
-33.57917452791298
-31.837390163360396
-19.547650227505073
-27.216871008124144
15.692322979390156
57.1631022667425
-67.31029148965172
7.29692458822683
-11.55750237263419
24.783256777343922
12.042165312675934
25.151607224193867
-0.6272860857934575
-2.728752462055126
-52.81431746346789
31.308253976836568
11.845259587244072
-15.701852337893797
-10.42650647269329
-13.674780119996285
29.839861836342607
9.084451027432806
-14.239052972538047
-10.439016312033345
13.361617143869807
-9.524764774978394
-25.33901248191978
19.87946896899666
18.62709364092734
-32.899072851352685
-14.159761549526593
19.650001874906593
-60.55951613817888
12.493809523592063
-17.191965356156288
-21.19418958820461
-20.510234649926133
-33.02794523191551
18.914147789982962
-7.754545467068964
40.505329485786206
-29.96941541555134
-14.751252438240044
52.74263577198144
-22.72123032551463
-84.80335925194231
-0.4358741758042015
17.414388205463183
-42.57645253575174
-24.088401431959937
-16.622015780187212
13.507325835569647
-4.238632222601154
-3.576524952026376
24.493453289927857
21.759137271219515
-5.727485658033401
48.04344451938232
-11.404382284119492
2.119554972749029
-33.97960916649754
-24.83781463872583
19.029430029841023
-18.626650669837545
-0.04853294647909934
17.540114788229403
12.160345413110917
-15.386329396184012
7.034110656240955
19.986020048178034
0.6726190902918461
50.113392392973765
-18.039887195802294
32.15304725281021
20.291487481692457
-1.6707135901160657
-23.620049001372536
44.47617784485192
-12.537119235850696
43.95080183079699
11.717362646209947
5.881500202303869
61.201911799063964
3.2115194849538966
-51.2744605184198
-6.589578392704425
3.141416333572124
3.0096360809911857
-25.772566321851627
-6.465785777661949
-25.42827031375782
8.316660343305557
-31.72335052408016
26.20560937326809
-16.39495884472126
7.743452536036784
-18.186643528220884
-13.889872777173878
-15.935874940420037
3.348033610949642
16.00278204276401
2.0921622682071757
-25.993430375121534
14.597424009501992
34.36116700890125
30.513434427361066
34.0276590998983
-6.250020214290998
12.713211774498632
24.979622824095713
-11.655644299455162
-20.969083034331565
-2.7086898183697485
-7.887182305472379
11.237872767451336
-13.192824722827936
-0.5174757409913582
-4.186338090898062
-5.279475914001523
-8.572060247875925
-5.234969495650148
-9.290233556195744
10.659489024066716
-8.254668973808293
2.208345344515692
21.08556761223008
-25.963170058581454
-1.7171769487613346
-58.76740334756323
-16.55843860393361
0.877480880379153
-20.384440327979974
-27.16982725176058
-26.365981577742787
28.601075417864195
32.344961023343785
5.430256737607124
-38.016135675985424
27.036040585458977
-29.6008827343976
-12.150371621726663
-13.876305699457589
-21.253654283580545
12.837946524268771
-43.23329087545426
-27.750569467367313
-19.37177716313454
-2.602115086738195
-6.055110864057497
8.477402382733999
-2.8674691853520926
24.56683477070328
15.079953605287301
31.688644664769527
-7.510026802869107
-14.178915205047813
-19.646857473271666
18.55593506497098
42.51749423100409
-13.566021237369569
29.628169649738993
7.14709990630945
3.521195495603024
-55.4352505943898
-40.61114560235001
-6.530388197352295
0.34627366812492255
-17.564069710897456
-8.51225014460215
27.178192797444353
16.673583723160846
29.491465534425515
0.6938396820623893
-9.403836822748417
22.583474123654014
-18.69665512607753
-13.721095445827814
26.928007092516054
30.776506648813665
-17.982406996299687
36.30219135921652
40.34929443387955
-9.129256095846358
8.736220438258897
4.7005491444215295
33.83378869169246
-44.94801246139832
18.023459979252948
-21.052898157882737
-17.517581591033377
13.088129001371271
-10.256534889005707
2.6614065357789514
-35.0028360715005
51.79494858001999
31.928205112955766
23.006707663589623
31.990282384744205
10.18743330804864
-41.15308200657455
4.517437301648897
-19.469690730293223
0.9555446884842238
18.849446258158423
-11.266275587164273
44.53613522314845
-41.26655335282703
-37.66964410469518
4.705165440624114
21.193824256806693
-36.225148491321306
14.121923010097818
-23.042174129834166
1.6327738063118886
16.48287720017106
6.05803597933118
9.205062509725394
52.76860265465075
13.111875452435925
-8.069969436612155
2.9166648650643765
-9.281466817614273
-19.323670903140737
36.39613047237799
33.26727907927125
-17.713535731309094
6.3338018913709675
5.565812915039715
-39.46504940419254
-10.353897732180485
30.82240780867869
4.395536032410746
42.88791546870925
15.492488223106193
-33.6568936633048
-41.073918675370805
40.14985225373675
-51.82040617333405
21.146680422920326
-0.685957252062508
-3.8810266495129326
26.865876073454274
-14.832966844871407
34.50398910709919
-36.74425609730679
0.5936034310943796
4.248514205100946
18.82790768936684
-14.338490418347645
8.274999017907248
0.16569861939206026
11.562272304254293
-33.861083765244985
32.350405421580945
2.9182547651143977
-6.909196986016468
0.24582330550038023
-7.9321501964950585
3.241727390908636
31.956720239541028
-11.436314788857999
-22.71314136858564
9.295419756468618
-9.134612792164262
-8.293079511153337
-10.987961970866309
1.8320106189639773
-9.918273336465063
-31.392831639685028
-13.473670564213535
-11.78418120340939
16.060735306462448
-0.9356816629515381
24.19435535192315
-12.597436969539558
-36.19580682689411
-18.084546126170608
15.661172298852762
-3.352301385944884
-21.997701149826753
5.459854561078828
-3.466540242799965
-19.08317265934602
11.223929675681575
1.8254018863808597
6.765659874799894
10.484865779762913
13.736945523189208
10.425641266498133
4.889488707078272
34.68281067210046
-16.22507645729638
-7.2370897578657605
-8.145499072874372
7.691650184824539
-33.30351298414462
17.614071400777902
-0.32514981356507633
28.647631548818026
7.881370850402164
-17.346415762520337
-6.791230657690903
25.947983886529983
37.261333165180986
-12.026053696521558
15.405450631129497
-13.043904208425374
25.51604021985986
-18.761844966538774
9.23494524518901
-29.4880322061872
-29.588147204565757
33.411728478029545
-3.0728319629633924
3.298960975378577
19.566745189091307
33.23894094774005
-25.787200284983555
10.848751202043786
-33.66663676052849
-3.987837768596364
4.914512673385616
17.174691693762725
-30.39444980693952
-5.750254348335147
-13.295807231668732
11.624040099872218
-11.95034511598351
18.90723965248617
3.044408958274289
46.072877592087025
24.19518457752565
41.48738057076116
15.735281440494875
25.668139832785528
29.543018173520977
-21.346768747156602
-3.3560733247577437
7.8585692920169095
41.070406919621746
10.592291635868605
28.98611539128615
-21.08191059744422
-4.357516428724921
-21.82276542164618
-23.082373884419212
74.67349732667208
-53.015443497402885
13.96935939368268
-18.692917049811513
25.02996770448226
14.097294846003933
-31.57165909642208
55.26370650619356
-6.779818972929206
-12.762260980125575
-37.26358778629219
-63.57676399980119
-4.901018080978247
-18.586023945186753
-18.42287781144114
6.907456032247865
23.94229546101269
-11.022372281593562
26.942498673852242
40.41847349851014
42.62970482157834
0.2910405865550276
-26.158780486024625
-0.6975938019822934
-37.49730216349417
-12.628862610094075
79.42315911500918
10.833634053022251
-35.387024647629005
-13.651774669233419
9.995450063252065
4.729623383580474
-14.495362690846378
15.85359447758674
-31.46560318750562
3.395382291295391
12.819996707854443
-17.424860106526467
35.24112786541809
-20.256648016977124
-6.0298409155075205
-21.867847739071294
-17.717851541026903
-26.29234141825873
-18.03870169491711
12.099806726655515
-14.92818490583886
-40.08783783769468
-2.7785923475094023
-2.5832276421424467
15.239130739479151
-2.7638641573284985
-9.702681286093139
53.28238333605259
-3.2493413816264365
-15.07757297885837
-25.75010202150588
34.01231566340721
11.775703297840664
10.452249681380636
-4.630814520263812
30.026649936015023
17.694777393633558
0.6796615289858892
-28.735179180112027
-25.12536275223101
0.08018670932506211
28.193505468443618
20.845636905265565
-13.406222701218212
29.79760470265319
29.908708525072143
-4.033490408612124
-7.529715240205405
14.185296282594209
11.964852933866496
-27.04086677035957
27.43657641227037
27.712891968360054
22.550938434287673
25.832879904817673
-10.855552051412815
4.193797214778897
-5.220654755081341
5.874714549834608
31.26414832240698
12.899107801888022
19.66281899612659
-11.759877420801786
14.283077525986302
40.707901369270985
6.552689743119117
-21.32664249202935
-21.874442780317622
-55.287311726300686
-43.293475018166646
-2.8170079879128025
-31.687843822575815
-33.10257892091613
-2.730430466370308
-27.988276116702764
-32.05917985355336
1.6195107881576405
9.826032189848775
-19.015186281139904
-46.76385706150904
-5.335502880596323
-42.41334097019717
-33.15072199217684
-14.673295141998096
4.886425593875174
14.652248153208348
-21.57377932585223
-11.810398661611544
-23.51905368010921
-41.03853122294095
-22.855106216062268
-0.8254685671490734
-16.175818068943045
-49.43325919544441
-56.94702970493381
1.7030763165603275
-7.947103854734451
29.92621218734712
5.117079917166848
-9.218373016301484
-13.186033008241793
-2.5411742243086337
8.414609894018213
16.87383124855114
2.8708102709497325
38.7257221505497
-6.503330662257213
10.702155904604297
-22.95239596997999
14.500772619459894
-23.125006885391485
38.97964461372612
11.600428950718197
-14.983740473900978
-4.30329930595326
-25.65614374825236
-22.553017274105514
25.686705840867944
0.09809686982771382
-16.301545707683545
38.71711070644233
-36.07161928545247
28.138882355771784
43.02982384940697
19.484277876144915
-3.282041387974459
-51.000830347213196
24.48970009022014
-14.33763878577156
0.552554977228283
-14.188666779664345
11.871010864553682
18.94486956190667
38.4954531496187
35.85299012067844
17.7855303919132
-40.48582335156243
-16.949554314938723
23.771428712752822
6.795609209599206
26.36672460607224
14.655743670329684
22.540152642897738
-26.813741304009454
19.285735090968956
31.943778305132582
-10.792482349723286
-6.578562106820755
-14.268198041667347
-4.156500687058724
-20.920834296797693
-15.914275289258512
26.969035485206405
26.93323614349356
26.858313547854777
-27.173079055908605
20.738792312193254
-8.301378381765971
-2.8190185579151157
0.9945534115104236
42.851754234099644
45.290988916531205
-2.535038638212427
17.36458152392879
-23.57761475305597
10.435268890149018
-41.0585113069028
12.474804334429791
53.521642216073815
50.29476928352233
-18.50348747474345
-11.424272658594418
13.623825855793257
-21.38743051849451
3.912067484940053
9.400368528244144
18.249937688618957
-51.29289174469159
-27.792672138828493
18.05987162976089
-41.48016632657527
23.865976360793866
51.151965551718604
-5.10786056676443
25.479119310635724
33.75064143251075
5.545562504659756
-45.23052832656686
1.0942757933735265
10.882814434393367
11.236362610507058
-10.429905457356654
-6.12426557137951
39.34490957851085
12.794806099002017
-2.507113073625077
-12.120849553801236
9.173330254554457
0.5855389807038582
-27.55025256070076
17.85276209982112
23.419969853188377
-21.85048747964902
-14.671798653718724
-27.91087806460564
10.810619881784078
-4.545159020744904
-9.789218837104272
-23.708180720925156
-5.771117029420566
14.149685596996278
-7.514250031628762
-34.16001323091041
18.348171670244483
22.128927370104066
42.12927169671457
-29.044025036273524
-10.81968363107444
11.718090187117923
-41.35340022586752
-14.600860724443919
-17.385974886492477
-7.428110675966309
-2.446261668104853
50.88932910983567
-2.663932702766033
-14.197031159324979
-3.818919003962946
26.399381409486523
-15.028131545739598
-22.834336760533915
-32.3006066197122
-21.853471183261718
-14.117358437368239
-2.3728841763731907
2.4500329342336045
-13.617172083060723
-14.488006888284872
30.10763249775482
33.26233102197875
9.04417132915114
31.488269705201674
-20.73666408463032
19.38264592633641
3.739606245850155
22.381338054299704
-31.235273468097148
18.60895792346855
37.94106302616274
3.865607921652554
-16.555272184836213
-4.536972171081288
-5.233890543902816
-2.8779991697738305
-30.814623376390955
-60.7792782982433
-1.9740512707430753
-32.64060449578392
-0.40993777129915543
-54.45509883539489
-15.807135938724969
-16.807364337146282
8.605014940396359
38.72637539016432
17.153865344051155
-17.216398947719426
21.046849060963723
5.207768414577004
10.879133700858802
5.005191610071051
-12.592616101414023
53.745541862816026
13.12512076537678
17.936709258516203
20.9920037997872
-19.707575497268408
19.930782196672226
1.2607641665090341
17.67268933243031
-17.715476247547485
10.285886838457373
0.37043074480607174
-3.262223391706357
16.66085288535396
-60.30637208256667
-15.66838929986261
42.5900180140452
-3.0103294255895894
-15.913505600714414
30.00175562351069
26.39215024432633
31.86693481715338
-27.890725789417047
57.133008264019736
-0.7489598314350587
3.6891719832856316
23.628770936084038
19.579665434692288
-17.979663884339974
-33.958653791713004
-4.036634248965128
16.755431647652586
-1.762388868512062
-18.33540119130339
-66.5223585532076
-13.34311884091585
-49.28547045255982
-23.352953955705743
-6.10993558482005
23.826301276916638
31.835491624238784
-33.32151820175204
8.072915835226013
25.818716572030098
-4.908340279609547
-16.036895048702718
-15.84291047372244
28.005825396961882
-47.976004776064656
37.91620131898526
-15.711707566260886
-3.0543930575586273
-34.75076248253754
-46.724515376088675
-31.260505630649277
-6.573069732367003
29.51188407735026
40.7880275616626
10.941566471774422
0.6426723121476243
-22.275447428233747
-44.264892624407366
56.76812605512532
10.929401098903327
17.397893311783264
35.1659939328747
-24.948067664852715
-1.1609772470110329
30.48842745665752
19.729587761226867
-27.376868241241027
-21.100890587011236
0.41553416713577485
-0.9247720552521059
-21.905478966953524
-12.393082055401464
13.588571134605445
-29.43909490479564
-27.977324794272135
-12.44398942872067
-3.258969571761554
18.539262500860787
-32.47458898118202
-13.117459775166935
32.241109947244695
-24.93929949276935
-0.30779613814956974
-3.032729939710407
38.04584977259947
-21.06800067162112
-38.42645129002631
42.707554816843185
10.50299739226466
-23.674916704483625
40.768668942531804
-20.626923431365867
-17.73740729853307
29.257921958102088
18.00826236444118
12.186782028511516
-36.93600137649628
19.77828937528102
13.058433399681237
17.815355184218788
10.311742908452288
-2.3814668231498217
33.53839765240991
19.229812612888054
-23.947373669216176
-24.57625483366428
-47.084185132727725
5.8286674787450465
19.544170216096973
-13.276481969420274
-13.244683123077266
33.74875102990336
-23.292567545468046
-6.071650680816674
-3.962261468084761
25.466832132173295
22.886364795675036
43.57977450927865
14.628977348314947
17.778240188570635
-20.073749077018874
16.239108819740068
-6.735705945342488
21.220690800095326
-11.300862861658972
-0.8233201139373706
-32.12258742543054
18.218967596440056
42.48184081699583
-4.548369277632446
3.4539304733116296
13.584831673899316
5.974547209931188
-6.776403161224152
31.202496599784354
33.22976743727486
14.991098802092893
24.483400291028374
-18.938466088482528
7.808369242280605
-14.44144412503374
52.445057963712316
-32.36557125837862
27.24364583006536
22.162516560223597
-19.619838995939062
-11.721755315775225
16.490957028283443
22.900116313656326
1.6280953853201936
-26.40327102396259
-34.83014669033582
-46.84809392106399
-13.020772675081389
-19.037127111914742
13.069970876276786
-0.32969437326391926
29.06002226268174
-33.29048863918433
-7.209260201474535
23.49635652363213
