averaged_values
-8.654484043014236
-12.681946268538011
-10.324705140388687
36.68292081719847
-15.808463436260354
-19.765457264264118
-15.514361517329236
-29.57805356614699
-29.535884074954083
-28.021256112639094
-24.124295690649888
10.413055311670178
-4.991796044821967
17.136038856275263
7.290813508501742
8.279003594012465
-14.328396115175565
-10.78617329665576
-33.97747887237347
-50.09686031714955
31.41940495747258
-10.561719238685328
-8.547061432778719
-17.143964919130667
3.641122669752804
18.29971158411354
23.268150143732782
-22.29601202334743
-10.694732612464575
-0.5399574650073191
14.552335743850564
-15.41543743267539
1.209905280455132
17.45967362751253
-12.91783726408903
-12.478821189535664
2.3271530670608627
21.50263215508312
-3.533816315306467
-30.222947346643195
36.88656731061928
9.595164965488948
-0.1583748301200103
-23.62605451705167
-4.978575132699916
-45.320454938468174
-2.45508923381567
3.663394745861297
-9.778147490724225
15.171353336831087
-0.0290808411373291
-4.331301372294547
-14.108347318848246
-17.600472761609126
22.016162532789167
25.356697291339515
23.99586037550762
34.3371952824964
2.6524509415903594
18.370694489698508
27.898330330761382
-4.696858668728964
-27.54199394423631
0.377335963275982
-1.853355858766008
14.65510286935023
-39.52267607150134
-26.805191035295135
-18.01697682660597
-11.215797217024374
0.509018655269756
4.86359162714507
-20.3920937688672
-9.836246213017148
-20.584082761706668
-20.662646417316864
-18.240350783336908
12.542996742922696
-21.176156261353757
4.880718087020796
-1.0295488191768527
-4.007294573370018
-32.57309375300247
8.069590071012499
25.76194778564968
-5.375533061902388
23.41304017274524
31.093062713975087
-10.892111310648032
-40.23339563848276
-5.101836267465842
45.40180993756803
-41.67776365860482
8.575793846946908
-9.416425872244872
-17.793674184329575
-3.622374691622099
13.326377909863368
-15.10532531523495
13.411314127995864
11.17920373599918
-22.749309303893824
6.724691577022895
5.820329446258256
46.57786193877109
7.952133000653703
21.05495823844103
23.839345079730265
-2.046976522760815
16.35848639215692
-31.0811471613124
2.113695529420511
-19.497013996879105
28.003005180711625
15.526160490029724
-17.709733222451177
-24.982016376277898
-9.7497322079289
-4.056522783794208
-9.943363014375793
-37.09681763779372
24.670529874798376
3.899032004395849
-12.372784726598184
-16.364640036714263
16.377129093249096
-10.590835979703115
4.851115840414423
27.48835199829773
40.38004951836774
11.89472806014237
49.04447085314314
-5.6565158931480255
14.029769129221677
50.85419739154168
-27.83835306149558
-57.839646419510245
-26.423556991649093
-28.882718143198872
-13.51878622273216
10.55379530636128
-23.11953506915597
-21.583144457268645
11.241648601004272
9.338330700586084
-12.50048330250138
22.714669415800017
-16.281151729810517
-35.73790315934457
-23.355680707551077
-28.76436305505922
12.69052434596233
-11.282459191294038
2.041887215134921
-49.00764075537154
-18.98075996436819
-28.671468876113067
-1.7076668533263728
-23.117793237484875
4.327740494045429
-40.509093774089706
-41.45940338676155
15.892488452213
-18.117072110937443
-2.3566614710580325
-5.87979902139341
-1.4957569515681826
28.301484314986737
-0.0192003226839005
-0.8882987419783603
20.584114546421915
5.242021743091755
-21.873107586608967
-24.785259103853605
47.440430897375336
20.74714972698712
-23.982543187521514
-16.771494594562682
60.5875327756512
11.880672840838088
6.428899578997516
-5.270311326283263
12.267376184187016
9.371291531715542
17.455198248659144
7.013030878675636
19.630262263992336
4.097649245784851
37.49434834747808
-29.999266680286382
19.144448957697023
-38.682267575815786
-20.850639045005664
17.743256753106834
-0.1387757628253894
-20.17494028128567
16.618875889878836
22.890438331261976
33.99076192945358
-8.483925085238297
-17.833352478497545
-15.85411173128523
-6.97576483595185
9.363234816410111
-1.1353366019175155
-8.038386552900192
40.3762393801735
-9.816859427693998
-17.28824795068067
-3.997341261841939
-4.500484716991196
-8.168686450240784
-4.877914113880252
-7.812829486138071
-30.086699603212764
0.3047733262646943
-15.738619978539646
17.51448324113153
-0.0703978142264531
-10.2090667472512
-7.786375339725055
0.9047724714910146
2.1925031088321703
31.336261791264405
-34.97808107135643
-18.67147964669857
-3.771532346305321
1.5383045687776755
9.931266288360348
12.715398660773644
-3.0466469860839425
17.922499583102763
-17.419493450972368
30.04975779344386
18.76716287915769
-4.222675016950234
30.56928838301974
-5.184201982279774
9.311346732909442
28.83668144697731
3.7135642191715306
23.77363496058388
18.66951363896078
-33.80279146521934
57.09667150344467
-18.156722924657515
56.06530888228736
78.38122874574037
-4.041202198481187
22.892979949261644
-16.035165494453395
-17.580205706181005
-9.938388250026035
14.57262912731676
6.4569865878875135
-11.912698816406191
-29.80098254661425
44.105631443089806
-2.771627374138916
25.54976814103429
55.522723913018126
-13.524865161307387
-5.780773522914387
7.992792329547228
5.5210019519145135
-5.373510639954475
-15.155485149894956
2.5192563523742137
9.692679787869563
7.978270928229904
-32.04869921793579
4.923908642624156
0.8477460872818483
34.26709167446825
4.568734992717509
-23.76436915090017
-1.566922670492204
-11.913134358415846
-22.19577051448869
12.657580041428446
-5.774055090878392
8.308676881802967
-14.607722669199577
15.535112962170388
-11.33536733179062
33.386730881014955
34.81026101249154
21.40194197653909
6.392665618026513
10.310768825293051
-35.393999862717465
13.099214672431115
12.784065484724124
23.03653025714448
-2.4094230916234665
10.23946956268628
-21.206939451643848
9.243683755150414
3.6242402806092286
9.47064342853264
-5.261200613167603
11.746718081296422
-25.875673819566146
43.223453154249
30.829505270347
-13.368757832111442
-2.093048047827324
11.008006197836949
0.5485476512694731
21.41010969132185
-14.861331025967957
3.5579242676030844
20.17165672723786
-4.969669148893445
11.260793909154016
17.192298903348274
-14.036180700204568
-14.78999338283029
-15.048631271158229
41.97041660756804
36.74905596963072
11.49354848821531
-5.136420819268096
0.0607403086323756
-10.312203987356042
6.509134594743955
-3.63013887598936
-20.66715513457893
-37.336312232830096
6.136355829716194
-26.04047150912811
-0.904525622157962
-54.071049183112336
21.62636210815981
-21.922934991744118
-14.736362362396903
-44.70917805968202
-17.839801313122734
24.83815952425357
4.409770555241266
-30.83110731055785
20.41041721517104
-15.520301649608882
6.050532924593426
7.844397937995382
-59.82430161014781
-29.15665002002788
-28.16340479478822
-24.87741242341872
0.5178340297716204
12.032588493297226
38.46055527037242
-16.138380728807533
3.430637924131588
32.50155297864694
-32.61434005477349
-35.68815363617614
-12.816998997455812
10.52003063716984
-33.719689046018175
-2.537187559370068
-4.898166617422248
-3.316076444272767
5.012378840780002
31.11613367011887
-9.506312461890047
-1.1229030128015438
-7.222953505479381
-7.666756535327295
-4.230907472257968
33.41821467761474
11.818615256866906
13.232573237473844
33.09888835481252
-2.4739707161061237
-8.382938821363496
42.38017556551495
24.7805845427356
-7.997830848878948
-21.80372448422713
-42.6616801788332
-9.205613759200787
-20.64975215778395
17.42189746654185
-12.43940106741502
-8.84082065889379
15.558800190745387
-17.23619513993617
-0.4570259981555864
-5.13530620248639
-3.611754503290285
-21.27256644362933
-11.210808672520216
21.756047723116357
-23.84942318040703
-15.129631285177313
-30.665815941873007
-14.543658654700266
-25.979346108913887
-37.59322245127987
12.15542207811086
-11.923437703691889
-11.299285719011095
9.512357502258965
-32.02025725811836
-21.888159849273507
-5.064081550197443
34.20215418659791
13.575484935572604
-23.287247028172715
36.33689363581652
-20.911283398250816
30.502048946524155
-21.36497484787833
-3.204742198489839
-4.98823666977114
-17.058057605478098
-51.59937934196205
16.832543314347276
6.984037154368707
-34.530587442131946
17.96022865496343
-24.449650494061643
-39.44933544522792
-21.069882346782837
-0.7872169780748663
2.952059169416316
-38.30046720102837
-42.57182038575411
-20.31904604077863
-2.023880323424237
-6.124137446822715
6.768079896457493
28.655148803722117
-47.14128473636811
6.614788955426775
-32.49046977938269
7.546494700363837
8.609272142697591
-29.594121664616974
-14.975498363681254
12.355617267094203
-22.28657065691368
-50.76417842380761
-38.38954756813473
36.222661750012776
-7.031317078071879
6.107875877132756
9.0773015650484
-26.024188470109948
8.091483835771214
50.22909123294812
3.695591698371573
-36.27094576305535
-15.903627972467802
12.727827030103072
-19.33345627505332
11.768183619395131
10.70868127932772
4.410933670122176
2.5404533979744883
-4.0961633122642525
17.731100669829175
18.942030406353297
-18.71355675315135
12.751816572068492
1.3864966008695774
-9.309636336169206
43.69988002504397
-7.061821659517591
15.767172439198475
-20.996064580525854
0.4050061987800291
-10.391926744778177
-27.520574260503054
17.42320236969681
1.29344433832739
14.559403106657555
-15.671636813422085
23.95951062478707
9.347554573207162
-11.428562868051811
6.576474781832076
-4.123662417376181
7.512348706688499
-13.318696989226735
8.965498007935821
13.699224555006367
-12.711937742773443
-14.49846726213582
7.280676736496389
-2.758340056767338
19.4319465252629
17.256700985337375
-41.63480370995239
-25.162588015402434
42.54735002976668
35.74477752659004
7.988209189745248
54.38949448628409
9.297574081429048
-4.164366150958813
18.27017515670741
5.8961284598044585
13.96780399986892
-5.061760036289343
-4.782824996451382
-6.645612162130419
-11.23603769269539
-48.96058144365088
-30.206329610897228
24.1981900944229
-11.074058774800504
21.999767574627185
2.986386276665144
24.504430334854987
-3.8152017126703863
-40.80643756617792
-6.976672231248813
16.173424837106722
3.901993930194294
19.09077977377456
-21.92473804090696
3.160970778131741
4.54240020600264
-16.664144196518464
43.94814675899397
2.509979634429328
-8.21392659380217
15.119472358564964
28.203109455585945
18.212088111045887
2.315951926633716
-32.82457826778409
39.452945225231815
30.03556440325337
-35.477238054038025
10.421471477107843
29.686376523779472
2.3982208345551044
-9.571483918291053
31.869075849332148
5.095922361855628
-58.34605273944908
-36.31732542223472
-34.22852182206407
-10.588425731752068
11.373250146352802
9.275921422246029
0.2578394007286988
-42.33327062921308
-6.080103474116186
18.18262158051948
23.92162630803068
-17.361326722442755
30.058480937368586
1.4298042252485177
-18.790248125660582
80.39499527770386
-28.67292732946225
-55.13536079561163
-6.187782348322799
-26.72079800112988
-17.745822849406977
47.151304404091206
-11.066613776783925
15.619583968218649
4.192517433461035
-4.59902144302032
-7.8176036762597505
2.72929984977236
0.6852406465477543
-14.976130332404864
-28.52858969727822
-11.204847752844216
1.7539899462135509
-6.958799107727828
3.222230666113319
-14.036933285460693
34.58029041335976
10.0578742116777
3.7932281225948823
3.007910430795164
23.029596006759675
-0.8684277836000547
9.407489782810444
11.610777168447385
-19.166213714022888
21.82097322877962
6.010459129756782
14.998602607432986
18.872558374729124
4.378633861255366
29.805740677911672
16.770738507038914
17.432983516933746
-14.584020744165173
-21.91866131259303
9.171357432293007
2.254444019548828
-44.124512044363655
20.90762719049235
9.440654372039717
35.711656334169675
-13.379691606591225
14.199466262958596
8.690499079224537
-16.58112498704577
-12.931600011201226
3.57989506656304
-36.577405439922586
3.287380424357252
-22.23080355269485
8.700157251820201
-3.360705579936621
-27.101128204187265
-24.51165335526457
-7.097312158963177
-42.73694725731912
-24.79648531654675
-24.576569501834456
6.956129062135005
0.2433067701640539
8.634556069097016
-21.22754759705276
32.90042012721824
1.8004379174381029
31.966045450535603
57.31824664992746
-25.756592909252504
11.35034574625024
6.564912145549897
-33.24017976036703
-18.20810204409645
-12.17306040864787
1.4252091380767524
4.830363900982775
8.938681841158541
14.357376775384182
19.961634973748005
-4.316037397831678
-0.2311688686459092
-4.930311920965323
-10.625632774244878
26.73648366026464
-4.644768412646954
30.623505264346026
-13.38135402057378
13.845722852856852
14.680173571541673
-31.72072309773648
-12.461251784785418
-7.399773263852694
-23.452395561122103
15.459085621812848
-9.915085419008392
-17.482290983200073
-46.064204948663246
-18.010938925493974
13.085068584565306
-17.09115542586369
-8.962388960877433
-3.225772588615655
-14.194790681955055
32.60182021910441
13.357138000399573
-9.349349491400062
-36.36817983415676
-16.588578707305714
-7.34699882887071
24.92150108370697
2.8197311165276915
-10.537812314432813
23.64976052774
4.940830554362037
-1.4918956418405287
-42.53485454776092
34.568138277798425
5.451288066484267
-0.8172382904594997
3.1052901684161043
20.022409781289756
3.0492964922596
-50.602724182565
-4.714875180157833
-23.485372382274363
35.554472264353535
42.946519363176776
-32.52714616172307
25.86657999496674
13.279190042318078
-20.231444271237702
-26.133914905731217
18.590971954457927
5.565993239724776
-22.21839859275497
14.28379029032658
-4.666993014965556
14.40316895142314
-13.418654861859975
15.004229519341608
-7.834397140002693
4.36402539210394
-47.52138707827544
-18.685185206792085
-22.593542024013004
16.818974854570115
14.891863655211637
-26.11300744407345
-36.67426300696388
-1.6373433638364077
-13.354375844573951
-10.467320792435205
-3.519981723977253
-4.522494724544231
-2.159325979257119
-11.050760221711244
-30.892368915549014
-25.623278264480177
-18.14805941027589
-21.437880584417144
-10.323679258435732
-7.926699699426535
-26.24976308834448
-22.94917326803261
-5.5976919488748536
-21.482309520972198
-19.216943927371176
-25.482325525808847
28.345630328636616
32.24443792901002
24.971148903336143
-24.747684151196157
0.7978587929101195
36.08803574148624
-44.1447581800312
-17.74339792347746
-15.024419472523732
49.6094537218014
-1.7198366864904528
19.010862559793168
49.819441665677004
8.07740234436642
-3.623465800556005
-51.51164089253871
40.04147446164279
-28.805163525626995
-19.15350134363689
5.801377915588091
-11.537964164162986
-1.133368728289497
6.925244983271114
10.113417828441015
-1.799129927996546
-51.035915290471166
-24.33477823494468
-12.41583463877032
-1.8042628413095367
4.07540223954129
18.229584040658665
12.360457002316252
-10.047298755758677
-2.385750608780654
-3.984854970316519
14.504594485391864
-27.604538441140903
-8.204548636887921
25.531969285089872
9.007549197631306
50.35902172663191
36.18513089671615
-14.84644760316587
8.199426127539482
-50.17525133010349
2.150823114614468
13.071614028754992
-20.583638702868484
-23.13460911299626
47.72455726339831
-26.68737122953462
38.37799275598081
0.6555856894701719
40.364521134775714
0.1407371324603445
3.032750294994912
2.2361918711394537
0.455048001211253
-39.99512049893383
22.50889366315096
-25.09556802343286
-20.02043212996796
-7.990264465523069
31.58500839631597
8.088345523647149
10.41381466021994
12.997684268091689
-33.715604575758334
-16.098613196096267
-4.360009503390756
12.562242426996818
15.030389192223083
-44.96499949967256
-5.059320820277208
4.204533483236446
-10.400692710318252
-24.79719605788705
62.19663216943445
-4.162321967058233
9.004102394319489
8.746211475052405
3.6417390591814174
23.61515689402586
-42.24752900279418
-13.224996327073312
20.54783411277458
-11.51877776630863
-11.053891372066571
-31.396817049128003
3.3208192442107247
3.661492465864285
25.057567853902583
-7.831208723859163
-6.695744707409176
16.034151095765992
0.9089494928339265
0.9785185644286684
-29.837311232462525
24.16140118999465
-19.30624392084428
-4.699019738211064
-16.972483623496373
33.89131929882569
11.127790031896438
12.408298729496892
-12.288069779111538
11.85139943115064
2.483069590627565
-12.309254354709992
-2.49764401698485
-1.565547691716347
12.145211962459143
4.221070366344065
-2.2747960777778644
28.515189714744334
22.578552109727752
14.205506803758908
17.119199023742112
4.956903431477258
-6.505284396131174
16.17945368961955
20.085797764651943
41.26755246061657
-30.031675343809184
11.744519112500711
-6.6906349531927845
-0.790546271688072
17.968231590028154
22.480909388774307
-2.2831608542910544
39.427625367679866
32.25268124474678
4.506139091696241
5.843515898683108
-2.198634933010908
15.896133335874763
-0.1607580884738126
27.08818833400437
10.209314800275024
-32.23517095339776
-10.16033254924696
1.9817456394812325
-3.359137497667689
16.582733679868397
-45.19860637912643
30.19527326487878
-12.926879762730096
-41.61097196045739
5.480658081098227
-43.00665597626357
-0.0520228596287779
11.681438265222823
70.23098410171224
-18.938154707007925
5.612421606798307
-12.989952995296337
-3.0536248260905268
-29.3640626729466
-42.88846400582406
11.975224873167464
13.225030625631916
-26.94894243133604
-5.694464087486267
-6.600224294961663
52.19902844898752
29.258310550489117
-38.268545525177615
-10.616604291149995
-31.40829647722421
1.2298955646547256
-6.90863247901143
18.93895270835492
-15.775198226911016
-23.06179303645331
25.069364838593174
35.73766449917457
-22.694607453071512
-4.28194019786315
1.560011227542418
33.251954107836355
13.73483768448932
4.682784312142758
9.47468696285796
-1.6276850886642933
-20.102573857060637
21.91285998940293
-14.573133173806127
43.33558015638846
8.123770829741261
0.1126826021063607
13.0470509743609
-30.60726546146907
7.869187628384679
-40.95195882384724
-9.663556416722711
12.45145141701505
-8.31057613180019
0.3279844602075172
-16.902089940442238
2.260460839228472
19.916106765303997
20.77170957691851
27.59315320647147
-14.616147191991333
14.13378454183112
5.859989149961621
28.592504733300306
-3.238023264319054
-1.582842358344351
1.4499278243165463
15.598459531043773
-13.417754350972244
34.34416665865865
-9.01055062339583
-13.198101293121
-4.651865963867749
29.417344862682512
19.615309031592915
-6.485178245682619
-11.817409598195807
20.39806957577821
-27.415897181504988
-18.006982600520132
24.676705381119973
14.92353083177295
-24.338895747627248
28.523397552082315
14.537686674768338
10.861167976036086
-6.71330520256015
3.4119761360925622
23.04926577786682
-4.465688985204906
0.0401870182686252
-32.702837309625465
-30.235729478794383
17.44222385813191
-11.43769954246818
-11.599918825464556
7.355036645240034
-9.00939689365623
-4.5078912713506725
22.021623235355943
-6.574765305878827
11.509900607023155
-12.517303278305915
20.54782293632161
21.32985710920184
20.53363430447644
-0.8958627957617864
0.1577505501336418
0.1941959876567125
29.35397423496761
30.385211413216894
-36.23772504965018
-15.67433677300869
0.5046941493346822
-1.7953680727950996
-8.19654981775966
-6.308157773659332
2.4336838962190086
4.269476661036606
-2.271372139628511
-45.84851989228628
8.750064275358454
-4.458639860822586
9.120029064564733
-8.550572937805555
33.18999043555232
23.048766411608085
-24.680568953670445
-23.25632484066591
13.64690903670271
-20.723446285745013
-2.832621828347328
5.68817961512832
9.420155003899708
-39.393649045421625
-17.23280091912602
13.167538440582575
-6.990319146862021
31.20856898551574
1.884918564464897
-14.283223889069632
30.85424149312894
22.398547784105176
10.205579603585647
-6.01631116225326
0.7524102928000502
11.959119515377097
-21.77412299197749
16.49492245246074
-26.33292073159828
0.4852102542936336
-25.356445150711806
-13.1964519907051
-12.409124852740206
-61.99207117737387
-30.47652721175109
-9.111326333339091
46.4781566906604
7.326931481991778
21.264022142626345
21.91532391763758
23.888044168343185
-20.275800211151363
4.593306493363343
-52.69406576109759
-36.69220304285409
27.701898972751223
-30.98431285849074
-22.794173917587614
-57.88144771238149
-13.498039026628248
21.63264116825303
41.93412647403602
3.140137918380788
-11.857109575925278
6.10692364051647
45.13895550588495
-23.343079856276745
-0.8001483371481299
-8.790809787868056
7.32280028781679
-30.648028598807286
8.727311571215978
2.8952810238988604
-35.732352204300696
-28.294806486504967
7.540840821602615
16.883725993233384
1.801705736797885
-29.15811714848678
14.771072051749798
10.138622966594994
21.7959930341749
-0.5854797182546463
-15.041393102656002
-8.667098490041099
18.138233625650173
10.834880777372746
13.697497144705268
14.13852555565245
-21.348115005355798
5.900744093698449
-10.118880674330285
19.315739123383537
10.79041976860026
-11.08231388317654
-4.088806926229154
-63.40503848942171
-4.33377704792656
-25.82075690041529
-26.73127553149243
-9.019273170546512
9.556012921064394
-22.464626015353133
-8.520740758263855
12.98449802925461
2.6335692173888674
12.983769369748188
-12.468302796332864
9.825439447144165
24.290536933098338
3.406153839125181
6.128075908491155
-20.391439800325315
6.641733450524043
-32.90042231876578
-14.3392157505441
1.4735122759302612
37.500049344816944
22.188352675380884
-17.35798909814912
2.0644716433016583
-9.203232311061583
9.52465944281721
6.284817371924873
1.5971451657824218
9.070642711798428
3.218876450147945
23.121996766421944
0.6750036041485146
13.554508830435225
37.17854230555531
-13.428040081314975
-0.2326901726337382
-44.18277110753115
-21.987754174944712
-29.13806480988569
12.16189697883965
-16.757153721235227
9.512120088198571
11.412959723122183
-18.027366400143364
-41.93577738375461
30.94341513031395
10.269137212075291
-3.5232410636672284
-27.850981585273985
38.849363361354335
-7.451018320352887
-12.816641312252614
12.484598945098696
8.22788958469755
8.979591569062904
-27.45419985699118
4.042861407069722
16.259796701720916
-1.3937760540575257
-18.07369715902314
29.30746743622876
-15.211622632632498
-10.556323142329347
-18.15738484484609
-38.436248554469785
9.46447408493259
-16.665374888223596
-3.398870758843259
8.938811316009378
-26.680661785198023
3.6508545125252567
-10.55715315391717
-5.149672664992977
-2.1333162288210588
27.368627988689692
-14.942751398077236
27.77170401724288
-11.81232514511794
4.078773126500892
14.499768897672766
13.11827172152698
17.001523441664176
33.526854997180635
16.819900959249935
23.393671299607377
47.7759721827606
-32.5910634611937
11.937116949207848
14.55697613292432
28.919143255538074
14.669713753508404
10.705760477809235
-32.47349865557044
-40.51122391947138
25.16314095552661
-9.945670699860784
-0.5332126664288808
-3.3733030226430856
2.0183521628787275
17.63255460196524
9.549222570611164
24.374481562888832
-15.430555662795086
-5.904784598591505
-1.8073314706853123
9.419044353766369
1.3143206017412012
-12.51297488088312
-14.056939915230032
-6.46975793648744
9.411976759234676
-4.152671074640239
-26.14319252865971
7.734335136672598
-3.20197914147866
14.538026993657695
-7.788239525543759
21.789748044655425
47.126014281166135
-41.3432769193314
3.913912781572435
-6.174303778403555
16.63676751650928
19.57262146665016
22.17300366933341
7.301480360678397
47.60731448666775
-36.2301187615667
13.24762873313739
-21.13273278658744
-36.01213332543557
-14.526330688138842
-0.1326211061677895
32.103009081823984
3.368231109372573
-3.508785460697254
-49.26536089381261
49.58801920720725
-45.12522361332958
18.11399555861135
2.6940422305488028
54.531509200664
-30.47769009262265
-32.778860540434835
25.056257352931425
-81.33970463991864
4.171115914956317
-8.65353195136413
-19.541203958302503
-4.528368755491101
-22.14817492225848
12.799917008262128
-23.66173166297085
-9.875486292527055
-30.439759709814098
-13.286848711053608
-11.08022584261198
-17.465721531843883
-73.78446250266279
5.483527907927055
-18.129741528769955
0.7358892949559959
-27.089873700911998
-22.16537079852424
-34.83160686471092
-6.490066226426279
-15.872939221764682
44.07935301432735
5.0157995300978655
-18.50666251091752
30.40357402348309
8.806735441350611
10.932418119802604
-11.18822223643656
-10.004505304197664
7.157595781653072
-4.691456120213843
-8.891689876050805
10.233115284660016
-8.819721015446703
-40.04524855630007
-1.7059847968048416
19.855213684379123
-11.396716618881328
11.530086662591202
-21.90858884883346
29.79638028955378
-8.28797148054582
-31.838746972673107
-16.54714806599077
13.38333065637562
-22.18992781403358
40.282096435679705
11.060701963448082
-1.1242007523251232
46.76619317816221
23.359234970266694
-2.2596950322767952
-3.1391707954608137
-20.507046949118376
2.7753091253252933
-5.519534722581739
-30.9358505646087
-19.82633372559212
18.844676952037844
-7.740298406642978
1.3733903584070504
24.53277665276255
-36.0499574636342
-14.231845606584102
0.8631556005275343
-11.369016691416618
-17.374421384418383
6.48805277068459
23.011846501525724
0.4489280390844214
24.862912990240147
31.141663745962436
-2.786580332758604
-0.8957498633972136
-5.839837630774127
1.3168897377472604
9.545335262737352
-26.97551976790419
-13.588005171506666
23.916169065079885
2.396035212848801
20.11990880900703
-4.628554494149284
-16.72850251305499
5.876676977786701
-15.029341673347515
5.206671876818291
2.903209890340804
3.739966022942099
-19.82251813527546
-8.452636135858484
-6.945726801175624
-2.163847473653732
-11.704653918815891
-11.782217131680229
-7.244905505969655
-19.40831713702937
43.27148967672838
-20.353700245468644
-62.27021460952528
-24.93947680783458
32.285382991307415
-13.313115971177467
-8.128797881421633
-24.722669162147213
-10.304420537344413
-54.48355620408256
-1.4754727989056846
-17.91006880965142
-46.56864935546764
-2.495029863421223
19.84298190637492
-7.851094914396526
-12.901115857690456
25.14089772067382
-32.52296169832698
22.454331075408845
-2.8713318146328675
10.691579088073922
3.9939603494131006
41.90799597185105
-0.0819667566247517
-5.925275596397114
-21.0159445998288
-16.31061076669721
22.10806217978825
-19.937183071248
54.70712309303053
-17.740410496175173
-13.968847366355476
-17.40282363514416
-45.12203031576064
7.026622380974004
53.63988388053258
7.172705461256555
-19.557209948528907
18.613532478222623
6.395770407340024
15.193714325985638
32.54794762356323
-26.09298241426586
32.17567959601001
15.605307119636564
5.3113410546357045
32.32591736284667
8.83177910001541
-5.302680730732391
13.189189267432084
43.1038480608986
6.302126600290649
-26.79357564957172
-18.16642429580679
17.797430635167984
-33.03526906373736
14.679781542756244
-56.23574558146356
-15.020401479516297
-7.323974747239845
5.068425505087362
-7.356133523964672
0.3293524830660317
-4.282118865492521
0.5597191570559517
-32.03161561525485
28.642334906748147
20.099333014630247
-43.199465201061685
-13.148327924587647
-6.9404654064710485
-1.8967600541654972
27.39828084644978
14.728653585887514
19.12120898492867
-13.593900728286826
-13.32253388222307
1.5463669619057328
6.02219881612109
-4.394922088191379
2.117738538145204
-22.09722400791361
1.0795778195169987
19.12649547192268
-11.31054010259686
9.64245778034092
-7.192893663363066
11.294398732570698
15.718030305346474
12.831564057822106
-3.4926130505191395
4.286352763301693
33.260331370984204
6.062521383166313
23.57782504192437
6.318962674544309
11.35425297767506
-24.281126282614423
5.814664757504943
61.36510017493856
22.081364456447773
16.574331749638077
7.119687575337593
-22.97775607946096
-30.39963013403758
1.2847823482588865
-21.210241373541063
15.014708789763972
-13.463436589721825
5.324886095680995
19.10149200068554
11.811743481288431
22.09148137086595
-33.53602692196728
3.171982479703729
8.053164279655903
14.113775675388752
14.00044914346654
-8.908881324096
-1.8312412393570408
20.40005524615117
-33.92326594074257
20.21729883820808
34.963995035373955
20.173173759132624
-22.30868585238932
-0.9757552031805972
-11.04004555620486
49.72857823851518
-0.5480353382881731
-33.217340239993064
19.189720262162155
28.56641570784268
4.009102251948207
7.14852041087579
32.487237898181775
-7.628913485925295
-8.227076777853654
-6.449407572348719
7.755676342145307
4.45318372696056
1.8659890593407908
-7.945573545002844
-36.11956572625786
-27.238951206716592
8.326953994313953
4.107987121518818
-8.626650737467571
49.45379861198308
-0.7645559721131576
3.168716544940253
5.202204571207403
18.020849249267485
-4.436054301055265
-3.884752345591551
11.826085369801149
-2.1175918482185807
-12.152795167843578
-67.60991660068976
29.52812413674837
0.7928594282420818
15.89253214848577
8.226398379643797
-10.48400047281757
3.669632152741542
21.088216150499647
-2.871530257325503
6.936697178622126
-17.67632227545255
-3.357505876585492
-2.7480355147417868
6.334446081964416
18.972069982264657
-4.918078290706035
3.0824403865262866
7.632440089917509
2.4869845217326656
-11.751388989985571
-12.447653660812648
16.341488058649702
-17.1076689370675
18.22005365631776
6.976930995064322
15.2016904555785
11.228082111963886
-11.5225409991981
-7.435881361627253
26.50477179882
-46.12945949198911
-2.2269934566284064
23.77313978728489
10.00939503229165
-11.304680439119691
5.487538762303302
-16.265782127913553
38.63006117507757
11.437059153962764
-3.795143201219617
9.963538495852845
43.84622949140612
-5.526611888679327
31.910608796373708
28.033711652984493
42.42051510195597
22.87789496241021
1.546896185958758
-40.018096841464285
1.546416144235991
14.644687221138156
15.843792041981942
19.271610867552223
15.503479861246888
15.11497253162088
-31.49350531904201
-13.631031815253664
17.064402168718516
-33.96507900825236
20.43408472694864
27.15808666375233
13.769893017335562
-3.5561596086772624
8.038498697889736
46.25049445318291
1.1671394905570196
10.709605972282588
-6.4150146411848255
-35.29439510870725
-11.08013494538318
31.547606073276256
-14.056387028031168
16.68084226733481
6.880617282586172
-3.0752713748952374
20.428453994943997
23.07274616585346
7.160758649901254
21.71582943177782
-4.173282269315678
3.642410186846973
-19.788741330019548
4.919016186016961
41.41936522368633
-0.6520770390925463
-48.79567905118165
-6.890089339576662
8.672474374616286
39.65503786991758
-5.2250397160387365
-1.2339448530983643
-0.6430834850907559
-24.988522802159423
16.350134714259184
4.463691343888058
42.38368940052169
21.93009712715866
-13.739923799512326
-11.650755569076864
15.397573075344551
-32.52459951052151
-17.359611571824644
4.9621559268271085
-29.651927618164336
-12.679619913978968
1.459586224387749
-0.6608298606297467
2.7684152227884624
-19.82421584671829
2.234359214300639
40.598587373053306
4.611599353447673
-3.995597888017073
-29.976534991234075
7.0666922687669285
17.13521995690826
37.34298748275614
-2.243153592775343
-11.532566240581218
-3.4422995266213547
-25.034476777160307
-29.733862580149435
-22.60972301113361
2.0266065368487034
7.537208690264379
8.98675318955793
-25.665322921267943
-5.044503687880933
16.6996659131255
-26.38666539028054
24.247932189697167
-7.1250089804962045
45.35335665199091
10.531165249063632
19.203487372287785
-2.77878135406354
26.626091562065994
-9.101036770676728
6.935068227190641
-22.16335979590076
-2.2396262057009158
17.651451394252945
13.84860164867132
28.708005639433395
-5.191781575063942
1.7330944357963745
6.382797456521075
21.762976132100448
39.46714944794076
-29.367453113227384
-19.92540096523589
-47.00921848404687
-28.9179642189265
-17.343878081956063
-49.45063541512354
-28.375723661185475
-13.971700037276603
-34.21081842503918
-19.528563985863
-10.75121129929903
23.64259757784021
-4.511656604518066
-23.19760720022896
19.63184371632815
-11.954389886945137
-31.66337153626955
11.805387815227732
-6.647578445670661
3.711686656737584
8.237161832075799
-17.49503301345976
4.916497237471049
-13.401073857443407
-13.851088701514527
-16.262986951696803
-49.07439873657131
2.779296787484782
-50.19286738170194
12.366736123076407
-31.33863761104294
11.038611331779975
16.173119603845407
-3.024436160660116
-3.447899373524706
2.125334828844643
-15.192230868313343
12.682143586978782
20.92563791404245
8.822955820229254
13.823939103196608
8.531121680338401
17.080941522595822
-0.1305038400896592
-23.472404932705103
-20.341854194906773
8.70189362153178
14.863343179706137
-19.70633147492481
15.74326314596692
-28.25334349357581
20.171447957705823
-5.198140130552929
-7.923821686039446
22.51196601698757
-6.897176316502737
1.7365805683512008
20.331373221881226
-6.820192222119658
10.452769566181814
-6.791510797076626
3.6555502638948383
-11.907781117493869
-26.955819081835216
6.419512530017528
-39.268702787710936
-3.2522067287791288
2.2016670122393407
40.58393440832151
41.171743118349696
-2.485747094906401
-8.769399649405386
13.474243554650457
20.32103135588113
-2.20413843683491
-9.919954020821024
-1.3651419392263051
-26.774868384600268
-1.3609718522639014
34.79741745008505
-15.404781310615364
-38.08052430054522
-17.382109779849998
-6.6641876055218745
15.298081910703331
24.429707128787413
-1.6751017289643642
14.36718042328721
-7.6499667668831535
-34.262916929321364
10.794201949582202
-28.012233700501383
10.673167603483307
35.257806002671714
1.709118905608193
17.1687458842498
18.61786302330438
15.927899542453815
2.912440505140694
-9.296349048585398
-9.47069894731976
3.1001255420123925
9.63462003962195
51.74795858448488
-16.68266107645468
-3.2474419114441844
-2.386968176462688
-25.652518486371264
-53.13703938751132
-4.877526606913307
32.02223462497932
-20.64527473009366
-7.500713991874363
-17.414976671061595
-26.25173915177584
21.00169266204466
24.461031680562883
-5.852252660028171
42.889580673363525
-22.817787821608363
5.457118921156507
-10.51138364135113
-35.40236853696115
-0.6421503130986821
9.062680045084562
-15.404719733283857
16.53492394380737
1.6413943431980442
29.1963091858197
0.9918426183285192
-15.292351336451247
16.37821249330591
-35.68875354489137
-13.90568002271175
23.25669042134541
22.94582543341676
5.815288751240587
-30.84600784316717
-28.46592337076436
18.29253197988146
45.53593161216122
26.22050892651896
0.3737864610884571
7.9286155037843855
-8.120718119243975
-27.04347313856124
-24.934525667573325
24.65913848861237
6.563327919968288
5.466287049930543
3.6253490980889183
18.98451415222371
4.885502975521376
-4.646987388987327
-28.759500382526312
-48.38214314880315
-13.24677638245339
-10.250664952094668
22.28716437991534
32.34333732211962
-13.137795583126715
-35.52301193628227
12.465740967832971
9.307721322009456
-27.93519252774422
-44.48196420814202
-13.507718725406448
25.45661414967617
22.495819021365605
-1.1742467707954347
11.876719833002426
-7.689162638547714
-14.120124071661849
10.07022625564423
3.137427862820914
25.652355359954527
0.650070705494727
19.20739310661156
13.311715499163256
50.04136130680854
-16.90264012577245
40.06461935176048
-3.350027553155087
-15.56615579179197
-30.90516086333082
-20.77920853739488
-2.893451689378708
-24.08238930607331
-5.105138931423426
-84.48107118248299
10.457394059951184
-18.439193677419095
-2.959531325104763
-47.391018106020056
-27.343894319725223
-17.579529492970323
28.06317468300404
38.5242238900828
15.81746692302113
-10.054577497183343
43.81579744866758
-16.767189549151226
29.55833176294982
8.61196550008026
7.954368024322321
13.97076325575472
-3.711701965105021
0.8573213420459069
0.3054608627280686
-16.12054910742154
-10.936443964732462
-16.903826089343056
1.7109593010682147
25.661126262450125
6.551711937165237
-16.03340426523937
10.525369689668878
-18.009747127463925
-38.14381030344521
8.195885011737118
11.962848367591503
9.898141258163378
-25.155697307316583
50.141526437641005
12.030432683066463
22.41949258808745
-51.56080563146679
33.039805260967114
8.675616762135178
-0.3672586919565219
22.91104227825417
-21.71586287787068
7.540268938260851
-9.42087872933189
-25.422971062827852
7.836089069824084
22.13066529072239
-48.51925911392027
-52.28797879841295
-14.192771959176753
-0.3201916226098547
-8.058915278728819
-22.28388743364485
23.13905747309036
30.033059771478293
-13.748554189078275
9.407683790981537
3.493282027571695
7.829975806933362
-25.26786580539192
1.729075122217182
24.669567427044967
9.78776040035882
41.78187756094849
-4.67704099038383
-20.318614902716945
-3.393719937332208
-9.6331319459714
-24.691940128075657
-13.547790989090572
31.67366052595025
23.315167478169315
41.52078495353635
8.834065787305008
1.4353805514838314
-31.25227569017443
44.15243906616524
-15.403474780265242
3.8031170191825368
13.592762584419688
-23.539689376892056
36.1287723146379
22.270112556696404
40.88384261023021
-17.67821912674117
-17.223556813318282
5.526225198991597
9.30795213348756
-2.718731114990078
-10.968308673574938
-8.539424131566193
-41.630301346755004
-7.494100689626066
-63.60586387834337
17.51166517427191
20.382688721307204
-19.809015836421167
10.936639433377422
47.57876392017352
-1.8479710620304104
20.134461336914683
9.520053470667335
12.783410043921322
16.63406719820341
-18.40327081285068
5.442869393504225
14.482090379562578
9.431321610798475
46.476455241660005
2.5166936084569898
10.912848473788472
43.09565862204181
23.219529605965363
12.02849106483336
-19.12278732086997
0.9869609351735562
14.27606576908147
-5.711730467330199
18.40865737994318
-12.135676597827114
18.6218379616912
35.3945622023748
14.230929133220345
-19.37139153451426
-8.022379090019967
-16.103563604556257
13.288907402878976
-24.531141007726543
-38.82812390156323
11.203540227987103
-4.791611936961999
18.545639217292774
-10.564756120875243
20.120647616597125
41.38891820778372
34.16739861649694
12.735648519883398
19.103529462998267
18.454860485420795
11.607702085690107
-13.23383789381478
26.66496074183669
-50.89827858292847
-0.2275835397595074
-40.72831556081656
25.600616131006973
29.55036521499278
-8.65976577749825
-9.069577409522026
-5.668887275533052
-29.539046196980053
-15.023027265357086
48.82725394977024
16.34653643341153
8.790170912063331
8.06324669055175
11.275417417040444
4.463107973104343
-6.806137108331313
41.141045695141656
-19.471037349663675
30.813386245863512
20.303345137625
-10.644925419066569
-15.782049888701296
15.908905784745002
-1.717061289047706
-10.132247232046211
-21.24921916369931
-11.82307331013726
-10.943200190813512
-8.43950401424081
2.327045384532539
20.509633244466382
-12.033006947705871
19.883294676736117
-22.978560573392315
12.479839069244916
-2.575514031559578
